TIME
 720
    UTC(hours)     RT(hours)   An(mgC/m2s) Resp(mgC/m2s)
      12.01667       0.01667      -0.39952       0.11839
      12.03333       0.03333      -0.40138       0.11890
      12.05000       0.05000      -0.40332       0.11940
      12.06667       0.06667      -0.40538       0.11989
      12.08333       0.08333      -0.40756       0.12038
      12.10000       0.10000      -0.40990       0.12086
      12.11667       0.11667      -0.41231       0.12134
      12.13333       0.13333      -0.41480       0.12182
      12.15000       0.15000      -0.41738       0.12229
      12.16667       0.16667      -0.42003       0.12276
      12.18333       0.18333      -0.42275       0.12323
      12.20000       0.20000      -0.42552       0.12370
      12.21667       0.21667      -0.42833       0.12416
      12.23333       0.23333      -0.43119       0.12463
      12.25000       0.25000      -0.43409       0.12509
      12.26667       0.26667      -0.43702       0.12554
      12.28333       0.28333      -0.43998       0.12600
      12.30000       0.30000      -0.44296       0.12646
      12.31667       0.31667      -0.44597       0.12691
      12.33333       0.33333      -0.44901       0.12736
      12.35000       0.35000      -0.45206       0.12782
      12.36667       0.36667      -0.45514       0.12827
      12.38333       0.38333      -0.45823       0.12872
      12.40000       0.40000      -0.46135       0.12917
      12.41667       0.41667      -0.46448       0.12962
      12.43333       0.43333      -0.46764       0.13007
      12.45000       0.45000      -0.47081       0.13052
      12.46667       0.46667      -0.47400       0.13097
      12.48333       0.48333      -0.47720       0.13141
      12.50000       0.50000      -0.48042       0.13186
      12.51667       0.51667      -0.48365       0.13231
      12.53333       0.53333      -0.48690       0.13276
      12.55000       0.55000      -0.49017       0.13321
      12.56667       0.56667      -0.49344       0.13365
      12.58333       0.58333      -0.49673       0.13410
      12.60000       0.60000      -0.50003       0.13455
      12.61667       0.61667      -0.50333       0.13500
      12.63333       0.63333      -0.50665       0.13545
      12.65000       0.65000      -0.50998       0.13590
      12.66667       0.66667      -0.51331       0.13635
      12.68333       0.68333      -0.51665       0.13681
      12.70000       0.70000      -0.51999       0.13726
      12.71667       0.71667      -0.52334       0.13771
      12.73333       0.73333      -0.52670       0.13817
      12.75000       0.75000      -0.53005       0.13862
      12.76667       0.76667      -0.53341       0.13908
      12.78333       0.78333      -0.53677       0.13954
      12.80000       0.80000      -0.54013       0.14000
      12.81667       0.81667      -0.54348       0.14046
      12.83333       0.83333      -0.54684       0.14092
      12.85000       0.85000      -0.55019       0.14138
      12.86667       0.86667      -0.55355       0.14184
      12.88333       0.88333      -0.55689       0.14231
      12.90000       0.90000      -0.56023       0.14277
      12.91667       0.91667      -0.56357       0.14324
      12.93333       0.93333      -0.56689       0.14371
      12.95000       0.95000      -0.57021       0.14418
      12.96667       0.96667      -0.57352       0.14466
      12.98333       0.98333      -0.57683       0.14513
      13.00000       1.00000      -0.58012       0.14560
      13.01667       1.01667      -0.58339       0.14608
      13.03333       1.03333      -0.58666       0.14656
      13.05000       1.05000      -0.58992       0.14704
      13.06667       1.06667      -0.59316       0.14752
      13.08333       1.08333      -0.59638       0.14800
      13.10000       1.10000      -0.59959       0.14848
      13.11667       1.11667      -0.60278       0.14897
      13.13333       1.13333      -0.60594       0.14945
      13.15000       1.15000      -0.60908       0.14994
      13.16667       1.16667      -0.61218       0.15043
      13.18333       1.18333      -0.61524       0.15092
      13.20000       1.20000      -0.61825       0.15141
      13.21667       1.21667      -0.62121       0.15190
      13.23333       1.23333      -0.62412       0.15239
      13.25000       1.25000      -0.62697       0.15289
      13.26667       1.26667      -0.62978       0.15338
      13.28333       1.28333      -0.63255       0.15387
      13.30000       1.30000      -0.63527       0.15437
      13.31667       1.31667      -0.63797       0.15486
      13.33333       1.33333      -0.64064       0.15535
      13.35000       1.35000      -0.64328       0.15585
      13.36667       1.36667      -0.64591       0.15634
      13.38333       1.38333      -0.64851       0.15683
      13.40000       1.40000      -0.65110       0.15733
      13.41667       1.41667      -0.65367       0.15782
      13.43333       1.43333      -0.65623       0.15831
      13.45000       1.45000      -0.65878       0.15880
      13.46667       1.46667      -0.66131       0.15929
      13.48333       1.48333      -0.66384       0.15978
      13.50000       1.50000      -0.66635       0.16027
      13.51667       1.51667      -0.66885       0.16076
      13.53333       1.53333      -0.67133       0.16125
      13.55000       1.55000      -0.67381       0.16173
      13.56667       1.56667      -0.67628       0.16222
      13.58333       1.58333      -0.67874       0.16270
      13.60000       1.60000      -0.68118       0.16319
      13.61667       1.61667      -0.68362       0.16367
      13.63333       1.63333      -0.68604       0.16415
      13.65000       1.65000      -0.68846       0.16463
      13.66667       1.66667      -0.69087       0.16511
      13.68333       1.68333      -0.69326       0.16559
      13.70000       1.70000      -0.69565       0.16607
      13.71667       1.71667      -0.69803       0.16654
      13.73333       1.73333      -0.70039       0.16702
      13.75000       1.75000      -0.70275       0.16749
      13.76667       1.76667      -0.70510       0.16796
      13.78333       1.78333      -0.70743       0.16843
      13.80000       1.80000      -0.70976       0.16890
      13.81667       1.81667      -0.71208       0.16937
      13.83333       1.83333      -0.71439       0.16984
      13.85000       1.85000      -0.71668       0.17031
      13.86667       1.86667      -0.71897       0.17077
      13.88333       1.88333      -0.72125       0.17123
      13.90000       1.90000      -0.72351       0.17170
      13.91667       1.91667      -0.72577       0.17216
      13.93333       1.93333      -0.72802       0.17262
      13.95000       1.95000      -0.73026       0.17308
      13.96667       1.96667      -0.73248       0.17353
      13.98333       1.98333      -0.73470       0.17399
      14.00000       2.00000      -0.73691       0.17445
      14.01667       2.01667      -0.73911       0.17490
      14.03333       2.03333      -0.74130       0.17535
      14.05000       2.05000      -0.74347       0.17580
      14.06667       2.06667      -0.74564       0.17625
      14.08333       2.08333      -0.74780       0.17670
      14.10000       2.10000      -0.74995       0.17715
      14.11667       2.11667      -0.75208       0.17759
      14.13333       2.13333      -0.75421       0.17804
      14.15000       2.15000      -0.75633       0.17848
      14.16667       2.16667      -0.75843       0.17892
      14.18333       2.18333      -0.76053       0.17936
      14.20000       2.20000      -0.76262       0.17980
      14.21667       2.21667      -0.76469       0.18024
      14.23333       2.23333      -0.76676       0.18068
      14.25000       2.25000      -0.76882       0.18111
      14.26667       2.26667      -0.77086       0.18154
      14.28333       2.28333      -0.77290       0.18198
      14.30000       2.30000      -0.77493       0.18241
      14.31667       2.31667      -0.77694       0.18284
      14.33333       2.33333      -0.77895       0.18327
      14.35000       2.35000      -0.78094       0.18369
      14.36667       2.36667      -0.78293       0.18412
      14.38333       2.38333      -0.78490       0.18454
      14.40000       2.40000      -0.78687       0.18497
      14.41667       2.41667      -0.78882       0.18539
      14.43333       2.43333      -0.79077       0.18581
      14.45000       2.45000      -0.79270       0.18623
      14.46667       2.46667      -0.79462       0.18665
      14.48333       2.48333      -0.79654       0.18706
      14.50000       2.50000      -0.79844       0.18748
      14.51667       2.51667      -0.80033       0.18789
      14.53333       2.53333      -0.80221       0.18831
      14.55000       2.55000      -0.80409       0.18872
      14.56667       2.56667      -0.80595       0.18913
      14.58333       2.58333      -0.80780       0.18954
      14.60000       2.60000      -0.80964       0.18994
      14.61667       2.61667      -0.81147       0.19035
      14.63333       2.63333      -0.81329       0.19075
      14.65000       2.65000      -0.81510       0.19116
      14.66667       2.66667      -0.81690       0.19156
      14.68333       2.68333      -0.81869       0.19196
      14.70000       2.70000      -0.82047       0.19236
      14.71667       2.71667      -0.82223       0.19276
      14.73333       2.73333      -0.82399       0.19316
      14.75000       2.75000      -0.82574       0.19355
      14.76667       2.76667      -0.82747       0.19395
      14.78333       2.78333      -0.82920       0.19434
      14.80000       2.80000      -0.83091       0.19473
      14.81667       2.81667      -0.83262       0.19512
      14.83333       2.83333      -0.83431       0.19551
      14.85000       2.85000      -0.83600       0.19590
      14.86667       2.86667      -0.83767       0.19629
      14.88333       2.88333      -0.83933       0.19667
      14.90000       2.90000      -0.84098       0.19705
      14.91667       2.91667      -0.84262       0.19744
      14.93333       2.93333      -0.84425       0.19782
      14.95000       2.95000      -0.84587       0.19820
      14.96667       2.96667      -0.84748       0.19858
      14.98333       2.98333      -0.84908       0.19895
      15.00000       3.00000      -0.85067       0.19933
      15.01667       3.01667      -0.85225       0.19971
      15.03333       3.03333      -0.85381       0.20008
      15.05000       3.05000      -0.85537       0.20045
      15.06667       3.06667      -0.85691       0.20082
      15.08333       3.08333      -0.85845       0.20119
      15.10000       3.10000      -0.85997       0.20156
      15.11667       3.11667      -0.86148       0.20193
      15.13333       3.13333      -0.86298       0.20229
      15.15000       3.15000      -0.86447       0.20266
      15.16667       3.16667      -0.86595       0.20302
      15.18333       3.18333      -0.86742       0.20338
      15.20000       3.20000      -0.86888       0.20374
      15.21667       3.21667      -0.87033       0.20410
      15.23333       3.23333      -0.87176       0.20446
      15.25000       3.25000      -0.87319       0.20482
      15.26667       3.26667      -0.87460       0.20517
      15.28333       3.28333      -0.87600       0.20553
      15.30000       3.30000      -0.87739       0.20588
      15.31667       3.31667      -0.87878       0.20623
      15.33333       3.33333      -0.88015       0.20658
      15.35000       3.35000      -0.88150       0.20693
      15.36667       3.36667      -0.88285       0.20728
      15.38333       3.38333      -0.88419       0.20762
      15.40000       3.40000      -0.88551       0.20797
      15.41667       3.41667      -0.88683       0.20831
      15.43333       3.43333      -0.88813       0.20865
      15.45000       3.45000      -0.88942       0.20899
      15.46667       3.46667      -0.89070       0.20933
      15.48333       3.48333      -0.89197       0.20967
      15.50000       3.50000      -0.89323       0.21001
      15.51667       3.51667      -0.89448       0.21034
      15.53333       3.53333      -0.89572       0.21068
      15.55000       3.55000      -0.89694       0.21101
      15.56667       3.56667      -0.89815       0.21134
      15.58333       3.58333      -0.89936       0.21167
      15.60000       3.60000      -0.90055       0.21200
      15.61667       3.61667      -0.90173       0.21233
      15.63333       3.63333      -0.90289       0.21266
      15.65000       3.65000      -0.90405       0.21298
      15.66667       3.66667      -0.90520       0.21330
      15.68333       3.68333      -0.90633       0.21363
      15.70000       3.70000      -0.90745       0.21395
      15.71667       3.71667      -0.90856       0.21427
      15.73333       3.73333      -0.90966       0.21458
      15.75000       3.75000      -0.91075       0.21490
      15.76667       3.76667      -0.91183       0.21522
      15.78333       3.78333      -0.91289       0.21553
      15.80000       3.80000      -0.91394       0.21584
      15.81667       3.81667      -0.91499       0.21616
      15.83333       3.83333      -0.91602       0.21647
      15.85000       3.85000      -0.91703       0.21677
      15.86667       3.86667      -0.91804       0.21708
      15.88333       3.88333      -0.91904       0.21739
      15.90000       3.90000      -0.92002       0.21769
      15.91667       3.91667      -0.92099       0.21800
      15.93333       3.93333      -0.92195       0.21830
      15.95000       3.95000      -0.92290       0.21860
      15.96667       3.96667      -0.92384       0.21890
      15.98333       3.98333      -0.92476       0.21920
      16.00000       4.00000      -0.92567       0.21949
      16.01667       4.01667      -0.92657       0.21979
      16.03333       4.03333      -0.92746       0.22008
      16.05000       4.05000      -0.92834       0.22037
      16.06667       4.06667      -0.92921       0.22067
      16.08333       4.08333      -0.93006       0.22096
      16.10000       4.10000      -0.93090       0.22124
      16.11667       4.11667      -0.93173       0.22153
      16.13333       4.13333      -0.93255       0.22182
      16.15000       4.15000      -0.93336       0.22210
      16.16667       4.16667      -0.93415       0.22238
      16.18333       4.18333      -0.93493       0.22266
      16.20000       4.20000      -0.93570       0.22294
      16.21667       4.21667      -0.93646       0.22322
      16.23333       4.23333      -0.93721       0.22350
      16.25000       4.25000      -0.93794       0.22378
      16.26667       4.26667      -0.93866       0.22405
      16.28333       4.28333      -0.93937       0.22432
      16.30000       4.30000      -0.94007       0.22459
      16.31667       4.31667      -0.94075       0.22486
      16.33333       4.33333      -0.94143       0.22513
      16.35000       4.35000      -0.94209       0.22540
      16.36667       4.36667      -0.94274       0.22567
      16.38333       4.38333      -0.94337       0.22593
      16.40000       4.40000      -0.94400       0.22619
      16.41667       4.41667      -0.94461       0.22645
      16.43333       4.43333      -0.94521       0.22671
      16.45000       4.45000      -0.94580       0.22697
      16.46667       4.46667      -0.94637       0.22723
      16.48333       4.48333      -0.94693       0.22749
      16.50000       4.50000      -0.94748       0.22774
      16.51667       4.51667      -0.94802       0.22799
      16.53333       4.53333      -0.94855       0.22824
      16.55000       4.55000      -0.94906       0.22849
      16.56667       4.56667      -0.94956       0.22874
      16.58333       4.58333      -0.95005       0.22899
      16.60000       4.60000      -0.95052       0.22923
      16.61667       4.61667      -0.95099       0.22948
      16.63333       4.63333      -0.95144       0.22972
      16.65000       4.65000      -0.95188       0.22996
      16.66667       4.66667      -0.95230       0.23020
      16.68333       4.68333      -0.95271       0.23044
      16.70000       4.70000      -0.95311       0.23068
      16.71667       4.71667      -0.95350       0.23091
      16.73333       4.73333      -0.95388       0.23115
      16.75000       4.75000      -0.95424       0.23138
      16.76667       4.76667      -0.95459       0.23161
      16.78333       4.78333      -0.95492       0.23184
      16.80000       4.80000      -0.95525       0.23207
      16.81667       4.81667      -0.95556       0.23229
      16.83333       4.83333      -0.95586       0.23252
      16.85000       4.85000      -0.95614       0.23274
      16.86667       4.86667      -0.95642       0.23296
      16.88333       4.88333      -0.95668       0.23318
      16.90000       4.90000      -0.95692       0.23340
      16.91667       4.91667      -0.95716       0.23362
      16.93333       4.93333      -0.95738       0.23383
      16.95000       4.95000      -0.95759       0.23405
      16.96667       4.96667      -0.95778       0.23426
      16.98333       4.98333      -0.95797       0.23447
      17.00000       5.00000      -0.95814       0.23468
      17.01667       5.01667      -0.95829       0.23489
      17.03333       5.03333      -0.95844       0.23509
      17.05000       5.05000      -0.95857       0.23530
      17.06667       5.06667      -0.95869       0.23550
      17.08333       5.08333      -0.95879       0.23570
      17.10000       5.10000      -0.95888       0.23590
      17.11667       5.11667      -0.95896       0.23610
      17.13333       5.13333      -0.95903       0.23630
      17.15000       5.15000      -0.95908       0.23650
      17.16667       5.16667      -0.95912       0.23669
      17.18333       5.18333      -0.95914       0.23688
      17.20000       5.20000      -0.95916       0.23707
      17.21667       5.21667      -0.95916       0.23726
      17.23333       5.23333      -0.95914       0.23745
      17.25000       5.25000      -0.95912       0.23764
      17.26667       5.26667      -0.95908       0.23782
      17.28333       5.28333      -0.95902       0.23800
      17.30000       5.30000      -0.95896       0.23818
      17.31667       5.31667      -0.95888       0.23836
      17.33333       5.33333      -0.95878       0.23854
      17.35000       5.35000      -0.95868       0.23872
      17.36667       5.36667      -0.95856       0.23889
      17.38333       5.38333      -0.95842       0.23907
      17.40000       5.40000      -0.95828       0.23924
      17.41667       5.41667      -0.95812       0.23941
      17.43333       5.43333      -0.95794       0.23958
      17.45000       5.45000      -0.95776       0.23975
      17.46667       5.46667      -0.95756       0.23991
      17.48333       5.48333      -0.95734       0.24008
      17.50000       5.50000      -0.95711       0.24024
      17.51667       5.51667      -0.95687       0.24040
      17.53333       5.53333      -0.95662       0.24056
      17.55000       5.55000      -0.95635       0.24072
      17.56667       5.56667      -0.95607       0.24087
      17.58333       5.58333      -0.95577       0.24103
      17.60000       5.60000      -0.95546       0.24118
      17.61667       5.61667      -0.95514       0.24133
      17.63333       5.63333      -0.95480       0.24148
      17.65000       5.65000      -0.95445       0.24163
      17.66667       5.66667      -0.95409       0.24177
      17.68333       5.68333      -0.95371       0.24192
      17.70000       5.70000      -0.95332       0.24206
      17.71667       5.71667      -0.95292       0.24220
      17.73333       5.73333      -0.95250       0.24234
      17.75000       5.75000      -0.95207       0.24248
      17.76667       5.76667      -0.95162       0.24262
      17.78333       5.78333      -0.95116       0.24275
      17.80000       5.80000      -0.95069       0.24288
      17.81667       5.81667      -0.95020       0.24302
      17.83333       5.83333      -0.94970       0.24315
      17.85000       5.85000      -0.94918       0.24327
      17.86667       5.86667      -0.94865       0.24340
      17.88333       5.88333      -0.94811       0.24352
      17.90000       5.90000      -0.94755       0.24365
      17.91667       5.91667      -0.94698       0.24377
      17.93333       5.93333      -0.94639       0.24389
      17.95000       5.95000      -0.94580       0.24401
      17.96667       5.96667      -0.94518       0.24412
      17.98333       5.98333      -0.94455       0.24424
      18.00000       6.00000      -0.94391       0.24435
      18.01667       6.01667      -0.94326       0.24446
      18.03333       6.03333      -0.94259       0.24457
      18.05000       6.05000      -0.94190       0.24468
      18.06667       6.06667      -0.94121       0.24479
      18.08333       6.08333      -0.94049       0.24490
      18.10000       6.10000      -0.93977       0.24500
      18.11667       6.11667      -0.93903       0.24510
      18.13333       6.13333      -0.93827       0.24520
      18.15000       6.15000      -0.93750       0.24530
      18.16667       6.16667      -0.93672       0.24540
      18.18333       6.18333      -0.93592       0.24549
      18.20000       6.20000      -0.93511       0.24558
      18.21667       6.21667      -0.93429       0.24568
      18.23333       6.23333      -0.93345       0.24577
      18.25000       6.25000      -0.93259       0.24585
      18.26667       6.26667      -0.93172       0.24594
      18.28333       6.28333      -0.93084       0.24603
      18.30000       6.30000      -0.92994       0.24611
      18.31667       6.31667      -0.92903       0.24619
      18.33333       6.33333      -0.92810       0.24627
      18.35000       6.35000      -0.92716       0.24635
      18.36667       6.36667      -0.92621       0.24643
      18.38333       6.38333      -0.92524       0.24650
      18.40000       6.40000      -0.92425       0.24657
      18.41667       6.41667      -0.92325       0.24665
      18.43333       6.43333      -0.92224       0.24672
      18.45000       6.45000      -0.92121       0.24678
      18.46667       6.46667      -0.92017       0.24685
      18.48333       6.48333      -0.91911       0.24692
      18.50000       6.50000      -0.91804       0.24698
      18.51667       6.51667      -0.91695       0.24704
      18.53333       6.53333      -0.91585       0.24710
      18.55000       6.55000      -0.91474       0.24716
      18.56667       6.56667      -0.91361       0.24722
      18.58333       6.58333      -0.91246       0.24727
      18.60000       6.60000      -0.91130       0.24733
      18.61667       6.61667      -0.91013       0.24738
      18.63333       6.63333      -0.90894       0.24743
      18.65000       6.65000      -0.90773       0.24747
      18.66667       6.66667      -0.90651       0.24752
      18.68333       6.68333      -0.90528       0.24757
      18.70000       6.70000      -0.90403       0.24761
      18.71667       6.71667      -0.90276       0.24765
      18.73333       6.73333      -0.90149       0.24769
      18.75000       6.75000      -0.90019       0.24773
      18.76667       6.76667      -0.89888       0.24777
      18.78333       6.78333      -0.89756       0.24780
      18.80000       6.80000      -0.89622       0.24783
      18.81667       6.81667      -0.89487       0.24787
      18.83333       6.83333      -0.89350       0.24790
      18.85000       6.85000      -0.89211       0.24792
      18.86667       6.86667      -0.89072       0.24795
      18.88333       6.88333      -0.88930       0.24798
      18.90000       6.90000      -0.88787       0.24800
      18.91667       6.91667      -0.88643       0.24802
      18.93333       6.93333      -0.88497       0.24804
      18.95000       6.95000      -0.88349       0.24806
      18.96667       6.96667      -0.88200       0.24808
      18.98333       6.98333      -0.88050       0.24809
      19.00000       7.00000      -0.87898       0.24810
      19.01667       7.01667      -0.87744       0.24812
      19.03333       7.03333      -0.87589       0.24813
      19.05000       7.05000      -0.87432       0.24813
      19.06667       7.06667      -0.87274       0.24814
      19.08333       7.08333      -0.87114       0.24815
      19.10000       7.10000      -0.86953       0.24815
      19.11667       7.11667      -0.86790       0.24815
      19.13333       7.13333      -0.86626       0.24815
      19.15000       7.15000      -0.86460       0.24815
      19.16667       7.16667      -0.86293       0.24815
      19.18333       7.18333      -0.86123       0.24814
      19.20000       7.20000      -0.85953       0.24814
      19.21667       7.21667      -0.85781       0.24813
      19.23333       7.23333      -0.85607       0.24812
      19.25000       7.25000      -0.85432       0.24811
      19.26667       7.26667      -0.85255       0.24809
      19.28333       7.28333      -0.85076       0.24808
      19.30000       7.30000      -0.84896       0.24806
      19.31667       7.31667      -0.84715       0.24805
      19.33333       7.33333      -0.84531       0.24803
      19.35000       7.35000      -0.84347       0.24801
      19.36667       7.36667      -0.84160       0.24798
      19.38333       7.38333      -0.83972       0.24796
      19.40000       7.40000      -0.83783       0.24793
      19.41667       7.41667      -0.83592       0.24790
      19.43333       7.43333      -0.83399       0.24788
      19.45000       7.45000      -0.83204       0.24784
      19.46667       7.46667      -0.83008       0.24781
      19.48333       7.48333      -0.82811       0.24778
      19.50000       7.50000      -0.82612       0.24774
      19.51667       7.51667      -0.82411       0.24771
      19.53333       7.53333      -0.82208       0.24767
      19.55000       7.55000      -0.82004       0.24763
      19.56667       7.56667      -0.81798       0.24758
      19.58333       7.58333      -0.81591       0.24754
      19.60000       7.60000      -0.81382       0.24750
      19.61667       7.61667      -0.81171       0.24745
      19.63333       7.63333      -0.80959       0.24740
      19.65000       7.65000      -0.80745       0.24735
      19.66667       7.66667      -0.80530       0.24730
      19.68333       7.68333      -0.80312       0.24725
      19.70000       7.70000      -0.80093       0.24719
      19.71667       7.71667      -0.79873       0.24713
      19.73333       7.73333      -0.79650       0.24708
      19.75000       7.75000      -0.79426       0.24702
      19.76667       7.76667      -0.79201       0.24696
      19.78333       7.78333      -0.78973       0.24689
      19.80000       7.80000      -0.78744       0.24683
      19.81667       7.81667      -0.78514       0.24676
      19.83333       7.83333      -0.78281       0.24670
      19.85000       7.85000      -0.78047       0.24663
      19.86667       7.86667      -0.77811       0.24656
      19.88333       7.88333      -0.77573       0.24649
      19.90000       7.90000      -0.77334       0.24641
      19.91667       7.91667      -0.77093       0.24634
      19.93333       7.93333      -0.76850       0.24626
      19.95000       7.95000      -0.76606       0.24618
      19.96667       7.96667      -0.76359       0.24610
      19.98333       7.98333      -0.76111       0.24602
      20.00000       8.00000      -0.75861       0.24594
      20.01667       8.01667      -0.75610       0.24586
      20.03333       8.03333      -0.75356       0.24577
      20.05000       8.05000      -0.75101       0.24568
      20.06667       8.06667      -0.74844       0.24559
      20.08333       8.08333      -0.74585       0.24550
      20.10000       8.10000      -0.74325       0.24541
      20.11667       8.11667      -0.74062       0.24532
      20.13333       8.13333      -0.73798       0.24522
      20.15000       8.15000      -0.73532       0.24513
      20.16667       8.16667      -0.73264       0.24503
      20.18333       8.18333      -0.72994       0.24493
      20.20000       8.20000      -0.72723       0.24483
      20.21667       8.21667      -0.72449       0.24473
      20.23333       8.23333      -0.72174       0.24462
      20.25000       8.25000      -0.71896       0.24452
      20.26667       8.26667      -0.71617       0.24441
      20.28333       8.28333      -0.71336       0.24430
      20.30000       8.30000      -0.71053       0.24419
      20.31667       8.31667      -0.70768       0.24408
      20.33333       8.33333      -0.70481       0.24397
      20.35000       8.35000      -0.70192       0.24385
      20.36667       8.36667      -0.69901       0.24374
      20.38333       8.38333      -0.69608       0.24362
      20.40000       8.40000      -0.69313       0.24350
      20.41667       8.41667      -0.69016       0.24338
      20.43333       8.43333      -0.68718       0.24326
      20.45000       8.45000      -0.68416       0.24313
      20.46667       8.46667      -0.68113       0.24301
      20.48333       8.48333      -0.67808       0.24288
      20.50000       8.50000      -0.67501       0.24275
      20.51667       8.51667      -0.67191       0.24263
      20.53333       8.53333      -0.66880       0.24249
      20.55000       8.55000      -0.66566       0.24236
      20.56667       8.56667      -0.66250       0.24223
      20.58333       8.58333      -0.65932       0.24209
      20.60000       8.60000      -0.65612       0.24196
      20.61667       8.61667      -0.65289       0.24182
      20.63333       8.63333      -0.64964       0.24168
      20.65000       8.65000      -0.64637       0.24154
      20.66667       8.66667      -0.64307       0.24140
      20.68333       8.68333      -0.63975       0.24125
      20.70000       8.70000      -0.63640       0.24111
      20.71667       8.71667      -0.63303       0.24096
      20.73333       8.73333      -0.62963       0.24081
      20.75000       8.75000      -0.62621       0.24066
      20.76667       8.76667      -0.62277       0.24051
      20.78333       8.78333      -0.61929       0.24036
      20.80000       8.80000      -0.61579       0.24020
      20.81667       8.81667      -0.61226       0.24005
      20.83333       8.83333      -0.60870       0.23989
      20.85000       8.85000      -0.60512       0.23973
      20.86667       8.86667      -0.60150       0.23957
      20.88333       8.88333      -0.59785       0.23941
      20.90000       8.90000      -0.59417       0.23925
      20.91667       8.91667      -0.59046       0.23908
      20.93333       8.93333      -0.58672       0.23891
      20.95000       8.95000      -0.58294       0.23875
      20.96667       8.96667      -0.57912       0.23858
      20.98333       8.98333      -0.57526       0.23841
      21.00000       9.00000      -0.57137       0.23823
      21.01667       9.01667      -0.56744       0.23806
      21.03333       9.03333      -0.56346       0.23789
      21.05000       9.05000      -0.55944       0.23771
      21.06667       9.06667      -0.55537       0.23753
      21.08333       9.08333      -0.55125       0.23735
      21.10000       9.10000      -0.54707       0.23717
      21.11667       9.11667      -0.54284       0.23699
      21.13333       9.13333      -0.53855       0.23680
      21.15000       9.15000      -0.53419       0.23662
      21.16667       9.16667      -0.52977       0.23643
      21.18333       9.18333      -0.52526       0.23624
      21.20000       9.20000      -0.52067       0.23605
      21.21667       9.21667      -0.51599       0.23586
      21.23333       9.23333      -0.51120       0.23567
      21.25000       9.25000      -0.50630       0.23547
      21.26667       9.26667      -0.50128       0.23527
      21.28333       9.28333      -0.49611       0.23508
      21.30000       9.30000      -0.49078       0.23488
      21.31667       9.31667      -0.48526       0.23468
      21.33333       9.33333      -0.47953       0.23448
      21.35000       9.35000      -0.46712       0.23427
      21.36667       9.36667      -0.26713       0.23419
      21.38333       9.38333      -0.25504       0.23414
      21.40000       9.40000      -0.24399       0.23408
      21.41667       9.41667      -0.23382       0.23403
      21.43333       9.43333      -0.22443       0.23399
      21.45000       9.45000      -0.21571       0.23394
      21.46667       9.46667      -0.20758       0.23389
      21.48333       9.48333      -0.20000       0.23384
      21.50000       9.50000      -0.19290       0.23378
      21.51667       9.51667      -0.18685       0.23373
      21.53333       9.53333      -0.18633       0.23366
      21.55000       9.55000      -0.18580       0.23359
      21.56667       9.56667      -0.18525       0.23351
      21.58333       9.58333      -0.18469       0.23342
      21.60000       9.60000      -0.18411       0.23333
      21.61667       9.61667      -0.18352       0.23322
      21.63333       9.63333      -0.18292       0.23311
      21.65000       9.65000      -0.18230       0.23298
      21.66667       9.66667      -0.18167       0.23285
      21.68333       9.68333      -0.18102       0.23271
      21.70000       9.70000      -0.18036       0.23256
      21.71667       9.71667      -0.17967       0.23241
      21.73333       9.73333      -0.17897       0.23224
      21.75000       9.75000      -0.17825       0.23207
      21.76667       9.76667      -0.17751       0.23188
      21.78333       9.78333      -0.17675       0.23169
      21.80000       9.80000      -0.17597       0.23149
      21.81667       9.81667      -0.17517       0.23129
      21.83333       9.83333      -0.17434       0.23107
      21.85000       9.85000      -0.17348       0.23085
      21.86667       9.86667      -0.17259       0.23062
      21.88333       9.88333      -0.17168       0.23037
      21.90000       9.90000      -0.17072       0.23012
      21.91667       9.91667      -0.16972       0.22986
      21.93333       9.93333      -0.16866       0.22959
      21.95000       9.95000      -0.16752       0.22931
      21.96667       9.96667      -0.16617       0.22901
      21.98333       9.98333      -0.16503       0.22870
      22.00000      10.00000      -0.16648       0.22841
      22.01667      10.01667      -0.16533       0.22814
      22.03333      10.03333      -0.16415       0.22786
      22.05000      10.05000      -0.16295       0.22756
      22.06667      10.06667      -0.16173       0.22725
      22.08333      10.08333      -0.16049       0.22694
      22.10000      10.10000      -0.15921       0.22661
      22.11667      10.11667      -0.15792       0.22627
      22.13333      10.13333      -0.15659       0.22593
      22.15000      10.15000      -0.15524       0.22557
      22.16667      10.16667      -0.15386       0.22521
      22.18333      10.18333      -0.15245       0.22483
      22.20000      10.20000      -0.15101       0.22445
      22.21667      10.21667      -0.14954       0.22406
      22.23333      10.23333      -0.14804       0.22365
      22.25000      10.25000      -0.14651       0.22324
      22.26667      10.26667      -0.14494       0.22283
      22.28333      10.28333      -0.14333       0.22240
      22.30000      10.30000      -0.14169       0.22196
      22.31667      10.31667      -0.14001       0.22152
      22.33333      10.33333      -0.13829       0.22107
      22.35000      10.35000      -0.13652       0.22061
      22.36667      10.36667      -0.13472       0.22014
      22.38333      10.38333      -0.13287       0.21967
      22.40000      10.40000      -0.13097       0.21919
      22.41667      10.41667      -0.12902       0.21870
      22.43333      10.43333      -0.12703       0.21821
      22.45000      10.45000      -0.12497       0.21771
      22.46667      10.46667      -0.12287       0.21720
      22.48333      10.48333      -0.12070       0.21668
      22.50000      10.50000      -0.11847       0.21616
      22.51667      10.51667      -0.11618       0.21564
      22.53333      10.53333      -0.11382       0.21510
      22.55000      10.55000      -0.11139       0.21457
      22.56667      10.56667      -0.10888       0.21402
      22.58333      10.58333      -0.10629       0.21347
      22.60000      10.60000      -0.10362       0.21292
      22.61667      10.61667      -0.10086       0.21236
      22.63333      10.63333      -0.09801       0.21179
      22.65000      10.65000      -0.09505       0.21122
      22.66667      10.66667      -0.09199       0.21065
      22.68333      10.68333      -0.08882       0.21007
      22.70000      10.70000      -0.08553       0.20949
      22.71667      10.71667      -0.08211       0.20890
      22.73333      10.73333      -0.07855       0.20831
      22.75000      10.75000      -0.07484       0.20771
      22.76667      10.76667      -0.07098       0.20711
      22.78333      10.78333      -0.06695       0.20651
      22.80000      10.80000      -0.06273       0.20590
      22.81667      10.81667      -0.05832       0.20530
      22.83333      10.83333      -0.05370       0.20468
      22.85000      10.85000      -0.04885       0.20407
      22.86667      10.86667      -0.04550       0.20345
      22.88333      10.88333      -0.04547       0.20284
      22.90000      10.90000      -0.04543       0.20224
      22.91667      10.91667      -0.04539       0.20164
      22.93333      10.93333      -0.04536       0.20104
      22.95000      10.95000      -0.04532       0.20046
      22.96667      10.96667      -0.04529       0.19988
      22.98333      10.98333      -0.04526       0.19930
      23.00000      11.00000      -0.04522       0.19874
      23.01667      11.01667      -0.04519       0.19818
      23.03333      11.03333      -0.04515       0.19762
      23.05000      11.05000      -0.04512       0.19707
      23.06667      11.06667      -0.04509       0.19653
      23.08333      11.08333      -0.04506       0.19599
      23.10000      11.10000      -0.04503       0.19546
      23.11667      11.11667      -0.04499       0.19493
      23.13333      11.13333      -0.04496       0.19441
      23.15000      11.15000      -0.04493       0.19389
      23.16667      11.16667      -0.04490       0.19338
      23.18333      11.18333      -0.04487       0.19288
      23.20000      11.20000      -0.04484       0.19238
      23.21667      11.21667      -0.04481       0.19189
      23.23333      11.23333      -0.04478       0.19140
      23.25000      11.25000      -0.04475       0.19091
      23.26667      11.26667      -0.04473       0.19043
      23.28333      11.28333      -0.04470       0.18996
      23.30000      11.30000      -0.04467       0.18949
      23.31667      11.31667      -0.04464       0.18903
      23.33333      11.33333      -0.04461       0.18857
      23.35000      11.35000      -0.04459       0.18811
      23.36667      11.36667      -0.04456       0.18766
      23.38333      11.38333      -0.04453       0.18722
      23.40000      11.40000      -0.04451       0.18678
      23.41667      11.41667      -0.04448       0.18634
      23.43333      11.43333      -0.04446       0.18591
      23.45000      11.45000      -0.04443       0.18548
      23.46667      11.46667      -0.04440       0.18506
      23.48333      11.48333      -0.04438       0.18464
      23.50000      11.50000      -0.04436       0.18423
      23.51667      11.51667      -0.04433       0.18382
      23.53333      11.53333      -0.04431       0.18342
      23.55000      11.55000      -0.04428       0.18301
      23.56667      11.56667      -0.04426       0.18262
      23.58333      11.58333      -0.04424       0.18222
      23.60000      11.60000      -0.04421       0.18183
      23.61667      11.61667      -0.04419       0.18145
      23.63333      11.63333      -0.04417       0.18107
      23.65000      11.65000      -0.04414       0.18069
      23.66667      11.66667      -0.04412       0.18032
      23.68333      11.68333      -0.04410       0.17995
      23.70000      11.70000      -0.04408       0.17958
      23.71667      11.71667      -0.04406       0.17922
      23.73333      11.73333      -0.04403       0.17886
      23.75000      11.75000      -0.04401       0.17851
      23.76667      11.76667      -0.04399       0.17815
      23.78333      11.78333      -0.04397       0.17781
      23.80000      11.80000      -0.04395       0.17746
      23.81667      11.81667      -0.04393       0.17712
      23.83333      11.83333      -0.04391       0.17678
      23.85000      11.85000      -0.04389       0.17645
      23.86667      11.86667      -0.04387       0.17612
      23.88333      11.88333      -0.04385       0.17579
      23.90000      11.90000      -0.04383       0.17547
      23.91667      11.91667      -0.04381       0.17514
      23.93333      11.93333      -0.04379       0.17483
      23.95000      11.95000      -0.04377       0.17451
      23.96667      11.96667      -0.04376       0.17420
      23.98333      11.98333      -0.04374       0.17389
      24.00000      12.00000      -0.04372       0.17359
