VERT
 24
 4
         z (m)      q (g/kg)            wq
        0.0000        5.9543   0.17278E-01
      104.2183        5.9543   0.20968E-02
      104.2183        5.5925   0.10000E-03
     2000.0000        2.1800   0.00000E+00
        0.0000        6.1623   0.25151E-01
      131.0184        6.1623   0.22279E-01
      131.0184        5.5443   0.10000E-03
     2000.0000        2.1800   0.00000E+00
        0.0000        5.7853   0.37397E-01
      363.5457        5.7853   0.94963E-01
      363.5457        5.1254   0.10000E-03
     2000.0000        2.1797   0.00000E+00
        0.0000        5.5797   0.46688E-01
      591.8247        5.5797   0.10041E+00
      591.8247        4.7145   0.10000E-03
     2000.0000        2.1797   0.00000E+00
        0.0000        5.4333   0.54892E-01
      790.3904        5.4333   0.11355E+00
      790.3904        4.3571   0.10000E-03
     2000.0000        2.1797   0.00000E+00
        0.0000        5.3084   0.62214E-01
      973.4121        5.3084   0.12557E+00
      973.4121        4.0277   0.10000E-03
     2000.0000        2.1797   0.00000E+00
        0.0000        5.1979   0.68572E-01
     1143.7392        5.1979   0.13472E+00
     1143.7392        3.7211   0.10000E-03
     2000.0000        2.1797   0.00000E+00
        0.0000        5.0999   0.73845E-01
     1301.7871        5.0999   0.14029E+00
     1301.7871        3.4366   0.10000E-03
     2000.0000        2.1797   0.00000E+00
        0.0000        5.0142   0.77911E-01
     1447.1996        5.0142   0.14193E+00
     1447.1996        3.1749   0.10000E-03
     2000.0000        2.1797   0.00000E+00
        0.0000        4.9408   0.80656E-01
     1579.3546        4.9408   0.13949E+00
     1579.3546        2.9370   0.10000E-03
     2000.0000        2.1797   0.00000E+00
        0.0000        4.8802   0.81992E-01
     1697.5717        4.8802   0.13300E+00
     1697.5717        2.7242   0.10000E-03
     2000.0000        2.1797   0.00000E+00
        0.0000        4.8327   0.81848E-01
     1801.2218        4.8327   0.12265E+00
     1801.2218        2.5376   0.10000E-03
     2000.0000        2.1797   0.00000E+00
        0.0000        4.7987   0.80183E-01
     1889.7948        4.7987   0.10881E+00
     1889.7948        2.3782   0.10000E-03
     2000.0000        2.1797   0.00000E+00
        0.0000        4.7782   0.76981E-01
     1962.9488        4.7782   0.91970E-01
     1962.9488        2.2465   0.10000E-03
     2000.0000        2.1797   0.00000E+00
        0.0000        4.7712   0.72247E-01
     2020.5522        4.7712   0.72796E-01
     2020.5522        2.1428   0.10000E-03
     2000.0000        2.1797   0.00000E+00
        0.0000        4.7771   0.65995E-01
     2062.7304        4.7771   0.52086E-01
     2062.7304        2.0669   0.10000E-03
     2000.0000        2.1797   0.00000E+00
        0.0000        4.7950   0.58199E-01
     2089.9460        4.7950   0.30876E-01
     2089.9460        2.0179   0.10000E-03
     2000.0000        2.1797   0.00000E+00
        0.0000        4.8233   0.48565E-01
     2103.2204        4.8233   0.10889E-01
     2103.2204        1.9940   0.10000E-03
     2000.0000        2.1797   0.00000E+00
        0.0000        4.8539   0.14891E-01
     2106.0103        4.8539   0.39285E-02
     2106.0103        1.9890   0.10000E-03
     2000.0000        2.1797   0.00000E+00
        0.0000        4.8737   0.11100E-01
     2106.5924        4.8737   0.00000E+00
     2106.5924        1.9880   0.10000E-03
     2000.0000        2.1797   0.00000E+00
        0.0000        4.8817   0.73602E-02
     2106.5924        4.8817   0.00000E+00
     2106.5924        1.9880   0.10000E-03
     2000.0000        2.1797   0.00000E+00
        0.0000        4.8860   0.33867E-02
     2106.5924        4.8860   0.00000E+00
     2106.5924        1.9880   0.10000E-03
     2000.0000        2.1797   0.00000E+00
        0.0000        4.8886   0.29277E-02
     2106.5924        4.8886   0.00000E+00
     2106.5924        1.9880   0.10000E-03
     2000.0000        2.1797   0.00000E+00
        0.0000        4.8910   0.25632E-02
     2106.5924        4.8910   0.00000E+00
     2106.5924        1.9880   0.10000E-03
     2000.0000        2.1797   0.00000E+00
Time int. between profiles 1800s
