SATU
 50
         z (m)       p (kPa)         T (K)   Tparcel (K)      qt (g/g)      qs (g/g)
        0.0000      100.0000      288.6274      288.6274        0.0050        0.0111
       42.3036       99.5000      288.2144      288.2144        0.0050        0.0109
       84.7594       99.0000      287.7998      287.7998        0.0050        0.0107
      127.3686       98.5000      287.3838      287.3838        0.0050        0.0104
      170.1326       98.0000      286.9662      286.9662        0.0050        0.0102
      213.0527       97.5000      286.5471      286.5471        0.0050        0.0100
      256.1303       97.0000      286.1265      286.1265        0.0050        0.0097
      299.3668       96.5000      285.7043      285.7043        0.0050        0.0095
      342.7636       96.0000      285.2806      285.2806        0.0050        0.0093
      386.3221       95.5000      284.8552      284.8552        0.0050        0.0091
      430.0439       95.0000      284.4283      284.4283        0.0050        0.0089
      473.9303       94.5000      283.9998      283.9998        0.0050        0.0087
      517.9830       94.0000      283.5696      283.5696        0.0050        0.0085
      562.2033       93.5000      283.1379      283.1379        0.0050        0.0083
      606.5928       93.0000      282.7044      282.7044        0.0050        0.0081
      651.1531       92.5000      282.2693      282.2693        0.0050        0.0079
      695.8858       92.0000      281.8325      281.8325        0.0050        0.0077
      740.7925       91.5000      281.3940      281.3940        0.0050        0.0075
      785.8749       91.0000      280.9538      280.9538        0.0050        0.0073
      831.1345       90.5000      280.5119      280.5119        0.0050        0.0071
      876.5730       90.0000      280.0682      280.0682        0.0050        0.0070
      922.1923       89.5000      279.6228      279.6228        0.0050        0.0068
      967.9939       89.0000      279.1756      279.1756        0.0050        0.0066
     1013.9797       88.5000      278.7265      278.7265        0.0050        0.0065
     1060.1515       88.0000      278.2757      278.2757        0.0050        0.0063
     1106.5110       87.5000      277.8230      277.8230        0.0050        0.0061
     1153.0601       87.0000      277.3685      277.3685        0.0050        0.0060
     1199.8007       86.5000      276.9121      276.9121        0.0050        0.0058
     1246.7347       86.0000      276.4538      276.4538        0.0050        0.0057
     1293.8640       85.5000      275.9936      275.9936        0.0050        0.0055
     1341.1906       85.0000      275.5315      275.5315        0.0050        0.0054
     1388.7165       84.5000      275.0675      275.0675        0.0050        0.0052
     1436.4436       84.0000      274.6014      274.6014        0.0050        0.0051
     1484.3741       83.5000      274.1334      274.1334        0.0050        0.0049
     1532.5101       83.0000      273.6634      273.6634        0.0048        0.0048
     1580.8536       82.5000      273.1914      272.8973        0.0047        0.0047
     1629.4069       82.0000      272.7173      272.1232        0.0045        0.0045
     1678.1720       81.5000      272.2411      271.3409        0.0044        0.0044
     1727.1514       81.0000      271.7628      270.5504        0.0043        0.0043
     1776.3472       80.5000      271.2825      269.7516        0.0042        0.0042
     1825.7617       80.0000      270.8000      268.9443        0.0040        0.0040
     1875.3973       79.5000      270.3153      268.1284        0.0039        0.0039
     1925.2565       79.0000      269.8285      267.3039        0.0038        0.0038
     1975.3415       78.5000      269.3394      266.4705        0.0037        0.0037
     2025.6549       78.0000      268.8481      265.6283        0.0036        0.0036
     2076.1992       77.5000      268.3546      264.7771        0.0035        0.0035
     2126.9770       77.0000      267.8588      263.9168        0.0034        0.0034
     2177.9908       76.5000      267.3607      263.0473        0.0033        0.0033
     2229.2434       76.0000      266.8602      262.1685        0.0032        0.0032
     2280.7373       75.5000      266.3574      261.2803        0.0031        0.0031
     2332.4755       75.0000      265.8522      260.3827        0.0030        0.0030
LCL at  1532.5m reached after    4.75hou
