VERT
 24
 4
         z (m)       u (m/s)            wu
        0.0000        0.2707  -0.23765E-01
      104.2183        0.2707  -0.10026E-01
      104.2183        2.0001   0.10000E-03
     2000.0000        2.0000   0.00000E+00
        0.0000        0.1895  -0.17029E-01
      131.0184        0.1895  -0.65291E-01
      131.0184        2.0001   0.10000E-03
     2000.0000        2.0000   0.00000E+00
        0.0000        0.9809  -0.75148E-01
      363.5457        0.9809  -0.14673E+00
      363.5457        2.0001   0.10000E-03
     2000.0000        2.0000   0.00000E+00
        0.0000        1.0426  -0.77021E-01
      591.8247        1.0426  -0.11113E+00
      591.8247        2.0001   0.10000E-03
     2000.0000        2.0000   0.00000E+00
        0.0000        1.0181  -0.75215E-01
      790.3904        1.0181  -0.10361E+00
      790.3904        2.0001   0.10000E-03
     2000.0000        2.0000   0.00000E+00
        0.0000        0.9816  -0.72900E-01
      973.4121        0.9816  -0.99856E-01
      973.4121        2.0001   0.10000E-03
     2000.0000        2.0000   0.00000E+00
        0.0000        0.9449  -0.70412E-01
     1143.7392        0.9449  -0.96258E-01
     1143.7392        2.0001   0.10000E-03
     2000.0000        2.0000   0.00000E+00
        0.0000        0.9113  -0.67854E-01
     1301.7871        0.9113  -0.91828E-01
     1301.7871        2.0001   0.10000E-03
     2000.0000        2.0000   0.00000E+00
        0.0000        0.8823  -0.65281E-01
     1447.1996        0.8823  -0.86248E-01
     1447.1996        2.0001   0.10000E-03
     2000.0000        2.0000   0.00000E+00
        0.0000        0.8586  -0.62724E-01
     1579.3546        0.8586  -0.79456E-01
     1579.3546        2.0001   0.10000E-03
     2000.0000        2.0000   0.00000E+00
        0.0000        0.8406  -0.60201E-01
     1697.5717        0.8406  -0.71520E-01
     1697.5717        2.0001   0.10000E-03
     2000.0000        2.0000   0.00000E+00
        0.0000        0.8287  -0.57707E-01
     1801.2218        0.8287  -0.62593E-01
     1801.2218        2.0001   0.10000E-03
     2000.0000        2.0000   0.00000E+00
        0.0000        0.8234  -0.55212E-01
     1889.7948        0.8234  -0.52889E-01
     1889.7948        2.0001   0.10000E-03
     2000.0000        2.0000   0.00000E+00
        0.0000        0.8253  -0.52649E-01
     1962.9488        0.8253  -0.42675E-01
     1962.9488        2.0001   0.10000E-03
     2000.0000        2.0000   0.00000E+00
        0.0000        0.8351  -0.49886E-01
     2020.5522        0.8351  -0.32265E-01
     2020.5522        2.0001   0.10000E-03
     2000.0000        2.0000   0.00000E+00
        0.0000        0.8539  -0.46657E-01
     2062.7304        0.8539  -0.22026E-01
     2062.7304        2.0001   0.10000E-03
     2000.0000        2.0000   0.00000E+00
        0.0000        0.8838  -0.42372E-01
     2089.9460        0.8838  -0.12411E-01
     2089.9460        2.0001   0.10000E-03
     2000.0000        2.0000   0.00000E+00
        0.0000        0.9280  -0.35258E-01
     2103.2204        0.9280  -0.41262E-02
     2103.2204        2.0001   0.10000E-03
     2000.0000        2.0000   0.00000E+00
        0.0000        0.9917  -0.25903E-02
     2106.0103        0.9917  -0.13827E-02
     2106.0103        2.0001   0.10000E-03
     2000.0000        2.0000   0.00000E+00
        0.0000        1.0769  -0.28181E-02
     2106.5924        1.0769  -0.00000E+00
     2106.5924        2.0001   0.10000E-03
     2000.0000        2.0000   0.00000E+00
        0.0000        1.2068  -0.33599E-02
     2106.5924        1.2068  -0.00000E+00
     2106.5924        2.0001   0.10000E-03
     2000.0000        2.0000   0.00000E+00
        0.0000        1.3597  -0.39979E-02
     2106.5924        1.3597  -0.00000E+00
     2106.5924        2.0001   0.10000E-03
     2000.0000        2.0000   0.00000E+00
        0.0000        1.5307  -0.47177E-02
     2106.5924        1.5307  -0.00000E+00
     2106.5924        2.0001   0.10000E-03
     2000.0000        2.0000   0.00000E+00
        0.0000        1.7144  -0.54982E-02
     2106.5924        1.7144  -0.00000E+00
     2106.5924        2.0001   0.10000E-03
     2000.0000        2.0000   0.00000E+00
Time int. between profiles 1800s
