VERT
 24
 4
         z (m)       v (m/s)            wv
        0.0000        0.4984  -0.43699E-01
      104.2183        0.4984  -0.87064E-02
      104.2183        2.0001   0.10000E-03
     2000.0000        2.0000   0.00000E+00
        0.0000        0.5234  -0.47108E-01
      131.0184        0.5234  -0.53254E-01
      131.0184        2.0001   0.10000E-03
     2000.0000        2.0000   0.00000E+00
        0.0000        1.2364  -0.94725E-01
      363.5457        1.2364  -0.10996E+00
      363.5457        2.0001   0.10000E-03
     2000.0000        2.0000   0.00000E+00
        0.0000        1.3713  -0.10130E+00
      591.8247        1.3713  -0.72989E-01
      591.8247        2.0001   0.10000E-03
     2000.0000        2.0000   0.00000E+00
        0.0000        1.4426  -0.10656E+00
      790.3904        1.4426  -0.58828E-01
      790.3904        2.0001   0.10000E-03
     2000.0000        2.0000   0.00000E+00
        0.0000        1.5060  -0.11183E+00
      973.4121        1.5060  -0.48450E-01
      973.4121        2.0001   0.10000E-03
     2000.0000        2.0000   0.00000E+00
        0.0000        1.5695  -0.11695E+00
     1143.7392        1.5695  -0.39285E-01
     1143.7392        2.0001   0.10000E-03
     2000.0000        2.0000   0.00000E+00
        0.0000        1.6350  -0.12173E+00
     1301.7871        1.6350  -0.30793E-01
     1301.7871        2.0001   0.10000E-03
     2000.0000        2.0000   0.00000E+00
        0.0000        1.7031  -0.12600E+00
     1447.1996        1.7031  -0.22915E-01
     1447.1996        2.0001   0.10000E-03
     2000.0000        2.0000   0.00000E+00
        0.0000        1.7739  -0.12958E+00
     1579.3546        1.7739  -0.15744E-01
     1579.3546        2.0001   0.10000E-03
     2000.0000        2.0000   0.00000E+00
        0.0000        1.8474  -0.13229E+00
     1697.5717        1.8474  -0.94212E-02
     1697.5717        2.0001   0.10000E-03
     2000.0000        2.0000   0.00000E+00
        0.0000        1.9234  -0.13393E+00
     1801.2218        1.9234  -0.40957E-02
     1801.2218        2.0001   0.10000E-03
     2000.0000        2.0000   0.00000E+00
        0.0000        2.0022  -0.13424E+00
     1889.7948        2.0022   0.95214E-04
     1889.7948        2.0001   0.10000E-03
     2000.0000        2.0000   0.00000E+00
        0.0000        2.0838  -0.13293E+00
     1962.9488        2.0838   0.30406E-02
     1962.9488        2.0001   0.10000E-03
     2000.0000        2.0000   0.00000E+00
        0.0000        2.1685  -0.12954E+00
     2020.5522        2.1685   0.46649E-02
     2020.5522        2.0001   0.10000E-03
     2000.0000        2.0000   0.00000E+00
        0.0000        2.2571  -0.12332E+00
     2062.7304        2.2571   0.49384E-02
     2062.7304        2.0001   0.10000E-03
     2000.0000        2.0000   0.00000E+00
        0.0000        2.3507  -0.11271E+00
     2089.9460        2.3507   0.38981E-02
     2089.9460        2.0001   0.10000E-03
     2000.0000        2.0000   0.00000E+00
        0.0000        2.4527  -0.93192E-01
     2103.2204        2.4527   0.17418E-02
     2103.2204        2.0001   0.10000E-03
     2000.0000        2.0000   0.00000E+00
        0.0000        2.5637  -0.66964E-02
     2106.0103        2.5637   0.77264E-03
     2106.0103        2.0001   0.10000E-03
     2000.0000        2.0000   0.00000E+00
        0.0000        2.6743  -0.69984E-02
     2106.5924        2.6743   0.00000E+00
     2106.5924        2.0001   0.10000E-03
     2000.0000        2.0000   0.00000E+00
        0.0000        2.8201  -0.78524E-02
     2106.5924        2.8201   0.00000E+00
     2106.5924        2.0001   0.10000E-03
     2000.0000        2.0000   0.00000E+00
        0.0000        2.9402  -0.86455E-02
     2106.5924        2.9402   0.00000E+00
     2106.5924        2.0001   0.10000E-03
     2000.0000        2.0000   0.00000E+00
        0.0000        3.0308  -0.93418E-02
     2106.5924        3.0308   0.00000E+00
     2106.5924        2.0001   0.10000E-03
     2000.0000        2.0000   0.00000E+00
        0.0000        3.0895  -0.99094E-02
     2106.5924        3.0895   0.00000E+00
     2106.5924        2.0001   0.10000E-03
     2000.0000        2.0000   0.00000E+00
Time int. between profiles 1800s
