year	month	day	hour	minute	DoY[LT]	 Acetone	 Acetic_Acid	 MVK+MACR	 Hexanals(83)
2008	6	22	0	0	174	0.355	0.087	-0.049	-0.028
2008	6	22	0	30	174.0208333333	0.319	0.087	-0.051	-0.033
2008	6	22	1	0	174.0416666667	0.312	0.101	-0.017	-0.026
2008	6	22	1	30	174.0625	0.309	0.104	-0.019	-0.024
2008	6	22	2	0	174.0833333333	0.327	0.101	-0.021	-0.027
2008	6	22	2	30	174.1041666667	0.337	0.103	-0.012	-0.025
2008	6	22	3	0	174.125	0.362	0.113	0.012	-0.019
2008	6	22	3	30	174.1458333333	0.362	0.122	0.016	-0.017
2008	6	22	4	0	174.1666666667	0.367	0.118	0.006	-0.016
2008	6	22	4	30	174.1875	0.364	0.109	0.007	-0.014
2008	6	22	5	0	174.2083333333	0.368	0.103	0.005	-0.023
2008	6	22	5	30	174.2291666667	0.36	0.11	0.002	-0.018
2008	6	22	6	0	174.25	0.346	0.107	-0.017	-0.024
2008	6	22	6	30	174.2708333333	0.37	0.113	-0.007	-0.021
2008	6	22	7	0	174.2916666667	0.386	0.122	0	-0.015
2008	6	22	7	30	174.3125	0.388	0.136	0	-0.019
2008	6	22	8	0	174.3333333333	0.387	0.134	0.001	-0.017
2008	6	22	8	30	174.3541666667	0.388	0.119	-0.009	-0.018
2008	6	22	9	0	174.375	0.377	0.128	-0.017	-0.02
2008	6	22	9	30	174.3958333333	0.401	0.136	-0.012	-0.017
2008	6	22	10	0	174.4166666667	0.411	0.14	-0.019	-0.022
2008	6	22	10	30	174.4375	0.406	0.146	-0.017	-0.016
2008	6	22	11	0	174.4583333333	0.447	0.136	-0.005	-0.016
2008	6	22	11	30	174.4791666667	0.504	0.136	0.034	-0.012
2008	6	22	12	0	174.5	0.498	0.136	0.052	-0.01
2008	6	22	12	30	174.5208333333	0.513	0.163	0.064	-0.015
2008	6	22	13	0	174.5416666667	0.542	0.189	0.086	-0.011
2008	6	22	13	30	174.5625	0.601	0.235	0.117	0.004
2008	6	22	14	0	174.5833333333	0.639	0.261	0.159	-0.003
2008	6	22	14	30	174.6041666667	0.656	0.264	0.218	0.007
2008	6	22	15	0	174.625	0.629	0.232	0.225	0.008
2008	6	22	15	30	174.6458333333	0.63	0.223	0.239	0.013
2008	6	22	16	0	174.6666666667	0.612	0.203	0.242	0.013
2008	6	22	16	30	174.6875	0.645	0.191	0.217	0.011
2008	6	22	17	0	174.7083333333	0.641	0.17	0.201	0.003
2008	6	22	17	30	174.7291666667	0.605	0.155	0.186	-0.003
2008	6	22	18	0	174.75	0.561	0.15	0.181	-0.005
2008	6	22	18	30	174.7708333333	0.576	0.153	0.179	-0.002
2008	6	22	19	0	174.7916666667	0.61	0.157	0.237	0.008
2008	6	22	19	30	174.8125	0.644	0.191	0.495	0.031
2008	6	22	20	0	174.8333333333	0.605	0.172	0.356	0.013
2008	6	22	20	30	174.8541666667	0.502	0.17	0.185	-0.003
2008	6	22	21	0	174.875	0.44	0.128	0.075	-0.02
2008	6	22	21	30	174.8958333333	0.421	0.099	0	-0.027
2008	6	22	22	0	174.9166666667	0.374	0.085	-0.042	-0.032
2008	6	22	22	30	174.9375	0.368	0.083	-0.054	-0.032
2008	6	22	23	0	174.9583333333	0.352	0.076	-0.077	-0.037
2008	6	22	23	30	174.9791666667	0.344	0.078	-0.071	-0.037
2008	6	23	0	0	175	0.343	0.093	-0.045	-0.031
2008	6	23	0	30	175.0208333333	0.353	0.102	-0.031	-0.038
2008	6	23	1	0	175.0416666667	0.387	0.101	-0.041	-0.035
2008	6	23	1	30	175.0625	0.395	0.101	-0.051	-0.035
2008	6	23	2	0	175.0833333333	0.381	0.095	-0.05	-0.033
2008	6	23	2	30	175.1041666667	0.373	0.1	-0.041	-0.034
2008	6	23	3	0	175.125	0.393	0.106	-0.014	-0.036
2008	6	23	3	30	175.1458333333	0.392	0.149	0.041	-0.022
2008	6	23	4	0	175.1666666667	0.419	0.184	0.074	-0.021
2008	6	23	4	30	175.1875	0.407	0.155	0.063	-0.021
2008	6	23	5	0	175.2083333333	0.392	0.133	0.034	-0.026
2008	6	23	5	30	175.2291666667	0.372	0.123	0.024	-0.027
2008	6	23	6	0	175.25	0.388	0.136	0.012	-0.028
2008	6	23	6	30	175.2708333333	0.372	0.146	0.009	-0.025
2008	6	23	7	0	175.2916666667	0.382	0.161	0.002	-0.025
2008	6	23	7	30	175.3125	0.355	0.153	-0.006	-0.026
2008	6	23	8	0	175.3333333333	0.393	0.16	0.005	-0.025
2008	6	23	8	30	175.3541666667	0.412	0.15	-0.01	-0.024
2008	6	23	9	0	175.375	0.429	0.155	-0.003	-0.027
2008	6	23	9	30	175.3958333333	0.449	0.156	-0.017	-0.023
2008	6	23	10	0	175.4166666667	0.475	0.189	-0.02	-0.027
2008	6	23	10	30	175.4375	0.47	0.213	-0.008	-0.029
2008	6	23	11	0	175.4583333333	0.503	0.213	0.007	-0.013
2008	6	23	11	30	175.4791666667	0.555	0.222	0.024	-0.014
2008	6	23	12	0	175.5	0.571	0.222	0.048	-0.015
2008	6	23	12	30	175.5208333333	0.577	0.247	0.06	-0.011
2008	6	23	13	0	175.5416666667	0.584	0.274	0.113	-0.015
2008	6	23	13	30	175.5625	0.629	0.263	0.159	0.002
2008	6	23	14	0	175.5833333333	0.589	0.257	0.135	-0.002
2008	6	23	14	30	175.6041666667	0.588	0.24	0.123	0.005
2008	6	23	15	0	175.625	0.586	0.246	0.117	-0.003
2008	6	23	15	30	175.6458333333	0.582	0.243	0.102	-0.004
2008	6	23	16	0	175.6666666667	0.564	0.233	0.07	-0.007
2008	6	23	16	30	175.6875	0.621	0.232	0.106	0.002
2008	6	23	17	0	175.7083333333	0.611	0.233	0.118	0.006
2008	6	23	17	30	175.7291666667	0.599	0.216	0.131	0.003
2008	6	23	18	0	175.75	0.575	0.221	0.132	0.005
2008	6	23	18	30	175.7708333333	0.615	0.23	0.156	0.007
2008	6	23	19	0	175.7916666667	0.582	0.229	0.149	0.01
2008	6	23	19	30	175.8125	NaN	NaN	NaN	NaN
2008	6	23	20	0	175.8333333333	NaN	NaN	NaN	NaN
2008	6	23	20	30	175.8541666667	NaN	NaN	NaN	NaN
2008	6	23	21	0	175.875	NaN	NaN	NaN	NaN
2008	6	23	21	30	175.8958333333	NaN	NaN	NaN	NaN
2008	6	23	22	0	175.9166666667	NaN	NaN	NaN	NaN
2008	6	23	22	30	175.9375	NaN	NaN	NaN	NaN
2008	6	23	23	0	175.9583333333	NaN	NaN	NaN	NaN
2008	6	23	23	30	175.9791666667	NaN	NaN	NaN	NaN
2008	6	24	0	0	176	NaN	NaN	NaN	NaN
2008	6	24	0	30	176.0208333333	NaN	NaN	NaN	NaN
2008	6	24	1	0	176.0416666667	NaN	NaN	NaN	NaN
2008	6	24	1	30	176.0625	NaN	NaN	NaN	NaN
2008	6	24	2	0	176.0833333333	NaN	NaN	NaN	NaN
2008	6	24	2	30	176.1041666667	NaN	NaN	NaN	NaN
2008	6	24	3	0	176.125	NaN	NaN	NaN	NaN
2008	6	24	3	30	176.1458333333	NaN	NaN	NaN	NaN
2008	6	24	4	0	176.1666666667	NaN	NaN	NaN	NaN
2008	6	24	4	30	176.1875	NaN	NaN	NaN	NaN
2008	6	24	5	0	176.2083333333	NaN	NaN	NaN	NaN
2008	6	24	5	30	176.2291666667	NaN	NaN	NaN	NaN
2008	6	24	6	0	176.25	NaN	NaN	NaN	NaN
2008	6	24	6	30	176.2708333333	NaN	NaN	NaN	NaN
2008	6	24	7	0	176.2916666667	NaN	NaN	NaN	NaN
2008	6	24	7	30	176.3125	NaN	NaN	NaN	NaN
2008	6	24	8	0	176.3333333333	NaN	NaN	NaN	NaN
2008	6	24	8	30	176.3541666667	NaN	NaN	NaN	NaN
2008	6	24	9	0	176.375	NaN	NaN	NaN	NaN
2008	6	24	9	30	176.3958333333	0.879	0.582	0.07	0.002
2008	6	24	10	0	176.4166666667	0.831	0.458	0.035	-0.014
2008	6	24	10	30	176.4375	0.739	0.417	0.011	-0.019
2008	6	24	11	0	176.4583333333	0.691	0.364	0.025	-0.013
2008	6	24	11	30	176.4791666667	0.734	0.379	0.051	-0.005
2008	6	24	12	0	176.5	0.776	0.38	0.085	0.004
2008	6	24	12	30	176.5208333333	0.75	0.386	0.1	0.005
2008	6	24	13	0	176.5416666667	0.781	0.387	0.144	0.001
2008	6	24	13	30	176.5625	0.77	0.409	0.184	0.006
2008	6	24	14	0	176.5833333333	0.783	0.402	0.177	0
2008	6	24	14	30	176.6041666667	0.699	0.383	0.097	-0.001
2008	6	24	15	0	176.625	0.689	0.365	0.129	0.001
2008	6	24	15	30	176.6458333333	0.721	0.377	0.161	0.005
2008	6	24	16	0	176.6666666667	0.731	0.371	0.217	0.005
2008	6	24	16	30	176.6875	0.736	0.365	0.174	0.007
2008	6	24	17	0	176.7083333333	0.723	0.381	0.169	0.002
2008	6	24	17	30	176.7291666667	0.775	0.384	0.368	0.02
2008	6	24	18	0	176.75	0.766	0.346	0.456	0.028
2008	6	24	18	30	176.7708333333	0.711	0.329	0.32	0.015
2008	6	24	19	0	176.7916666667	0.682	0.326	0.215	0.008
2008	6	24	19	30	176.8125	0.687	0.325	0.161	0.007
2008	6	24	20	0	176.8333333333	0.712	0.326	0.143	0.002
2008	6	24	20	30	176.8541666667	0.766	0.367	0.179	0.024
2008	6	24	21	0	176.875	NaN	NaN	NaN	NaN
2008	6	24	21	30	176.8958333333	NaN	NaN	NaN	NaN
2008	6	24	22	0	176.9166666667	NaN	NaN	NaN	NaN
2008	6	24	22	30	176.9375	NaN	NaN	NaN	NaN
2008	6	24	23	0	176.9583333333	NaN	NaN	NaN	NaN
2008	6	24	23	30	176.9791666667	NaN	NaN	NaN	NaN
2008	6	25	0	0	177	NaN	NaN	NaN	NaN
2008	6	25	0	30	177.0208333333	NaN	NaN	NaN	NaN
2008	6	25	1	0	177.0416666667	NaN	NaN	NaN	NaN
2008	6	25	1	30	177.0625	NaN	NaN	NaN	NaN
2008	6	25	2	0	177.0833333333	NaN	NaN	NaN	NaN
2008	6	25	2	30	177.1041666667	NaN	NaN	NaN	NaN
2008	6	25	3	0	177.125	NaN	NaN	NaN	NaN
2008	6	25	3	30	177.1458333333	NaN	NaN	NaN	NaN
2008	6	25	4	0	177.1666666667	NaN	NaN	NaN	NaN
2008	6	25	4	30	177.1875	NaN	NaN	NaN	NaN
2008	6	25	5	0	177.2083333333	NaN	NaN	NaN	NaN
2008	6	25	5	30	177.2291666667	NaN	NaN	NaN	NaN
2008	6	25	6	0	177.25	NaN	NaN	NaN	NaN
2008	6	25	6	30	177.2708333333	NaN	NaN	NaN	NaN
2008	6	25	7	0	177.2916666667	0.539	0.296	0	-0.041
2008	6	25	7	30	177.3125	0.548	0.302	0.001	-0.041
2008	6	25	8	0	177.3333333333	0.555	0.281	-0.094	0.033
2008	6	25	8	30	177.3541666667	0.564	0.294	-0.08	0.03
2008	6	25	9	0	177.375	0.592	0.295	0.055	0.013
2008	6	25	9	30	177.3958333333	0.648	0.325	0.074	0.021
2008	6	25	10	0	177.4166666667	0.677	0.275	0.002	0.002
2008	6	25	10	30	177.4375	0.808	0.344	0.023	0.011
2008	6	25	11	0	177.4583333333	0.782	0.363	0.127	-0.03
2008	6	25	11	30	177.4791666667	0.823	0.37	0.169	-0.017
2008	6	25	12	0	177.5	0.799	0.387	0.202	0.004
2008	6	25	12	30	177.5208333333	0.727	0.343	0.101	-0.01
2008	6	25	13	0	177.5416666667	0.743	0.284	0.075	-0.024
2008	6	25	13	30	177.5625	0.75	0.279	0.051	-0.025
2008	6	25	14	0	177.5833333333	0.852	0.328	0.101	0.011
2008	6	25	14	30	177.6041666667	0.895	0.334	0.141	0.008
2008	6	25	15	0	177.625	0.868	0.352	0.271	0
2008	6	25	15	30	177.6458333333	0.877	0.347	0.488	0.019
2008	6	25	16	0	177.6666666667	0.766	0.294	0.442	0.086
2008	6	25	16	30	177.6875	0.722	0.282	0.333	0.08
2008	6	25	17	0	177.7083333333	0.777	0.363	0.28	-0.027
2008	6	25	17	30	177.7291666667	0.768	0.368	0.292	-0.035
2008	6	25	18	0	177.75	0.806	0.283	0.343	0.014
2008	6	25	18	30	177.7708333333	0.772	0.302	0.504	0.035
2008	6	25	19	0	177.7916666667	0.753	0.344	0.532	0.034
2008	6	25	19	30	177.8125	0.726	0.356	0.555	0.034
2008	6	25	20	0	177.8333333333	0.661	0.283	0.464	0.056
2008	6	25	20	30	177.8541666667	0.841	0.301	0.461	0.066
2008	6	25	21	0	177.875	0.697	0.352	0.366	0.024
2008	6	25	21	30	177.8958333333	0.695	0.347	0.344	0.016
2008	6	25	22	0	177.9166666667	0.661	0.413	0.325	0.026
2008	6	25	22	30	177.9375	0.681	0.387	0.288	0.026
2008	6	25	23	0	177.9583333333	0.625	0.316	0.248	0.05
2008	6	25	23	30	177.9791666667	0.65	0.363	0.381	0.067
2008	6	26	0	0	178	0.755	0.323	0.159	0.025
2008	6	26	0	30	178.0208333333	0.767	0.337	0.161	0.021
2008	6	26	1	0	178.0416666667	0.836	0.332	0.124	0.031
2008	6	26	1	30	178.0625	0.838	0.321	0.12	0.032
2008	6	26	2	0	178.0833333333	0.837	0.302	0.164	0.013
2008	6	26	2	30	178.1041666667	0.839	0.299	0.201	0.02
2008	6	26	3	0	178.125	0.856	0.338	0.292	0.057
2008	6	26	3	30	178.1458333333	0.75	0.343	0.312	0.07
2008	6	26	4	0	178.1666666667	0.73	0.381	0.387	0.07
2008	6	26	4	30	178.1875	0.713	0.4	0.427	0.077
2008	6	26	5	0	178.2083333333	0.648	0.328	0.423	0.064
2008	6	26	5	30	178.2291666667	0.637	0.324	0.429	0.07
2008	6	26	6	0	178.25	0.623	0.343	0.353	0.056
2008	6	26	6	30	178.2708333333	0.677	0.355	0.354	0.053
2008	6	26	7	0	178.2916666667	0.638	0.412	0.213	-0.011
2008	6	26	7	30	178.3125	0.579	0.389	0.095	-0.024
2008	6	26	8	0	178.3333333333	0.426	0.29	0.16	0.014
2008	6	26	8	30	178.3541666667	0.428	0.304	0.153	0.022
2008	6	26	9	0	178.375	0.453	0.31	0.03	0.028
2008	6	26	9	30	178.3958333333	0.517	0.331	0.055	0.034
2008	6	26	10	0	178.4166666667	0.496	0.309	0.19	0.069
2008	6	26	10	30	178.4375	0.48	0.304	0.172	0.071
2008	6	26	11	0	178.4583333333	0.498	0.338	0.08	0.025
2008	6	26	11	30	178.4791666667	0.512	0.332	0.114	0.029
2008	6	26	12	0	178.5	0.515	0.261	0.136	0.035
2008	6	26	12	30	178.5208333333	0.551	0.275	0.125	0.037
2008	6	26	13	0	178.5416666667	0.631	0.33	0.142	0.031
2008	6	26	13	30	178.5625	0.644	0.34	0.146	0.032
2008	6	26	14	0	178.5833333333	0.688	0.336	0.223	0.073
2008	6	26	14	30	178.6041666667	0.678	0.339	0.254	0.078
2008	6	26	15	0	178.625	0.617	0.322	0.436	0.046
2008	6	26	15	30	178.6458333333	0.63	0.333	0.462	0.046
2008	6	26	16	0	178.6666666667	0.69	0.29	0.31	0.031
2008	6	26	16	30	178.6875	0.698	0.275	0.252	0.027
2008	6	26	17	0	178.7083333333	0.609	0.298	0.195	0.041
2008	6	26	17	30	178.7291666667	0.613	0.307	0.199	0.038
2008	6	26	18	0	178.75	0.606	0.292	0.158	0.016
2008	6	26	18	30	178.7708333333	0.52	0.281	0.182	0.013
2008	6	26	19	0	178.7916666667	0.551	0.257	0.236	-0.007
2008	6	26	19	30	178.8125	0.55	0.291	0.289	0.01
2008	6	26	20	0	178.8333333333	0.566	0.261	0.333	0.009
2008	6	26	20	30	178.8541666667	0.558	0.269	0.298	0.013
2008	6	26	21	0	178.875	0.493	0.228	0.284	0.009
2008	6	26	21	30	178.8958333333	0.487	0.234	0.242	0.001
2008	6	26	22	0	178.9166666667	0.509	0.256	0.182	0.041
2008	6	26	22	30	178.9375	0.511	0.246	0.192	0.042
2008	6	26	23	0	178.9583333333	0.473	0.249	0.134	0.044
2008	6	26	23	30	178.9791666667	0.455	0.242	0.091	0.039
2008	6	27	0	0	179	0.505	0.22	0.07	0.03
2008	6	27	0	30	179.0208333333	0.505	0.22	0.091	0.03
2008	6	27	1	0	179.0416666667	0.666	0.269	0.196	0.016
2008	6	27	1	30	179.0625	0.642	0.276	0.174	0.013
2008	6	27	2	0	179.0833333333	0.578	0.213	0.16	0.027
2008	6	27	2	30	179.1041666667	0.571	0.205	0.139	0.028
2008	6	27	3	0	179.125	0.575	0.237	0.142	0.04
2008	6	27	3	30	179.1458333333	0.596	0.233	0.156	0.038
2008	6	27	4	0	179.1666666667	0.588	0.239	0.117	0.033
2008	6	27	4	30	179.1875	0.589	0.248	0.108	0.032
2008	6	27	5	0	179.2083333333	0.535	0.212	0.109	0.053
2008	6	27	5	30	179.2291666667	0.573	0.216	0.124	0.054
2008	6	27	6	0	179.25	0.668	0.215	0.114	0.011
2008	6	27	6	30	179.2708333333	0.637	0.215	0.092	0.009
2008	6	27	7	0	179.2916666667	0.594	0.243	0.08	-0.031
2008	6	27	7	30	179.3125	0.638	0.302	0.103	-0.026
2008	6	27	8	0	179.3333333333	0.512	0.234	0.056	0.038
2008	6	27	8	30	179.3541666667	0.507	0.263	0.059	0.036
2008	6	27	9	0	179.375	0.558	0.265	0.098	0.029
2008	6	27	9	30	179.3958333333	0.595	0.28	0.096	0.037
2008	6	27	10	0	179.4166666667	0.689	0.281	0.149	0.001
2008	6	27	10	30	179.4375	0.746	0.314	0.16	0.003
2008	6	27	11	0	179.4583333333	0.787	0.323	0.158	0.014
2008	6	27	11	30	179.4791666667	0.92	0.383	0.209	0.018
2008	6	27	12	0	179.5	0.927	0.346	0.243	0.033
2008	6	27	12	30	179.5208333333	0.93	0.358	0.291	0.038
2008	6	27	13	0	179.5416666667	0.832	0.365	0.448	0.019
2008	6	27	13	30	179.5625	0.795	0.392	0.704	0.033
2008	6	27	14	0	179.5833333333	0.815	0.344	0.547	0.079
2008	6	27	14	30	179.6041666667	0.751	0.357	0.574	0.082
2008	6	27	15	0	179.625	0.755	0.412	0.713	0.078
2008	6	27	15	30	179.6458333333	0.809	0.389	0.581	0.071
2008	6	27	16	0	179.6666666667	0.857	0.321	0.56	0.049
2008	6	27	16	30	179.6875	0.833	0.387	0.804	0.065
2008	6	27	17	0	179.7083333333	0.858	0.328	0.612	0.031
2008	6	27	17	30	179.7291666667	0.762	0.331	0.597	0.024
2008	6	27	18	0	179.75	0.57	0.273	0.382	0.026
2008	6	27	18	30	179.7708333333	0.566	0.266	0.353	0.023
2008	6	27	19	0	179.7916666667	0.576	0.272	0.28	0.025
2008	6	27	19	30	179.8125	0.578	0.285	0.287	0.021
2008	6	27	20	0	179.8333333333	0.547	0.269	0.22	0.023
2008	6	27	20	30	179.8541666667	0.544	0.271	0.181	0.019
2008	6	27	21	0	179.875	0.586	0.276	0.285	0.053
2008	6	27	21	30	179.8958333333	0.625	0.348	0.388	0.087
2008	6	27	22	0	179.9166666667	0.537	0.315	0.16	0.022
2008	6	27	22	30	179.9375	0.529	0.31	0.073	0.008
2008	6	27	23	0	179.9583333333	0.477	0.245	0.075	-0.02
2008	6	27	23	30	179.9791666667	0.519	0.265	0.133	-0.015
2008	6	28	0	0	180	0.578	0.311	0.252	0.072
2008	6	28	0	30	180.0208333333	0.553	0.297	0.173	0.079
2008	6	28	1	0	180.0416666667	0.399	0.218	0.092	0.026
2008	6	28	1	30	180.0625	0.516	0.248	0.164	0.037
2008	6	28	2	0	180.0833333333	0.545	0.266	0.177	0.078
2008	6	28	2	30	180.1041666667	0.552	0.267	0.164	0.077
2008	6	28	3	0	180.125	0.599	0.249	0.182	-0.02
2008	6	28	3	30	180.1458333333	0.61	0.272	0.203	-0.013
2008	6	28	4	0	180.1666666667	0.555	0.253	0.12	0.006
2008	6	28	4	30	180.1875	0.524	0.254	0.089	0.008
2008	6	28	5	0	180.2083333333	0.492	0.227	0.122	0.026
2008	6	28	5	30	180.2291666667	0.458	0.218	0.046	0.008
2008	6	28	6	0	180.25	0.422	0.227	-0.021	-0.002
2008	6	28	6	30	180.2708333333	0.414	0.23	-0.03	0.003
2008	6	28	7	0	180.2916666667	0.432	0.237	0.028	0.007
2008	6	28	7	30	180.3125	0.376	0.229	0.039	0.01
2008	6	28	8	0	180.3333333333	0.391	0.221	0.074	0.01
2008	6	28	8	30	180.3541666667	0.45	0.237	0.071	0.011
2008	6	28	9	0	180.375	0.49	0.253	0.108	0.017
2008	6	28	9	30	180.3958333333	0.54	0.258	0.108	0.026
2008	6	28	10	0	180.4166666667	0.535	0.229	0.132	0.027
2008	6	28	10	30	180.4375	0.582	0.265	0.131	0.033
2008	6	28	11	0	180.4583333333	0.659	0.249	0.121	0.058
2008	6	28	11	30	180.4791666667	0.753	0.301	0.187	0.07
2008	6	28	12	0	180.5	0.78	0.328	0.222	0.043
2008	6	28	12	30	180.5208333333	0.823	0.354	0.262	0.051
2008	6	28	13	0	180.5416666667	0.852	0.377	0.37	0.04
2008	6	28	13	30	180.5625	0.824	0.392	0.428	0.047
2008	6	28	14	0	180.5833333333	0.754	0.399	0.538	0.039
2008	6	28	14	30	180.6041666667	0.713	0.402	0.772	0.053
2008	6	28	15	0	180.625	0.763	0.41	1.034	0.06
2008	6	28	15	30	180.6458333333	0.744	0.396	1.104	0.072
2008	6	28	16	0	180.6666666667	0.791	0.271	0.374	0.023
2008	6	28	16	30	180.6875	0.751	0.28	0.275	0.013
2008	6	28	17	0	180.7083333333	0.762	0.302	0.335	0.025
2008	6	28	17	30	180.7291666667	0.739	0.311	0.387	0.03
2008	6	28	18	0	180.75	0.74	0.287	0.586	0.041
2008	6	28	18	30	180.7708333333	0.745	0.298	0.559	0.035
2008	6	28	19	0	180.7916666667	0.727	0.279	0.417	0.018
2008	6	28	19	30	180.8125	NaN	NaN	NaN	NaN
2008	6	28	20	0	180.8333333333	NaN	NaN	NaN	NaN
2008	6	28	20	30	180.8541666667	NaN	NaN	NaN	NaN
2008	6	28	21	0	180.875	NaN	NaN	NaN	NaN
2008	6	28	21	30	180.8958333333	NaN	NaN	NaN	NaN
2008	6	28	22	0	180.9166666667	NaN	NaN	NaN	NaN
2008	6	28	22	30	180.9375	NaN	NaN	NaN	NaN
2008	6	28	23	0	180.9583333333	0.817	0.593	0.321	0.035
2008	6	28	23	30	180.9791666667	0.72	0.504	0.225	0.017
2008	6	29	0	0	181	0.789	0.452	0.151	0.042
2008	6	29	0	30	181.0208333333	0.699	0.435	0.131	0.036
2008	6	29	1	0	181.0416666667	0.632	0.402	0.149	-0.02
2008	6	29	1	30	181.0625	0.583	0.382	0.115	-0.03
2008	6	29	2	0	181.0833333333	0.674	0.339	0.124	0.025
2008	6	29	2	30	181.1041666667	0.661	0.335	0.141	0.019
2008	6	29	3	0	181.125	0.672	0.363	0.16	0.039
2008	6	29	3	30	181.1458333333	0.667	0.368	0.147	0.038
2008	6	29	4	0	181.1666666667	0.457	0.312	0.092	0.006
2008	6	29	4	30	181.1875	0.471	0.317	0.089	0.003
2008	6	29	5	0	181.2083333333	0.564	0.303	0.114	0.035
2008	6	29	5	30	181.2291666667	0.698	0.332	0.182	0.035
2008	6	29	6	0	181.25	0.673	0.325	0.153	-0.012
2008	6	29	6	30	181.2708333333	0.679	0.346	0.17	-0.006
2008	6	29	7	0	181.2916666667	0.701	0.33	0.156	-0.01
2008	6	29	7	30	181.3125	0.765	0.36	0.181	-0.005
2008	6	29	8	0	181.3333333333	0.577	0.337	0.119	0.014
2008	6	29	8	30	181.3541666667	0.539	0.339	0.092	0.008
2008	6	29	9	0	181.375	0.602	0.33	0.107	0.038
2008	6	29	9	30	181.3958333333	0.624	0.334	0.096	0.041
2008	6	29	10	0	181.4166666667	0.694	0.309	0.208	0.03
2008	6	29	10	30	181.4375	0.731	0.337	0.251	0.038
2008	6	29	11	0	181.4583333333	0.732	0.39	0.167	-0.003
2008	6	29	11	30	181.4791666667	0.779	0.404	0.238	0.006
2008	6	29	12	0	181.5	0.81	0.379	0.389	0.051
2008	6	29	12	30	181.5208333333	0.859	0.404	0.557	0.063
2008	6	29	13	0	181.5416666667	0.821	0.427	0.535	0.078
2008	6	29	13	30	181.5625	0.828	0.435	0.57	0.092
2008	6	29	14	0	181.5833333333	0.853	0.411	0.34	0.07
2008	6	29	14	30	181.6041666667	0.825	0.398	0.294	0.063
2008	6	29	15	0	181.625	0.664	0.347	0.257	0.041
2008	6	29	15	30	181.6458333333	0.639	0.323	0.174	0.033
2008	6	29	16	0	181.6666666667	0.689	0.3	0.2	0.032
2008	6	29	16	30	181.6875	0.6	0.287	0.158	0.02
2008	6	29	17	0	181.7083333333	0.674	0.347	0.27	0.024
2008	6	29	17	30	181.7291666667	0.69	0.351	0.166	0.009
2008	6	29	18	0	181.75	0.62	0.343	0.041	0.028
2008	6	29	18	30	181.7708333333	0.619	0.357	0.022	0.026
2008	6	29	19	0	181.7916666667	0.568	0.319	0.049	0.005
2008	6	29	19	30	181.8125	0.583	0.324	0.102	0.007
2008	6	29	20	0	181.8333333333	0.607	0.315	0.13	0.005
2008	6	29	20	30	181.8541666667	0.565	0.314	0.091	0.007
2008	6	29	21	0	181.875	0.538	0.292	0.108	-0.003
2008	6	29	21	30	181.8958333333	0.554	0.308	0.144	-0.001
2008	6	29	22	0	181.9166666667	0.605	0.304	0.162	0.022
2008	6	29	22	30	181.9375	0.632	0.327	0.154	0.026
2008	6	29	23	0	181.9583333333	0.599	0.294	0.154	0.014
2008	6	29	23	30	181.9791666667	0.569	0.297	0.157	0.016
2008	6	30	0	0	182	0.592	0.307	0.178	-0.02
2008	6	30	0	30	182.0208333333	0.626	0.317	0.182	-0.019
2008	6	30	1	0	182.0416666667	0.619	0.303	0.146	-0.001
2008	6	30	1	30	182.0625	0.622	0.306	0.135	-0.003
2008	6	30	2	0	182.0833333333	0.582	0.292	0.098	0.011
2008	6	30	2	30	182.1041666667	0.563	0.291	0.099	0.013
2008	6	30	3	0	182.125	0.481	0.254	0.084	-0.001
2008	6	30	3	30	182.1458333333	0.498	0.269	0.105	0.006
2008	6	30	4	0	182.1666666667	0.527	0.258	0.1	-0.01
2008	6	30	4	30	182.1875	0.549	0.261	0.105	-0.004
2008	6	30	5	0	182.2083333333	0.451	0.246	0.1	-0.004
2008	6	30	5	30	182.2291666667	0.428	0.236	0.087	-0.008
2008	6	30	6	0	182.25	0.366	0.225	0.036	0.017
2008	6	30	6	30	182.2708333333	0.531	0.275	0.099	0.024
2008	6	30	7	0	182.2916666667	0.579	0.275	0.111	0.038
2008	6	30	7	30	182.3125	0.576	0.302	0.106	0.04
2008	6	30	8	0	182.3333333333	0.445	0.276	0.052	0.04
2008	6	30	8	30	182.3541666667	0.409	0.276	0.073	0.061
2008	6	30	9	0	182.375	0.567	0.295	0.105	0.049
2008	6	30	9	30	182.3958333333	0.571	0.294	0.106	0.048
2008	6	30	10	0	182.4166666667	0.631	0.303	0.129	0.023
2008	6	30	10	30	182.4375	0.658	0.319	0.15	0.028
2008	6	30	11	0	182.4583333333	0.601	0.301	0.157	0.036
2008	6	30	11	30	182.4791666667	0.583	0.316	0.137	0.036
2008	6	30	12	0	182.5	0.713	0.316	0.193	0.003
2008	6	30	12	30	182.5208333333	0.733	0.319	0.186	0.009
2008	6	30	13	0	182.5416666667	0.657	0.344	0.147	0.045
2008	6	30	13	30	182.5625	0.723	0.369	0.214	0.059
2008	6	30	14	0	182.5833333333	0.742	0.343	0.302	0.037
2008	6	30	14	30	182.6041666667	0.73	0.349	0.297	0.031
2008	6	30	15	0	182.625	0.781	0.342	0.307	0.047
2008	6	30	15	30	182.6458333333	NaN	NaN	NaN	NaN
2008	6	30	16	0	182.6666666667	NaN	NaN	NaN	NaN
2008	6	30	16	30	182.6875	NaN	NaN	NaN	NaN
2008	6	30	17	0	182.7083333333	0.628	0.315	0.179	0.019
2008	6	30	17	30	182.7291666667	0.586	0.303	0.111	0.012
2008	6	30	18	0	182.75	0.614	0.267	0.306	-0.023
2008	6	30	18	30	182.7708333333	0.609	0.283	0.312	-0.023
2008	6	30	19	0	182.7916666667	0.627	0.284	0.142	0.007
2008	6	30	19	30	182.8125	NaN	NaN	NaN	NaN
2008	6	30	20	0	182.8333333333	NaN	NaN	NaN	NaN
2008	6	30	20	30	182.8541666667	0.689	0.329	0.256	0.012
2008	6	30	21	0	182.875	0.564	0.318	0.154	-0.013
2008	6	30	21	30	182.8958333333	0.552	0.308	0.154	-0.016
2008	6	30	22	0	182.9166666667	0.592	0.322	0.238	-0.001
2008	6	30	22	30	182.9375	NaN	NaN	NaN	NaN
2008	6	30	23	0	182.9583333333	NaN	NaN	NaN	NaN
2008	6	30	23	30	182.9791666667	0.498	0.286	0.056	-0.016
2008	7	1	0	0	183	0.416	0.266	0.043	-0.03
2008	7	1	0	30	183.0208333333	0.401	0.269	0.015	-0.035
2008	7	1	1	0	183.0416666667	0.428	0.237	0.043	-0.004
2008	7	1	1	30	183.0625	0.409	0.246	0.037	-0.004
2008	7	1	2	0	183.0833333333	0.456	0.256	0.032	0.005
2008	7	1	2	30	183.1041666667	0.441	0.27	0.029	0.009
2008	7	1	3	0	183.125	0.419	0.248	0.035	-0.035
2008	7	1	3	30	183.1458333333	0.418	0.258	0.026	-0.033
2008	7	1	4	0	183.1666666667	0.373	0.236	-0.004	0.001
2008	7	1	4	30	183.1875	0.463	0.266	0.048	0.008
2008	7	1	5	0	183.2083333333	0.452	0.254	0.055	-0.012
2008	7	1	5	30	183.2291666667	0.39	0.242	0.058	-0.014
2008	7	1	6	0	183.25	0.375	0.227	0.063	-0.011
2008	7	1	6	30	183.2708333333	0.45	0.239	0.063	-0.01
2008	7	1	7	0	183.2916666667	0.456	0.225	0.086	0.006
2008	7	1	7	30	183.3125	0.44	0.232	0.073	0.001
2008	7	1	8	0	183.3333333333	0.382	0.24	0.052	-0.047
2008	7	1	8	30	183.3541666667	0.445	0.262	0.057	-0.042
2008	7	1	9	0	183.375	0.472	0.292	0.065	0.027
2008	7	1	9	30	183.3958333333	0.518	0.309	0.076	0.03
2008	7	1	10	0	183.4166666667	NaN	NaN	NaN	NaN
2008	7	1	10	30	183.4375	NaN	NaN	NaN	NaN
2008	7	1	11	0	183.4583333333	NaN	NaN	NaN	NaN
2008	7	1	11	30	183.4791666667	NaN	NaN	NaN	NaN
2008	7	1	12	0	183.5	NaN	NaN	NaN	NaN
2008	7	1	12	30	183.5208333333	NaN	NaN	NaN	NaN
2008	7	1	13	0	183.5416666667	NaN	NaN	NaN	NaN
2008	7	1	13	30	183.5625	NaN	NaN	NaN	NaN
2008	7	1	14	0	183.5833333333	NaN	NaN	NaN	NaN
2008	7	1	14	30	183.6041666667	NaN	NaN	NaN	NaN
2008	7	1	15	0	183.625	NaN	NaN	NaN	NaN
2008	7	1	15	30	183.6458333333	NaN	NaN	NaN	NaN
2008	7	1	16	0	183.6666666667	NaN	NaN	NaN	NaN
2008	7	1	16	30	183.6875	NaN	NaN	NaN	NaN
2008	7	1	17	0	183.7083333333	0.871	0.468	0.132	0.023
2008	7	1	17	30	183.7291666667	0.824	0.396	0.129	0.02
2008	7	1	18	0	183.75	0.772	0.359	0.127	0.018
2008	7	1	18	30	183.7708333333	0.854	0.376	0.197	0.019
2008	7	1	19	0	183.7916666667	NaN	NaN	NaN	NaN
2008	7	1	19	30	183.8125	0.738	0.328	0.144	0.013
2008	7	1	20	0	183.8333333333	0.764	0.332	0.225	0.015
2008	7	1	20	30	183.8541666667	0.87	0.426	0.54	0.026
2008	7	1	21	0	183.875	0.88	0.431	0.619	0.032
2008	7	1	21	30	183.8958333333	0.876	0.449	0.664	0.037
2008	7	1	22	0	183.9166666667	0.851	0.421	0.648	0.034
2008	7	1	22	30	183.9375	0.849	0.413	0.607	0.034
2008	7	1	23	0	183.9583333333	0.688	0.326	0.313	0.018
2008	7	1	23	30	183.9791666667	0.654	0.32	0.295	0.019
2008	7	2	0	0	184	0.481	0.288	0.137	-0.028
2008	7	2	0	30	184.0208333333	0.482	0.297	0.158	-0.029
2008	7	2	1	0	184.0416666667	0.532	0.305	0.173	0.024
2008	7	2	1	30	184.0625	0.562	0.3	0.168	0.025
2008	7	2	2	0	184.0833333333	0.59	0.287	0.151	0.004
2008	7	2	2	30	184.1041666667	0.563	0.273	0.124	0.001
2008	7	2	3	0	184.125	0.56	0.239	0.145	-0.006
2008	7	2	3	30	184.1458333333	0.487	0.23	0.122	-0.006
2008	7	2	4	0	184.1666666667	0.5	0.245	0.101	0.009
2008	7	2	4	30	184.1875	0.458	0.238	0.086	0.01
2008	7	2	5	0	184.2083333333	0.476	0.242	0.099	-0.005
2008	7	2	5	30	184.2291666667	0.47	0.244	0.091	0
2008	7	2	6	0	184.25	0.438	0.235	0.11	-0.001
2008	7	2	6	30	184.2708333333	0.482	0.255	0.138	0.003
2008	7	2	7	0	184.2916666667	0.528	0.259	0.138	0.002
2008	7	2	7	30	184.3125	NaN	NaN	NaN	NaN
2008	7	2	8	0	184.3333333333	0.566	0.291	0.082	0.004
2008	7	2	8	30	184.3541666667	0.591	0.303	0.059	0.003
2008	7	2	9	0	184.375	0.548	0.295	0.019	0.012
2008	7	2	9	30	184.3958333333	0.554	0.314	0.003	0.01
2008	7	2	10	0	184.4166666667	0.555	0.305	0.025	0.012
2008	7	2	10	30	184.4375	0.555	0.332	0.015	0.016
2008	7	2	11	0	184.4583333333	0.644	0.336	0.139	0.021
2008	7	2	11	30	184.4791666667	0.696	0.375	0.185	0.027
2008	7	2	12	0	184.5	0.7	0.421	0.177	0.037
2008	7	2	12	30	184.5208333333	0.701	0.447	0.155	0.04
2008	7	2	13	0	184.5416666667	0.734	0.447	0.247	0.042
2008	7	2	13	30	184.5625	0.708	0.442	0.308	0.048
2008	7	2	14	0	184.5833333333	0.733	0.434	0.361	0.053
2008	7	2	14	30	184.6041666667	0.783	0.462	0.552	0.072
2008	7	2	15	0	184.625	0.801	0.461	0.68	0.077
2008	7	2	15	30	184.6458333333	0.82	0.466	0.736	0.084
2008	7	2	16	0	184.6666666667	0.811	0.445	0.742	0.077
2008	7	2	16	30	184.6875	0.856	0.442	0.689	0.07
2008	7	2	17	0	184.7083333333	0.937	0.442	0.646	0.065
2008	7	2	17	30	184.7291666667	0.928	0.449	0.693	0.06
2008	7	2	18	0	184.75	0.88	0.429	0.708	0.06
2008	7	2	18	30	184.7708333333	0.888	0.481	0.738	0.06
2008	7	2	19	0	184.7916666667	0.831	0.43	0.641	0.052
2008	7	2	19	30	184.8125	0.624	0.301	0.497	0.045
2008	7	2	20	0	184.8333333333	0.65	0.284	0.488	0.041
2008	7	2	20	30	184.8541666667	0.616	0.277	0.28	0.038
2008	7	2	21	0	184.875	0.655	0.285	0.335	0.04
2008	7	2	21	30	184.8958333333	0.62	0.276	0.279	0.035
2008	7	2	22	0	184.9166666667	0.635	0.282	0.279	0.04
2008	7	2	22	30	184.9375	0.633	0.288	0.257	0.032
2008	7	2	23	0	184.9583333333	0.636	0.297	0.267	0.036
2008	7	2	23	30	184.9791666667	0.634	0.299	0.282	0.043
2008	7	3	0	0	185	0.538	0.221	0.195	0.021
2008	7	3	0	30	185.0208333333	0.472	0.199	0.105	0.019
2008	7	3	1	0	185.0416666667	0.54	0.236	0.112	0.014
2008	7	3	1	30	185.0625	0.67	0.274	0.153	0.018
2008	7	3	2	0	185.0833333333	0.597	0.231	0.133	-0.002
2008	7	3	2	30	185.1041666667	0.621	0.254	0.147	-0.001
2008	7	3	3	0	185.125	0.602	0.298	0.121	0.008
2008	7	3	3	30	185.1458333333	0.621	0.294	0.129	0.009
2008	7	3	4	0	185.1666666667	0.654	0.266	0.135	0.022
2008	7	3	4	30	185.1875	0.569	0.232	0.076	0.018
2008	7	3	5	0	185.2083333333	0.607	0.2	0.104	0.018
2008	7	3	5	30	185.2291666667	0.596	0.211	0.104	0.024
2008	7	3	6	0	185.25	0.571	0.23	0.08	0.026
2008	7	3	6	30	185.2708333333	0.61	0.256	0.089	0.035
2008	7	3	7	0	185.2916666667	0.574	0.26	0.107	0.044
2008	7	3	7	30	185.3125	0.403	0.226	0.08	0.042
2008	7	3	8	0	185.3333333333	0.486	0.242	0.077	0.012
2008	7	3	8	30	185.3541666667	0.493	0.248	0.094	0.018
2008	7	3	9	0	185.375	0.51	0.286	0.135	0.021
2008	7	3	9	30	185.3958333333	0.505	0.29	0.149	0.017
2008	7	3	10	0	185.4166666667	0.565	0.242	0.151	0.036
2008	7	3	10	30	185.4375	0.613	0.25	0.154	0.039
2008	7	3	11	0	185.4583333333	0.697	0.29	0.18	0.033
2008	7	3	11	30	185.4791666667	0.706	0.284	0.248	0.043
2008	7	3	12	0	185.5	0.703	0.261	0.19	0.034
2008	7	3	12	30	185.5208333333	0.743	0.285	0.209	0.035
2008	7	3	13	0	185.5416666667	0.728	0.285	0.272	0.026
2008	7	3	13	30	185.5625	0.74	0.293	0.27	0.025
2008	7	3	14	0	185.5833333333	0.793	0.313	0.248	0.028
2008	7	3	14	30	185.6041666667	0.814	0.316	0.261	0.03
2008	7	3	15	0	185.625	0.848	0.353	0.251	0.039
2008	7	3	15	30	185.6458333333	0.813	0.332	0.235	0.029
2008	7	3	16	0	185.6666666667	0.834	0.354	0.253	0.039
2008	7	3	16	30	185.6875	0.773	0.325	0.213	0.032
2008	7	3	17	0	185.7083333333	0.759	0.34	0.219	0.036
2008	7	3	17	30	185.7291666667	0.745	0.31	0.213	0.023
2008	7	3	18	0	185.75	0.77	0.313	0.215	0.032
2008	7	3	18	30	185.7708333333	0.733	0.287	0.18	0.025
2008	7	3	19	0	185.7916666667	0.733	0.301	0.146	0.03
2008	7	3	19	30	185.8125	0.703	0.283	0.21	0.027
2008	7	3	20	0	185.8333333333	0.697	0.292	0.165	0.033
2008	7	3	20	30	185.8541666667	0.672	0.274	0.102	0.024
2008	7	3	21	0	185.875	0.649	0.263	0.055	0.025
2008	7	3	21	30	185.8958333333	0.616	0.237	0.031	0.016
2008	7	3	22	0	185.9166666667	0.633	0.25	0.03	0.023
2008	7	3	22	30	185.9375	0.602	0.236	0.027	0.015
2008	7	3	23	0	185.9583333333	0.603	0.249	0.034	0.028
2008	7	3	23	30	185.9791666667	0.567	0.224	0.032	0.016
2008	7	4	0	0	186	0.579	0.249	0.041	0.025
2008	7	4	0	30	186.0208333333	0.584	0.227	0.035	0.015
2008	7	4	1	0	186.0416666667	0.558	0.227	0.035	0.021
2008	7	4	1	30	186.0625	0.506	0.212	0.063	0.017
2008	7	4	2	0	186.0833333333	0.478	0.233	0.059	0.021
2008	7	4	2	30	186.1041666667	0.504	0.221	0.064	0.015
2008	7	4	3	0	186.125	0.539	0.232	0.056	0.02
2008	7	4	3	30	186.1458333333	0.575	0.237	0.044	0.014
2008	7	4	4	0	186.1666666667	0.56	0.243	0.043	0.022
2008	7	4	4	30	186.1875	0.619	0.243	0.053	0.011
2008	7	4	5	0	186.2083333333	0.754	0.324	0.146	0.026
2008	7	4	5	30	186.2291666667	0.727	0.32	0.17	0.02
2008	7	4	6	0	186.25	0.692	0.306	0.16	0.033
2008	7	4	6	30	186.2708333333	0.648	0.286	0.128	0.02
2008	7	4	7	0	186.2916666667	0.678	0.315	0.135	0.032
2008	7	4	7	30	186.3125	0.716	0.334	0.157	0.025
2008	7	4	8	0	186.3333333333	0.743	0.367	0.2	0.034
2008	7	4	8	30	186.3541666667	0.714	0.353	0.197	0.031
2008	7	4	9	0	186.375	0.718	0.347	0.2	0.033
2008	7	4	9	30	186.3958333333	0.79	0.371	0.206	0.029
2008	7	4	10	0	186.4166666667	0.822	0.402	0.204	0.041
2008	7	4	10	30	186.4375	0.815	0.378	0.2	0.03
2008	7	4	11	0	186.4583333333	0.873	0.404	0.229	0.042
2008	7	4	11	30	186.4791666667	0.883	0.397	0.247	0.038
2008	7	4	12	0	186.5	0.894	0.416	0.246	0.046
2008	7	4	12	30	186.5208333333	0.867	0.396	0.249	0.04
2008	7	4	13	0	186.5416666667	0.947	0.437	0.311	0.053
2008	7	4	13	30	186.5625	0.948	0.429	0.359	0.042
2008	7	4	14	0	186.5833333333	0.986	0.464	0.436	0.055
2008	7	4	14	30	186.6041666667	1.02	0.45	0.69	0.061
2008	7	4	15	0	186.625	1.031	0.46	0.673	0.072
2008	7	4	15	30	186.6458333333	0.997	0.459	0.75	0.056
2008	7	4	16	0	186.6666666667	1.108	0.47	0.702	0.066
2008	7	4	16	30	186.6875	0.981	0.408	0.472	0.045
2008	7	4	17	0	186.7083333333	0.924	0.408	0.311	0.05
2008	7	4	17	30	186.7291666667	0.908	0.383	0.286	0.039
2008	7	4	18	0	186.75	0.968	0.405	0.37	0.05
2008	7	4	18	30	186.7708333333	0.98	0.369	0.425	0.047
2008	7	4	19	0	186.7916666667	0.975	0.367	0.397	0.05
2008	7	4	19	30	186.8125	0.938	0.39	0.495	0.042
2008	7	4	20	0	186.8333333333	0.982	0.38	0.486	0.051
2008	7	4	20	30	186.8541666667	0.951	0.371	0.629	0.051
2008	7	4	21	0	186.875	0.992	0.389	0.58	0.058
2008	7	4	21	30	186.8958333333	0.78	0.303	0.287	0.036
2008	7	4	22	0	186.9166666667	0.738	0.297	0.21	0.036
2008	7	4	22	30	186.9375	0.744	0.308	0.318	0.033
2008	7	4	23	0	186.9583333333	0.809	0.308	0.247	0.035
2008	7	4	23	30	186.9791666667	0.737	0.295	0.237	0.026
2008	7	5	0	0	187	0.668	0.28	0.164	0.029
2008	7	5	0	30	187.0208333333	0.627	0.255	0.125	0.016
2008	7	5	1	0	187.0416666667	0.712	0.262	0.139	0.026
2008	7	5	1	30	187.0625	0.703	0.252	0.143	0.019
2008	7	5	2	0	187.0833333333	0.796	0.284	0.135	0.028
2008	7	5	2	30	187.1041666667	0.81	0.286	0.153	0.025
2008	7	5	3	0	187.125	0.816	0.336	0.147	0.039
2008	7	5	3	30	187.1458333333	0.786	0.287	0.135	0.029
2008	7	5	4	0	187.1666666667	0.796	0.328	0.132	0.044
2008	7	5	4	30	187.1875	0.763	0.272	0.123	0.025
2008	7	5	5	0	187.2083333333	0.785	0.314	0.119	0.043
2008	7	5	5	30	187.2291666667	0.614	0.255	0.072	0.025
2008	7	5	6	0	187.25	0.672	0.312	0.084	0.04
2008	7	5	6	30	187.2708333333	0.776	0.284	0.1	0.029
2008	7	5	7	0	187.2916666667	0.83	0.354	0.12	0.048
2008	7	5	7	30	187.3125	0.801	0.32	0.125	0.034
2008	7	5	8	0	187.3333333333	0.82	0.37	0.124	0.047
2008	7	5	8	30	187.3541666667	0.688	0.304	0.099	0.023
2008	7	5	9	0	187.375	0.72	0.314	0.127	0.035
2008	7	5	9	30	187.3958333333	0.695	0.27	0.112	0.025
2008	7	5	10	0	187.4166666667	0.71	0.299	0.127	0.036
2008	7	5	10	30	187.4375	0.684	0.281	0.127	0.025
2008	7	5	11	0	187.4583333333	0.718	0.305	0.147	0.038
2008	7	5	11	30	187.4791666667	0.697	0.284	0.162	0.024
2008	7	5	12	0	187.5	0.725	0.296	0.19	0.034
2008	7	5	12	30	187.5208333333	0.689	0.284	0.166	0.027
2008	7	5	13	0	187.5416666667	0.768	0.343	0.196	0.044
2008	7	5	13	30	187.5625	0.781	0.318	0.254	0.032
2008	7	5	14	0	187.5833333333	0.754	0.323	0.213	0.019
2008	7	5	14	30	187.6041666667	0.788	0.333	0.263	0.024
2008	7	5	15	0	187.625	0.765	0.315	0.252	0.032
2008	7	5	15	30	187.6458333333	0.826	0.323	0.365	0.036
2008	7	5	16	0	187.6666666667	0.88	0.313	0.438	0.051
2008	7	5	16	30	187.6875	0.874	0.319	0.442	0.045
2008	7	5	17	0	187.7083333333	0.831	0.337	0.502	0.041
2008	7	5	17	30	187.7291666667	0.855	0.342	0.557	0.041
2008	7	5	18	0	187.75	0.873	0.331	0.525	0.041
2008	7	5	18	30	187.7708333333	0.861	0.331	0.484	0.041
2008	7	5	19	0	187.7916666667	0.813	0.307	0.446	0.031
2008	7	5	19	30	187.8125	0.781	0.314	0.292	0.026
2008	7	5	20	0	187.8333333333	0.836	0.282	0.159	0.019
2008	7	5	20	30	187.8541666667	0.853	0.29	0.151	0.019
2008	7	5	21	0	187.875	0.793	0.28	0.138	0.03
2008	7	5	21	30	187.8958333333	0.836	0.283	0.172	0.032
2008	7	5	22	0	187.9166666667	0.824	0.278	0.177	0.02
2008	7	5	22	30	187.9375	0.769	0.258	0.157	0.022
2008	7	5	23	0	187.9583333333	0.684	0.209	0.12	0.004
2008	7	5	23	30	187.9791666667	0.65	0.21	0.09	0.007
2008	7	6	0	0	188	0.696	0.261	0.086	0.024
2008	7	6	0	30	188.0208333333	0.687	0.263	0.063	0.025
2008	7	6	1	0	188.0416666667	0.668	0.249	0.046	0.013
2008	7	6	1	30	188.0625	0.667	0.258	0.039	0.012
2008	7	6	2	0	188.0833333333	0.652	0.244	0.033	0.013
2008	7	6	2	30	188.1041666667	0.615	0.249	0.029	0.009
2008	7	6	3	0	188.125	0.607	0.25	0.033	0.036
2008	7	6	3	30	188.1458333333	0.614	0.25	0.034	0.037
2008	7	6	4	0	188.1666666667	0.632	0.198	0.034	0.01
2008	7	6	4	30	188.1875	0.617	0.201	0.041	0.015
2008	7	6	5	0	188.2083333333	0.577	0.206	0.063	0.001
2008	7	6	5	30	188.2291666667	0.632	0.216	0.068	0.007
2008	7	6	6	0	188.25	0.65	0.239	0.053	0.016
2008	7	6	6	30	188.2708333333	0.669	0.246	0.059	0.02
2008	7	6	7	0	188.2916666667	0.651	0.205	0.077	0.001
2008	7	6	7	30	188.3125	0.653	0.203	0.074	-0.001
2008	7	6	8	0	188.3333333333	0.672	0.257	0.069	0.025
2008	7	6	8	30	188.3541666667	0.664	0.272	0.078	0.03
2008	7	6	9	0	188.375	0.665	0.256	0.134	0.018
2008	7	6	9	30	188.3958333333	0.732	0.278	0.094	0.014
2008	7	6	10	0	188.4166666667	0.823	0.303	0.416	0.042
2008	7	6	10	30	188.4375	0.798	0.322	0.369	0.041
2008	7	6	11	0	188.4583333333	0.845	0.301	0.329	0.045
2008	7	6	11	30	188.4791666667	0.895	0.321	0.419	0.054
2008	7	6	12	0	188.5	0.939	0.357	0.494	0.052
2008	7	6	12	30	188.5208333333	0.933	0.395	0.452	0.05
2008	7	6	13	0	188.5416666667	1.024	0.393	0.556	0.065
2008	7	6	13	30	188.5625	1.011	0.37	0.646	0.07
2008	7	6	14	0	188.5833333333	0.918	0.368	0.548	0.041
2008	7	6	14	30	188.6041666667	0.889	0.381	0.402	0.041
2008	7	6	15	0	188.625	0.863	0.331	0.362	0.022
2008	7	6	15	30	188.6458333333	0.797	0.324	0.278	0.015
2008	7	6	16	0	188.6666666667	0.859	0.293	0.396	0.033
2008	7	6	16	30	188.6875	0.881	0.334	0.664	0.041
2008	7	6	17	0	188.7083333333	0.818	0.338	0.887	0.068
2008	7	6	17	30	188.7291666667	0.901	0.413	0.99	0.073
2008	7	6	18	0	188.75	0.971	0.494	1.192	0.058
2008	7	6	18	30	188.7708333333	0.948	0.509	1.173	0.054
2008	7	6	19	0	188.7916666667	0.91	0.512	1.16	0.046
2008	7	6	19	30	188.8125	0.886	0.468	0.84	0.041
2008	7	6	20	0	188.8333333333	0.837	0.403	0.723	0.032
2008	7	6	20	30	188.8541666667	0.822	0.415	0.677	0.039
2008	7	6	21	0	188.875	0.738	0.363	0.557	0.07
2008	7	6	21	30	188.8958333333	0.698	0.349	0.397	0.064
2008	7	6	22	0	188.9166666667	0.7	0.322	0.206	0.061
2008	7	6	22	30	188.9375	0.666	0.298	0.069	0.047
2008	7	6	23	0	188.9583333333	0.634	0.284	0.064	0.015
2008	7	6	23	30	188.9791666667	0.628	0.289	0.045	0.012
2008	7	7	0	0	189	0.616	0.289	0.05	0.008
2008	7	7	0	30	189.0208333333	0.608	0.277	0.089	0.011
2008	7	7	1	0	189.0416666667	0.659	0.282	0.192	0.047
2008	7	7	1	30	189.0625	0.679	0.288	0.268	0.048
2008	7	7	2	0	189.0833333333	0.648	0.248	0.2	0.017
2008	7	7	2	30	189.1041666667	0.602	0.233	0.132	0.02
2008	7	7	3	0	189.125	0.628	0.255	0.118	0.033
2008	7	7	3	30	189.1458333333	0.599	0.243	0.04	0.026
2008	7	7	4	0	189.1666666667	0.617	0.219	0.029	0.004
2008	7	7	4	30	189.1875	0.634	0.226	0.07	0.009
2008	7	7	5	0	189.2083333333	0.662	0.235	0.147	0.016
2008	7	7	5	30	189.2291666667	0.682	0.234	0.176	0.017
2008	7	7	6	0	189.25	0.699	0.265	0.17	0.044
2008	7	7	6	30	189.2708333333	0.709	0.29	0.185	0.045
2008	7	7	7	0	189.2916666667	0.729	0.312	0.156	-0.006
2008	7	7	7	30	189.3125	0.672	0.297	0.129	-0.003
2008	7	7	8	0	189.3333333333	0.642	0.29	0.119	0.014
2008	7	7	8	30	189.3541666667	0.645	0.299	0.126	0.012
2008	7	7	9	0	189.375	0.653	0.309	0.157	0.02
2008	7	7	9	30	189.3958333333	0.741	0.328	0.197	0.023
2008	7	7	10	0	189.4166666667	0.837	0.348	0.192	0.047
2008	7	7	10	30	189.4375	0.861	0.361	0.279	0.048
2008	7	7	11	0	189.4583333333	0.853	0.395	0.415	0.027
2008	7	7	11	30	189.4791666667	0.925	0.422	0.508	0.034
2008	7	7	12	0	189.5	0.891	0.473	0.66	0.062
2008	7	7	12	30	189.5208333333	0.942	0.51	0.718	0.067
2008	7	7	13	0	189.5416666667	0.992	0.517	0.909	0.068
2008	7	7	13	30	189.5625	1.011	0.55	0.908	0.074
2008	7	7	14	0	189.5833333333	0.943	0.54	1.068	0.073
2008	7	7	14	30	189.6041666667	0.893	0.446	0.776	0.065
2008	7	7	15	0	189.625	0.865	0.37	0.785	0.051
2008	7	7	15	30	189.6458333333	0.801	0.327	0.605	0.041
2008	7	7	16	0	189.6666666667	0.735	0.354	0.579	0.062
2008	7	7	16	30	189.6875	0.707	0.368	0.556	0.057
2008	7	7	17	0	189.7083333333	0.67	0.356	0.588	0.052
2008	7	7	17	30	189.7291666667	0.626	0.354	0.588	0.05
2008	7	7	18	0	189.75	0.629	0.332	0.496	0.049
2008	7	7	18	30	189.7708333333	0.623	0.307	0.403	0.045
2008	7	7	19	0	189.7916666667	0.558	0.262	0.248	0.027
2008	7	7	19	30	189.8125	0.573	0.283	0.264	0.029
2008	7	7	20	0	189.8333333333	0.621	0.281	0.219	0.04
2008	7	7	20	30	189.8541666667	0.617	0.277	0.165	0.035
2008	7	7	21	0	189.875	0.588	0.271	0.085	0.019
2008	7	7	21	30	189.8958333333	0.559	0.248	0.038	0.019
2008	7	7	22	0	189.9166666667	0.569	0.223	0.014	0.022
2008	7	7	22	30	189.9375	0.562	0.221	0.012	0.019
2008	7	7	23	0	189.9583333333	0.557	0.254	0.011	0.017
2008	7	7	23	30	189.9791666667	0.558	0.266	0.013	0.019
2008	7	8	0	0	190	0.543	0.255	0.004	0.007
2008	7	8	0	30	190.0208333333	0.574	0.259	0.012	0.009
2008	7	8	1	0	190.0416666667	0.583	0.24	0.022	0.019
2008	7	8	1	30	190.0625	0.606	0.247	0.047	0.027
2008	7	8	2	0	190.0833333333	0.614	0.252	0.069	0.02
2008	7	8	2	30	190.1041666667	0.616	0.259	0.061	0.017
2008	7	8	3	0	190.125	0.577	0.238	0.03	0.017
2008	7	8	3	30	190.1458333333	0.541	0.242	0.023	0.016
2008	7	8	4	0	190.1666666667	0.534	0.236	0.039	0.002
2008	7	8	4	30	190.1875	0.529	0.233	0.031	0.001
2008	7	8	5	0	190.2083333333	0.517	0.255	0.025	0
2008	7	8	5	30	190.2291666667	0.49	0.249	0.022	0
2008	7	8	6	0	190.25	0.562	0.237	0.005	-0.006
2008	7	8	6	30	190.2708333333	0.566	0.245	0.013	-0.002
2008	7	8	7	0	190.2916666667	0.565	0.264	0.037	0.018
2008	7	8	7	30	190.3125	0.521	0.27	0.049	0.021
2008	7	8	8	0	190.3333333333	0.531	0.254	0.066	0.008
2008	7	8	8	30	190.3541666667	0.594	0.271	0.138	0.02
2008	7	8	9	0	190.375	0.633	0.299	0.214	0.017
2008	7	8	9	30	190.3958333333	0.674	0.332	0.214	0.018
2008	7	8	10	0	190.4166666667	0.67	0.341	0.166	0.016
2008	7	8	10	30	190.4375	0.697	0.345	0.21	0.022
2008	7	8	11	0	190.4583333333	0.747	0.327	0.312	0.046
2008	7	8	11	30	190.4791666667	0.711	0.332	0.421	0.052
2008	7	8	12	0	190.5	0.752	0.35	0.283	0.045
2008	7	8	12	30	190.5208333333	0.752	0.339	0.291	0.049
2008	7	8	13	0	190.5416666667	0.759	0.374	0.402	0.047
2008	7	8	13	30	190.5625	0.762	0.418	0.801	0.07
2008	7	8	14	0	190.5833333333	0.676	0.281	0.46	0.062
2008	7	8	14	30	190.6041666667	0.684	0.291	0.307	0.049
2008	7	8	15	0	190.625	0.675	0.343	0.397	0.04
2008	7	8	15	30	190.6458333333	0.696	0.382	0.564	0.045
2008	7	8	16	0	190.6666666667	0.835	0.315	0.49	0.043
2008	7	8	16	30	190.6875	0.755	0.309	0.462	0.043
2008	7	8	17	0	190.7083333333	0.685	0.272	0.423	0.043
2008	7	8	17	30	190.7291666667	0.59	0.237	0.505	0.04
2008	7	8	18	0	190.75	0.551	0.248	0.437	0.034
2008	7	8	18	30	190.7708333333	0.527	0.243	0.372	0.032
2008	7	8	19	0	190.7916666667	0.575	0.249	0.406	0.039
2008	7	8	19	30	190.8125	0.628	0.287	0.488	0.041
2008	7	8	20	0	190.8333333333	0.585	0.262	0.638	0.041
2008	7	8	20	30	190.8541666667	0.551	0.265	0.7	0.049
2008	7	8	21	0	190.875	0.603	0.311	0.635	0.042
2008	7	8	21	30	190.8958333333	0.558	0.299	0.394	0.035
2008	7	8	22	0	190.9166666667	0.534	0.266	0.284	0.028
2008	7	8	22	30	190.9375	0.514	0.269	0.139	0.017
2008	7	8	23	0	190.9583333333	0.476	0.227	0.058	0.016
2008	7	8	23	30	190.9791666667	0.446	0.212	0.036	0.01
2008	7	9	0	0	191	0.473	0.238	0.019	-0.013
2008	7	9	0	30	191.0208333333	0.454	0.237	0.01	-0.013
2008	7	9	1	0	191.0416666667	0.376	0.254	0.022	0.009
2008	7	9	1	30	191.0625	0.389	0.255	0.022	0.011
2008	7	9	2	0	191.0833333333	0.402	0.229	0.025	0.012
2008	7	9	2	30	191.1041666667	0.401	0.229	0.022	0.009
2008	7	9	3	0	191.125	0.413	0.23	-0.003	0.02
2008	7	9	3	30	191.1458333333	0.389	0.221	0	0.021
2008	7	9	4	0	191.1666666667	0.411	0.231	0	-0.013
2008	7	9	4	30	191.1875	0.4	0.225	-0.005	-0.012
2008	7	9	5	0	191.2083333333	0.357	0.209	-0.007	0.023
2008	7	9	5	30	191.2291666667	0.366	0.22	-0.008	0.022
2008	7	9	6	0	191.25	0.424	0.211	-0.007	0.023
2008	7	9	6	30	191.2708333333	0.427	0.224	-0.007	0.022
2008	7	9	7	0	191.2916666667	0.401	0.239	0.023	0.002
2008	7	9	7	30	191.3125	0.428	0.261	0.027	0.005
2008	7	9	8	0	191.3333333333	0.405	0.247	0.009	0.014
2008	7	9	8	30	191.3541666667	0.424	0.26	0.069	0.019
2008	7	9	9	0	191.375	0.524	0.242	0.131	0.037
2008	7	9	9	30	191.3958333333	0.554	0.267	0.163	0.041
2008	7	9	10	0	191.4166666667	0.563	0.287	0.284	0.027
2008	7	9	10	30	191.4375	0.576	0.305	0.329	0.033
2008	7	9	11	0	191.4583333333	0.587	0.327	0.371	0.039
2008	7	9	11	30	191.4791666667	0.589	0.357	0.522	0.039
2008	7	9	12	0	191.5	0.658	0.384	0.693	0.061
2008	7	9	12	30	191.5208333333	0.682	0.412	0.697	0.065
2008	7	9	13	0	191.5416666667	0.643	0.37	0.531	0.031
2008	7	9	13	30	191.5625	0.614	0.35	0.427	0.031
2008	7	9	14	0	191.5833333333	0.627	0.327	0.417	0.046
2008	7	9	14	30	191.6041666667	0.59	0.331	0.502	0.046
2008	7	9	15	0	191.625	0.671	0.355	1.008	0.068
2008	7	9	15	30	191.6458333333	0.592	0.351	0.765	0.053
2008	7	9	16	0	191.6666666667	0.568	0.353	0.751	0.059
2008	7	9	16	30	191.6875	0.636	0.373	0.81	0.065
2008	7	9	17	0	191.7083333333	0.618	0.333	0.935	0.066
2008	7	9	17	30	191.7291666667	0.644	0.359	1.276	0.078
2008	7	9	18	0	191.75	0.648	0.387	1.21	0.063
2008	7	9	18	30	191.7708333333	0.634	0.362	1.18	0.057
2008	7	9	19	0	191.7916666667	0.633	0.314	0.944	0.05
2008	7	9	19	30	191.8125	0.542	0.296	0.638	0.041
2008	7	9	20	0	191.8333333333	0.496	0.3	0.613	0.058
2008	7	9	20	30	191.8541666667	0.478	0.29	0.589	0.054
2008	7	9	21	0	191.875	0.464	0.242	0.407	0.005
2008	7	9	21	30	191.8958333333	0.466	0.242	0.456	0.012
2008	7	9	22	0	191.9166666667	0.478	0.251	0.459	0.036
2008	7	9	22	30	191.9375	0.489	0.255	0.451	0.036
2008	7	9	23	0	191.9583333333	0.517	0.215	0.401	0.04
2008	7	9	23	30	191.9791666667	0.535	0.218	0.418	0.044
2008	7	10	0	0	192	0.499	0.241	0.378	0.033
2008	7	10	0	30	192.0208333333	0.465	0.238	0.34	0.027
2008	7	10	1	0	192.0416666667	0.456	0.219	0.228	0.037
2008	7	10	1	30	192.0625	0.439	0.222	0.199	0.035
2008	7	10	2	0	192.0833333333	0.44	0.22	0.175	0.03
2008	7	10	2	30	192.1041666667	0.411	0.202	0.114	0.029
2008	7	10	3	0	192.125	0.377	0.208	0.021	0.037
2008	7	10	3	30	192.1458333333	0.37	0.21	0.004	0.032
2008	7	10	4	0	192.1666666667	0.372	0.208	0.028	0.011
2008	7	10	4	30	192.1875	0.371	0.215	0.021	0.012
2008	7	10	5	0	192.2083333333	0.358	0.204	0.038	-0.001
2008	7	10	5	30	192.2291666667	0.347	0.212	0.026	0.002
2008	7	10	6	0	192.25	0.387	0.203	0.063	0.013
2008	7	10	6	30	192.2708333333	0.386	0.225	0.04	0.011
2008	7	10	7	0	192.2916666667	0.383	0.24	0.07	0.013
2008	7	10	7	30	192.3125	0.374	0.255	0.082	0.018
2008	7	10	8	0	192.3333333333	0.335	0.261	0.069	0.004
2008	7	10	8	30	192.3541666667	0.382	0.268	0.071	0.001
2008	7	10	9	0	192.375	0.449	0.24	0.185	0.033
2008	7	10	9	30	192.3958333333	0.467	0.255	0.162	0.032
2008	7	10	10	0	192.4166666667	0.515	0.302	0.237	0.029
2008	7	10	10	30	192.4375	0.557	0.316	0.276	0.034
2008	7	10	11	0	192.4583333333	0.592	0.306	0.314	0.039
2008	7	10	11	30	192.4791666667	0.613	0.312	0.463	0.046
2008	7	10	12	0	192.5	0.559	0.33	0.529	0.05
2008	7	10	12	30	192.5208333333	0.57	0.361	0.709	0.061
2008	7	10	13	0	192.5416666667	0.576	0.381	0.895	0.076
2008	7	10	13	30	192.5625	0.571	0.397	0.893	0.075
2008	7	10	14	0	192.5833333333	0.617	0.38	0.905	0.053
2008	7	10	14	30	192.6041666667	0.643	0.406	0.908	0.059
2008	7	10	15	0	192.625	0.644	0.321	1.136	0.071
2008	7	10	15	30	192.6458333333	0.554	0.266	0.53	0.046
2008	7	10	16	0	192.6666666667	0.493	0.24	0.533	0.024
2008	7	10	16	30	192.6875	0.447	0.228	0.512	0.02
2008	7	10	17	0	192.7083333333	0.438	0.29	0.601	0.05
2008	7	10	17	30	192.7291666667	0.492	0.374	0.791	0.054
2008	7	10	18	0	192.75	0.522	0.294	0.679	0.024
2008	7	10	18	30	192.7708333333	0.516	0.298	0.638	0.023
2008	7	10	19	0	192.7916666667	0.466	0.273	0.608	0.054
2008	7	10	19	30	192.8125	0.449	0.27	0.601	0.048
2008	7	10	20	0	192.8333333333	0.435	0.257	0.568	0.042
2008	7	10	20	30	192.8541666667	0.435	0.251	0.552	0.04
2008	7	10	21	0	192.875	0.445	0.241	0.495	0.042
2008	7	10	21	30	192.8958333333	0.417	0.229	0.389	0.038
2008	7	10	22	0	192.9166666667	0.396	0.228	0.286	0.033
2008	7	10	22	30	192.9375	0.392	0.219	0.232	0.028
2008	7	10	23	0	192.9583333333	0.314	0.207	0.128	0.022
2008	7	10	23	30	192.9791666667	0.29	0.191	0.06	0.021
2008	7	11	0	0	193	0.277	0.158	0.017	0.013
2008	7	11	0	30	193.0208333333	0.263	0.168	0	0.007
2008	7	11	1	0	193.0416666667	0.31	0.191	0.043	0.025
2008	7	11	1	30	193.0625	0.308	0.196	0.032	0.025
2008	7	11	2	0	193.0833333333	0.307	0.189	-0.002	0.027
2008	7	11	2	30	193.1041666667	0.314	0.191	0.01	0.025
2008	7	11	3	0	193.125	0.362	0.196	0.1	0.022
2008	7	11	3	30	193.1458333333	0.368	0.212	0.143	0.027
2008	7	11	4	0	193.1666666667	0.348	0.199	0.136	0.023
2008	7	11	4	30	193.1875	0.36	0.197	0.114	0.021
2008	7	11	5	0	193.2083333333	0.351	0.184	0.072	0.015
2008	7	11	5	30	193.2291666667	0.351	0.193	0.072	0.015
2008	7	11	6	0	193.25	0.302	0.192	0.05	0.028
2008	7	11	6	30	193.2708333333	0.298	0.196	0.027	0.025
2008	7	11	7	0	193.2916666667	0.124	0.164	-0.005	0.016
2008	7	11	7	30	193.3125	0.132	0.182	-0.002	0.016
2008	7	11	8	0	193.3333333333	0.266	0.204	0.034	0.016
2008	7	11	8	30	193.3541666667	0.309	0.216	0.096	0.016
2008	7	11	9	0	193.375	0.375	0.234	0.224	0.017
2008	7	11	9	30	193.3958333333	0.488	0.268	0.367	0.022
2008	7	11	10	0	193.4166666667	0.55	0.286	0.352	0.037
2008	7	11	10	30	193.4375	0.531	0.283	0.292	0.038
2008	7	11	11	0	193.4583333333	0.466	0.252	0.238	0.02
2008	7	11	11	30	193.4791666667	0.433	0.244	0.202	0.016
2008	7	11	12	0	193.5	0.468	0.261	0.302	0.036
2008	7	11	12	30	193.5208333333	0.504	0.301	0.334	0.035
2008	7	11	13	0	193.5416666667	0.613	0.347	0.599	0.054
2008	7	11	13	30	193.5625	0.622	0.332	0.547	0.054
2008	7	11	14	0	193.5833333333	0.554	0.304	0.524	0.039
2008	7	11	14	30	193.6041666667	0.529	0.301	0.451	0.035
2008	7	11	15	0	193.625	0.566	0.282	0.417	0.031
2008	7	11	15	30	193.6458333333	0.57	0.305	0.457	0.035
2008	7	11	16	0	193.6666666667	0.546	0.296	0.432	0.04
2008	7	11	16	30	193.6875	0.568	0.384	0.55	0.041
2008	7	11	17	0	193.7083333333	NaN	NaN	NaN	NaN
2008	7	11	17	30	193.7291666667	NaN	NaN	NaN	NaN
2008	7	11	18	0	193.75	0.641	0.389	0.785	0.091
2008	7	11	18	30	193.7708333333	0.572	0.357	0.773	0.075
2008	7	11	19	0	193.7916666667	0.535	0.322	0.719	0.069
2008	7	11	19	30	193.8125	0.526	0.347	0.849	0.071
2008	7	11	20	0	193.8333333333	0.506	0.331	0.818	0.072
2008	7	11	20	30	193.8541666667	0.585	0.389	0.91	0.05
2008	7	11	21	0	193.875	NaN	NaN	NaN	NaN
2008	7	11	21	30	193.8958333333	NaN	NaN	NaN	NaN
2008	7	11	22	0	193.9166666667	NaN	NaN	NaN	NaN
2008	7	11	22	30	193.9375	0.516	0.392	1.243	0.09
2008	7	11	23	0	193.9583333333	0.522	0.393	1.197	0.071
2008	7	11	23	30	193.9791666667	0.504	0.372	1.004	0.068
2008	7	12	0	0	194	0.43	0.355	0.896	0.059
2008	7	12	0	30	194.0208333333	0.44	0.34	0.879	0.049
2008	7	12	1	0	194.0416666667	0.412	0.315	0.833	0.039
2008	7	12	1	30	194.0625	0.388	0.314	0.717	0.043
2008	7	12	2	0	194.0833333333	0.362	0.284	0.558	0.053
2008	7	12	2	30	194.1041666667	0.331	0.245	0.379	0.039
2008	7	12	3	0	194.125	0.354	0.245	0.344	0.033
2008	7	12	3	30	194.1458333333	0.348	0.249	0.291	0.032
2008	7	12	4	0	194.1666666667	0.505	0.311	0.516	0.066
2008	7	12	4	30	194.1875	0.64	0.403	0.633	0.111
2008	7	12	5	0	194.2083333333	0.652	0.368	0.437	0.099
2008	7	12	5	30	194.2291666667	0.639	0.359	0.408	0.112
2008	7	12	6	0	194.25	0.621	0.335	0.349	0.074
2008	7	12	6	30	194.2708333333	0.547	0.333	0.284	0.062
2008	7	12	7	0	194.2916666667	0.564	0.33	0.29	0.047
2008	7	12	7	30	194.3125	0.561	0.338	0.224	0.038
2008	7	12	8	0	194.3333333333	0.527	0.321	0.25	0.006
2008	7	12	8	30	194.3541666667	0.484	0.29	0.25	0.004
2008	7	12	9	0	194.375	0.549	0.301	0.411	0.051
2008	7	12	9	30	194.3958333333	0.658	0.336	0.527	0.056
2008	7	12	10	0	194.4166666667	0.695	0.35	0.487	0.033
2008	7	12	10	30	194.4375	0.686	0.352	0.452	0.036
2008	7	12	11	0	194.4583333333	0.655	0.335	0.364	0.033
2008	7	12	11	30	194.4791666667	0.672	0.36	0.394	0.037
2008	7	12	12	0	194.5	0.619	0.294	0.415	0.04
2008	7	12	12	30	194.5208333333	0.599	0.313	0.463	0.043
2008	7	12	13	0	194.5416666667	0.609	0.353	0.581	0.054
2008	7	12	13	30	194.5625	0.673	0.385	0.684	0.062
2008	7	12	14	0	194.5833333333	0.619	0.385	0.865	0.047
2008	7	12	14	30	194.6041666667	0.613	0.337	0.792	0.045
2008	7	12	15	0	194.625	0.559	0.312	0.609	0.051
2008	7	12	15	30	194.6458333333	0.561	0.361	0.536	0.048
2008	7	12	16	0	194.6666666667	0.638	0.371	0.658	0.043
2008	7	12	16	30	194.6875	0.62	0.377	0.612	0.042
2008	7	12	17	0	194.7083333333	0.586	0.354	0.648	0.06
2008	7	12	17	30	194.7291666667	0.586	0.349	0.52	0.054
2008	7	12	18	0	194.75	0.587	0.363	0.701	0.066
2008	7	12	18	30	194.7708333333	0.583	0.418	1.109	0.084
2008	7	12	19	0	194.7916666667	0.645	0.377	1.145	0.068
2008	7	12	19	30	194.8125	0.643	0.427	1.566	0.085
2008	7	12	20	0	194.8333333333	0.679	0.473	1.77	0.089
2008	7	12	20	30	194.8541666667	0.668	0.554	1.681	0.107
2008	7	12	21	0	194.875	0.589	0.495	1.352	0.108
2008	7	12	21	30	194.8958333333	0.507	0.376	0.852	0.07
2008	7	12	22	0	194.9166666667	0.442	0.293	0.548	0.071
2008	7	12	22	30	194.9375	0.404	0.268	0.328	0.055
2008	7	12	23	0	194.9583333333	0.419	0.281	0.405	0.042
2008	7	12	23	30	194.9791666667	0.441	0.279	0.494	0.042
2008	7	13	0	0	195	0.403	0.246	0.369	0.038
2008	7	13	0	30	195.0208333333	0.374	0.234	0.273	0.03
2008	7	13	1	0	195.0416666667	0.34	0.205	0.074	0.019
2008	7	13	1	30	195.0625	0.378	0.212	0.13	0.017
2008	7	13	2	0	195.0833333333	0.406	0.209	0.204	0.001
2008	7	13	2	30	195.1041666667	0.383	0.198	0.188	0.003
2008	7	13	3	0	195.125	0.412	0.21	0.211	0.045
2008	7	13	3	30	195.1458333333	0.378	0.203	0.148	0.042
2008	7	13	4	0	195.1666666667	0.373	0.219	0.074	0.031
2008	7	13	4	30	195.1875	0.38	0.235	0.049	0.032
2008	7	13	5	0	195.2083333333	0.382	0.194	0.021	0.027
2008	7	13	5	30	195.2291666667	0.389	0.196	0.02	0.034
2008	7	13	6	0	195.25	0.364	0.216	0.026	0.031
2008	7	13	6	30	195.2708333333	0.367	0.245	0.026	0.03
2008	7	13	7	0	195.2916666667	0.361	0.232	0.019	0.015
2008	7	13	7	30	195.3125	0.39	0.251	0.048	0.021
2008	7	13	8	0	195.3333333333	0.443	0.26	0.14	0.022
2008	7	13	8	30	195.3541666667	0.481	0.292	0.157	0.026
2008	7	13	9	0	195.375	0.568	0.264	0.274	0.017
2008	7	13	9	30	195.3958333333	0.595	0.289	0.292	0.026
2008	7	13	10	0	195.4166666667	0.559	0.328	0.36	0.031
2008	7	13	10	30	195.4375	0.558	0.322	0.357	0.035
2008	7	13	11	0	195.4583333333	0.6	0.33	0.341	0.041
2008	7	13	11	30	195.4791666667	0.665	0.377	0.427	0.042
2008	7	13	12	0	195.5	0.632	0.349	0.58	0.035
2008	7	13	12	30	195.5208333333	0.68	0.378	0.59	0.044
2008	7	13	13	0	195.5416666667	0.686	0.388	0.608	0.043
2008	7	13	13	30	195.5625	0.715	0.385	0.669	0.052
2008	7	13	14	0	195.5833333333	0.572	0.325	0.547	0.035
2008	7	13	14	30	195.6041666667	0.68	0.403	0.567	0.036
2008	7	13	15	0	195.625	0.802	0.418	0.65	0.043
2008	7	13	15	30	195.6458333333	0.724	0.412	0.695	0.042
2008	7	13	16	0	195.6666666667	0.718	0.449	0.889	0.05
2008	7	13	16	30	195.6875	0.613	0.448	0.947	0.058
2008	7	13	17	0	195.7083333333	0.624	0.374	0.798	0.064
2008	7	13	17	30	195.7291666667	0.577	0.388	0.89	0.063
2008	7	13	18	0	195.75	0.567	0.38	0.794	0.06
2008	7	13	18	30	195.7708333333	0.588	0.385	0.759	0.065
2008	7	13	19	0	195.7916666667	0.62	0.405	0.932	0.071
2008	7	13	19	30	195.8125	0.597	0.366	0.944	0.078
2008	7	13	20	0	195.8333333333	0.57	0.33	0.661	0.055
2008	7	13	20	30	195.8541666667	0.538	0.311	0.426	0.048
2008	7	13	21	0	195.875	0.494	0.282	0.295	0.025
2008	7	13	21	30	195.8958333333	0.477	0.261	0.206	0.023
2008	7	13	22	0	195.9166666667	0.453	0.271	0.158	0.027
2008	7	13	22	30	195.9375	0.42	0.259	0.085	0.023
2008	7	13	23	0	195.9583333333	0.405	0.239	0.035	0.013
2008	7	13	23	30	195.9791666667	0.398	0.239	0.024	0.015
2008	7	14	0	0	196	0.41	0.233	0.018	0.024
2008	7	14	0	30	196.0208333333	0.375	0.228	0.004	0.022
2008	7	14	1	0	196.0416666667	0.362	0.189	0.023	0.011
2008	7	14	1	30	196.0625	0.368	0.192	0.021	0.006
2008	7	14	2	0	196.0833333333	0.385	0.204	0.01	-0.001
2008	7	14	2	30	196.1041666667	0.379	0.198	0.013	0.002
2008	7	14	3	0	196.125	0.35	0.214	0.015	0.007
2008	7	14	3	30	196.1458333333	0.342	0.201	0.022	0.007
2008	7	14	4	0	196.1666666667	0.355	0.196	0.005	0.005
2008	7	14	4	30	196.1875	0.387	0.207	0.033	0.007
2008	7	14	5	0	196.2083333333	0.361	0.222	0.046	0.023
2008	7	14	5	30	196.2291666667	0.379	0.231	0.052	0.026
2008	7	14	6	0	196.25	0.39	0.205	0.029	0.006
2008	7	14	6	30	196.2708333333	0.417	0.226	0.043	0.012
2008	7	14	7	0	196.2916666667	0.344	0.227	0.021	0.02
2008	7	14	7	30	196.3125	0.345	0.241	0.043	0.022
2008	7	14	8	0	196.3333333333	0.392	0.247	0.135	0.038
2008	7	14	8	30	196.3541666667	0.443	0.269	0.195	0.04
2008	7	14	9	0	196.375	0.47	0.298	0.162	0.013
2008	7	14	9	30	196.3958333333	0.536	0.31	0.327	0.022
2008	7	14	10	0	196.4166666667	0.465	0.297	0.265	0.027
2008	7	14	10	30	196.4375	0.501	0.311	0.309	0.038
2008	7	14	11	0	196.4583333333	0.575	0.302	0.327	0.049
2008	7	14	11	30	196.4791666667	0.585	0.318	0.334	0.053
2008	7	14	12	0	196.5	0.594	0.314	0.371	0.029
2008	7	14	12	30	196.5208333333	0.601	0.338	0.483	0.037
2008	7	14	13	0	196.5416666667	0.469	0.287	0.481	0.038
2008	7	14	13	30	196.5625	0.457	0.27	0.346	0.026
2008	7	14	14	0	196.5833333333	0.544	0.313	0.345	0.046
2008	7	14	14	30	196.6041666667	0.616	0.303	0.347	0.05
2008	7	14	15	0	196.625	0.606	0.328	0.407	0.03
2008	7	14	15	30	196.6458333333	0.586	0.321	0.43	0.035
2008	7	14	16	0	196.6666666667	0.645	0.315	0.531	0.017
2008	7	14	16	30	196.6875	0.616	0.316	0.411	0.012
2008	7	14	17	0	196.7083333333	0.583	0.313	0.294	0.028
2008	7	14	17	30	196.7291666667	0.62	0.346	0.387	0.027
2008	7	14	18	0	196.75	0.585	0.317	1.023	0.067
2008	7	14	18	30	196.7708333333	0.54	0.346	1.265	0.072
2008	7	14	19	0	196.7916666667	0.56	0.369	1.226	0.058
2008	7	14	19	30	196.8125	0.569	0.423	1.27	0.061
2008	7	14	20	0	196.8333333333	0.559	0.409	1.322	0.074
2008	7	14	20	30	196.8541666667	0.545	0.408	1.003	0.059
2008	7	14	21	0	196.875	0.489	0.357	0.892	0.064
2008	7	14	21	30	196.8958333333	0.437	0.293	0.464	0.045
2008	7	14	22	0	196.9166666667	0.468	0.265	0.268	0.027
2008	7	14	22	30	196.9375	0.474	0.258	0.176	0.022
2008	7	14	23	0	196.9583333333	0.432	0.279	0.133	0.016
2008	7	14	23	30	196.9791666667	0.429	0.284	0.151	0.022
2008	7	15	0	0	197	0.416	0.264	0.2	0.04
2008	7	15	0	30	197.0208333333	0.409	0.273	0.205	0.04
2008	7	15	1	0	197.0416666667	0.421	0.257	0.158	0.019
2008	7	15	1	30	197.0625	0.429	0.25	0.147	0.019
2008	7	15	2	0	197.0833333333	0.43	0.278	0.13	0.024
2008	7	15	2	30	197.1041666667	0.422	0.263	0.157	0.028
2008	7	15	3	0	197.125	0.42	0.251	0.169	0.029
2008	7	15	3	30	197.1458333333	0.421	0.25	0.195	0.027
2008	7	15	4	0	197.1666666667	0.371	0.227	0.149	0.03
2008	7	15	4	30	197.1875	0.389	0.251	0.183	0.036
2008	7	15	5	0	197.2083333333	0.424	0.244	0.251	0.025
2008	7	15	5	30	197.2291666667	0.42	0.258	0.259	0.031
2008	7	15	6	0	197.25	0.389	0.271	0.336	0.042
2008	7	15	6	30	197.2708333333	0.419	0.296	0.42	0.048
2008	7	15	7	0	197.2916666667	0.405	0.261	0.217	0.031
2008	7	15	7	30	197.3125	0.389	0.274	0.204	0.026
2008	7	15	8	0	197.3333333333	0.487	0.33	0.429	0.041
2008	7	15	8	30	197.3541666667	NaN	NaN	NaN	NaN
2008	7	15	9	0	197.375	NaN	NaN	NaN	NaN
2008	7	15	9	30	197.3958333333	NaN	NaN	NaN	NaN
2008	7	15	10	0	197.4166666667	NaN	NaN	NaN	NaN
2008	7	15	10	30	197.4375	NaN	NaN	NaN	NaN
2008	7	15	11	0	197.4583333333	0.896	0.365	0.173	0.008
2008	7	15	11	30	197.4791666667	0.904	0.38	0.152	0.009
2008	7	15	12	0	197.5	0.837	0.34	0.121	0.053
2008	7	15	12	30	197.5208333333	0.895	0.36	0.153	0.06
2008	7	15	13	0	197.5416666667	0.898	0.364	0.258	0.099
2008	7	15	13	30	197.5625	0.881	0.371	0.353	0.111
2008	7	15	14	0	197.5833333333	0.867	0.296	0.294	0.026
2008	7	15	14	30	197.6041666667	0.833	0.313	0.234	0.027
2008	7	15	15	0	197.625	0.83	0.354	0.136	0.015
2008	7	15	15	30	197.6458333333	0.792	0.344	0.098	0.019
2008	7	15	16	0	197.6666666667	0.785	0.31	0.121	0.028
2008	7	15	16	30	197.6875	0.777	0.315	0.152	0.035
2008	7	15	17	0	197.7083333333	0.869	0.319	0.189	0.095
2008	7	15	17	30	197.7291666667	0.765	0.305	0.122	0.09
2008	7	15	18	0	197.75	0.62	0.235	0.007	0.046
2008	7	15	18	30	197.7708333333	0.603	0.221	0.007	0.046
2008	7	15	19	0	197.7916666667	0.562	0.166	0.053	0.032
2008	7	15	19	30	197.8125	0.533	0.173	0.076	0.04
2008	7	15	20	0	197.8333333333	0.55	0.186	0.024	-0.005
2008	7	15	20	30	197.8541666667	0.559	0.186	0.016	0.005
2008	7	15	21	0	197.875	0.474	0.181	0.067	0.026
2008	7	15	21	30	197.8958333333	0.498	0.216	0.066	0.023
2008	7	15	22	0	197.9166666667	0.568	0.2	0.068	-0.011
2008	7	15	22	30	197.9375	0.53	0.208	0.058	-0.009
2008	7	15	23	0	197.9583333333	0.504	0.171	0.019	-0.011
2008	7	15	23	30	197.9791666667	0.493	0.19	0.012	-0.007
2008	7	16	0	0	198	0.405	0.193	0.034	-0.003
2008	7	16	0	30	198.0208333333	0.417	0.188	0.026	0.002
2008	7	16	1	0	198.0416666667	0.443	0.238	0.06	0.027
2008	7	16	1	30	198.0625	0.445	0.227	0.06	0.025
2008	7	16	2	0	198.0833333333	0.406	0.158	0.056	0.008
2008	7	16	2	30	198.1041666667	0.395	0.152	0.055	0.01
2008	7	16	3	0	198.125	0.352	0.215	-0.001	0.003
2008	7	16	3	30	198.1458333333	0.37	0.246	0.011	0.009
2008	7	16	4	0	198.1666666667	0.409	0.197	0.037	0.019
2008	7	16	4	30	198.1875	0.398	0.192	0.031	0.017
2008	7	16	5	0	198.2083333333	0.422	0.168	0.034	-0.011
2008	7	16	5	30	198.2291666667	0.386	0.18	0.037	-0.015
2008	7	16	6	0	198.25	0.368	0.202	-0.047	0.031
2008	7	16	6	30	198.2708333333	0.394	0.199	-0.043	0.027
2008	7	16	7	0	198.2916666667	0.415	0.203	0	-0.041
2008	7	16	7	30	198.3125	0.447	0.207	0.012	-0.035
2008	7	16	8	0	198.3333333333	0.446	0.224	-0.01	-0.02
2008	7	16	8	30	198.3541666667	0.558	0.22	0.012	-0.02
2008	7	16	9	0	198.375	0.645	0.223	0.043	0.016
2008	7	16	9	30	198.3958333333	0.701	0.236	0.056	0.02
2008	7	16	10	0	198.4166666667	0.604	0.23	0.037	0.068
2008	7	16	10	30	198.4375	0.586	0.247	0.047	0.063
2008	7	16	11	0	198.4583333333	0.565	0.225	0.093	-0.02
2008	7	16	11	30	198.4791666667	0.597	0.254	0.133	-0.017
2008	7	16	12	0	198.5	0.655	0.231	0.062	0.053
2008	7	16	12	30	198.5208333333	0.66	0.229	0.07	0.056
2008	7	16	13	0	198.5416666667	0.571	0.174	0.187	-0.006
2008	7	16	13	30	198.5625	0.514	0.165	0.168	-0.014
2008	7	16	14	0	198.5833333333	0.573	0.219	0.235	0.037
2008	7	16	14	30	198.6041666667	0.619	0.232	0.26	0.045
2008	7	16	15	0	198.625	0.685	0.242	0.3	0.03
2008	7	16	15	30	198.6458333333	0.697	0.229	0.262	0.032
2008	7	16	16	0	198.6666666667	0.622	0.202	0.202	0.048
2008	7	16	16	30	198.6875	0.627	0.188	0.185	0.046
2008	7	16	17	0	198.7083333333	0.68	0.24	0.219	0.016
2008	7	16	17	30	198.7291666667	0.674	0.227	0.226	0.024
2008	7	16	18	0	198.75	0.635	0.195	0.2	0.027
2008	7	16	18	30	198.7708333333	0.613	0.19	0.19	0.017
2008	7	16	19	0	198.7916666667	0.493	0.185	0.131	0.02
2008	7	16	19	30	198.8125	0.512	0.176	0.126	0.024
2008	7	16	20	0	198.8333333333	0.585	0.2	0.122	0
2008	7	16	20	30	198.8541666667	0.644	0.224	0.079	0.015
2008	7	16	21	0	198.875	0.592	0.215	0.031	0.025
2008	7	16	21	30	198.8958333333	0.516	0.185	0.046	0.029
2008	7	16	22	0	198.9166666667	0.593	0.241	0.089	0.049
2008	7	16	22	30	198.9375	0.661	0.254	0.09	0.063
2008	7	16	23	0	198.9583333333	0.622	0.2	0.041	0.056
2008	7	16	23	30	198.9791666667	0.554	0.17	0.03	0.046
2008	7	17	0	0	199	0.576	0.188	0.051	0.033
2008	7	17	0	30	199.0208333333	0.554	0.184	0.044	0.035
2008	7	17	1	0	199.0416666667	0.524	0.139	0.039	0.005
2008	7	17	1	30	199.0625	0.504	0.128	0.039	0.019
2008	7	17	2	0	199.0833333333	0.486	0.139	0.028	0.036
2008	7	17	2	30	199.1041666667	0.458	0.13	0.029	0.037
2008	7	17	3	0	199.125	0.473	0.123	0.064	0
2008	7	17	3	30	199.1458333333	0.505	0.114	0.056	0.006
2008	7	17	4	0	199.1666666667	0.46	0.153	0.006	-0.008
2008	7	17	4	30	199.1875	0.484	0.159	0.013	-0.009
2008	7	17	5	0	199.2083333333	0.456	0.128	0.026	0.009
2008	7	17	5	30	199.2291666667	0.465	0.132	0.031	0.018
2008	7	17	6	0	199.25	0.483	0.135	0.029	0.007
2008	7	17	6	30	199.2708333333	0.474	0.177	0.026	0.014
2008	7	17	7	0	199.2916666667	NaN	NaN	NaN	NaN
2008	7	17	7	30	199.3125	NaN	NaN	NaN	NaN
2008	7	17	8	0	199.3333333333	0.507	0.169	0.067	0.036
2008	7	17	8	30	199.3541666667	0.516	0.146	0.066	0.031
2008	7	17	9	0	199.375	0.522	0.197	0.085	0.023
2008	7	17	9	30	199.3958333333	0.577	0.247	0.119	0.04
2008	7	17	10	0	199.4166666667	0.697	0.166	0.171	0.025
2008	7	17	10	30	199.4375	0.712	0.181	0.171	0.024
2008	7	17	11	0	199.4583333333	0.698	0.248	0.235	0.054
2008	7	17	11	30	199.4791666667	0.737	0.253	0.255	0.053
2008	7	17	12	0	199.5	0.846	0.237	0.231	0.019
2008	7	17	12	30	199.5208333333	0.876	0.258	0.249	0.022
2008	7	17	13	0	199.5416666667	0.841	0.271	0.287	0.026
2008	7	17	13	30	199.5625	0.783	0.268	0.309	0.039
2008	7	17	14	0	199.5833333333	0.702	0.274	0.273	0.083
2008	7	17	14	30	199.6041666667	0.734	0.283	0.449	0.109
2008	7	17	15	0	199.625	0.804	0.214	0.363	0.053
2008	7	17	15	30	199.6458333333	0.606	0.165	0.106	0.026
2008	7	17	16	0	199.6666666667	0.745	0.199	0.11	-0.001
2008	7	17	16	30	199.6875	0.79	0.224	0.142	0
2008	7	17	17	0	199.7083333333	0.678	0.224	0.094	-0.006
2008	7	17	17	30	199.7291666667	0.679	0.214	0.16	0.003
2008	7	17	18	0	199.75	0.594	0.16	0.182	0.045
2008	7	17	18	30	199.7708333333	0.583	0.163	0.19	0.049
2008	7	17	19	0	199.7916666667	0.569	0.164	0.202	0.022
2008	7	17	19	30	199.8125	0.558	0.177	0.192	0.03
2008	7	17	20	0	199.8333333333	0.644	0.201	0.137	0.023
2008	7	17	20	30	199.8541666667	0.622	0.215	0.081	0.021
2008	7	17	21	0	199.875	0.506	0.215	0.068	0.001
2008	7	17	21	30	199.8958333333	0.5	0.214	0.05	0.001
2008	7	17	22	0	199.9166666667	0.592	0.184	0.089	0.002
2008	7	17	22	30	199.9375	0.64	0.192	0.12	0.02
2008	7	17	23	0	199.9583333333	0.551	0.165	0.079	-0.006
2008	7	17	23	30	199.9791666667	0.554	0.158	0.068	-0.014
2008	7	18	0	0	200	0.619	0.184	0.075	-0.013
2008	7	18	0	30	200.0208333333	0.621	0.179	0.105	-0.004
2008	7	18	1	0	200.0416666667	0.639	0.213	0.114	-0.039
2008	7	18	1	30	200.0625	0.658	0.237	0.117	-0.029
2008	7	18	2	0	200.0833333333	0.658	0.216	0.046	0.017
2008	7	18	2	30	200.1041666667	0.659	0.219	0.012	0.005
2008	7	18	3	0	200.125	0.616	0.228	0.06	0
2008	7	18	3	30	200.1458333333	0.614	0.237	0.08	0.002
2008	7	18	4	0	200.1666666667	0.655	0.195	0.045	0.015
2008	7	18	4	30	200.1875	0.652	0.215	0.042	0.013
2008	7	18	5	0	200.2083333333	0.655	0.25	0.029	-0.026
2008	7	18	5	30	200.2291666667	0.69	0.239	0.035	-0.017
2008	7	18	6	0	200.25	0.662	0.205	0.057	-0.024
2008	7	18	6	30	200.2708333333	0.696	0.229	0.046	-0.011
2008	7	18	7	0	200.2916666667	0.739	0.239	0.036	0.023
2008	7	18	7	30	200.3125	0.698	0.246	0.035	0.031
2008	7	18	8	0	200.3333333333	0.622	0.262	0.021	0.003
2008	7	18	8	30	200.3541666667	0.646	0.262	0.032	0.013
2008	7	18	9	0	200.375	0.785	0.289	0.059	0.026
2008	7	18	9	30	200.3958333333	0.79	0.274	0.097	0.038
2008	7	18	10	0	200.4166666667	0.701	0.23	0.167	0.046
2008	7	18	10	30	200.4375	0.617	0.229	0.174	0.053
2008	7	18	11	0	200.4583333333	0.713	0.22	0.229	0.002
2008	7	18	11	30	200.4791666667	0.726	0.212	0.253	0.011
2008	7	18	12	0	200.5	0.633	0.275	0.275	0.04
2008	7	18	12	30	200.5208333333	0.752	0.298	0.334	0.048
2008	7	18	13	0	200.5416666667	0.734	0.313	0.362	0.04
2008	7	18	13	30	200.5625	0.718	0.332	0.441	0.066
2008	7	18	14	0	200.5833333333	0.68	0.275	0.548	0.061
2008	7	18	14	30	200.6041666667	0.69	0.308	0.665	0.069
2008	7	18	15	0	200.625	0.726	0.294	0.559	0.084
2008	7	18	15	30	200.6458333333	0.691	0.319	0.53	0.074
2008	7	18	16	0	200.6666666667	0.705	0.359	0.528	0.075
2008	7	18	16	30	200.6875	0.727	0.347	0.577	0.083
2008	7	18	17	0	200.7083333333	0.642	0.245	0.532	0.077
2008	7	18	17	30	200.7291666667	0.564	0.223	0.468	0.08
2008	7	18	18	0	200.75	0.636	0.21	0.384	0.071
2008	7	18	18	30	200.7708333333	0.602	0.215	0.25	0.064
2008	7	18	19	0	200.7916666667	0.547	0.203	0.122	0.017
2008	7	18	19	30	200.8125	0.505	0.201	0.048	0.016
2008	7	18	20	0	200.8333333333	0.551	0.163	0.157	0.009
2008	7	18	20	30	200.8541666667	0.578	0.181	0.244	0.017
2008	7	18	21	0	200.875	0.518	0.221	0.128	0.056
2008	7	18	21	30	200.8958333333	0.536	0.256	0.122	0.058
2008	7	18	22	0	200.9166666667	0.501	0.236	0.096	0.04
2008	7	18	22	30	200.9375	0.482	0.228	0.101	0.047
2008	7	18	23	0	200.9583333333	0.461	0.192	0.091	0.02
2008	7	18	23	30	200.9791666667	0.457	0.208	0.065	0.028
2008	7	19	0	0	201	0.39	0.185	0.061	-0.002
2008	7	19	0	30	201.0208333333	0.384	0.183	0.055	0.001
2008	7	19	1	0	201.0416666667	0.411	0.177	0.039	-0.004
2008	7	19	1	30	201.0625	0.395	0.181	0.039	-0.004
2008	7	19	2	0	201.0833333333	0.433	0.177	0.024	0.042
2008	7	19	2	30	201.1041666667	0.419	0.19	0.019	0.036
2008	7	19	3	0	201.125	0.398	0.154	0.028	0.012
2008	7	19	3	30	201.1458333333	0.399	0.151	0.023	0.012
2008	7	19	4	0	201.1666666667	0.356	0.196	0.001	-0.008
2008	7	19	4	30	201.1875	0.352	0.191	0.002	-0.002
2008	7	19	5	0	201.2083333333	0.336	0.173	-0.011	0.006
2008	7	19	5	30	201.2291666667	0.323	0.183	-0.011	0.005
2008	7	19	6	0	201.25	0.38	0.194	-0.011	0.004
2008	7	19	6	30	201.2708333333	0.368	0.205	-0.013	0.006
2008	7	19	7	0	201.2916666667	0.382	0.191	0.05	0.012
2008	7	19	7	30	201.3125	0.383	0.212	0.055	0.017
2008	7	19	8	0	201.3333333333	0.41	0.185	0.027	0.02
2008	7	19	8	30	201.3541666667	0.478	0.197	0.102	0.025
2008	7	19	9	0	201.375	0.561	0.223	0.112	0.058
2008	7	19	9	30	201.3958333333	0.531	0.221	0.083	0.061
2008	7	19	10	0	201.4166666667	0.555	0.217	0.108	0.013
2008	7	19	10	30	201.4375	0.612	0.224	0.126	0.005
2008	7	19	11	0	201.4583333333	0.541	0.228	0.111	0.044
2008	7	19	11	30	201.4791666667	0.533	0.235	0.134	0.046
2008	7	19	12	0	201.5	0.615	0.211	0.176	0.032
2008	7	19	12	30	201.5208333333	0.554	0.215	0.139	0.033
2008	7	19	13	0	201.5416666667	0.485	0.214	0.124	0.007
2008	7	19	13	30	201.5625	0.501	0.213	0.136	0.004
2008	7	19	14	0	201.5833333333	0.516	0.219	0.291	0.047
2008	7	19	14	30	201.6041666667	0.517	0.231	0.331	0.044
2008	7	19	15	0	201.625	0.477	0.169	0.203	0.042
2008	7	19	15	30	201.6458333333	0.533	0.172	0.289	0.045
2008	7	19	16	0	201.6666666667	0.48	0.184	0.274	0.019
2008	7	19	16	30	201.6875	0.473	0.191	0.203	0.028
2008	7	19	17	0	201.7083333333	0.506	0.227	0.19	0.033
2008	7	19	17	30	201.7291666667	0.617	0.286	0.085	0.038
2008	7	19	18	0	201.75	0.511	0.24	0.154	0.019
2008	7	19	18	30	201.7708333333	0.49	0.231	0.228	0.014
2008	7	19	19	0	201.7916666667	0.504	0.235	0.18	0.004
2008	7	19	19	30	201.8125	0.466	0.21	0.137	0.004
2008	7	19	20	0	201.8333333333	0.365	0.165	0.038	-0.012
2008	7	19	20	30	201.8541666667	0.38	0.167	0.028	-0.008
2008	7	19	21	0	201.875	0.388	0.128	0.037	-0.004
2008	7	19	21	30	201.8958333333	0.379	0.144	0.041	-0.001
2008	7	19	22	0	201.9166666667	0.418	0.17	0.02	-0.004
2008	7	19	22	30	201.9375	0.422	0.183	0.025	-0.007
2008	7	19	23	0	201.9583333333	0.382	0.161	0.034	-0.012
2008	7	19	23	30	201.9791666667	0.377	0.146	0.039	-0.009
2008	7	20	0	0	202	0.421	0.175	0.022	0.009
2008	7	20	0	30	202.0208333333	0.412	0.187	0.03	0.011
2008	7	20	1	0	202.0416666667	0.381	0.108	0.071	0.04
2008	7	20	1	30	202.0625	0.38	0.104	0.068	0.039
2008	7	20	2	0	202.0833333333	0.383	0.124	0.091	0.007
2008	7	20	2	30	202.1041666667	0.398	0.123	0.113	0
2008	7	20	3	0	202.125	0.399	0.144	0.077	0.022
2008	7	20	3	30	202.1458333333	0.383	0.129	0.079	0.018
2008	7	20	4	0	202.1666666667	0.394	0.153	0.054	0.018
2008	7	20	4	30	202.1875	0.432	0.164	0.138	0.023
2008	7	20	5	0	202.2083333333	0.477	0.207	0.212	-0.024
2008	7	20	5	30	202.2291666667	0.428	0.175	0.1	-0.039
2008	7	20	6	0	202.25	0.466	0.154	0.148	0.007
2008	7	20	6	30	202.2708333333	0.448	0.142	0.151	0.007
2008	7	20	7	0	202.2916666667	0.437	0.159	0.175	0.051
2008	7	20	7	30	202.3125	0.454	0.173	0.184	0.055
2008	7	20	8	0	202.3333333333	0.505	0.202	0.175	0.025
2008	7	20	8	30	202.3541666667	0.578	0.21	0.172	0.029
2008	7	20	9	0	202.375	0.569	0.205	0.179	0.065
2008	7	20	9	30	202.3958333333	0.596	0.213	0.195	0.068
2008	7	20	10	0	202.4166666667	0.591	0.247	0.206	-0.013
2008	7	20	10	30	202.4375	0.62	0.247	0.194	-0.001
2008	7	20	11	0	202.4583333333	0.722	0.176	0.244	0.03
2008	7	20	11	30	202.4791666667	0.696	0.194	0.268	0.025
2008	7	20	12	0	202.5	0.649	0.252	0.287	0.038
2008	7	20	12	30	202.5208333333	0.541	0.21	0.141	0.026
2008	7	20	13	0	202.5416666667	0.618	0.258	0.518	0.039
2008	7	20	13	30	202.5625	0.613	0.248	0.475	0.04
2008	7	20	14	0	202.5833333333	0.662	0.282	0.525	0.056
2008	7	20	14	30	202.6041666667	0.676	0.294	0.537	0.069
2008	7	20	15	0	202.625	0.652	0.262	0.555	0.108
2008	7	20	15	30	202.6458333333	0.654	0.253	0.477	0.093
2008	7	20	16	0	202.6666666667	0.622	0.199	0.298	0.018
2008	7	20	16	30	202.6875	0.495	0.19	0.309	0.014
2008	7	20	17	0	202.7083333333	0.518	0.167	0.435	0.018
2008	7	20	17	30	202.7291666667	0.448	0.163	0.282	0.006
2008	7	20	18	0	202.75	0.48	0.184	0.278	0.045
2008	7	20	18	30	202.7708333333	0.511	0.168	0.272	0.046
2008	7	20	19	0	202.7916666667	0.511	0.151	0.302	-0.011
2008	7	20	19	30	202.8125	0.537	0.15	0.308	-0.004
2008	7	20	20	0	202.8333333333	0.58	0.19	0.333	-0.029
2008	7	20	20	30	202.8541666667	0.522	0.192	0.253	-0.035
2008	7	20	21	0	202.875	0.52	0.163	0.153	0.029
2008	7	20	21	30	202.8958333333	0.466	0.154	0.051	0.009
2008	7	20	22	0	202.9166666667	0.495	0.178	0.068	0.003
2008	7	20	22	30	202.9375	0.495	0.188	0.076	0.007
2008	7	20	23	0	202.9583333333	0.48	0.1	0.048	0.014
2008	7	20	23	30	202.9791666667	0.504	0.105	0.044	0.017
2008	7	21	0	0	203	0.478	0.106	0.031	0.011
2008	7	21	0	30	203.0208333333	0.488	0.103	0.038	0.012
2008	7	21	1	0	203.0416666667	0.424	0.146	0.045	-0.001
2008	7	21	1	30	203.0625	0.418	0.141	0.049	0.004
2008	7	21	2	0	203.0833333333	0.404	0.143	0.016	-0.02
2008	7	21	2	30	203.1041666667	0.412	0.146	0.008	-0.023
2008	7	21	3	0	203.125	0.392	0.108	0.006	-0.004
2008	7	21	3	30	203.1458333333	0.354	0.114	-0.001	0.001
2008	7	21	4	0	203.1666666667	0.317	0.124	-0.021	-0.03
2008	7	21	4	30	203.1875	0.317	0.129	-0.017	-0.03
2008	7	21	5	0	203.2083333333	0.383	0.128	0.04	0.02
2008	7	21	5	30	203.2291666667	0.398	0.128	0.035	0.016
2008	7	21	6	0	203.25	0.336	0.131	-0.033	-0.005
2008	7	21	6	30	203.2708333333	0.355	0.128	-0.034	-0.008
2008	7	21	7	0	203.2916666667	0.349	0.128	0.016	-0.002
2008	7	21	7	30	203.3125	0.359	0.134	0.02	0
2008	7	21	8	0	203.3333333333	0.418	0.141	0	0.007
2008	7	21	8	30	203.3541666667	0.48	0.138	0.024	0.012
2008	7	21	9	0	203.375	0.454	0.19	0.045	-0.012
2008	7	21	9	30	203.3958333333	0.5	0.206	0.07	-0.006
2008	7	21	10	0	203.4166666667	0.498	0.203	0.109	0.029
2008	7	21	10	30	203.4375	0.566	0.208	0.147	0.044
2008	7	21	11	0	203.4583333333	0.657	0.191	0.187	0.016
2008	7	21	11	30	203.4791666667	0.751	0.204	0.213	0.025
2008	7	21	12	0	203.5	0.684	0.174	0.191	0.059
2008	7	21	12	30	203.5208333333	0.534	0.161	0.086	0.05
2008	7	21	13	0	203.5416666667	0.432	0.148	0.104	0.037
2008	7	21	13	30	203.5625	0.473	0.143	0.116	0.035
2008	7	21	14	0	203.5833333333	0.499	0.15	0.162	0.026
2008	7	21	14	30	203.6041666667	0.483	0.168	0.169	0.03
2008	7	21	15	0	203.625	0.507	0.193	0.177	0.025
2008	7	21	15	30	203.6458333333	0.538	0.213	0.178	0.02
2008	7	21	16	0	203.6666666667	0.552	0.171	0.233	0.04
2008	7	21	16	30	203.6875	0.57	0.194	0.234	0.038
2008	7	21	17	0	203.7083333333	0.639	0.284	0.327	0.034
2008	7	21	17	30	203.7291666667	0.689	0.321	0.401	0.048
2008	7	21	18	0	203.75	0.673	0.289	0.412	0.006
2008	7	21	18	30	203.7708333333	0.681	0.272	0.396	0.006
2008	7	21	19	0	203.7916666667	0.607	0.26	0.316	-0.015
2008	7	21	19	30	203.8125	0.604	0.26	0.307	-0.007
2008	7	21	20	0	203.8333333333	0.626	0.291	0.268	0.037
2008	7	21	20	30	203.8541666667	0.599	0.289	0.22	0.038
2008	7	21	21	0	203.875	0.612	0.244	0.191	-0.033
2008	7	21	21	30	203.8958333333	0.655	0.249	0.243	-0.016
2008	7	21	22	0	203.9166666667	NaN	NaN	NaN	NaN
2008	7	21	22	30	203.9375	NaN	NaN	NaN	NaN
2008	7	21	23	0	203.9583333333	NaN	NaN	NaN	NaN
2008	7	21	23	30	203.9791666667	0.732	0.286	0.139	0.025
2008	7	22	0	0	204	0.714	0.297	0.149	0.069
2008	7	22	0	30	204.0208333333	0.467	0.236	0.077	0.042
2008	7	22	1	0	204.0416666667	0.534	0.24	0.053	0.036
2008	7	22	1	30	204.0625	0.686	0.278	0.071	0.059
2008	7	22	2	0	204.0833333333	0.504	0.22	0.047	0.021
2008	7	22	2	30	204.1041666667	0.512	0.211	0.031	0.023
2008	7	22	3	0	204.125	0.537	0.198	0.044	0.027
2008	7	22	3	30	204.1458333333	0.537	0.199	0.039	0.028
2008	7	22	4	0	204.1666666667	0.476	0.169	0.04	0.033
2008	7	22	4	30	204.1875	0.519	0.181	0.043	0.035

