SATU
 50
         z (m)       p (kPa)         T (K)   Tparcel (K)      qt (g/g)      qs (g/g)
        0.0000      100.0000      288.9076      288.9076        0.0069        0.0113
       42.3447       99.5000      288.4941      288.4941        0.0069        0.0111
       84.8417       99.0000      288.0792      288.0792        0.0069        0.0109
      127.4922       98.5000      287.6627      287.6627        0.0069        0.0106
      170.2977       98.0000      287.2447      287.2447        0.0069        0.0104
      213.2595       97.5000      286.8252      286.8252        0.0069        0.0101
      256.3789       97.0000      286.4042      286.4042        0.0069        0.0099
      299.6573       96.5000      285.9816      285.9816        0.0069        0.0097
      343.0963       96.0000      285.5575      285.5575        0.0069        0.0095
      386.6971       95.5000      285.1317      285.1317        0.0069        0.0093
      430.4613       95.0000      284.7044      284.7044        0.0069        0.0090
      474.3904       94.5000      284.2755      284.2755        0.0069        0.0088
      518.4857       94.0000      283.8449      283.8449        0.0069        0.0086
      562.7490       93.5000      283.4127      283.4127        0.0069        0.0084
      607.1816       93.0000      282.9788      282.9788        0.0069        0.0082
      651.7852       92.5000      282.5433      282.5433        0.0069        0.0080
      696.5613       92.0000      282.1061      282.1061        0.0069        0.0078
      741.5116       91.5000      281.6672      281.6672        0.0069        0.0077
      786.6377       91.0000      281.2266      281.2266        0.0069        0.0075
      831.9412       90.5000      280.7842      280.7842        0.0069        0.0073
      877.4239       90.0000      280.3401      280.3401        0.0069        0.0071
      923.0874       89.5000      279.8942      279.8942        0.0069        0.0069
      968.9335       89.0000      279.4465      279.4465        0.0069        0.0068
     1014.9639       88.5000      278.9971      278.9971        0.0066        0.0066
     1061.1805       88.0000      278.5458      278.2896        0.0064        0.0064
     1107.5850       87.5000      278.0927      277.5752        0.0062        0.0062
     1154.1793       87.0000      277.6377      276.8538        0.0061        0.0061
     1200.9653       86.5000      277.1809      276.1251        0.0059        0.0059
     1247.9449       86.0000      276.7222      275.3892        0.0058        0.0058
     1295.1199       85.5000      276.2615      274.6459        0.0056        0.0056
     1342.4924       85.0000      275.7990      273.8950        0.0055        0.0055
     1390.0644       84.5000      275.3345      273.1366        0.0053        0.0053
     1437.8379       84.0000      274.8680      272.3703        0.0052        0.0052
     1485.8149       83.5000      274.3995      271.5963        0.0050        0.0050
     1533.9976       83.0000      273.9290      270.8142        0.0049        0.0049
     1582.3880       82.5000      273.4565      270.0241        0.0048        0.0048
     1630.9884       82.0000      272.9820      269.2257        0.0046        0.0046
     1679.8010       81.5000      272.5054      268.4191        0.0045        0.0045
     1728.8278       81.0000      272.0266      267.6041        0.0044        0.0044
     1778.0714       80.5000      271.5458      266.7805        0.0042        0.0042
     1827.5339       80.0000      271.0628      265.9483        0.0041        0.0041
     1877.2177       79.5000      270.5777      265.1074        0.0040        0.0040
     1927.1252       79.0000      270.0904      264.2576        0.0039        0.0039
     1977.2588       78.5000      269.6009      263.3989        0.0038        0.0038
     2027.6211       78.0000      269.1091      262.5312        0.0037        0.0037
     2078.2144       77.5000      268.6151      261.6544        0.0035        0.0035
     2129.0415       77.0000      268.1188      260.7683        0.0034        0.0034
     2180.1049       76.5000      267.6202      259.8729        0.0033        0.0033
     2231.4072       76.0000      267.1192      258.9681        0.0032        0.0032
     2282.9511       75.5000      266.6160      258.0538        0.0031        0.0031
     2334.7395       75.0000      266.1103      257.1299        0.0030        0.0030
LCL at  1015.0m reached after   10.00hou
