VERT
 20
 4
         z (m)       v (m/s)            wv
        0.0000       -0.8045   0.84724E-02
     1000.0000       -0.8045   0.00000E+00
     1000.0000        0.0001   0.10000E-03
     2000.0000        0.0000   0.00000E+00
        0.0000       -1.5457   0.16260E-01
     1000.0000       -1.5457   0.00000E+00
     1000.0000        0.0001   0.10000E-03
     2000.0000        0.0000   0.00000E+00
        0.0000       -2.1956   0.22815E-01
     1000.0000       -2.1956   0.00000E+00
     1000.0000        0.0001   0.10000E-03
     2000.0000        0.0000   0.00000E+00
        0.0000       -2.7308   0.27963E-01
     1000.0000       -2.7308   0.00000E+00
     1000.0000        0.0001   0.10000E-03
     2000.0000        0.0000   0.00000E+00
        0.0000       -3.1334   0.31595E-01
     1000.0000       -3.1334   0.00000E+00
     1000.0000        0.0001   0.10000E-03
     2000.0000        0.0000   0.00000E+00
        0.0000       -3.3916   0.33669E-01
     1000.0000       -3.3916   0.00000E+00
     1000.0000        0.0001   0.10000E-03
     2000.0000        0.0000   0.00000E+00
        0.0000       -3.4997   0.34205E-01
     1000.0000       -3.4997   0.00000E+00
     1000.0000        0.0001   0.10000E-03
     2000.0000        0.0000   0.00000E+00
        0.0000       -3.4582   0.33286E-01
     1000.0000       -3.4582   0.00000E+00
     1000.0000        0.0001   0.10000E-03
     2000.0000        0.0000   0.00000E+00
        0.0000       -3.2738   0.31042E-01
     1000.0000       -3.2738   0.00000E+00
     1000.0000        0.0001   0.10000E-03
     2000.0000        0.0000   0.00000E+00
        0.0000       -2.9587   0.27649E-01
     1000.0000       -2.9587   0.00000E+00
     1000.0000        0.0001   0.10000E-03
     2000.0000        0.0000   0.00000E+00
        0.0000       -2.5300   0.23319E-01
     1000.0000       -2.5300   0.00000E+00
     1000.0000        0.0001   0.10000E-03
     2000.0000        0.0000   0.00000E+00
        0.0000       -2.0091   0.18283E-01
     1000.0000       -2.0091   0.00000E+00
     1000.0000        0.0001   0.10000E-03
     2000.0000        0.0000   0.00000E+00
        0.0000       -1.4201   0.12791E-01
     1000.0000       -1.4201   0.00000E+00
     1000.0000        0.0001   0.10000E-03
     2000.0000        0.0000   0.00000E+00
        0.0000       -0.7896   0.70930E-02
     1000.0000       -0.7896   0.00000E+00
     1000.0000        0.0001   0.10000E-03
     2000.0000        0.0000   0.00000E+00
        0.0000       -0.1448   0.14323E-02
     1000.0000       -0.1448   0.00000E+00
     1000.0000        0.0001   0.10000E-03
     2000.0000        0.0000   0.00000E+00
        0.0000        0.4873  -0.39624E-02
     1000.0000        0.4873   0.00000E+00
     1000.0000        0.0001   0.10000E-03
     2000.0000        0.0000   0.00000E+00
        0.0000        1.0808  -0.88867E-02
     1000.0000        1.0808   0.00000E+00
     1000.0000        0.0001   0.10000E-03
     2000.0000        0.0000   0.00000E+00
        0.0000        1.6123  -0.13166E-01
     1000.0000        1.6123   0.00000E+00
     1000.0000        0.0001   0.10000E-03
     2000.0000        0.0000   0.00000E+00
        0.0000        2.0616  -0.16663E-01
     1000.0000        2.0616   0.00000E+00
     1000.0000        0.0001   0.10000E-03
     2000.0000        0.0000   0.00000E+00
        0.0000        2.4124  -0.19276E-01
     1000.0000        2.4124   0.00000E+00
     1000.0000        0.0001   0.10000E-03
     2000.0000        0.0000   0.00000E+00
Time int. between profiles 1800s
