        RT(hours)           [APIN]         L_R_38           L_R_39           L_R_40           tot_loss         tot_prod
  12.017   0.017   0.45051210E+00   0.17005824E-05   0.12881973E-04   0.20239918E-05   0.16606547E-04   0.00000000E+00
  12.033   0.033   0.45093700E+00   0.28832241E-05   0.12872104E-04   0.19053706E-05   0.17660699E-04   0.00000000E+00
  12.050   0.050   0.45130912E+00   0.37006028E-05   0.12857521E-04   0.18226249E-05   0.18380749E-04   0.00000000E+00
  12.067   0.067   0.45164560E+00   0.42594007E-05   0.12840428E-04   0.17623760E-05   0.18862205E-04   0.00000000E+00
  12.083   0.083   0.45195787E+00   0.46574989E-05   0.12822135E-04   0.17157241E-05   0.19195358E-04   0.00000000E+00
  12.100   0.100   0.45225267E+00   0.49651831E-05   0.12803390E-04   0.16772529E-05   0.19445826E-04   0.00000000E+00
  12.117   0.117   0.45253360E+00   0.52256340E-05   0.12784610E-04   0.16438025E-05   0.19654046E-04   0.00000000E+00
  12.133   0.133   0.45280239E+00   0.54631953E-05   0.12766023E-04   0.16135688E-05   0.19842787E-04   0.00000000E+00
  12.150   0.150   0.45305978E+00   0.56908806E-05   0.12747752E-04   0.15855312E-05   0.20024164E-04   0.00000000E+00
  12.167   0.167   0.45330598E+00   0.59153714E-05   0.12729866E-04   0.15591108E-05   0.20204348E-04   0.00000000E+00
  12.183   0.183   0.45354094E+00   0.61399663E-05   0.12712400E-04   0.15339749E-05   0.20386341E-04   0.00000000E+00
  12.200   0.200   0.45376446E+00   0.63662152E-05   0.12695374E-04   0.15099268E-05   0.20571516E-04   0.00000000E+00
  12.217   0.217   0.45397633E+00   0.65947912E-05   0.12678798E-04   0.14868454E-05   0.20760435E-04   0.00000000E+00
  12.233   0.233   0.45417627E+00   0.68259407E-05   0.12662679E-04   0.14646511E-05   0.20953271E-04   0.00000000E+00
  12.250   0.250   0.45436404E+00   0.70597107E-05   0.12647020E-04   0.14432881E-05   0.21150018E-04   0.00000000E+00
  12.267   0.267   0.45453937E+00   0.72960596E-05   0.12631822E-04   0.14227138E-05   0.21350596E-04   0.00000000E+00
  12.283   0.283   0.45470202E+00   0.75349091E-05   0.12617088E-04   0.14028939E-05   0.21554891E-04   0.00000000E+00
  12.300   0.300   0.45485173E+00   0.77761683E-05   0.12602819E-04   0.13837985E-05   0.21762786E-04   0.00000000E+00
  12.317   0.317   0.45498828E+00   0.80197428E-05   0.12589016E-04   0.13654012E-05   0.21974160E-04   0.00000000E+00
  12.333   0.333   0.45511143E+00   0.82655389E-05   0.12575680E-04   0.13476777E-05   0.22188896E-04   0.00000000E+00
  12.350   0.350   0.45522096E+00   0.85134639E-05   0.12562812E-04   0.13306052E-05   0.22406881E-04   0.00000000E+00
  12.367   0.367   0.45531665E+00   0.87634268E-05   0.12550414E-04   0.13141621E-05   0.22628003E-04   0.00000000E+00
  12.383   0.383   0.45539829E+00   0.90153371E-05   0.12538487E-04   0.12983281E-05   0.22852152E-04   0.00000000E+00
  12.400   0.400   0.45546567E+00   0.92691050E-05   0.12527033E-04   0.12830837E-05   0.23079221E-04   0.00000000E+00
  12.417   0.417   0.45551859E+00   0.95246407E-05   0.12516053E-04   0.12684102E-05   0.23309104E-04   0.00000000E+00
  12.433   0.433   0.45555686E+00   0.97818540E-05   0.12505550E-04   0.12542899E-05   0.23541694E-04   0.00000000E+00
  12.450   0.450   0.45558028E+00   0.10040655E-04   0.12495526E-04   0.12407056E-05   0.23776886E-04   0.00000000E+00
  12.467   0.467   0.45558868E+00   0.10300952E-04   0.12485982E-04   0.12276411E-05   0.24014574E-04   0.00000000E+00
  12.483   0.483   0.45558188E+00   0.10562653E-04   0.12476920E-04   0.12150805E-05   0.24254654E-04   0.00000000E+00
  12.500   0.500   0.45555970E+00   0.10825667E-04   0.12468344E-04   0.12030090E-05   0.24497020E-04   0.00000000E+00
  12.517   0.517   0.45552198E+00   0.11089901E-04   0.12460255E-04   0.11914120E-05   0.24741568E-04   0.00000000E+00
  12.533   0.533   0.45546856E+00   0.11355259E-04   0.12452655E-04   0.11802759E-05   0.24988190E-04   0.00000000E+00
  12.550   0.550   0.45539927E+00   0.11621647E-04   0.12445548E-04   0.11695873E-05   0.25236783E-04   0.00000000E+00
  12.567   0.567   0.45531398E+00   0.11888970E-04   0.12438935E-04   0.11593336E-05   0.25487239E-04   0.00000000E+00
  12.583   0.583   0.45521252E+00   0.12157128E-04   0.12432820E-04   0.11495027E-05   0.25739451E-04   0.00000000E+00
  12.600   0.600   0.45509477E+00   0.12426025E-04   0.12427204E-04   0.11400830E-05   0.25993312E-04   0.00000000E+00
  12.617   0.617   0.45496059E+00   0.12695561E-04   0.12422091E-04   0.11310632E-05   0.26248715E-04   0.00000000E+00
  12.633   0.633   0.45480984E+00   0.12965634E-04   0.12417483E-04   0.11224328E-05   0.26505550E-04   0.00000000E+00
  12.650   0.650   0.45464241E+00   0.13236143E-04   0.12413382E-04   0.11141814E-05   0.26763707E-04   0.00000000E+00
  12.667   0.667   0.45445817E+00   0.13506984E-04   0.12409792E-04   0.11062993E-05   0.27023075E-04   0.00000000E+00
  12.683   0.683   0.45425701E+00   0.13778051E-04   0.12406715E-04   0.10987770E-05   0.27283544E-04   0.00000000E+00
  12.700   0.700   0.45403883E+00   0.14049239E-04   0.12404154E-04   0.10916056E-05   0.27544999E-04   0.00000000E+00
  12.717   0.717   0.45380351E+00   0.14320439E-04   0.12402111E-04   0.10847763E-05   0.27807327E-04   0.00000000E+00
  12.733   0.733   0.45355097E+00   0.14591542E-04   0.12400589E-04   0.10782808E-05   0.28070412E-04   0.00000000E+00
  12.750   0.750   0.45328112E+00   0.14862436E-04   0.12399591E-04   0.10721112E-05   0.28334138E-04   0.00000000E+00
  12.767   0.767   0.45299386E+00   0.15133009E-04   0.12399119E-04   0.10662598E-05   0.28598387E-04   0.00000000E+00
  12.783   0.783   0.45268911E+00   0.15403145E-04   0.12399176E-04   0.10607193E-05   0.28863040E-04   0.00000000E+00
  12.800   0.800   0.45236681E+00   0.15672729E-04   0.12399763E-04   0.10554826E-05   0.29127975E-04   0.00000000E+00
  12.817   0.817   0.45202688E+00   0.15941643E-04   0.12400885E-04   0.10505428E-05   0.29393070E-04   0.00000000E+00
  12.833   0.833   0.45166926E+00   0.16209767E-04   0.12402542E-04   0.10458935E-05   0.29658202E-04   0.00000000E+00
  12.850   0.850   0.45129389E+00   0.16476979E-04   0.12404737E-04   0.10415284E-05   0.29923245E-04   0.00000000E+00
  12.867   0.867   0.45090073E+00   0.16743158E-04   0.12407473E-04   0.10374413E-05   0.30188072E-04   0.00000000E+00
  12.883   0.883   0.45048972E+00   0.17008179E-04   0.12410751E-04   0.10336265E-05   0.30452556E-04   0.00000000E+00
  12.900   0.900   0.45006083E+00   0.17271915E-04   0.12414573E-04   0.10300783E-05   0.30716567E-04   0.00000000E+00
  12.917   0.917   0.44961402E+00   0.17534239E-04   0.12418942E-04   0.10267913E-05   0.30979973E-04   0.00000000E+00
  12.933   0.933   0.44914927E+00   0.17795022E-04   0.12423860E-04   0.10237601E-05   0.31242642E-04   0.00000000E+00
  12.950   0.950   0.44866655E+00   0.18054134E-04   0.12429327E-04   0.10209798E-05   0.31504440E-04   0.00000000E+00
  12.967   0.967   0.44816586E+00   0.18311442E-04   0.12435345E-04   0.10184454E-05   0.31765233E-04   0.00000000E+00
  12.983   0.983   0.44764717E+00   0.18566815E-04   0.12441917E-04   0.10161522E-05   0.32024884E-04   0.00000000E+00
  13.000   1.000   0.44711050E+00   0.18820118E-04   0.12449042E-04   0.10140954E-05   0.32283256E-04   0.00000000E+00
  13.017   1.017   0.44655583E+00   0.19071217E-04   0.12456723E-04   0.10122707E-05   0.32540212E-04   0.00000000E+00
  13.033   1.033   0.44598319E+00   0.19319977E-04   0.12464961E-04   0.10106736E-05   0.32795612E-04   0.00000000E+00
  13.050   1.050   0.44539258E+00   0.19566261E-04   0.12473756E-04   0.10092999E-05   0.33049317E-04   0.00000000E+00
  13.067   1.067   0.44478403E+00   0.19809932E-04   0.12483109E-04   0.10081455E-05   0.33301187E-04   0.00000000E+00
  13.083   1.083   0.44415756E+00   0.20050855E-04   0.12493021E-04   0.10072063E-05   0.33551082E-04   0.00000000E+00
  13.100   1.100   0.44351322E+00   0.20288893E-04   0.12503492E-04   0.10064784E-05   0.33798863E-04   0.00000000E+00
  13.117   1.117   0.44285103E+00   0.20523908E-04   0.12514522E-04   0.10059580E-05   0.34044388E-04   0.00000000E+00
  13.133   1.133   0.44217105E+00   0.20755766E-04   0.12526112E-04   0.10056412E-05   0.34287518E-04   0.00000000E+00
  13.150   1.150   0.44147333E+00   0.20984330E-04   0.12538260E-04   0.10055243E-05   0.34528115E-04   0.00000000E+00
  13.167   1.167   0.44075792E+00   0.21209466E-04   0.12550968E-04   0.10056038E-05   0.34766038E-04   0.00000000E+00
  13.183   1.183   0.44002488E+00   0.21431041E-04   0.12564234E-04   0.10058760E-05   0.35001151E-04   0.00000000E+00
  13.200   1.200   0.43927429E+00   0.21648923E-04   0.12578057E-04   0.10063375E-05   0.35233318E-04   0.00000000E+00
  13.217   1.217   0.43850621E+00   0.21862982E-04   0.12592437E-04   0.10069847E-05   0.35462403E-04   0.00000000E+00
  13.233   1.233   0.43772073E+00   0.22073088E-04   0.12607372E-04   0.10078143E-05   0.35688275E-04   0.00000000E+00
  13.250   1.250   0.43691793E+00   0.22279116E-04   0.12622862E-04   0.10088228E-05   0.35910801E-04   0.00000000E+00
  13.267   1.267   0.43609789E+00   0.22480942E-04   0.12638903E-04   0.10100070E-05   0.36129852E-04   0.00000000E+00
  13.283   1.283   0.43526071E+00   0.22678445E-04   0.12655495E-04   0.10113635E-05   0.36345304E-04   0.00000000E+00
  13.300   1.300   0.43440649E+00   0.22871508E-04   0.12672635E-04   0.10128890E-05   0.36557032E-04   0.00000000E+00
  13.317   1.317   0.43353532E+00   0.23060014E-04   0.12690321E-04   0.10145804E-05   0.36764915E-04   0.00000000E+00
  13.333   1.333   0.43264732E+00   0.23243853E-04   0.12708551E-04   0.10164344E-05   0.36968838E-04   0.00000000E+00
  13.350   1.350   0.43174258E+00   0.23422917E-04   0.12727320E-04   0.10184478E-05   0.37168685E-04   0.00000000E+00
  13.367   1.367   0.43082122E+00   0.23597102E-04   0.12746627E-04   0.10206174E-05   0.37364347E-04   0.00000000E+00
  13.383   1.383   0.42988336E+00   0.23766310E-04   0.12766467E-04   0.10229400E-05   0.37555718E-04   0.00000000E+00
  13.400   1.400   0.42892911E+00   0.23930446E-04   0.12786837E-04   0.10254125E-05   0.37742696E-04   0.00000000E+00
  13.417   1.417   0.42795858E+00   0.24089419E-04   0.12807734E-04   0.10280317E-05   0.37925184E-04   0.00000000E+00
  13.433   1.433   0.42697191E+00   0.24243143E-04   0.12829151E-04   0.10307946E-05   0.38103089E-04   0.00000000E+00
  13.450   1.450   0.42596921E+00   0.24391539E-04   0.12851086E-04   0.10336979E-05   0.38276323E-04   0.00000000E+00
  13.467   1.467   0.42495060E+00   0.24534531E-04   0.12873533E-04   0.10367387E-05   0.38444802E-04   0.00000000E+00
  13.483   1.483   0.42391621E+00   0.24672049E-04   0.12896486E-04   0.10399136E-05   0.38608449E-04   0.00000000E+00
  13.500   1.500   0.42286616E+00   0.24804029E-04   0.12919941E-04   0.10432197E-05   0.38767190E-04   0.00000000E+00
  13.517   1.517   0.42180059E+00   0.24930412E-04   0.12943891E-04   0.10466538E-05   0.38920957E-04   0.00000000E+00
  13.533   1.533   0.42071960E+00   0.25051144E-04   0.12968331E-04   0.10502128E-05   0.39069688E-04   0.00000000E+00
  13.550   1.550   0.41962333E+00   0.25166179E-04   0.12993253E-04   0.10538937E-05   0.39213326E-04   0.00000000E+00
  13.567   1.567   0.41851189E+00   0.25275475E-04   0.13018650E-04   0.10576932E-05   0.39351818E-04   0.00000000E+00
  13.583   1.583   0.41738541E+00   0.25378995E-04   0.13044517E-04   0.10616082E-05   0.39485120E-04   0.00000000E+00
  13.600   1.600   0.41624401E+00   0.25476710E-04   0.13070844E-04   0.10656357E-05   0.39613189E-04   0.00000000E+00
  13.617   1.617   0.41508780E+00   0.25568595E-04   0.13097624E-04   0.10697725E-05   0.39735991E-04   0.00000000E+00
  13.633   1.633   0.41391690E+00   0.25654631E-04   0.13124848E-04   0.10740155E-05   0.39853495E-04   0.00000000E+00
  13.650   1.650   0.41273141E+00   0.25734807E-04   0.13152508E-04   0.10783616E-05   0.39965677E-04   0.00000000E+00
  13.667   1.667   0.41153144E+00   0.25809115E-04   0.13180596E-04   0.10828075E-05   0.40072519E-04   0.00000000E+00
  13.683   1.683   0.41031710E+00   0.25877555E-04   0.13209100E-04   0.10873502E-05   0.40174005E-04   0.00000000E+00
  13.700   1.700   0.40908849E+00   0.25940129E-04   0.13238011E-04   0.10919864E-05   0.40270127E-04   0.00000000E+00
  13.717   1.717   0.40784569E+00   0.25996848E-04   0.13267320E-04   0.10967130E-05   0.40360881E-04   0.00000000E+00
  13.733   1.733   0.40658881E+00   0.26047727E-04   0.13297015E-04   0.11015268E-05   0.40446268E-04   0.00000000E+00
  13.750   1.750   0.40531792E+00   0.26092786E-04   0.13327084E-04   0.11064246E-05   0.40526295E-04   0.00000000E+00
  13.767   1.767   0.40403310E+00   0.26132050E-04   0.13357517E-04   0.11114032E-05   0.40600971E-04   0.00000000E+00
  13.783   1.783   0.40273443E+00   0.26165551E-04   0.13388301E-04   0.11164593E-05   0.40670311E-04   0.00000000E+00
  13.800   1.800   0.40142198E+00   0.26193322E-04   0.13419424E-04   0.11215897E-05   0.40734336E-04   0.00000000E+00
  13.817   1.817   0.40009581E+00   0.26215404E-04   0.13450871E-04   0.11267911E-05   0.40793067E-04   0.00000000E+00
  13.833   1.833   0.39875597E+00   0.26231842E-04   0.13482631E-04   0.11320602E-05   0.40846533E-04   0.00000000E+00
  13.850   1.850   0.39740252E+00   0.26242682E-04   0.13514689E-04   0.11373936E-05   0.40894764E-04   0.00000000E+00
  13.867   1.867   0.39603550E+00   0.26247979E-04   0.13547029E-04   0.11427881E-05   0.40937796E-04   0.00000000E+00
  13.883   1.883   0.39465494E+00   0.26247788E-04   0.13579638E-04   0.11482403E-05   0.40975666E-04   0.00000000E+00
  13.900   1.900   0.39326089E+00   0.26242170E-04   0.13612498E-04   0.11537467E-05   0.41008415E-04   0.00000000E+00
  13.917   1.917   0.39185335E+00   0.26231190E-04   0.13645594E-04   0.11593039E-05   0.41036088E-04   0.00000000E+00
  13.933   1.933   0.39043236E+00   0.26214913E-04   0.13678909E-04   0.11649085E-05   0.41058731E-04   0.00000000E+00
  13.950   1.950   0.38899793E+00   0.26193412E-04   0.13712426E-04   0.11705569E-05   0.41076395E-04   0.00000000E+00
  13.967   1.967   0.38755005E+00   0.26166759E-04   0.13746125E-04   0.11762456E-05   0.41089130E-04   0.00000000E+00
  13.983   1.983   0.38608874E+00   0.26135031E-04   0.13779989E-04   0.11819710E-05   0.41096991E-04   0.00000000E+00
  14.000   2.000   0.38461398E+00   0.26098308E-04   0.13813997E-04   0.11877294E-05   0.41100034E-04   0.00000000E+00
  14.017   2.017   0.38312539E+00   0.26056874E-04   0.13848085E-04   0.11934864E-05   0.41098446E-04   0.00000000E+00
  14.033   2.033   0.38162109E+00   0.26010854E-04   0.13882223E-04   0.11992026E-05   0.41092280E-04   0.00000000E+00
  14.050   2.050   0.38009897E+00   0.25960187E-04   0.13916434E-04   0.12048839E-05   0.41081505E-04   0.00000000E+00
  14.067   2.067   0.37855707E+00   0.25904859E-04   0.13950732E-04   0.12105390E-05   0.41066130E-04   0.00000000E+00
  14.083   2.083   0.37699355E+00   0.25844881E-04   0.13985124E-04   0.12161765E-05   0.41046181E-04   0.00000000E+00
  14.100   2.100   0.37540666E+00   0.25780274E-04   0.14019609E-04   0.12218048E-05   0.41021688E-04   0.00000000E+00
  14.117   2.117   0.37379480E+00   0.25711069E-04   0.14054180E-04   0.12274312E-05   0.40992681E-04   0.00000000E+00
  14.133   2.133   0.37215640E+00   0.25637300E-04   0.14088824E-04   0.12330616E-05   0.40959185E-04   0.00000000E+00
  14.150   2.150   0.37049003E+00   0.25559004E-04   0.14123519E-04   0.12387010E-05   0.40921224E-04   0.00000000E+00
  14.167   2.167   0.36879430E+00   0.25476223E-04   0.14158242E-04   0.12443531E-05   0.40878817E-04   0.00000000E+00
  14.183   2.183   0.36706790E+00   0.25388999E-04   0.14192959E-04   0.12500205E-05   0.40831979E-04   0.00000000E+00
  14.200   2.200   0.36530960E+00   0.25297380E-04   0.14227635E-04   0.12557047E-05   0.40780720E-04   0.00000000E+00
  14.217   2.217   0.36351822E+00   0.25201413E-04   0.14262227E-04   0.12614062E-05   0.40725047E-04   0.00000000E+00
  14.233   2.233   0.36169266E+00   0.25101151E-04   0.14296688E-04   0.12671245E-05   0.40664964E-04   0.00000000E+00
  14.250   2.250   0.35983185E+00   0.24996648E-04   0.14330966E-04   0.12728583E-05   0.40600472E-04   0.00000000E+00
  14.267   2.267   0.35793483E+00   0.24887961E-04   0.14365001E-04   0.12786052E-05   0.40531568E-04   0.00000000E+00
  14.283   2.283   0.35600065E+00   0.24775151E-04   0.14398733E-04   0.12843620E-05   0.40458246E-04   0.00000000E+00
  14.300   2.300   0.35402846E+00   0.24658282E-04   0.14432093E-04   0.12901246E-05   0.40380500E-04   0.00000000E+00
  14.317   2.317   0.35201747E+00   0.24537422E-04   0.14465008E-04   0.12958882E-05   0.40298318E-04   0.00000000E+00
  14.333   2.333   0.34996696E+00   0.24412643E-04   0.14497401E-04   0.13016469E-05   0.40211691E-04   0.00000000E+00
  14.350   2.350   0.34787628E+00   0.24284020E-04   0.14529190E-04   0.13073942E-05   0.40120604E-04   0.00000000E+00
  14.367   2.367   0.34574488E+00   0.24151633E-04   0.14560288E-04   0.13131227E-05   0.40025043E-04   0.00000000E+00
  14.383   2.383   0.34357229E+00   0.24015568E-04   0.14590603E-04   0.13188241E-05   0.39924995E-04   0.00000000E+00
  14.400   2.400   0.34135812E+00   0.23875916E-04   0.14620040E-04   0.13244896E-05   0.39820446E-04   0.00000000E+00
  14.417   2.417   0.33910213E+00   0.23732772E-04   0.14648498E-04   0.13301093E-05   0.39711380E-04   0.00000000E+00
  14.433   2.433   0.33680414E+00   0.23586239E-04   0.14675875E-04   0.13356726E-05   0.39597787E-04   0.00000000E+00
  14.450   2.450   0.33446415E+00   0.23436425E-04   0.14702061E-04   0.13411682E-05   0.39479654E-04   0.00000000E+00
  14.467   2.467   0.33208226E+00   0.23283444E-04   0.14726948E-04   0.13465840E-05   0.39356976E-04   0.00000000E+00
  14.483   2.483   0.32965872E+00   0.23127419E-04   0.14750420E-04   0.13519073E-05   0.39229746E-04   0.00000000E+00
  14.500   2.500   0.32719396E+00   0.22968480E-04   0.14772362E-04   0.13571245E-05   0.39097967E-04   0.00000000E+00
  14.517   2.517   0.32468856E+00   0.22806764E-04   0.14792657E-04   0.13622215E-05   0.38961642E-04   0.00000000E+00
  14.533   2.533   0.32214329E+00   0.22642415E-04   0.14811186E-04   0.13671837E-05   0.38820785E-04   0.00000000E+00
  14.550   2.550   0.31955910E+00   0.22475587E-04   0.14827832E-04   0.13719957E-05   0.38675415E-04   0.00000000E+00
  14.567   2.567   0.31693715E+00   0.22306442E-04   0.14842475E-04   0.13766421E-05   0.38525559E-04   0.00000000E+00
  14.583   2.583   0.31427879E+00   0.22135148E-04   0.14855000E-04   0.13811067E-05   0.38371255E-04   0.00000000E+00
  14.600   2.600   0.31158561E+00   0.21961882E-04   0.14865295E-04   0.13853733E-05   0.38212551E-04   0.00000000E+00
  14.617   2.617   0.30885938E+00   0.21786831E-04   0.14873249E-04   0.13894257E-05   0.38049506E-04   0.00000000E+00
  14.633   2.633   0.30610211E+00   0.21610185E-04   0.14878759E-04   0.13932476E-05   0.37882192E-04   0.00000000E+00
  14.650   2.650   0.30331600E+00   0.21432142E-04   0.14881728E-04   0.13968228E-05   0.37710693E-04   0.00000000E+00
  14.667   2.667   0.30050348E+00   0.21252908E-04   0.14882065E-04   0.14001356E-05   0.37535108E-04   0.00000000E+00
  14.683   2.683   0.29766716E+00   0.21072691E-04   0.14879689E-04   0.14031708E-05   0.37355550E-04   0.00000000E+00
  14.700   2.700   0.29480983E+00   0.20891703E-04   0.14874529E-04   0.14059138E-05   0.37172145E-04   0.00000000E+00
  14.717   2.717   0.29193445E+00   0.20710159E-04   0.14866525E-04   0.14083509E-05   0.36985035E-04   0.00000000E+00
  14.733   2.733   0.28904411E+00   0.20528276E-04   0.14855629E-04   0.14104695E-05   0.36794374E-04   0.00000000E+00
  14.750   2.750   0.28614202E+00   0.20346267E-04   0.14841806E-04   0.14122582E-05   0.36600332E-04   0.00000000E+00
  14.767   2.767   0.28323149E+00   0.20164347E-04   0.14825034E-04   0.14137067E-05   0.36403088E-04   0.00000000E+00
  14.783   2.783   0.28031589E+00   0.19982725E-04   0.14805306E-04   0.14148065E-05   0.36202838E-04   0.00000000E+00
  14.800   2.800   0.27739859E+00   0.19801605E-04   0.14782627E-04   0.14155506E-05   0.35999782E-04   0.00000000E+00
  14.817   2.817   0.27448300E+00   0.19621184E-04   0.14757017E-04   0.14159335E-05   0.35794135E-04   0.00000000E+00
  14.833   2.833   0.27157246E+00   0.19441652E-04   0.14728511E-04   0.14159516E-05   0.35586114E-04   0.00000000E+00
  14.850   2.850   0.26867025E+00   0.19263188E-04   0.14697154E-04   0.14156030E-05   0.35375945E-04   0.00000000E+00
  14.867   2.867   0.26577958E+00   0.19085960E-04   0.14663008E-04   0.14148875E-05   0.35163856E-04   0.00000000E+00
  14.883   2.883   0.26290350E+00   0.18910127E-04   0.14626142E-04   0.14138068E-05   0.34950076E-04   0.00000000E+00
  14.900   2.900   0.26004495E+00   0.18735832E-04   0.14586639E-04   0.14123639E-05   0.34734835E-04   0.00000000E+00
  14.917   2.917   0.25720667E+00   0.18563208E-04   0.14544590E-04   0.14105636E-05   0.34518361E-04   0.00000000E+00
  14.933   2.933   0.25439126E+00   0.18392374E-04   0.14500093E-04   0.14084123E-05   0.34300878E-04   0.00000000E+00
  14.950   2.950   0.25160110E+00   0.18223434E-04   0.14453254E-04   0.14059174E-05   0.34082605E-04   0.00000000E+00
  14.967   2.967   0.24883835E+00   0.18056480E-04   0.14404185E-04   0.14030877E-05   0.33863754E-04   0.00000000E+00
  14.983   2.983   0.24610501E+00   0.17891593E-04   0.14353003E-04   0.13999332E-05   0.33644529E-04   0.00000000E+00
  15.000   3.000   0.24340282E+00   0.17728838E-04   0.14299825E-04   0.13964644E-05   0.33425127E-04   0.00000000E+00
  15.017   3.017   0.24073336E+00   0.17568270E-04   0.14244771E-04   0.13926930E-05   0.33205734E-04   0.00000000E+00
  15.033   3.033   0.23809798E+00   0.17409932E-04   0.14187965E-04   0.13886311E-05   0.32986527E-04   0.00000000E+00
  15.050   3.050   0.23549783E+00   0.17253856E-04   0.14129525E-04   0.13842913E-05   0.32767673E-04   0.00000000E+00
  15.067   3.067   0.23293388E+00   0.17100066E-04   0.14069573E-04   0.13796864E-05   0.32549325E-04   0.00000000E+00
  15.083   3.083   0.23040694E+00   0.16948574E-04   0.14008227E-04   0.13748298E-05   0.32331631E-04   0.00000000E+00
  15.100   3.100   0.22791763E+00   0.16799387E-04   0.13945601E-04   0.13697348E-05   0.32114723E-04   0.00000000E+00
  15.117   3.117   0.22546642E+00   0.16652503E-04   0.13881808E-04   0.13644144E-05   0.31898726E-04   0.00000000E+00
  15.133   3.133   0.22305364E+00   0.16507913E-04   0.13816958E-04   0.13588822E-05   0.31683753E-04   0.00000000E+00
  15.150   3.150   0.22067951E+00   0.16365604E-04   0.13751154E-04   0.13531509E-05   0.31469909E-04   0.00000000E+00
  15.167   3.167   0.21834410E+00   0.16225555E-04   0.13684498E-04   0.13472336E-05   0.31257287E-04   0.00000000E+00
  15.183   3.183   0.21604739E+00   0.16087745E-04   0.13617086E-04   0.13411427E-05   0.31045973E-04   0.00000000E+00
  15.200   3.200   0.21378927E+00   0.15952145E-04   0.13549009E-04   0.13348905E-05   0.30836044E-04   0.00000000E+00
  15.217   3.217   0.21156953E+00   0.15818725E-04   0.13480356E-04   0.13284887E-05   0.30627569E-04   0.00000000E+00
  15.233   3.233   0.20938791E+00   0.15687452E-04   0.13411209E-04   0.13219490E-05   0.30420610E-04   0.00000000E+00
  15.250   3.250   0.20724406E+00   0.15558292E-04   0.13341646E-04   0.13152823E-05   0.30215220E-04   0.00000000E+00
  15.267   3.267   0.20513760E+00   0.15431207E-04   0.13271741E-04   0.13084993E-05   0.30011447E-04   0.00000000E+00
  15.283   3.283   0.20306808E+00   0.15306160E-04   0.13201564E-04   0.13016101E-05   0.29809334E-04   0.00000000E+00
  15.300   3.300   0.20103502E+00   0.15183112E-04   0.13131180E-04   0.12946245E-05   0.29608917E-04   0.00000000E+00
  15.317   3.317   0.19903792E+00   0.15062023E-04   0.13060651E-04   0.12875518E-05   0.29410225E-04   0.00000000E+00
  15.333   3.333   0.19707622E+00   0.14942853E-04   0.12990033E-04   0.12804009E-05   0.29213287E-04   0.00000000E+00
  15.350   3.350   0.19514938E+00   0.14825563E-04   0.12919380E-04   0.12731801E-05   0.29018124E-04   0.00000000E+00
  15.367   3.367   0.19325679E+00   0.14710112E-04   0.12848743E-04   0.12658975E-05   0.28824753E-04   0.00000000E+00
  15.383   3.383   0.19139788E+00   0.14596461E-04   0.12778168E-04   0.12585606E-05   0.28633190E-04   0.00000000E+00
  15.400   3.400   0.18957205E+00   0.14484570E-04   0.12707698E-04   0.12511768E-05   0.28443445E-04   0.00000000E+00
  15.417   3.417   0.18777867E+00   0.14374400E-04   0.12637373E-04   0.12437527E-05   0.28255526E-04   0.00000000E+00
  15.433   3.433   0.18601714E+00   0.14265913E-04   0.12567232E-04   0.12362947E-05   0.28069439E-04   0.00000000E+00
  15.450   3.450   0.18428685E+00   0.14159070E-04   0.12497308E-04   0.12288091E-05   0.27885187E-04   0.00000000E+00
  15.467   3.467   0.18258718E+00   0.14053835E-04   0.12427634E-04   0.12213013E-05   0.27702771E-04   0.00000000E+00
  15.483   3.483   0.18091753E+00   0.13950172E-04   0.12358240E-04   0.12137770E-05   0.27522189E-04   0.00000000E+00
  15.500   3.500   0.17927730E+00   0.13848044E-04   0.12289152E-04   0.12062411E-05   0.27343438E-04   0.00000000E+00
  15.517   3.517   0.17766588E+00   0.13747418E-04   0.12220397E-04   0.11986984E-05   0.27166513E-04   0.00000000E+00
  15.533   3.533   0.17608268E+00   0.13648259E-04   0.12151997E-04   0.11911533E-05   0.26991409E-04   0.00000000E+00
  15.550   3.550   0.17452713E+00   0.13550534E-04   0.12083973E-04   0.11836101E-05   0.26818117E-04   0.00000000E+00
  15.567   3.567   0.17299866E+00   0.13454212E-04   0.12016345E-04   0.11760728E-05   0.26646630E-04   0.00000000E+00
  15.583   3.583   0.17149669E+00   0.13359260E-04   0.11949132E-04   0.11685450E-05   0.26476937E-04   0.00000000E+00
  15.600   3.600   0.17002068E+00   0.13265649E-04   0.11882348E-04   0.11610301E-05   0.26309027E-04   0.00000000E+00
  15.617   3.617   0.16857008E+00   0.13173348E-04   0.11816010E-04   0.11535316E-05   0.26142890E-04   0.00000000E+00
  15.633   3.633   0.16714437E+00   0.13082330E-04   0.11750131E-04   0.11460522E-05   0.25978513E-04   0.00000000E+00
  15.650   3.650   0.16574303E+00   0.12992565E-04   0.11684724E-04   0.11385950E-05   0.25815884E-04   0.00000000E+00
  15.667   3.667   0.16436553E+00   0.12904027E-04   0.11619798E-04   0.11311625E-05   0.25654988E-04   0.00000000E+00
  15.683   3.683   0.16301140E+00   0.12816690E-04   0.11555365E-04   0.11237572E-05   0.25495813E-04   0.00000000E+00
  15.700   3.700   0.16168014E+00   0.12730528E-04   0.11491434E-04   0.11163814E-05   0.25338343E-04   0.00000000E+00
  15.717   3.717   0.16037127E+00   0.12645516E-04   0.11428011E-04   0.11090373E-05   0.25182564E-04   0.00000000E+00
  15.733   3.733   0.15908433E+00   0.12561629E-04   0.11365105E-04   0.11017268E-05   0.25028462E-04   0.00000000E+00
  15.750   3.750   0.15781887E+00   0.12478846E-04   0.11302723E-04   0.10944517E-05   0.24876020E-04   0.00000000E+00
  15.767   3.767   0.15657445E+00   0.12397142E-04   0.11240868E-04   0.10872139E-05   0.24725224E-04   0.00000000E+00
  15.783   3.783   0.15535064E+00   0.12316495E-04   0.11179547E-04   0.10800148E-05   0.24576057E-04   0.00000000E+00
  15.800   3.800   0.15414700E+00   0.12236885E-04   0.11118763E-04   0.10728560E-05   0.24428505E-04   0.00000000E+00
  15.817   3.817   0.15296315E+00   0.12158291E-04   0.11058521E-04   0.10657387E-05   0.24282550E-04   0.00000000E+00
  15.833   3.833   0.15179867E+00   0.12080692E-04   0.10998822E-04   0.10586643E-05   0.24138178E-04   0.00000000E+00
  15.850   3.850   0.15065317E+00   0.12004069E-04   0.10939669E-04   0.10516339E-05   0.23995371E-04   0.00000000E+00
  15.867   3.867   0.14952628E+00   0.11928402E-04   0.10881064E-04   0.10446485E-05   0.23854115E-04   0.00000000E+00
  15.883   3.883   0.14841762E+00   0.11853673E-04   0.10823009E-04   0.10377092E-05   0.23714392E-04   0.00000000E+00
  15.900   3.900   0.14732683E+00   0.11779865E-04   0.10765505E-04   0.10308167E-05   0.23576186E-04   0.00000000E+00
  15.917   3.917   0.14625356E+00   0.11706959E-04   0.10708551E-04   0.10239718E-05   0.23439482E-04   0.00000000E+00
  15.933   3.933   0.14519747E+00   0.11634939E-04   0.10652149E-04   0.10171754E-05   0.23304263E-04   0.00000000E+00
  15.950   3.950   0.14415822E+00   0.11563788E-04   0.10596298E-04   0.10104281E-05   0.23170514E-04   0.00000000E+00
  15.967   3.967   0.14313548E+00   0.11493490E-04   0.10540998E-04   0.10037304E-05   0.23038218E-04   0.00000000E+00
  15.983   3.983   0.14212894E+00   0.11424029E-04   0.10486247E-04   0.99708284E-06   0.22907359E-04   0.00000000E+00
  16.000   4.000   0.14113828E+00   0.11355391E-04   0.10432045E-04   0.99048595E-06   0.22777922E-04   0.00000000E+00
  16.017   4.017   0.14016322E+00   0.11287441E-04   0.10378391E-04   0.98394000E-06   0.22649772E-04   0.00000000E+00
  16.033   4.033   0.13920351E+00   0.11220065E-04   0.10325286E-04   0.97744468E-06   0.22522796E-04   0.00000000E+00
  16.050   4.050   0.13825893E+00   0.11153268E-04   0.10272731E-04   0.97099973E-06   0.22396999E-04   0.00000000E+00
  16.067   4.067   0.13732922E+00   0.11087057E-04   0.10220725E-04   0.96460529E-06   0.22272388E-04   0.00000000E+00
  16.083   4.083   0.13641417E+00   0.11021437E-04   0.10169269E-04   0.95826170E-06   0.22148968E-04   0.00000000E+00
  16.100   4.100   0.13551352E+00   0.10956412E-04   0.10118361E-04   0.95196935E-06   0.22026742E-04   0.00000000E+00
  16.117   4.117   0.13462706E+00   0.10891983E-04   0.10068001E-04   0.94572856E-06   0.21905713E-04   0.00000000E+00
  16.133   4.133   0.13375453E+00   0.10828153E-04   0.10018187E-04   0.93953963E-06   0.21785881E-04   0.00000000E+00
  16.150   4.150   0.13289571E+00   0.10764922E-04   0.99689176E-05   0.93340280E-06   0.21667243E-04   0.00000000E+00
  16.167   4.167   0.13208290E+00   0.10703155E-04   0.99217478E-05   0.92729341E-06   0.21552197E-04   0.00000000E+00
  16.183   4.183   0.13134173E+00   0.10644080E-04   0.98779505E-05   0.92143411E-06   0.21443465E-04   0.00000000E+00
  16.200   4.200   0.13065544E+00   0.10587262E-04   0.98367681E-05   0.91578708E-06   0.21339817E-04   0.00000000E+00
  16.217   4.217   0.13001308E+00   0.10532274E-04   0.97977061E-05   0.91031040E-06   0.21240290E-04   0.00000000E+00
  16.233   4.233   0.12940712E+00   0.10478811E-04   0.97604233E-05   0.90497776E-06   0.21144212E-04   0.00000000E+00
  16.250   4.250   0.12883208E+00   0.10426653E-04   0.97246723E-05   0.89977074E-06   0.21051097E-04   0.00000000E+00
  16.267   4.267   0.12828386E+00   0.10375636E-04   0.96902668E-05   0.89467559E-06   0.20960578E-04   0.00000000E+00
  16.283   4.283   0.12775928E+00   0.10325631E-04   0.96570619E-05   0.88968168E-06   0.20872375E-04   0.00000000E+00
  16.300   4.300   0.12725579E+00   0.10276539E-04   0.96249429E-05   0.88478054E-06   0.20786263E-04   0.00000000E+00
  16.317   4.317   0.12677135E+00   0.10228280E-04   0.95938162E-05   0.87996533E-06   0.20702061E-04   0.00000000E+00
  16.333   4.333   0.12630428E+00   0.10180787E-04   0.95636048E-05   0.87523036E-06   0.20619622E-04   0.00000000E+00
  16.350   4.350   0.12585317E+00   0.10134005E-04   0.95342440E-05   0.87057091E-06   0.20538820E-04   0.00000000E+00
  16.367   4.367   0.12541681E+00   0.10087889E-04   0.95056787E-05   0.86598291E-06   0.20459551E-04   0.00000000E+00
  16.383   4.383   0.12499419E+00   0.10042400E-04   0.94778618E-05   0.86146290E-06   0.20381724E-04   0.00000000E+00
  16.400   4.400   0.12458442E+00   0.99975024E-05   0.94507521E-05   0.85700784E-06   0.20305262E-04   0.00000000E+00
  16.417   4.417   0.12418672E+00   0.99531675E-05   0.94243138E-05   0.85261506E-06   0.20230096E-04   0.00000000E+00
  16.433   4.433   0.12380042E+00   0.99093693E-05   0.93985151E-05   0.84828219E-06   0.20156167E-04   0.00000000E+00
  16.450   4.450   0.12342492E+00   0.98660846E-05   0.93733276E-05   0.84400710E-06   0.20083419E-04   0.00000000E+00
  16.467   4.467   0.12305968E+00   0.98232928E-05   0.93487261E-05   0.83978789E-06   0.20011807E-04   0.00000000E+00
  16.483   4.483   0.12270422E+00   0.97809753E-05   0.93246876E-05   0.83562280E-06   0.19941286E-04   0.00000000E+00
  16.500   4.500   0.12235811E+00   0.97391154E-05   0.93011914E-05   0.83151024E-06   0.19871817E-04   0.00000000E+00
  16.517   4.517   0.12202094E+00   0.96976979E-05   0.92782186E-05   0.82744876E-06   0.19803365E-04   0.00000000E+00
  16.533   4.533   0.12169238E+00   0.96567086E-05   0.92557518E-05   0.82343700E-06   0.19735897E-04   0.00000000E+00
  16.550   4.550   0.12137208E+00   0.96161348E-05   0.92337751E-05   0.81947371E-06   0.19669384E-04   0.00000000E+00
  16.567   4.567   0.12105974E+00   0.95759646E-05   0.92122737E-05   0.81555770E-06   0.19603796E-04   0.00000000E+00
  16.583   4.583   0.12075510E+00   0.95361868E-05   0.91912340E-05   0.81168790E-06   0.19539109E-04   0.00000000E+00
  16.600   4.600   0.12045789E+00   0.94967912E-05   0.91706431E-05   0.80786326E-06   0.19475298E-04   0.00000000E+00
  16.617   4.617   0.12016788E+00   0.94577682E-05   0.91504891E-05   0.80408282E-06   0.19412340E-04   0.00000000E+00
  16.633   4.633   0.11988484E+00   0.94191087E-05   0.91307609E-05   0.80034566E-06   0.19350215E-04   0.00000000E+00
  16.650   4.650   0.11960858E+00   0.93808042E-05   0.91114480E-05   0.79665090E-06   0.19288903E-04   0.00000000E+00
  16.667   4.667   0.11933889E+00   0.93428465E-05   0.90925405E-05   0.79299773E-06   0.19228385E-04   0.00000000E+00
  16.683   4.683   0.11907559E+00   0.93052282E-05   0.90740289E-05   0.78938535E-06   0.19168643E-04   0.00000000E+00
  16.700   4.700   0.11881852E+00   0.92679419E-05   0.90559045E-05   0.78581301E-06   0.19109659E-04   0.00000000E+00
  16.717   4.717   0.11856751E+00   0.92309807E-05   0.90381588E-05   0.78227998E-06   0.19051419E-04   0.00000000E+00
  16.733   4.733   0.11832242E+00   0.91943380E-05   0.90207837E-05   0.77878557E-06   0.18993907E-04   0.00000000E+00
  16.750   4.750   0.11808309E+00   0.91580075E-05   0.90037717E-05   0.77532913E-06   0.18937108E-04   0.00000000E+00
  16.767   4.767   0.11784940E+00   0.91219831E-05   0.89871154E-05   0.77191000E-06   0.18881009E-04   0.00000000E+00
  16.783   4.783   0.11762121E+00   0.90862591E-05   0.89708078E-05   0.76852757E-06   0.18825594E-04   0.00000000E+00
  16.800   4.800   0.11739841E+00   0.90508297E-05   0.89548422E-05   0.76518125E-06   0.18770853E-04   0.00000000E+00
  16.817   4.817   0.11718086E+00   0.90156897E-05   0.89392122E-05   0.76187046E-06   0.18716772E-04   0.00000000E+00
  16.833   4.833   0.11696847E+00   0.89808338E-05   0.89239115E-05   0.75859464E-06   0.18663340E-04   0.00000000E+00
  16.850   4.850   0.11676113E+00   0.89462569E-05   0.89089343E-05   0.75535324E-06   0.18610544E-04   0.00000000E+00
  16.867   4.867   0.11655872E+00   0.89119542E-05   0.88942747E-05   0.75214576E-06   0.18558375E-04   0.00000000E+00
  16.883   4.883   0.11636117E+00   0.88779210E-05   0.88799271E-05   0.74897167E-06   0.18506820E-04   0.00000000E+00
  16.900   4.900   0.11616836E+00   0.88441527E-05   0.88658863E-05   0.74583048E-06   0.18455870E-04   0.00000000E+00
  16.917   4.917   0.11598021E+00   0.88106448E-05   0.88521471E-05   0.74272172E-06   0.18405514E-04   0.00000000E+00
  16.933   4.933   0.11579663E+00   0.87773929E-05   0.88387043E-05   0.73964491E-06   0.18355742E-04   0.00000000E+00
  16.950   4.950   0.11561755E+00   0.87443930E-05   0.88255531E-05   0.73659960E-06   0.18306546E-04   0.00000000E+00
  16.967   4.967   0.11544287E+00   0.87116407E-05   0.88126887E-05   0.73358534E-06   0.18257915E-04   0.00000000E+00
  16.983   4.983   0.11527252E+00   0.86791322E-05   0.88001067E-05   0.73060170E-06   0.18209841E-04   0.00000000E+00
  17.000   5.000   0.11510642E+00   0.86468635E-05   0.87878024E-05   0.72764825E-06   0.18162314E-04   0.00000000E+00
  17.017   5.017   0.11494451E+00   0.86148308E-05   0.87757715E-05   0.72472458E-06   0.18115327E-04   0.00000000E+00
  17.033   5.033   0.11478671E+00   0.85830303E-05   0.87640098E-05   0.72183029E-06   0.18068870E-04   0.00000000E+00
  17.050   5.050   0.11463295E+00   0.85514584E-05   0.87525131E-05   0.71896497E-06   0.18022936E-04   0.00000000E+00
  17.067   5.067   0.11448317E+00   0.85201115E-05   0.87412775E-05   0.71612825E-06   0.17977517E-04   0.00000000E+00
  17.083   5.083   0.11433730E+00   0.84889860E-05   0.87302990E-05   0.71331975E-06   0.17932605E-04   0.00000000E+00
  17.100   5.100   0.11419528E+00   0.84580786E-05   0.87195736E-05   0.71053909E-06   0.17888191E-04   0.00000000E+00
  17.117   5.117   0.11405705E+00   0.84273859E-05   0.87090978E-05   0.70778591E-06   0.17844270E-04   0.00000000E+00
  17.133   5.133   0.11392255E+00   0.83969046E-05   0.86988678E-05   0.70505985E-06   0.17800832E-04   0.00000000E+00
  17.150   5.150   0.11379173E+00   0.83666313E-05   0.86888801E-05   0.70236057E-06   0.17757872E-04   0.00000000E+00
  17.167   5.167   0.11366452E+00   0.83365630E-05   0.86791310E-05   0.69968773E-06   0.17715382E-04   0.00000000E+00
  17.183   5.183   0.11354088E+00   0.83066965E-05   0.86696173E-05   0.69704098E-06   0.17673355E-04   0.00000000E+00
  17.200   5.200   0.11342075E+00   0.82770286E-05   0.86603355E-05   0.69442000E-06   0.17631784E-04   0.00000000E+00
  17.217   5.217   0.11330407E+00   0.82475565E-05   0.86512823E-05   0.69182447E-06   0.17590663E-04   0.00000000E+00
  17.233   5.233   0.11319081E+00   0.82182771E-05   0.86424546E-05   0.68925407E-06   0.17549986E-04   0.00000000E+00
  17.250   5.250   0.11308091E+00   0.81891874E-05   0.86338491E-05   0.68670849E-06   0.17509745E-04   0.00000000E+00
  17.267   5.267   0.11297432E+00   0.81602846E-05   0.86254628E-05   0.68418742E-06   0.17469935E-04   0.00000000E+00
  17.283   5.283   0.11287100E+00   0.81315659E-05   0.86172925E-05   0.68169057E-06   0.17430549E-04   0.00000000E+00
  17.300   5.300   0.11277089E+00   0.81030284E-05   0.86093354E-05   0.67921763E-06   0.17391581E-04   0.00000000E+00
  17.317   5.317   0.11267397E+00   0.80746694E-05   0.86015884E-05   0.67676832E-06   0.17353026E-04   0.00000000E+00
  17.333   5.333   0.11258017E+00   0.80464862E-05   0.85940487E-05   0.67434235E-06   0.17314877E-04   0.00000000E+00
  17.350   5.350   0.11248947E+00   0.80184761E-05   0.85867135E-05   0.67193945E-06   0.17277129E-04   0.00000000E+00
  17.367   5.367   0.11240181E+00   0.79906365E-05   0.85795800E-05   0.66955934E-06   0.17239776E-04   0.00000000E+00
  17.383   5.383   0.11231716E+00   0.79629648E-05   0.85726454E-05   0.66720174E-06   0.17202812E-04   0.00000000E+00
  17.400   5.400   0.11223548E+00   0.79354584E-05   0.85659071E-05   0.66486640E-06   0.17166232E-04   0.00000000E+00
  17.417   5.417   0.11215673E+00   0.79081148E-05   0.85593625E-05   0.66255304E-06   0.17130030E-04   0.00000000E+00
  17.433   5.433   0.11208087E+00   0.78809314E-05   0.85530088E-05   0.66026142E-06   0.17094202E-04   0.00000000E+00
  17.450   5.450   0.11200786E+00   0.78539059E-05   0.85468436E-05   0.65799127E-06   0.17058741E-04   0.00000000E+00
  17.467   5.467   0.11193767E+00   0.78270359E-05   0.85408644E-05   0.65574236E-06   0.17023643E-04   0.00000000E+00
  17.483   5.483   0.11187026E+00   0.78003188E-05   0.85350687E-05   0.65351443E-06   0.16988902E-04   0.00000000E+00
  17.500   5.500   0.11180559E+00   0.77737524E-05   0.85294540E-05   0.65130724E-06   0.16954514E-04   0.00000000E+00
  17.517   5.517   0.11174363E+00   0.77473343E-05   0.85240180E-05   0.64912056E-06   0.16920473E-04   0.00000000E+00
  17.533   5.533   0.11168435E+00   0.77210623E-05   0.85187583E-05   0.64695415E-06   0.16886775E-04   0.00000000E+00
  17.550   5.550   0.11162771E+00   0.76949340E-05   0.85136726E-05   0.64480778E-06   0.16853414E-04   0.00000000E+00
  17.567   5.567   0.11157368E+00   0.76689471E-05   0.85087585E-05   0.64268123E-06   0.16820387E-04   0.00000000E+00
  17.583   5.583   0.11152223E+00   0.76430996E-05   0.85040139E-05   0.64057427E-06   0.16787688E-04   0.00000000E+00
  17.600   5.600   0.11147332E+00   0.76173891E-05   0.84994365E-05   0.63848668E-06   0.16755312E-04   0.00000000E+00
  17.617   5.617   0.11142693E+00   0.75918135E-05   0.84950241E-05   0.63641824E-06   0.16723256E-04   0.00000000E+00
  17.633   5.633   0.11138303E+00   0.75663707E-05   0.84907746E-05   0.63436875E-06   0.16691514E-04   0.00000000E+00
  17.650   5.650   0.11134158E+00   0.75410586E-05   0.84866858E-05   0.63233799E-06   0.16660082E-04   0.00000000E+00
  17.667   5.667   0.11130255E+00   0.75158751E-05   0.84827557E-05   0.63032575E-06   0.16628957E-04   0.00000000E+00
  17.683   5.683   0.11126592E+00   0.74908180E-05   0.84789822E-05   0.62833184E-06   0.16598132E-04   0.00000000E+00
  17.700   5.700   0.11123167E+00   0.74658855E-05   0.84753632E-05   0.62635604E-06   0.16567605E-04   0.00000000E+00
  17.717   5.717   0.11119975E+00   0.74410753E-05   0.84718968E-05   0.62439817E-06   0.16537370E-04   0.00000000E+00
  17.733   5.733   0.11117014E+00   0.74163857E-05   0.84685809E-05   0.62245803E-06   0.16507425E-04   0.00000000E+00
  17.750   5.750   0.11114282E+00   0.73918145E-05   0.84654137E-05   0.62053543E-06   0.16477764E-04   0.00000000E+00
  17.767   5.767   0.11111776E+00   0.73673599E-05   0.84623931E-05   0.61863017E-06   0.16448383E-04   0.00000000E+00
  17.783   5.783   0.11109493E+00   0.73430199E-05   0.84595174E-05   0.61674208E-06   0.16419279E-04   0.00000000E+00
  17.800   5.800   0.11107432E+00   0.73187926E-05   0.84567846E-05   0.61487096E-06   0.16390448E-04   0.00000000E+00
  17.817   5.817   0.11105588E+00   0.72946761E-05   0.84541928E-05   0.61301664E-06   0.16361886E-04   0.00000000E+00
  17.833   5.833   0.11103960E+00   0.72706686E-05   0.84517404E-05   0.61117894E-06   0.16333588E-04   0.00000000E+00
  17.850   5.850   0.11102546E+00   0.72467682E-05   0.84494253E-05   0.60935768E-06   0.16305551E-04   0.00000000E+00
  17.867   5.867   0.11101342E+00   0.72229731E-05   0.84472460E-05   0.60755269E-06   0.16277772E-04   0.00000000E+00
  17.883   5.883   0.11100347E+00   0.71992815E-05   0.84452006E-05   0.60576380E-06   0.16250246E-04   0.00000000E+00
  17.900   5.900   0.11099558E+00   0.71756917E-05   0.84432875E-05   0.60399084E-06   0.16222970E-04   0.00000000E+00
  17.917   5.917   0.11098974E+00   0.71522018E-05   0.84415048E-05   0.60223364E-06   0.16195940E-04   0.00000000E+00
  17.933   5.933   0.11098590E+00   0.71288101E-05   0.84398510E-05   0.60049205E-06   0.16169153E-04   0.00000000E+00
  17.950   5.950   0.11098407E+00   0.71055149E-05   0.84383243E-05   0.59876589E-06   0.16142605E-04   0.00000000E+00
  17.967   5.967   0.11098421E+00   0.70823145E-05   0.84369232E-05   0.59705502E-06   0.16116293E-04   0.00000000E+00
  17.983   5.983   0.11098629E+00   0.70592072E-05   0.84356460E-05   0.59535927E-06   0.16090212E-04   0.00000000E+00
  18.000   6.000   0.11099031E+00   0.70361914E-05   0.84344911E-05   0.59367849E-06   0.16064361E-04   0.00000000E+00
  18.017   6.017   0.11099624E+00   0.70132654E-05   0.84334569E-05   0.59201253E-06   0.16038735E-04   0.00000000E+00
  18.033   6.033   0.11100406E+00   0.69904275E-05   0.84325419E-05   0.59036123E-06   0.16013331E-04   0.00000000E+00
  18.050   6.050   0.11101374E+00   0.69676761E-05   0.84317446E-05   0.58872445E-06   0.15988145E-04   0.00000000E+00
  18.067   6.067   0.11102528E+00   0.69450097E-05   0.84310634E-05   0.58710205E-06   0.15963175E-04   0.00000000E+00
  18.083   6.083   0.11103864E+00   0.69224266E-05   0.84304968E-05   0.58549387E-06   0.15938417E-04   0.00000000E+00
  18.100   6.100   0.11105381E+00   0.68999254E-05   0.84300434E-05   0.58389979E-06   0.15913869E-04   0.00000000E+00
  18.117   6.117   0.11107077E+00   0.68775044E-05   0.84297017E-05   0.58231964E-06   0.15889526E-04   0.00000000E+00
  18.133   6.133   0.11108951E+00   0.68551621E-05   0.84294702E-05   0.58075331E-06   0.15865386E-04   0.00000000E+00
  18.150   6.150   0.11111000E+00   0.68328970E-05   0.84293475E-05   0.57920065E-06   0.15841445E-04   0.00000000E+00
  18.167   6.167   0.11113222E+00   0.68107076E-05   0.84293323E-05   0.57766152E-06   0.15817701E-04   0.00000000E+00
  18.183   6.183   0.11115616E+00   0.67885924E-05   0.84294231E-05   0.57613581E-06   0.15794151E-04   0.00000000E+00
  18.200   6.200   0.11118180E+00   0.67665500E-05   0.84296186E-05   0.57462336E-06   0.15770792E-04   0.00000000E+00
  18.217   6.217   0.11120912E+00   0.67445789E-05   0.84299174E-05   0.57312406E-06   0.15747620E-04   0.00000000E+00
  18.233   6.233   0.11123811E+00   0.67226776E-05   0.84303181E-05   0.57163778E-06   0.15724633E-04   0.00000000E+00
  18.250   6.250   0.11126875E+00   0.67008448E-05   0.84308195E-05   0.57016439E-06   0.15701829E-04   0.00000000E+00
  18.267   6.267   0.11130101E+00   0.66790789E-05   0.84314202E-05   0.56870378E-06   0.15679203E-04   0.00000000E+00
  18.283   6.283   0.11133490E+00   0.66573787E-05   0.84321190E-05   0.56725580E-06   0.15656754E-04   0.00000000E+00
  18.300   6.300   0.11137038E+00   0.66357428E-05   0.84329145E-05   0.56582036E-06   0.15634478E-04   0.00000000E+00
  18.317   6.317   0.11140744E+00   0.66141697E-05   0.84338056E-05   0.56439732E-06   0.15612373E-04   0.00000000E+00
  18.333   6.333   0.11144607E+00   0.65926581E-05   0.84347909E-05   0.56298657E-06   0.15590436E-04   0.00000000E+00
  18.350   6.350   0.11148625E+00   0.65712067E-05   0.84358693E-05   0.56158799E-06   0.15568664E-04   0.00000000E+00
  18.367   6.367   0.11152797E+00   0.65498142E-05   0.84370395E-05   0.56020148E-06   0.15547055E-04   0.00000000E+00
  18.383   6.383   0.11157121E+00   0.65284793E-05   0.84383004E-05   0.55882691E-06   0.15525607E-04   0.00000000E+00
  18.400   6.400   0.11161595E+00   0.65072005E-05   0.84396506E-05   0.55746417E-06   0.15504315E-04   0.00000000E+00
  18.417   6.417   0.11166219E+00   0.64859768E-05   0.84410892E-05   0.55611317E-06   0.15483179E-04   0.00000000E+00
  18.433   6.433   0.11170991E+00   0.64648067E-05   0.84426149E-05   0.55477378E-06   0.15462195E-04   0.00000000E+00
  18.450   6.450   0.11175908E+00   0.64436891E-05   0.84442265E-05   0.55344590E-06   0.15441362E-04   0.00000000E+00
  18.467   6.467   0.11180971E+00   0.64226226E-05   0.84459230E-05   0.55212943E-06   0.15420675E-04   0.00000000E+00
  18.483   6.483   0.11186177E+00   0.64016061E-05   0.84477033E-05   0.55082426E-06   0.15400134E-04   0.00000000E+00
  18.500   6.500   0.11191526E+00   0.63806383E-05   0.84495662E-05   0.54953029E-06   0.15379735E-04   0.00000000E+00
  18.517   6.517   0.11197015E+00   0.63597180E-05   0.84515106E-05   0.54824741E-06   0.15359476E-04   0.00000000E+00
  18.533   6.533   0.11202644E+00   0.63388440E-05   0.84535354E-05   0.54697553E-06   0.15339355E-04   0.00000000E+00
  18.550   6.550   0.11208411E+00   0.63180152E-05   0.84556397E-05   0.54571455E-06   0.15319369E-04   0.00000000E+00
  18.567   6.567   0.11214315E+00   0.62972303E-05   0.84578224E-05   0.54446437E-06   0.15299517E-04   0.00000000E+00
  18.583   6.583   0.11220355E+00   0.62764882E-05   0.84600823E-05   0.54322490E-06   0.15279795E-04   0.00000000E+00
  18.600   6.600   0.11226529E+00   0.62557877E-05   0.84624185E-05   0.54199603E-06   0.15260202E-04   0.00000000E+00
  18.617   6.617   0.11232836E+00   0.62351277E-05   0.84648300E-05   0.54077768E-06   0.15240735E-04   0.00000000E+00
  18.633   6.633   0.11239276E+00   0.62145071E-05   0.84673158E-05   0.53956976E-06   0.15221393E-04   0.00000000E+00
  18.650   6.650   0.11245846E+00   0.61939247E-05   0.84698749E-05   0.53837216E-06   0.15202172E-04   0.00000000E+00
  18.667   6.667   0.11252546E+00   0.61733795E-05   0.84725063E-05   0.53718481E-06   0.15183071E-04   0.00000000E+00
  18.683   6.683   0.11259374E+00   0.61528703E-05   0.84752090E-05   0.53600761E-06   0.15164087E-04   0.00000000E+00
  18.700   6.700   0.11266330E+00   0.61323961E-05   0.84779820E-05   0.53484047E-06   0.15145219E-04   0.00000000E+00
  18.717   6.717   0.11273411E+00   0.61119557E-05   0.84808246E-05   0.53368331E-06   0.15126464E-04   0.00000000E+00
  18.733   6.733   0.11280618E+00   0.60915482E-05   0.84837356E-05   0.53253604E-06   0.15107820E-04   0.00000000E+00
  18.750   6.750   0.11287949E+00   0.60711724E-05   0.84867142E-05   0.53139858E-06   0.15089285E-04   0.00000000E+00
  18.767   6.767   0.11295403E+00   0.60508274E-05   0.84897595E-05   0.53027084E-06   0.15070858E-04   0.00000000E+00
  18.783   6.783   0.11302979E+00   0.60305120E-05   0.84928705E-05   0.52915274E-06   0.15052535E-04   0.00000000E+00
  18.800   6.800   0.11310675E+00   0.60102253E-05   0.84960464E-05   0.52804420E-06   0.15034316E-04   0.00000000E+00
  18.817   6.817   0.11318492E+00   0.59899663E-05   0.84992863E-05   0.52694514E-06   0.15016198E-04   0.00000000E+00
  18.833   6.833   0.11326427E+00   0.59697338E-05   0.85025894E-05   0.52585547E-06   0.14998179E-04   0.00000000E+00
  18.850   6.850   0.11334480E+00   0.59495271E-05   0.85059547E-05   0.52477513E-06   0.14980257E-04   0.00000000E+00
  18.867   6.867   0.11342650E+00   0.59293450E-05   0.85093814E-05   0.52370403E-06   0.14962430E-04   0.00000000E+00
  18.883   6.883   0.11350936E+00   0.59091866E-05   0.85128687E-05   0.52264209E-06   0.14944697E-04   0.00000000E+00
  18.900   6.900   0.11359336E+00   0.58890509E-05   0.85164157E-05   0.52158925E-06   0.14927056E-04   0.00000000E+00
  18.917   6.917   0.11367851E+00   0.58689370E-05   0.85200217E-05   0.52054542E-06   0.14909504E-04   0.00000000E+00
  18.933   6.933   0.11376478E+00   0.58488439E-05   0.85236857E-05   0.51951053E-06   0.14892040E-04   0.00000000E+00
  18.950   6.950   0.11385218E+00   0.58287707E-05   0.85274071E-05   0.51848451E-06   0.14874662E-04   0.00000000E+00
  18.967   6.967   0.11394068E+00   0.58087165E-05   0.85311850E-05   0.51746728E-06   0.14857369E-04   0.00000000E+00
  18.983   6.983   0.11403029E+00   0.57886804E-05   0.85350186E-05   0.51645878E-06   0.14840158E-04   0.00000000E+00
  19.000   7.000   0.11412100E+00   0.57686613E-05   0.85389072E-05   0.51545894E-06   0.14823027E-04   0.00000000E+00
  19.017   7.017   0.11421279E+00   0.57486585E-05   0.85428500E-05   0.51446767E-06   0.14805976E-04   0.00000000E+00
  19.033   7.033   0.11430566E+00   0.57286710E-05   0.85468462E-05   0.51348493E-06   0.14789002E-04   0.00000000E+00
  19.050   7.050   0.11439960E+00   0.57086980E-05   0.85508951E-05   0.51251063E-06   0.14772104E-04   0.00000000E+00
  19.067   7.067   0.11449460E+00   0.56887386E-05   0.85549959E-05   0.51154471E-06   0.14755279E-04   0.00000000E+00
  19.083   7.083   0.11459065E+00   0.56687919E-05   0.85591480E-05   0.51058711E-06   0.14738527E-04   0.00000000E+00
  19.100   7.100   0.11468774E+00   0.56488571E-05   0.85633505E-05   0.50963776E-06   0.14721845E-04   0.00000000E+00
  19.117   7.117   0.11478588E+00   0.56289333E-05   0.85676028E-05   0.50869659E-06   0.14705233E-04   0.00000000E+00
  19.133   7.133   0.11488504E+00   0.56090197E-05   0.85719042E-05   0.50776354E-06   0.14688687E-04   0.00000000E+00
  19.150   7.150   0.11498522E+00   0.55891154E-05   0.85762539E-05   0.50683855E-06   0.14672208E-04   0.00000000E+00
  19.167   7.167   0.11508642E+00   0.55692196E-05   0.85806514E-05   0.50592156E-06   0.14655793E-04   0.00000000E+00
  19.183   7.183   0.11518862E+00   0.55493316E-05   0.85850957E-05   0.50501249E-06   0.14639440E-04   0.00000000E+00
  19.200   7.200   0.11529183E+00   0.55294505E-05   0.85895865E-05   0.50411130E-06   0.14623148E-04   0.00000000E+00
  19.217   7.217   0.11539602E+00   0.55095755E-05   0.85941228E-05   0.50321792E-06   0.14606916E-04   0.00000000E+00
  19.233   7.233   0.11550120E+00   0.54897058E-05   0.85987041E-05   0.50233230E-06   0.14590742E-04   0.00000000E+00
  19.250   7.250   0.11560736E+00   0.54698406E-05   0.86033298E-05   0.50145436E-06   0.14574625E-04   0.00000000E+00
  19.267   7.267   0.11571450E+00   0.54499792E-05   0.86079991E-05   0.50058406E-06   0.14558562E-04   0.00000000E+00
  19.283   7.283   0.11582259E+00   0.54301208E-05   0.86127115E-05   0.49972134E-06   0.14542554E-04   0.00000000E+00
  19.300   7.300   0.11593165E+00   0.54102647E-05   0.86174663E-05   0.49886614E-06   0.14526597E-04   0.00000000E+00
  19.317   7.317   0.11604165E+00   0.53904101E-05   0.86222628E-05   0.49801840E-06   0.14510691E-04   0.00000000E+00
  19.333   7.333   0.11615260E+00   0.53705562E-05   0.86271005E-05   0.49717807E-06   0.14494835E-04   0.00000000E+00
  19.350   7.350   0.11626449E+00   0.53507023E-05   0.86319788E-05   0.49634509E-06   0.14479026E-04   0.00000000E+00
  19.367   7.367   0.11637731E+00   0.53308478E-05   0.86368969E-05   0.49551941E-06   0.14463264E-04   0.00000000E+00
  19.383   7.383   0.11649106E+00   0.53109918E-05   0.86418545E-05   0.49470098E-06   0.14447547E-04   0.00000000E+00
  19.400   7.400   0.11660573E+00   0.52911337E-05   0.86468507E-05   0.49388974E-06   0.14431874E-04   0.00000000E+00
  19.417   7.417   0.11672132E+00   0.52712728E-05   0.86518851E-05   0.49308563E-06   0.14416244E-04   0.00000000E+00
  19.433   7.433   0.11683781E+00   0.52514084E-05   0.86569571E-05   0.49228862E-06   0.14400654E-04   0.00000000E+00
  19.450   7.450   0.11695521E+00   0.52315398E-05   0.86620661E-05   0.49149864E-06   0.14385105E-04   0.00000000E+00
  19.467   7.467   0.11707350E+00   0.52116663E-05   0.86672115E-05   0.49071565E-06   0.14369593E-04   0.00000000E+00
  19.483   7.483   0.11719269E+00   0.51917873E-05   0.86723928E-05   0.48993959E-06   0.14354120E-04   0.00000000E+00
  19.500   7.500   0.11731276E+00   0.51719021E-05   0.86776094E-05   0.48917041E-06   0.14338682E-04   0.00000000E+00
  19.517   7.517   0.11743371E+00   0.51520100E-05   0.86828607E-05   0.48840808E-06   0.14323279E-04   0.00000000E+00
  19.533   7.533   0.11755554E+00   0.51321104E-05   0.86881462E-05   0.48765253E-06   0.14307909E-04   0.00000000E+00
  19.550   7.550   0.11767824E+00   0.51122026E-05   0.86934654E-05   0.48690372E-06   0.14292572E-04   0.00000000E+00
  19.567   7.567   0.11780181E+00   0.50922861E-05   0.86988177E-05   0.48616160E-06   0.14277265E-04   0.00000000E+00
  19.583   7.583   0.11792623E+00   0.50723602E-05   0.87042026E-05   0.48542613E-06   0.14261989E-04   0.00000000E+00
  19.600   7.600   0.11805152E+00   0.50524243E-05   0.87096196E-05   0.48469725E-06   0.14246741E-04   0.00000000E+00
  19.617   7.617   0.11817765E+00   0.50324778E-05   0.87150681E-05   0.48397493E-06   0.14231521E-04   0.00000000E+00
  19.633   7.633   0.11830462E+00   0.50125201E-05   0.87205477E-05   0.48325912E-06   0.14216327E-04   0.00000000E+00
  19.650   7.650   0.11843244E+00   0.49925506E-05   0.87260577E-05   0.48254976E-06   0.14201158E-04   0.00000000E+00
  19.667   7.667   0.11856110E+00   0.49725687E-05   0.87315978E-05   0.48184683E-06   0.14186013E-04   0.00000000E+00
  19.683   7.683   0.11869058E+00   0.49525738E-05   0.87371674E-05   0.48115027E-06   0.14170891E-04   0.00000000E+00
  19.700   7.700   0.11882090E+00   0.49325655E-05   0.87427660E-05   0.48046004E-06   0.14155791E-04   0.00000000E+00
  19.717   7.717   0.11895203E+00   0.49125430E-05   0.87483931E-05   0.47977610E-06   0.14140712E-04   0.00000000E+00
  19.733   7.733   0.11908399E+00   0.48925059E-05   0.87540482E-05   0.47909840E-06   0.14125653E-04   0.00000000E+00
  19.750   7.750   0.11921675E+00   0.48724537E-05   0.87597309E-05   0.47842691E-06   0.14110611E-04   0.00000000E+00
  19.767   7.767   0.11935033E+00   0.48523858E-05   0.87654406E-05   0.47776158E-06   0.14095588E-04   0.00000000E+00
  19.783   7.783   0.11948472E+00   0.48323016E-05   0.87711769E-05   0.47710237E-06   0.14080581E-04   0.00000000E+00
  19.800   7.800   0.11961990E+00   0.48122007E-05   0.87769393E-05   0.47644924E-06   0.14065589E-04   0.00000000E+00
  19.817   7.817   0.11975588E+00   0.47920825E-05   0.87827274E-05   0.47580215E-06   0.14050612E-04   0.00000000E+00
  19.833   7.833   0.11989266E+00   0.47719465E-05   0.87885406E-05   0.47516106E-06   0.14035648E-04   0.00000000E+00
  19.850   7.850   0.12003022E+00   0.47517924E-05   0.87943786E-05   0.47452593E-06   0.14020697E-04   0.00000000E+00
  19.867   7.867   0.12016857E+00   0.47316194E-05   0.88002408E-05   0.47389672E-06   0.14005757E-04   0.00000000E+00
  19.883   7.883   0.12030770E+00   0.47114273E-05   0.88061268E-05   0.47327340E-06   0.13990827E-04   0.00000000E+00
  19.900   7.900   0.12044761E+00   0.46912155E-05   0.88120361E-05   0.47265592E-06   0.13975908E-04   0.00000000E+00
  19.917   7.917   0.12058830E+00   0.46709836E-05   0.88179684E-05   0.47204425E-06   0.13960996E-04   0.00000000E+00
  19.933   7.933   0.12072975E+00   0.46507310E-05   0.88239231E-05   0.47143835E-06   0.13946092E-04   0.00000000E+00
  19.950   7.950   0.12087197E+00   0.46304575E-05   0.88298998E-05   0.47083819E-06   0.13931195E-04   0.00000000E+00
  19.967   7.967   0.12101495E+00   0.46101624E-05   0.88358980E-05   0.47024372E-06   0.13916304E-04   0.00000000E+00
  19.983   7.983   0.12115870E+00   0.45898455E-05   0.88419174E-05   0.46965492E-06   0.13901418E-04   0.00000000E+00
  20.000   8.000   0.12130320E+00   0.45695063E-05   0.88479575E-05   0.46907174E-06   0.13886536E-04   0.00000000E+00
  20.017   8.017   0.12144845E+00   0.45491444E-05   0.88540178E-05   0.46849415E-06   0.13871656E-04   0.00000000E+00
  20.033   8.033   0.12159445E+00   0.45287594E-05   0.88600980E-05   0.46792213E-06   0.13856779E-04   0.00000000E+00
  20.050   8.050   0.12174119E+00   0.45083508E-05   0.88661976E-05   0.46735562E-06   0.13841904E-04   0.00000000E+00
  20.067   8.067   0.12188868E+00   0.44879184E-05   0.88723161E-05   0.46679461E-06   0.13827029E-04   0.00000000E+00
  20.083   8.083   0.12203691E+00   0.44674618E-05   0.88784532E-05   0.46623905E-06   0.13812154E-04   0.00000000E+00
  20.100   8.100   0.12218587E+00   0.44469805E-05   0.88846085E-05   0.46568891E-06   0.13797278E-04   0.00000000E+00
  20.117   8.117   0.12233557E+00   0.44264743E-05   0.88907814E-05   0.46514416E-06   0.13782400E-04   0.00000000E+00
  20.133   8.133   0.12248599E+00   0.44059428E-05   0.88969717E-05   0.46460478E-06   0.13767519E-04   0.00000000E+00
  20.150   8.150   0.12263714E+00   0.43853856E-05   0.89031788E-05   0.46407072E-06   0.13752635E-04   0.00000000E+00
  20.167   8.167   0.12278902E+00   0.43648025E-05   0.89094024E-05   0.46354195E-06   0.13737747E-04   0.00000000E+00
  20.183   8.183   0.12294161E+00   0.43441931E-05   0.89156420E-05   0.46301845E-06   0.13722854E-04   0.00000000E+00
  20.200   8.200   0.12309492E+00   0.43235572E-05   0.89218973E-05   0.46250018E-06   0.13707955E-04   0.00000000E+00
  20.217   8.217   0.12324894E+00   0.43028944E-05   0.89281678E-05   0.46198711E-06   0.13693049E-04   0.00000000E+00
  20.233   8.233   0.12340367E+00   0.42822044E-05   0.89344532E-05   0.46147922E-06   0.13678137E-04   0.00000000E+00
  20.250   8.250   0.12355911E+00   0.42614870E-05   0.89407529E-05   0.46097648E-06   0.13663216E-04   0.00000000E+00
  20.267   8.267   0.12371526E+00   0.42407419E-05   0.89470667E-05   0.46047884E-06   0.13648287E-04   0.00000000E+00
  20.283   8.283   0.12387210E+00   0.42199689E-05   0.89533941E-05   0.45998630E-06   0.13633349E-04   0.00000000E+00
  20.300   8.300   0.12402965E+00   0.41991677E-05   0.89597346E-05   0.45949881E-06   0.13618401E-04   0.00000000E+00
  20.317   8.317   0.12418788E+00   0.41783380E-05   0.89660880E-05   0.45901636E-06   0.13603442E-04   0.00000000E+00
  20.333   8.333   0.12434681E+00   0.41574798E-05   0.89724537E-05   0.45853891E-06   0.13588472E-04   0.00000000E+00
  20.350   8.350   0.12450643E+00   0.41365926E-05   0.89788314E-05   0.45806643E-06   0.13573490E-04   0.00000000E+00
  20.367   8.367   0.12466674E+00   0.41156765E-05   0.89852207E-05   0.45759890E-06   0.13558496E-04   0.00000000E+00
  20.383   8.383   0.12482773E+00   0.40947311E-05   0.89916212E-05   0.45713630E-06   0.13543489E-04   0.00000000E+00
  20.400   8.400   0.12498939E+00   0.40737563E-05   0.89980324E-05   0.45667860E-06   0.13528467E-04   0.00000000E+00
  20.417   8.417   0.12515174E+00   0.40527519E-05   0.90044540E-05   0.45622577E-06   0.13513432E-04   0.00000000E+00
  20.433   8.433   0.12531476E+00   0.40317178E-05   0.90108856E-05   0.45577778E-06   0.13498381E-04   0.00000000E+00
  20.450   8.450   0.12547844E+00   0.40106538E-05   0.90173267E-05   0.45533462E-06   0.13483315E-04   0.00000000E+00
  20.467   8.467   0.12564280E+00   0.39895598E-05   0.90237770E-05   0.45489626E-06   0.13468233E-04   0.00000000E+00
  20.483   8.483   0.12580782E+00   0.39684357E-05   0.90302361E-05   0.45446267E-06   0.13453134E-04   0.00000000E+00
  20.500   8.500   0.12597351E+00   0.39472814E-05   0.90367035E-05   0.45403383E-06   0.13438019E-04   0.00000000E+00
  20.517   8.517   0.12613985E+00   0.39260967E-05   0.90431789E-05   0.45360973E-06   0.13422885E-04   0.00000000E+00
  20.533   8.533   0.12630684E+00   0.39048817E-05   0.90496618E-05   0.45319033E-06   0.13407734E-04   0.00000000E+00
  20.550   8.550   0.12647449E+00   0.38836361E-05   0.90561519E-05   0.45277561E-06   0.13392564E-04   0.00000000E+00
  20.567   8.567   0.12664279E+00   0.38623601E-05   0.90626486E-05   0.45236556E-06   0.13377374E-04   0.00000000E+00
  20.583   8.583   0.12681173E+00   0.38410535E-05   0.90691518E-05   0.45196015E-06   0.13362165E-04   0.00000000E+00
  20.600   8.600   0.12698132E+00   0.38197162E-05   0.90756608E-05   0.45155936E-06   0.13346936E-04   0.00000000E+00
  20.617   8.617   0.12715155E+00   0.37983484E-05   0.90821753E-05   0.45116317E-06   0.13331687E-04   0.00000000E+00
  20.633   8.633   0.12732241E+00   0.37769499E-05   0.90886950E-05   0.45077157E-06   0.13316416E-04   0.00000000E+00
  20.650   8.650   0.12749391E+00   0.37555208E-05   0.90952193E-05   0.45038452E-06   0.13301125E-04   0.00000000E+00
  20.667   8.667   0.12766603E+00   0.37340611E-05   0.91017479E-05   0.45000202E-06   0.13285811E-04   0.00000000E+00
  20.683   8.683   0.12783878E+00   0.37125709E-05   0.91082804E-05   0.44962405E-06   0.13270475E-04   0.00000000E+00
  20.700   8.700   0.12801216E+00   0.36910502E-05   0.91148163E-05   0.44925058E-06   0.13255117E-04   0.00000000E+00
  20.717   8.717   0.12818615E+00   0.36694990E-05   0.91213552E-05   0.44888160E-06   0.13239736E-04   0.00000000E+00
  20.733   8.733   0.12836076E+00   0.36479175E-05   0.91278968E-05   0.44851710E-06   0.13224331E-04   0.00000000E+00
  20.750   8.750   0.12853598E+00   0.36263057E-05   0.91344406E-05   0.44815705E-06   0.13208903E-04   0.00000000E+00
  20.767   8.767   0.12871181E+00   0.36046638E-05   0.91409861E-05   0.44780144E-06   0.13193451E-04   0.00000000E+00
  20.783   8.783   0.12888825E+00   0.35829918E-05   0.91475330E-05   0.44745026E-06   0.13177975E-04   0.00000000E+00
  20.800   8.800   0.12906529E+00   0.35612900E-05   0.91540809E-05   0.44710349E-06   0.13162474E-04   0.00000000E+00
  20.817   8.817   0.12924292E+00   0.35395584E-05   0.91606292E-05   0.44676112E-06   0.13146949E-04   0.00000000E+00
  20.833   8.833   0.12942115E+00   0.35177973E-05   0.91671776E-05   0.44642313E-06   0.13131398E-04   0.00000000E+00
  20.850   8.850   0.12959997E+00   0.34960068E-05   0.91737257E-05   0.44608951E-06   0.13115822E-04   0.00000000E+00
  20.867   8.867   0.12977938E+00   0.34741871E-05   0.91802730E-05   0.44576025E-06   0.13100220E-04   0.00000000E+00
  20.883   8.883   0.12995937E+00   0.34523385E-05   0.91868191E-05   0.44543534E-06   0.13084593E-04   0.00000000E+00
  20.900   8.900   0.13013994E+00   0.34304612E-05   0.91933635E-05   0.44511476E-06   0.13068939E-04   0.00000000E+00
  20.917   8.917   0.13032108E+00   0.34085553E-05   0.91999059E-05   0.44479850E-06   0.13053260E-04   0.00000000E+00
  20.933   8.933   0.13050280E+00   0.33866213E-05   0.92064458E-05   0.44448656E-06   0.13037554E-04   0.00000000E+00
  20.950   8.950   0.13068508E+00   0.33646594E-05   0.92129827E-05   0.44417892E-06   0.13021821E-04   0.00000000E+00
  20.967   8.967   0.13086792E+00   0.33426699E-05   0.92195162E-05   0.44387558E-06   0.13006062E-04   0.00000000E+00
