        RT(hours)           [APOH]         P_R_38           tot_loss         tot_prod
  12.017   0.017   0.55680343E-04   0.17005824E-05   0.00000000E+00   0.17005824E-05
  12.033   0.033   0.19580883E-03   0.28832241E-05   0.00000000E+00   0.28832241E-05
  12.050   0.050   0.39514143E-03   0.37006028E-05   0.00000000E+00   0.37006028E-05
  12.067   0.067   0.63496710E-03   0.42594007E-05   0.00000000E+00   0.42594007E-05
  12.083   0.083   0.90283910E-03   0.46574989E-05   0.00000000E+00   0.46574989E-05
  12.100   0.100   0.11913875E-02   0.49651831E-05   0.00000000E+00   0.49651831E-05
  12.117   0.117   0.14966007E-02   0.52256340E-05   0.00000000E+00   0.52256340E-05
  12.133   0.133   0.18164411E-02   0.54631953E-05   0.00000000E+00   0.54631953E-05
  12.150   0.150   0.21499552E-02   0.56908806E-05   0.00000000E+00   0.56908806E-05
  12.167   0.167   0.24967576E-02   0.59153714E-05   0.00000000E+00   0.59153714E-05
  12.183   0.183   0.28567491E-02   0.61399663E-05   0.00000000E+00   0.61399663E-05
  12.200   0.200   0.32299687E-02   0.63662152E-05   0.00000000E+00   0.63662152E-05
  12.217   0.217   0.36165177E-02   0.65947912E-05   0.00000000E+00   0.65947912E-05
  12.233   0.233   0.40165225E-02   0.68259407E-05   0.00000000E+00   0.68259407E-05
  12.250   0.250   0.44301166E-02   0.70597107E-05   0.00000000E+00   0.70597107E-05
  12.267   0.267   0.48574323E-02   0.72960596E-05   0.00000000E+00   0.72960596E-05
  12.283   0.283   0.52985973E-02   0.75349091E-05   0.00000000E+00   0.75349091E-05
  12.300   0.300   0.57537333E-02   0.77761683E-05   0.00000000E+00   0.77761683E-05
  12.317   0.317   0.62229556E-02   0.80197428E-05   0.00000000E+00   0.80197428E-05
  12.333   0.333   0.67063729E-02   0.82655389E-05   0.00000000E+00   0.82655389E-05
  12.350   0.350   0.72040872E-02   0.85134639E-05   0.00000000E+00   0.85134639E-05
  12.367   0.367   0.77161944E-02   0.87634268E-05   0.00000000E+00   0.87634268E-05
  12.383   0.383   0.82427839E-02   0.90153371E-05   0.00000000E+00   0.90153371E-05
  12.400   0.400   0.87839386E-02   0.92691050E-05   0.00000000E+00   0.92691050E-05
  12.417   0.417   0.93397353E-02   0.95246407E-05   0.00000000E+00   0.95246407E-05
  12.433   0.433   0.99102442E-02   0.97818540E-05   0.00000000E+00   0.97818540E-05
  12.450   0.450   0.10495529E-01   0.10040655E-04   0.00000000E+00   0.10040655E-04
  12.467   0.467   0.11095648E-01   0.10300952E-04   0.00000000E+00   0.10300952E-04
  12.483   0.483   0.11710651E-01   0.10562653E-04   0.00000000E+00   0.10562653E-04
  12.500   0.500   0.12340584E-01   0.10825667E-04   0.00000000E+00   0.10825667E-04
  12.517   0.517   0.12985483E-01   0.11089901E-04   0.00000000E+00   0.11089901E-04
  12.533   0.533   0.13645380E-01   0.11355259E-04   0.00000000E+00   0.11355259E-04
  12.550   0.550   0.14320300E-01   0.11621647E-04   0.00000000E+00   0.11621647E-04
  12.567   0.567   0.15010260E-01   0.11888970E-04   0.00000000E+00   0.11888970E-04
  12.583   0.583   0.15715270E-01   0.12157128E-04   0.00000000E+00   0.12157128E-04
  12.600   0.600   0.16435335E-01   0.12426025E-04   0.00000000E+00   0.12426025E-04
  12.617   0.617   0.17170450E-01   0.12695561E-04   0.00000000E+00   0.12695561E-04
  12.633   0.633   0.17920606E-01   0.12965634E-04   0.00000000E+00   0.12965634E-04
  12.650   0.650   0.18685785E-01   0.13236143E-04   0.00000000E+00   0.13236143E-04
  12.667   0.667   0.19465962E-01   0.13506984E-04   0.00000000E+00   0.13506984E-04
  12.683   0.683   0.20261103E-01   0.13778051E-04   0.00000000E+00   0.13778051E-04
  12.700   0.700   0.21071169E-01   0.14049239E-04   0.00000000E+00   0.14049239E-04
  12.717   0.717   0.21896112E-01   0.14320439E-04   0.00000000E+00   0.14320439E-04
  12.733   0.733   0.22735877E-01   0.14591542E-04   0.00000000E+00   0.14591542E-04
  12.750   0.750   0.23590400E-01   0.14862436E-04   0.00000000E+00   0.14862436E-04
  12.767   0.767   0.24459609E-01   0.15133009E-04   0.00000000E+00   0.15133009E-04
  12.783   0.783   0.25343425E-01   0.15403145E-04   0.00000000E+00   0.15403145E-04
  12.800   0.800   0.26241760E-01   0.15672729E-04   0.00000000E+00   0.15672729E-04
  12.817   0.817   0.27154519E-01   0.15941643E-04   0.00000000E+00   0.15941643E-04
  12.833   0.833   0.28081596E-01   0.16209767E-04   0.00000000E+00   0.16209767E-04
  12.850   0.850   0.29022878E-01   0.16476979E-04   0.00000000E+00   0.16476979E-04
  12.867   0.867   0.29978244E-01   0.16743158E-04   0.00000000E+00   0.16743158E-04
  12.883   0.883   0.30947562E-01   0.17008179E-04   0.00000000E+00   0.17008179E-04
  12.900   0.900   0.31930694E-01   0.17271915E-04   0.00000000E+00   0.17271915E-04
  12.917   0.917   0.32927491E-01   0.17534239E-04   0.00000000E+00   0.17534239E-04
  12.933   0.933   0.33937794E-01   0.17795022E-04   0.00000000E+00   0.17795022E-04
  12.950   0.950   0.34961437E-01   0.18054134E-04   0.00000000E+00   0.18054134E-04
  12.967   0.967   0.35998245E-01   0.18311442E-04   0.00000000E+00   0.18311442E-04
  12.983   0.983   0.37048030E-01   0.18566815E-04   0.00000000E+00   0.18566815E-04
  13.000   1.000   0.38110597E-01   0.18820118E-04   0.00000000E+00   0.18820118E-04
  13.017   1.017   0.39185743E-01   0.19071217E-04   0.00000000E+00   0.19071217E-04
  13.033   1.033   0.40273253E-01   0.19319977E-04   0.00000000E+00   0.19319977E-04
  13.050   1.050   0.41372902E-01   0.19566261E-04   0.00000000E+00   0.19566261E-04
  13.067   1.067   0.42484457E-01   0.19809932E-04   0.00000000E+00   0.19809932E-04
  13.083   1.083   0.43607673E-01   0.20050855E-04   0.00000000E+00   0.20050855E-04
  13.100   1.100   0.44742299E-01   0.20288893E-04   0.00000000E+00   0.20288893E-04
  13.117   1.117   0.45888070E-01   0.20523908E-04   0.00000000E+00   0.20523908E-04
  13.133   1.133   0.47044714E-01   0.20755766E-04   0.00000000E+00   0.20755766E-04
  13.150   1.150   0.48211947E-01   0.20984330E-04   0.00000000E+00   0.20984330E-04
  13.167   1.167   0.49389477E-01   0.21209466E-04   0.00000000E+00   0.21209466E-04
  13.183   1.183   0.50577002E-01   0.21431041E-04   0.00000000E+00   0.21431041E-04
  13.200   1.200   0.51774210E-01   0.21648923E-04   0.00000000E+00   0.21648923E-04
  13.217   1.217   0.52980780E-01   0.21862982E-04   0.00000000E+00   0.21862982E-04
  13.233   1.233   0.54196380E-01   0.22073088E-04   0.00000000E+00   0.22073088E-04
  13.250   1.250   0.55420670E-01   0.22279116E-04   0.00000000E+00   0.22279116E-04
  13.267   1.267   0.56653300E-01   0.22480942E-04   0.00000000E+00   0.22480942E-04
  13.283   1.283   0.57893912E-01   0.22678445E-04   0.00000000E+00   0.22678445E-04
  13.300   1.300   0.59142138E-01   0.22871508E-04   0.00000000E+00   0.22871508E-04
  13.317   1.317   0.60397601E-01   0.23060014E-04   0.00000000E+00   0.23060014E-04
  13.333   1.333   0.61659916E-01   0.23243853E-04   0.00000000E+00   0.23243853E-04
  13.350   1.350   0.62928690E-01   0.23422917E-04   0.00000000E+00   0.23422917E-04
  13.367   1.367   0.64203521E-01   0.23597102E-04   0.00000000E+00   0.23597102E-04
  13.383   1.383   0.65484000E-01   0.23766310E-04   0.00000000E+00   0.23766310E-04
  13.400   1.400   0.66769708E-01   0.23930446E-04   0.00000000E+00   0.23930446E-04
  13.417   1.417   0.68060221E-01   0.24089419E-04   0.00000000E+00   0.24089419E-04
  13.433   1.433   0.69355107E-01   0.24243143E-04   0.00000000E+00   0.24243143E-04
  13.450   1.450   0.70653926E-01   0.24391539E-04   0.00000000E+00   0.24391539E-04
  13.467   1.467   0.71956234E-01   0.24534531E-04   0.00000000E+00   0.24534531E-04
  13.483   1.483   0.73261578E-01   0.24672049E-04   0.00000000E+00   0.24672049E-04
  13.500   1.500   0.74569500E-01   0.24804029E-04   0.00000000E+00   0.24804029E-04
  13.517   1.517   0.75879536E-01   0.24930412E-04   0.00000000E+00   0.24930412E-04
  13.533   1.533   0.77191218E-01   0.25051144E-04   0.00000000E+00   0.25051144E-04
  13.550   1.550   0.78504071E-01   0.25166179E-04   0.00000000E+00   0.25166179E-04
  13.567   1.567   0.79817616E-01   0.25275475E-04   0.00000000E+00   0.25275475E-04
  13.583   1.583   0.81131369E-01   0.25378995E-04   0.00000000E+00   0.25378995E-04
  13.600   1.600   0.82444843E-01   0.25476710E-04   0.00000000E+00   0.25476710E-04
  13.617   1.617   0.83757548E-01   0.25568595E-04   0.00000000E+00   0.25568595E-04
  13.633   1.633   0.85068988E-01   0.25654631E-04   0.00000000E+00   0.25654631E-04
  13.650   1.650   0.86378665E-01   0.25734807E-04   0.00000000E+00   0.25734807E-04
  13.667   1.667   0.87686080E-01   0.25809115E-04   0.00000000E+00   0.25809115E-04
  13.683   1.683   0.88990729E-01   0.25877555E-04   0.00000000E+00   0.25877555E-04
  13.700   1.700   0.90292107E-01   0.25940129E-04   0.00000000E+00   0.25940129E-04
  13.717   1.717   0.91589707E-01   0.25996848E-04   0.00000000E+00   0.25996848E-04
  13.733   1.733   0.92883022E-01   0.26047727E-04   0.00000000E+00   0.26047727E-04
  13.750   1.750   0.94171542E-01   0.26092786E-04   0.00000000E+00   0.26092786E-04
  13.767   1.767   0.95454757E-01   0.26132050E-04   0.00000000E+00   0.26132050E-04
  13.783   1.783   0.96732156E-01   0.26165551E-04   0.00000000E+00   0.26165551E-04
  13.800   1.800   0.98003228E-01   0.26193322E-04   0.00000000E+00   0.26193322E-04
  13.817   1.817   0.99267464E-01   0.26215404E-04   0.00000000E+00   0.26215404E-04
  13.833   1.833   0.10052435E+00   0.26231842E-04   0.00000000E+00   0.26231842E-04
  13.850   1.850   0.10177338E+00   0.26242682E-04   0.00000000E+00   0.26242682E-04
  13.867   1.867   0.10301405E+00   0.26247979E-04   0.00000000E+00   0.26247979E-04
  13.883   1.883   0.10424584E+00   0.26247788E-04   0.00000000E+00   0.26247788E-04
  13.900   1.900   0.10546826E+00   0.26242170E-04   0.00000000E+00   0.26242170E-04
  13.917   1.917   0.10668079E+00   0.26231190E-04   0.00000000E+00   0.26231190E-04
  13.933   1.933   0.10788294E+00   0.26214913E-04   0.00000000E+00   0.26214913E-04
  13.950   1.950   0.10907421E+00   0.26193412E-04   0.00000000E+00   0.26193412E-04
  13.967   1.967   0.11025409E+00   0.26166759E-04   0.00000000E+00   0.26166759E-04
  13.983   1.983   0.11142211E+00   0.26135031E-04   0.00000000E+00   0.26135031E-04
  14.000   2.000   0.11257776E+00   0.26098308E-04   0.00000000E+00   0.26098308E-04
  14.017   2.017   0.11372048E+00   0.26056874E-04   0.00000000E+00   0.26056874E-04
  14.033   2.033   0.11484936E+00   0.26010854E-04   0.00000000E+00   0.26010854E-04
  14.050   2.050   0.11596341E+00   0.25960187E-04   0.00000000E+00   0.25960187E-04
  14.067   2.067   0.11706165E+00   0.25904859E-04   0.00000000E+00   0.25904859E-04
  14.083   2.083   0.11814311E+00   0.25844881E-04   0.00000000E+00   0.25844881E-04
  14.100   2.100   0.11920686E+00   0.25780274E-04   0.00000000E+00   0.25780274E-04
  14.117   2.117   0.12025193E+00   0.25711069E-04   0.00000000E+00   0.25711069E-04
  14.133   2.133   0.12127739E+00   0.25637300E-04   0.00000000E+00   0.25637300E-04
  14.150   2.150   0.12228233E+00   0.25559004E-04   0.00000000E+00   0.25559004E-04
  14.167   2.167   0.12326582E+00   0.25476223E-04   0.00000000E+00   0.25476223E-04
  14.183   2.183   0.12422695E+00   0.25388999E-04   0.00000000E+00   0.25388999E-04
  14.200   2.200   0.12516483E+00   0.25297380E-04   0.00000000E+00   0.25297380E-04
  14.217   2.217   0.12607856E+00   0.25201413E-04   0.00000000E+00   0.25201413E-04
  14.233   2.233   0.12696727E+00   0.25101151E-04   0.00000000E+00   0.25101151E-04
  14.250   2.250   0.12783008E+00   0.24996648E-04   0.00000000E+00   0.24996648E-04
  14.267   2.267   0.12866614E+00   0.24887961E-04   0.00000000E+00   0.24887961E-04
  14.283   2.283   0.12947461E+00   0.24775151E-04   0.00000000E+00   0.24775151E-04
  14.300   2.300   0.13025466E+00   0.24658282E-04   0.00000000E+00   0.24658282E-04
  14.317   2.317   0.13100548E+00   0.24537422E-04   0.00000000E+00   0.24537422E-04
  14.333   2.333   0.13172629E+00   0.24412643E-04   0.00000000E+00   0.24412643E-04
  14.350   2.350   0.13241633E+00   0.24284020E-04   0.00000000E+00   0.24284020E-04
  14.367   2.367   0.13307487E+00   0.24151633E-04   0.00000000E+00   0.24151633E-04
  14.383   2.383   0.13370120E+00   0.24015568E-04   0.00000000E+00   0.24015568E-04
  14.400   2.400   0.13429466E+00   0.23875916E-04   0.00000000E+00   0.23875916E-04
  14.417   2.417   0.13485465E+00   0.23732772E-04   0.00000000E+00   0.23732772E-04
  14.433   2.433   0.13538058E+00   0.23586239E-04   0.00000000E+00   0.23586239E-04
  14.450   2.450   0.13587194E+00   0.23436425E-04   0.00000000E+00   0.23436425E-04
  14.467   2.467   0.13632828E+00   0.23283444E-04   0.00000000E+00   0.23283444E-04
  14.483   2.483   0.13674922E+00   0.23127419E-04   0.00000000E+00   0.23127419E-04
  14.500   2.500   0.13713445E+00   0.22968480E-04   0.00000000E+00   0.22968480E-04
  14.517   2.517   0.13748373E+00   0.22806764E-04   0.00000000E+00   0.22806764E-04
  14.533   2.533   0.13779694E+00   0.22642415E-04   0.00000000E+00   0.22642415E-04
  14.550   2.550   0.13807404E+00   0.22475587E-04   0.00000000E+00   0.22475587E-04
  14.567   2.567   0.13831509E+00   0.22306442E-04   0.00000000E+00   0.22306442E-04
  14.583   2.583   0.13852027E+00   0.22135148E-04   0.00000000E+00   0.22135148E-04
  14.600   2.600   0.13868989E+00   0.21961882E-04   0.00000000E+00   0.21961882E-04
  14.617   2.617   0.13882435E+00   0.21786831E-04   0.00000000E+00   0.21786831E-04
  14.633   2.633   0.13892421E+00   0.21610185E-04   0.00000000E+00   0.21610185E-04
  14.650   2.650   0.13899013E+00   0.21432142E-04   0.00000000E+00   0.21432142E-04
  14.667   2.667   0.13902293E+00   0.21252908E-04   0.00000000E+00   0.21252908E-04
  14.683   2.683   0.13902353E+00   0.21072691E-04   0.00000000E+00   0.21072691E-04
  14.700   2.700   0.13899298E+00   0.20891703E-04   0.00000000E+00   0.20891703E-04
  14.717   2.717   0.13893246E+00   0.20710159E-04   0.00000000E+00   0.20710159E-04
  14.733   2.733   0.13884326E+00   0.20528276E-04   0.00000000E+00   0.20528276E-04
  14.750   2.750   0.13872677E+00   0.20346267E-04   0.00000000E+00   0.20346267E-04
  14.767   2.767   0.13858446E+00   0.20164347E-04   0.00000000E+00   0.20164347E-04
  14.783   2.783   0.13841789E+00   0.19982725E-04   0.00000000E+00   0.19982725E-04
  14.800   2.800   0.13822869E+00   0.19801605E-04   0.00000000E+00   0.19801605E-04
  14.817   2.817   0.13801851E+00   0.19621184E-04   0.00000000E+00   0.19621184E-04
  14.833   2.833   0.13778907E+00   0.19441652E-04   0.00000000E+00   0.19441652E-04
  14.850   2.850   0.13754207E+00   0.19263188E-04   0.00000000E+00   0.19263188E-04
  14.867   2.867   0.13727923E+00   0.19085960E-04   0.00000000E+00   0.19085960E-04
  14.883   2.883   0.13700225E+00   0.18910127E-04   0.00000000E+00   0.18910127E-04
  14.900   2.900   0.13671280E+00   0.18735832E-04   0.00000000E+00   0.18735832E-04
  14.917   2.917   0.13641249E+00   0.18563208E-04   0.00000000E+00   0.18563208E-04
  14.933   2.933   0.13610290E+00   0.18392374E-04   0.00000000E+00   0.18392374E-04
  14.950   2.950   0.13578552E+00   0.18223434E-04   0.00000000E+00   0.18223434E-04
  14.967   2.967   0.13546178E+00   0.18056480E-04   0.00000000E+00   0.18056480E-04
  14.983   2.983   0.13513303E+00   0.17891593E-04   0.00000000E+00   0.17891593E-04
  15.000   3.000   0.13480053E+00   0.17728838E-04   0.00000000E+00   0.17728838E-04
  15.017   3.017   0.13446544E+00   0.17568270E-04   0.00000000E+00   0.17568270E-04
  15.033   3.033   0.13412886E+00   0.17409932E-04   0.00000000E+00   0.17409932E-04
  15.050   3.050   0.13379177E+00   0.17253856E-04   0.00000000E+00   0.17253856E-04
  15.067   3.067   0.13345507E+00   0.17100066E-04   0.00000000E+00   0.17100066E-04
  15.083   3.083   0.13311959E+00   0.16948574E-04   0.00000000E+00   0.16948574E-04
  15.100   3.100   0.13278606E+00   0.16799387E-04   0.00000000E+00   0.16799387E-04
  15.117   3.117   0.13245514E+00   0.16652503E-04   0.00000000E+00   0.16652503E-04
  15.133   3.133   0.13212739E+00   0.16507913E-04   0.00000000E+00   0.16507913E-04
  15.150   3.150   0.13180334E+00   0.16365604E-04   0.00000000E+00   0.16365604E-04
  15.167   3.167   0.13148342E+00   0.16225555E-04   0.00000000E+00   0.16225555E-04
  15.183   3.183   0.13116802E+00   0.16087745E-04   0.00000000E+00   0.16087745E-04
  15.200   3.200   0.13085747E+00   0.15952145E-04   0.00000000E+00   0.15952145E-04
  15.217   3.217   0.13055202E+00   0.15818725E-04   0.00000000E+00   0.15818725E-04
  15.233   3.233   0.13025192E+00   0.15687452E-04   0.00000000E+00   0.15687452E-04
  15.250   3.250   0.12995734E+00   0.15558292E-04   0.00000000E+00   0.15558292E-04
  15.267   3.267   0.12966843E+00   0.15431207E-04   0.00000000E+00   0.15431207E-04
  15.283   3.283   0.12938531E+00   0.15306160E-04   0.00000000E+00   0.15306160E-04
  15.300   3.300   0.12910804E+00   0.15183112E-04   0.00000000E+00   0.15183112E-04
  15.317   3.317   0.12883669E+00   0.15062023E-04   0.00000000E+00   0.15062023E-04
  15.333   3.333   0.12857128E+00   0.14942853E-04   0.00000000E+00   0.14942853E-04
  15.350   3.350   0.12831181E+00   0.14825563E-04   0.00000000E+00   0.14825563E-04
  15.367   3.367   0.12805828E+00   0.14710112E-04   0.00000000E+00   0.14710112E-04
  15.383   3.383   0.12781066E+00   0.14596461E-04   0.00000000E+00   0.14596461E-04
  15.400   3.400   0.12756891E+00   0.14484570E-04   0.00000000E+00   0.14484570E-04
  15.417   3.417   0.12733296E+00   0.14374400E-04   0.00000000E+00   0.14374400E-04
  15.433   3.433   0.12710277E+00   0.14265913E-04   0.00000000E+00   0.14265913E-04
  15.450   3.450   0.12687824E+00   0.14159070E-04   0.00000000E+00   0.14159070E-04
  15.467   3.467   0.12665930E+00   0.14053835E-04   0.00000000E+00   0.14053835E-04
  15.483   3.483   0.12644587E+00   0.13950172E-04   0.00000000E+00   0.13950172E-04
  15.500   3.500   0.12623784E+00   0.13848044E-04   0.00000000E+00   0.13848044E-04
  15.517   3.517   0.12603513E+00   0.13747418E-04   0.00000000E+00   0.13747418E-04
  15.533   3.533   0.12583763E+00   0.13648259E-04   0.00000000E+00   0.13648259E-04
  15.550   3.550   0.12564525E+00   0.13550534E-04   0.00000000E+00   0.13550534E-04
  15.567   3.567   0.12545787E+00   0.13454212E-04   0.00000000E+00   0.13454212E-04
  15.583   3.583   0.12527540E+00   0.13359260E-04   0.00000000E+00   0.13359260E-04
  15.600   3.600   0.12509772E+00   0.13265649E-04   0.00000000E+00   0.13265649E-04
  15.617   3.617   0.12492474E+00   0.13173348E-04   0.00000000E+00   0.13173348E-04
  15.633   3.633   0.12475635E+00   0.13082330E-04   0.00000000E+00   0.13082330E-04
  15.650   3.650   0.12459243E+00   0.12992565E-04   0.00000000E+00   0.12992565E-04
  15.667   3.667   0.12443290E+00   0.12904027E-04   0.00000000E+00   0.12904027E-04
  15.683   3.683   0.12427765E+00   0.12816690E-04   0.00000000E+00   0.12816690E-04
  15.700   3.700   0.12412657E+00   0.12730528E-04   0.00000000E+00   0.12730528E-04
  15.717   3.717   0.12397957E+00   0.12645516E-04   0.00000000E+00   0.12645516E-04
  15.733   3.733   0.12383655E+00   0.12561629E-04   0.00000000E+00   0.12561629E-04
  15.750   3.750   0.12369741E+00   0.12478846E-04   0.00000000E+00   0.12478846E-04
  15.767   3.767   0.12356206E+00   0.12397142E-04   0.00000000E+00   0.12397142E-04
  15.783   3.783   0.12343040E+00   0.12316495E-04   0.00000000E+00   0.12316495E-04
  15.800   3.800   0.12330236E+00   0.12236885E-04   0.00000000E+00   0.12236885E-04
  15.817   3.817   0.12317783E+00   0.12158291E-04   0.00000000E+00   0.12158291E-04
  15.833   3.833   0.12305674E+00   0.12080692E-04   0.00000000E+00   0.12080692E-04
  15.850   3.850   0.12293899E+00   0.12004069E-04   0.00000000E+00   0.12004069E-04
  15.867   3.867   0.12282452E+00   0.11928402E-04   0.00000000E+00   0.11928402E-04
  15.883   3.883   0.12271323E+00   0.11853673E-04   0.00000000E+00   0.11853673E-04
  15.900   3.900   0.12260506E+00   0.11779865E-04   0.00000000E+00   0.11779865E-04
  15.917   3.917   0.12249992E+00   0.11706959E-04   0.00000000E+00   0.11706959E-04
  15.933   3.933   0.12239774E+00   0.11634939E-04   0.00000000E+00   0.11634939E-04
  15.950   3.950   0.12229846E+00   0.11563788E-04   0.00000000E+00   0.11563788E-04
  15.967   3.967   0.12220200E+00   0.11493490E-04   0.00000000E+00   0.11493490E-04
  15.983   3.983   0.12210830E+00   0.11424029E-04   0.00000000E+00   0.11424029E-04
  16.000   4.000   0.12201729E+00   0.11355391E-04   0.00000000E+00   0.11355391E-04
  16.017   4.017   0.12192892E+00   0.11287441E-04   0.00000000E+00   0.11287441E-04
  16.033   4.033   0.12184316E+00   0.11220065E-04   0.00000000E+00   0.11220065E-04
  16.050   4.050   0.12175999E+00   0.11153268E-04   0.00000000E+00   0.11153268E-04
  16.067   4.067   0.12167938E+00   0.11087057E-04   0.00000000E+00   0.11087057E-04
  16.083   4.083   0.12160131E+00   0.11021437E-04   0.00000000E+00   0.11021437E-04
  16.100   4.100   0.12152574E+00   0.10956412E-04   0.00000000E+00   0.10956412E-04
  16.117   4.117   0.12145263E+00   0.10891983E-04   0.00000000E+00   0.10891983E-04
  16.133   4.133   0.12138195E+00   0.10828153E-04   0.00000000E+00   0.10828153E-04
  16.150   4.150   0.12131365E+00   0.10764922E-04   0.00000000E+00   0.10764922E-04
  16.167   4.167   0.12127748E+00   0.10703155E-04   0.00000000E+00   0.10703155E-04
  16.183   4.183   0.12129741E+00   0.10644080E-04   0.00000000E+00   0.10644080E-04
  16.200   4.200   0.12135862E+00   0.10587262E-04   0.00000000E+00   0.10587262E-04
  16.217   4.217   0.12145150E+00   0.10532274E-04   0.00000000E+00   0.10532274E-04
  16.233   4.233   0.12156942E+00   0.10478811E-04   0.00000000E+00   0.10478811E-04
  16.250   4.250   0.12170764E+00   0.10426653E-04   0.00000000E+00   0.10426653E-04
  16.267   4.267   0.12186258E+00   0.10375636E-04   0.00000000E+00   0.10375636E-04
  16.283   4.283   0.12203149E+00   0.10325631E-04   0.00000000E+00   0.10325631E-04
  16.300   4.300   0.12221221E+00   0.10276539E-04   0.00000000E+00   0.10276539E-04
  16.317   4.317   0.12240301E+00   0.10228280E-04   0.00000000E+00   0.10228280E-04
  16.333   4.333   0.12260245E+00   0.10180787E-04   0.00000000E+00   0.10180787E-04
  16.350   4.350   0.12280936E+00   0.10134005E-04   0.00000000E+00   0.10134005E-04
  16.367   4.367   0.12302275E+00   0.10087889E-04   0.00000000E+00   0.10087889E-04
  16.383   4.383   0.12324178E+00   0.10042400E-04   0.00000000E+00   0.10042400E-04
  16.400   4.400   0.12346574E+00   0.99975024E-05   0.00000000E+00   0.99975024E-05
  16.417   4.417   0.12369401E+00   0.99531675E-05   0.00000000E+00   0.99531675E-05
  16.433   4.433   0.12392607E+00   0.99093693E-05   0.00000000E+00   0.99093693E-05
  16.450   4.450   0.12416143E+00   0.98660846E-05   0.00000000E+00   0.98660846E-05
  16.467   4.467   0.12439970E+00   0.98232928E-05   0.00000000E+00   0.98232928E-05
  16.483   4.483   0.12464050E+00   0.97809753E-05   0.00000000E+00   0.97809753E-05
  16.500   4.500   0.12488353E+00   0.97391154E-05   0.00000000E+00   0.97391154E-05
  16.517   4.517   0.12512849E+00   0.96976979E-05   0.00000000E+00   0.96976979E-05
  16.533   4.533   0.12537514E+00   0.96567086E-05   0.00000000E+00   0.96567086E-05
  16.550   4.550   0.12562323E+00   0.96161348E-05   0.00000000E+00   0.96161348E-05
  16.567   4.567   0.12587258E+00   0.95759646E-05   0.00000000E+00   0.95759646E-05
  16.583   4.583   0.12612299E+00   0.95361868E-05   0.00000000E+00   0.95361868E-05
  16.600   4.600   0.12637430E+00   0.94967912E-05   0.00000000E+00   0.94967912E-05
  16.617   4.617   0.12662635E+00   0.94577682E-05   0.00000000E+00   0.94577682E-05
  16.633   4.633   0.12687901E+00   0.94191087E-05   0.00000000E+00   0.94191087E-05
  16.650   4.650   0.12713216E+00   0.93808042E-05   0.00000000E+00   0.93808042E-05
  16.667   4.667   0.12738567E+00   0.93428465E-05   0.00000000E+00   0.93428465E-05
  16.683   4.683   0.12763945E+00   0.93052282E-05   0.00000000E+00   0.93052282E-05
  16.700   4.700   0.12789341E+00   0.92679419E-05   0.00000000E+00   0.92679419E-05
  16.717   4.717   0.12814745E+00   0.92309807E-05   0.00000000E+00   0.92309807E-05
  16.733   4.733   0.12840150E+00   0.91943380E-05   0.00000000E+00   0.91943380E-05
  16.750   4.750   0.12865548E+00   0.91580075E-05   0.00000000E+00   0.91580075E-05
  16.767   4.767   0.12890933E+00   0.91219831E-05   0.00000000E+00   0.91219831E-05
  16.783   4.783   0.12916299E+00   0.90862591E-05   0.00000000E+00   0.90862591E-05
  16.800   4.800   0.12941640E+00   0.90508297E-05   0.00000000E+00   0.90508297E-05
  16.817   4.817   0.12966951E+00   0.90156897E-05   0.00000000E+00   0.90156897E-05
  16.833   4.833   0.12992227E+00   0.89808338E-05   0.00000000E+00   0.89808338E-05
  16.850   4.850   0.13017464E+00   0.89462569E-05   0.00000000E+00   0.89462569E-05
  16.867   4.867   0.13042658E+00   0.89119542E-05   0.00000000E+00   0.89119542E-05
  16.883   4.883   0.13067806E+00   0.88779210E-05   0.00000000E+00   0.88779210E-05
  16.900   4.900   0.13092904E+00   0.88441527E-05   0.00000000E+00   0.88441527E-05
  16.917   4.917   0.13117948E+00   0.88106448E-05   0.00000000E+00   0.88106448E-05
  16.933   4.933   0.13142937E+00   0.87773929E-05   0.00000000E+00   0.87773929E-05
  16.950   4.950   0.13167867E+00   0.87443930E-05   0.00000000E+00   0.87443930E-05
  16.967   4.967   0.13192736E+00   0.87116407E-05   0.00000000E+00   0.87116407E-05
  16.983   4.983   0.13217543E+00   0.86791322E-05   0.00000000E+00   0.86791322E-05
  17.000   5.000   0.13242284E+00   0.86468635E-05   0.00000000E+00   0.86468635E-05
  17.017   5.017   0.13266959E+00   0.86148308E-05   0.00000000E+00   0.86148308E-05
  17.033   5.033   0.13291566E+00   0.85830303E-05   0.00000000E+00   0.85830303E-05
  17.050   5.050   0.13316102E+00   0.85514584E-05   0.00000000E+00   0.85514584E-05
  17.067   5.067   0.13340568E+00   0.85201115E-05   0.00000000E+00   0.85201115E-05
  17.083   5.083   0.13364961E+00   0.84889860E-05   0.00000000E+00   0.84889860E-05
  17.100   5.100   0.13389281E+00   0.84580786E-05   0.00000000E+00   0.84580786E-05
  17.117   5.117   0.13413526E+00   0.84273859E-05   0.00000000E+00   0.84273859E-05
  17.133   5.133   0.13437696E+00   0.83969046E-05   0.00000000E+00   0.83969046E-05
  17.150   5.150   0.13461790E+00   0.83666313E-05   0.00000000E+00   0.83666313E-05
  17.167   5.167   0.13485807E+00   0.83365630E-05   0.00000000E+00   0.83365630E-05
  17.183   5.183   0.13509747E+00   0.83066965E-05   0.00000000E+00   0.83066965E-05
  17.200   5.200   0.13533610E+00   0.82770286E-05   0.00000000E+00   0.82770286E-05
  17.217   5.217   0.13557394E+00   0.82475565E-05   0.00000000E+00   0.82475565E-05
  17.233   5.233   0.13581100E+00   0.82182771E-05   0.00000000E+00   0.82182771E-05
  17.250   5.250   0.13604726E+00   0.81891874E-05   0.00000000E+00   0.81891874E-05
  17.267   5.267   0.13628274E+00   0.81602846E-05   0.00000000E+00   0.81602846E-05
  17.283   5.283   0.13651743E+00   0.81315659E-05   0.00000000E+00   0.81315659E-05
  17.300   5.300   0.13675132E+00   0.81030284E-05   0.00000000E+00   0.81030284E-05
  17.317   5.317   0.13698442E+00   0.80746694E-05   0.00000000E+00   0.80746694E-05
  17.333   5.333   0.13721673E+00   0.80464862E-05   0.00000000E+00   0.80464862E-05
  17.350   5.350   0.13744824E+00   0.80184761E-05   0.00000000E+00   0.80184761E-05
  17.367   5.367   0.13767897E+00   0.79906365E-05   0.00000000E+00   0.79906365E-05
  17.383   5.383   0.13790890E+00   0.79629648E-05   0.00000000E+00   0.79629648E-05
  17.400   5.400   0.13813804E+00   0.79354584E-05   0.00000000E+00   0.79354584E-05
  17.417   5.417   0.13836640E+00   0.79081148E-05   0.00000000E+00   0.79081148E-05
  17.433   5.433   0.13859397E+00   0.78809314E-05   0.00000000E+00   0.78809314E-05
  17.450   5.450   0.13882075E+00   0.78539059E-05   0.00000000E+00   0.78539059E-05
  17.467   5.467   0.13904676E+00   0.78270359E-05   0.00000000E+00   0.78270359E-05
  17.483   5.483   0.13927200E+00   0.78003188E-05   0.00000000E+00   0.78003188E-05
  17.500   5.500   0.13949646E+00   0.77737524E-05   0.00000000E+00   0.77737524E-05
  17.517   5.517   0.13972015E+00   0.77473343E-05   0.00000000E+00   0.77473343E-05
  17.533   5.533   0.13994308E+00   0.77210623E-05   0.00000000E+00   0.77210623E-05
  17.550   5.550   0.14016524E+00   0.76949340E-05   0.00000000E+00   0.76949340E-05
  17.567   5.567   0.14038665E+00   0.76689471E-05   0.00000000E+00   0.76689471E-05
  17.583   5.583   0.14060731E+00   0.76430996E-05   0.00000000E+00   0.76430996E-05
  17.600   5.600   0.14082722E+00   0.76173891E-05   0.00000000E+00   0.76173891E-05
  17.617   5.617   0.14104639E+00   0.75918135E-05   0.00000000E+00   0.75918135E-05
  17.633   5.633   0.14126482E+00   0.75663707E-05   0.00000000E+00   0.75663707E-05
  17.650   5.650   0.14148252E+00   0.75410586E-05   0.00000000E+00   0.75410586E-05
  17.667   5.667   0.14169949E+00   0.75158751E-05   0.00000000E+00   0.75158751E-05
  17.683   5.683   0.14191574E+00   0.74908180E-05   0.00000000E+00   0.74908180E-05
  17.700   5.700   0.14213127E+00   0.74658855E-05   0.00000000E+00   0.74658855E-05
  17.717   5.717   0.14234610E+00   0.74410753E-05   0.00000000E+00   0.74410753E-05
  17.733   5.733   0.14256021E+00   0.74163857E-05   0.00000000E+00   0.74163857E-05
  17.750   5.750   0.14277363E+00   0.73918145E-05   0.00000000E+00   0.73918145E-05
  17.767   5.767   0.14298635E+00   0.73673599E-05   0.00000000E+00   0.73673599E-05
  17.783   5.783   0.14319839E+00   0.73430199E-05   0.00000000E+00   0.73430199E-05
  17.800   5.800   0.14340974E+00   0.73187926E-05   0.00000000E+00   0.73187926E-05
  17.817   5.817   0.14362042E+00   0.72946761E-05   0.00000000E+00   0.72946761E-05
  17.833   5.833   0.14383043E+00   0.72706686E-05   0.00000000E+00   0.72706686E-05
  17.850   5.850   0.14403978E+00   0.72467682E-05   0.00000000E+00   0.72467682E-05
  17.867   5.867   0.14424846E+00   0.72229731E-05   0.00000000E+00   0.72229731E-05
  17.883   5.883   0.14445650E+00   0.71992815E-05   0.00000000E+00   0.71992815E-05
  17.900   5.900   0.14466389E+00   0.71756917E-05   0.00000000E+00   0.71756917E-05
  17.917   5.917   0.14487064E+00   0.71522018E-05   0.00000000E+00   0.71522018E-05
  17.933   5.933   0.14507676E+00   0.71288101E-05   0.00000000E+00   0.71288101E-05
  17.950   5.950   0.14528225E+00   0.71055149E-05   0.00000000E+00   0.71055149E-05
  17.967   5.967   0.14548712E+00   0.70823145E-05   0.00000000E+00   0.70823145E-05
  17.983   5.983   0.14569138E+00   0.70592072E-05   0.00000000E+00   0.70592072E-05
  18.000   6.000   0.14589503E+00   0.70361914E-05   0.00000000E+00   0.70361914E-05
  18.017   6.017   0.14609808E+00   0.70132654E-05   0.00000000E+00   0.70132654E-05
  18.033   6.033   0.14630053E+00   0.69904275E-05   0.00000000E+00   0.69904275E-05
  18.050   6.050   0.14650239E+00   0.69676761E-05   0.00000000E+00   0.69676761E-05
  18.067   6.067   0.14670367E+00   0.69450097E-05   0.00000000E+00   0.69450097E-05
  18.083   6.083   0.14690438E+00   0.69224266E-05   0.00000000E+00   0.69224266E-05
  18.100   6.100   0.14710451E+00   0.68999254E-05   0.00000000E+00   0.68999254E-05
  18.117   6.117   0.14730408E+00   0.68775044E-05   0.00000000E+00   0.68775044E-05
  18.133   6.133   0.14750309E+00   0.68551621E-05   0.00000000E+00   0.68551621E-05
  18.150   6.150   0.14770155E+00   0.68328970E-05   0.00000000E+00   0.68328970E-05
  18.167   6.167   0.14789946E+00   0.68107076E-05   0.00000000E+00   0.68107076E-05
  18.183   6.183   0.14809684E+00   0.67885924E-05   0.00000000E+00   0.67885924E-05
  18.200   6.200   0.14829368E+00   0.67665500E-05   0.00000000E+00   0.67665500E-05
  18.217   6.217   0.14848999E+00   0.67445789E-05   0.00000000E+00   0.67445789E-05
  18.233   6.233   0.14868578E+00   0.67226776E-05   0.00000000E+00   0.67226776E-05
  18.250   6.250   0.14888106E+00   0.67008448E-05   0.00000000E+00   0.67008448E-05
  18.267   6.267   0.14907583E+00   0.66790789E-05   0.00000000E+00   0.66790789E-05
  18.283   6.283   0.14927009E+00   0.66573787E-05   0.00000000E+00   0.66573787E-05
  18.300   6.300   0.14946386E+00   0.66357428E-05   0.00000000E+00   0.66357428E-05
  18.317   6.317   0.14965713E+00   0.66141697E-05   0.00000000E+00   0.66141697E-05
  18.333   6.333   0.14984992E+00   0.65926581E-05   0.00000000E+00   0.65926581E-05
  18.350   6.350   0.15004223E+00   0.65712067E-05   0.00000000E+00   0.65712067E-05
  18.367   6.367   0.15023406E+00   0.65498142E-05   0.00000000E+00   0.65498142E-05
  18.383   6.383   0.15042543E+00   0.65284793E-05   0.00000000E+00   0.65284793E-05
  18.400   6.400   0.15061633E+00   0.65072005E-05   0.00000000E+00   0.65072005E-05
  18.417   6.417   0.15080677E+00   0.64859768E-05   0.00000000E+00   0.64859768E-05
  18.433   6.433   0.15099677E+00   0.64648067E-05   0.00000000E+00   0.64648067E-05
  18.450   6.450   0.15118631E+00   0.64436891E-05   0.00000000E+00   0.64436891E-05
  18.467   6.467   0.15137541E+00   0.64226226E-05   0.00000000E+00   0.64226226E-05
  18.483   6.483   0.15156408E+00   0.64016061E-05   0.00000000E+00   0.64016061E-05
  18.500   6.500   0.15175232E+00   0.63806383E-05   0.00000000E+00   0.63806383E-05
  18.517   6.517   0.15194013E+00   0.63597180E-05   0.00000000E+00   0.63597180E-05
  18.533   6.533   0.15212752E+00   0.63388440E-05   0.00000000E+00   0.63388440E-05
  18.550   6.550   0.15231450E+00   0.63180152E-05   0.00000000E+00   0.63180152E-05
  18.567   6.567   0.15250107E+00   0.62972303E-05   0.00000000E+00   0.62972303E-05
  18.583   6.583   0.15268723E+00   0.62764882E-05   0.00000000E+00   0.62764882E-05
  18.600   6.600   0.15287299E+00   0.62557877E-05   0.00000000E+00   0.62557877E-05
  18.617   6.617   0.15305836E+00   0.62351277E-05   0.00000000E+00   0.62351277E-05
  18.633   6.633   0.15324334E+00   0.62145071E-05   0.00000000E+00   0.62145071E-05
  18.650   6.650   0.15342793E+00   0.61939248E-05   0.00000000E+00   0.61939248E-05
  18.667   6.667   0.15361214E+00   0.61733795E-05   0.00000000E+00   0.61733795E-05
  18.683   6.683   0.15379598E+00   0.61528703E-05   0.00000000E+00   0.61528703E-05
  18.700   6.700   0.15397945E+00   0.61323961E-05   0.00000000E+00   0.61323961E-05
  18.717   6.717   0.15416255E+00   0.61119557E-05   0.00000000E+00   0.61119557E-05
  18.733   6.733   0.15434528E+00   0.60915482E-05   0.00000000E+00   0.60915482E-05
  18.750   6.750   0.15452766E+00   0.60711724E-05   0.00000000E+00   0.60711724E-05
  18.767   6.767   0.15470969E+00   0.60508274E-05   0.00000000E+00   0.60508274E-05
  18.783   6.783   0.15489136E+00   0.60305120E-05   0.00000000E+00   0.60305120E-05
  18.800   6.800   0.15507269E+00   0.60102253E-05   0.00000000E+00   0.60102253E-05
  18.817   6.817   0.15525368E+00   0.59899663E-05   0.00000000E+00   0.59899663E-05
  18.833   6.833   0.15543434E+00   0.59697338E-05   0.00000000E+00   0.59697338E-05
  18.850   6.850   0.15561466E+00   0.59495271E-05   0.00000000E+00   0.59495271E-05
  18.867   6.867   0.15579466E+00   0.59293450E-05   0.00000000E+00   0.59293450E-05
  18.883   6.883   0.15597432E+00   0.59091866E-05   0.00000000E+00   0.59091866E-05
  18.900   6.900   0.15615367E+00   0.58890509E-05   0.00000000E+00   0.58890509E-05
  18.917   6.917   0.15633270E+00   0.58689370E-05   0.00000000E+00   0.58689370E-05
  18.933   6.933   0.15651142E+00   0.58488439E-05   0.00000000E+00   0.58488439E-05
  18.950   6.950   0.15668983E+00   0.58287707E-05   0.00000000E+00   0.58287707E-05
  18.967   6.967   0.15686793E+00   0.58087165E-05   0.00000000E+00   0.58087165E-05
  18.983   6.983   0.15704573E+00   0.57886804E-05   0.00000000E+00   0.57886804E-05
  19.000   7.000   0.15722323E+00   0.57686613E-05   0.00000000E+00   0.57686613E-05
  19.017   7.017   0.15740044E+00   0.57486585E-05   0.00000000E+00   0.57486585E-05
  19.033   7.033   0.15757735E+00   0.57286710E-05   0.00000000E+00   0.57286710E-05
  19.050   7.050   0.15775397E+00   0.57086980E-05   0.00000000E+00   0.57086980E-05
  19.067   7.067   0.15793031E+00   0.56887386E-05   0.00000000E+00   0.56887386E-05
  19.083   7.083   0.15810636E+00   0.56687919E-05   0.00000000E+00   0.56687919E-05
  19.100   7.100   0.15828213E+00   0.56488571E-05   0.00000000E+00   0.56488571E-05
  19.117   7.117   0.15845763E+00   0.56289333E-05   0.00000000E+00   0.56289333E-05
  19.133   7.133   0.15863285E+00   0.56090197E-05   0.00000000E+00   0.56090197E-05
  19.150   7.150   0.15880780E+00   0.55891154E-05   0.00000000E+00   0.55891154E-05
  19.167   7.167   0.15898248E+00   0.55692196E-05   0.00000000E+00   0.55692196E-05
  19.183   7.183   0.15915690E+00   0.55493316E-05   0.00000000E+00   0.55493316E-05
  19.200   7.200   0.15933105E+00   0.55294505E-05   0.00000000E+00   0.55294505E-05
  19.217   7.217   0.15950494E+00   0.55095755E-05   0.00000000E+00   0.55095755E-05
  19.233   7.233   0.15967857E+00   0.54897058E-05   0.00000000E+00   0.54897058E-05
  19.250   7.250   0.15985194E+00   0.54698406E-05   0.00000000E+00   0.54698406E-05
  19.267   7.267   0.16002506E+00   0.54499792E-05   0.00000000E+00   0.54499792E-05
  19.283   7.283   0.16019793E+00   0.54301208E-05   0.00000000E+00   0.54301208E-05
  19.300   7.300   0.16037055E+00   0.54102647E-05   0.00000000E+00   0.54102647E-05
  19.317   7.317   0.16054292E+00   0.53904101E-05   0.00000000E+00   0.53904101E-05
  19.333   7.333   0.16071504E+00   0.53705562E-05   0.00000000E+00   0.53705562E-05
  19.350   7.350   0.16088692E+00   0.53507023E-05   0.00000000E+00   0.53507023E-05
  19.367   7.367   0.16105856E+00   0.53308478E-05   0.00000000E+00   0.53308478E-05
  19.383   7.383   0.16122996E+00   0.53109918E-05   0.00000000E+00   0.53109918E-05
  19.400   7.400   0.16140111E+00   0.52911337E-05   0.00000000E+00   0.52911337E-05
  19.417   7.417   0.16157203E+00   0.52712728E-05   0.00000000E+00   0.52712728E-05
  19.433   7.433   0.16174272E+00   0.52514084E-05   0.00000000E+00   0.52514084E-05
  19.450   7.450   0.16191317E+00   0.52315398E-05   0.00000000E+00   0.52315398E-05
  19.467   7.467   0.16208338E+00   0.52116663E-05   0.00000000E+00   0.52116663E-05
  19.483   7.483   0.16225337E+00   0.51917873E-05   0.00000000E+00   0.51917873E-05
  19.500   7.500   0.16242312E+00   0.51719021E-05   0.00000000E+00   0.51719021E-05
  19.517   7.517   0.16259264E+00   0.51520100E-05   0.00000000E+00   0.51520100E-05
  19.533   7.533   0.16276194E+00   0.51321104E-05   0.00000000E+00   0.51321104E-05
  19.550   7.550   0.16293101E+00   0.51122026E-05   0.00000000E+00   0.51122026E-05
  19.567   7.567   0.16309985E+00   0.50922861E-05   0.00000000E+00   0.50922861E-05
  19.583   7.583   0.16326846E+00   0.50723602E-05   0.00000000E+00   0.50723602E-05
  19.600   7.600   0.16343685E+00   0.50524243E-05   0.00000000E+00   0.50524243E-05
  19.617   7.617   0.16360501E+00   0.50324778E-05   0.00000000E+00   0.50324778E-05
  19.633   7.633   0.16377295E+00   0.50125201E-05   0.00000000E+00   0.50125201E-05
  19.650   7.650   0.16394066E+00   0.49925506E-05   0.00000000E+00   0.49925506E-05
  19.667   7.667   0.16410815E+00   0.49725687E-05   0.00000000E+00   0.49725687E-05
  19.683   7.683   0.16427541E+00   0.49525738E-05   0.00000000E+00   0.49525738E-05
  19.700   7.700   0.16444246E+00   0.49325655E-05   0.00000000E+00   0.49325655E-05
  19.717   7.717   0.16460927E+00   0.49125430E-05   0.00000000E+00   0.49125430E-05
  19.733   7.733   0.16477587E+00   0.48925059E-05   0.00000000E+00   0.48925059E-05
  19.750   7.750   0.16494224E+00   0.48724537E-05   0.00000000E+00   0.48724537E-05
  19.767   7.767   0.16510839E+00   0.48523858E-05   0.00000000E+00   0.48523858E-05
  19.783   7.783   0.16527431E+00   0.48323016E-05   0.00000000E+00   0.48323016E-05
  19.800   7.800   0.16544001E+00   0.48122007E-05   0.00000000E+00   0.48122007E-05
  19.817   7.817   0.16560548E+00   0.47920825E-05   0.00000000E+00   0.47920825E-05
  19.833   7.833   0.16577073E+00   0.47719465E-05   0.00000000E+00   0.47719465E-05
  19.850   7.850   0.16593575E+00   0.47517924E-05   0.00000000E+00   0.47517924E-05
  19.867   7.867   0.16610054E+00   0.47316194E-05   0.00000000E+00   0.47316194E-05
  19.883   7.883   0.16626511E+00   0.47114273E-05   0.00000000E+00   0.47114273E-05
  19.900   7.900   0.16642944E+00   0.46912155E-05   0.00000000E+00   0.46912155E-05
  19.917   7.917   0.16659355E+00   0.46709836E-05   0.00000000E+00   0.46709836E-05
  19.933   7.933   0.16675742E+00   0.46507310E-05   0.00000000E+00   0.46507310E-05
  19.950   7.950   0.16692107E+00   0.46304575E-05   0.00000000E+00   0.46304575E-05
  19.967   7.967   0.16708448E+00   0.46101624E-05   0.00000000E+00   0.46101624E-05
  19.983   7.983   0.16724765E+00   0.45898455E-05   0.00000000E+00   0.45898455E-05
  20.000   8.000   0.16741059E+00   0.45695063E-05   0.00000000E+00   0.45695063E-05
  20.017   8.017   0.16757328E+00   0.45491444E-05   0.00000000E+00   0.45491444E-05
  20.033   8.033   0.16773574E+00   0.45287594E-05   0.00000000E+00   0.45287594E-05
  20.050   8.050   0.16789796E+00   0.45083508E-05   0.00000000E+00   0.45083508E-05
  20.067   8.067   0.16805993E+00   0.44879184E-05   0.00000000E+00   0.44879184E-05
  20.083   8.083   0.16822166E+00   0.44674618E-05   0.00000000E+00   0.44674618E-05
  20.100   8.100   0.16838313E+00   0.44469805E-05   0.00000000E+00   0.44469805E-05
  20.117   8.117   0.16854436E+00   0.44264743E-05   0.00000000E+00   0.44264743E-05
  20.133   8.133   0.16870533E+00   0.44059428E-05   0.00000000E+00   0.44059428E-05
  20.150   8.150   0.16886605E+00   0.43853856E-05   0.00000000E+00   0.43853856E-05
  20.167   8.167   0.16902651E+00   0.43648025E-05   0.00000000E+00   0.43648025E-05
  20.183   8.183   0.16918671E+00   0.43441931E-05   0.00000000E+00   0.43441931E-05
  20.200   8.200   0.16934665E+00   0.43235572E-05   0.00000000E+00   0.43235572E-05
  20.217   8.217   0.16950632E+00   0.43028944E-05   0.00000000E+00   0.43028944E-05
  20.233   8.233   0.16966572E+00   0.42822044E-05   0.00000000E+00   0.42822044E-05
  20.250   8.250   0.16982485E+00   0.42614870E-05   0.00000000E+00   0.42614870E-05
  20.267   8.267   0.16998370E+00   0.42407419E-05   0.00000000E+00   0.42407419E-05
  20.283   8.283   0.17014227E+00   0.42199689E-05   0.00000000E+00   0.42199689E-05
  20.300   8.300   0.17030056E+00   0.41991677E-05   0.00000000E+00   0.41991677E-05
  20.317   8.317   0.17045856E+00   0.41783380E-05   0.00000000E+00   0.41783380E-05
  20.333   8.333   0.17061627E+00   0.41574798E-05   0.00000000E+00   0.41574798E-05
  20.350   8.350   0.17077369E+00   0.41365926E-05   0.00000000E+00   0.41365926E-05
  20.367   8.367   0.17093081E+00   0.41156765E-05   0.00000000E+00   0.41156765E-05
  20.383   8.383   0.17108762E+00   0.40947311E-05   0.00000000E+00   0.40947311E-05
  20.400   8.400   0.17124413E+00   0.40737563E-05   0.00000000E+00   0.40737563E-05
  20.417   8.417   0.17140033E+00   0.40527519E-05   0.00000000E+00   0.40527519E-05
  20.433   8.433   0.17155621E+00   0.40317178E-05   0.00000000E+00   0.40317178E-05
  20.450   8.450   0.17171177E+00   0.40106538E-05   0.00000000E+00   0.40106538E-05
  20.467   8.467   0.17186701E+00   0.39895598E-05   0.00000000E+00   0.39895598E-05
  20.483   8.483   0.17202191E+00   0.39684357E-05   0.00000000E+00   0.39684357E-05
  20.500   8.500   0.17217648E+00   0.39472814E-05   0.00000000E+00   0.39472814E-05
  20.517   8.517   0.17233071E+00   0.39260967E-05   0.00000000E+00   0.39260967E-05
  20.533   8.533   0.17248459E+00   0.39048817E-05   0.00000000E+00   0.39048817E-05
  20.550   8.550   0.17263813E+00   0.38836361E-05   0.00000000E+00   0.38836361E-05
  20.567   8.567   0.17279130E+00   0.38623601E-05   0.00000000E+00   0.38623601E-05
  20.583   8.583   0.17294411E+00   0.38410535E-05   0.00000000E+00   0.38410535E-05
  20.600   8.600   0.17309656E+00   0.38197162E-05   0.00000000E+00   0.38197162E-05
  20.617   8.617   0.17324862E+00   0.37983484E-05   0.00000000E+00   0.37983484E-05
  20.633   8.633   0.17340031E+00   0.37769499E-05   0.00000000E+00   0.37769499E-05
  20.650   8.650   0.17355161E+00   0.37555208E-05   0.00000000E+00   0.37555208E-05
  20.667   8.667   0.17370251E+00   0.37340611E-05   0.00000000E+00   0.37340611E-05
  20.683   8.683   0.17385301E+00   0.37125709E-05   0.00000000E+00   0.37125709E-05
  20.700   8.700   0.17400311E+00   0.36910502E-05   0.00000000E+00   0.36910502E-05
  20.717   8.717   0.17415279E+00   0.36694990E-05   0.00000000E+00   0.36694990E-05
  20.733   8.733   0.17430205E+00   0.36479175E-05   0.00000000E+00   0.36479175E-05
  20.750   8.750   0.17445087E+00   0.36263057E-05   0.00000000E+00   0.36263057E-05
  20.767   8.767   0.17459926E+00   0.36046638E-05   0.00000000E+00   0.36046638E-05
  20.783   8.783   0.17474721E+00   0.35829918E-05   0.00000000E+00   0.35829918E-05
  20.800   8.800   0.17489470E+00   0.35612900E-05   0.00000000E+00   0.35612900E-05
  20.817   8.817   0.17504174E+00   0.35395584E-05   0.00000000E+00   0.35395584E-05
  20.833   8.833   0.17518830E+00   0.35177973E-05   0.00000000E+00   0.35177973E-05
  20.850   8.850   0.17533439E+00   0.34960068E-05   0.00000000E+00   0.34960068E-05
  20.867   8.867   0.17547999E+00   0.34741871E-05   0.00000000E+00   0.34741871E-05
  20.883   8.883   0.17562510E+00   0.34523385E-05   0.00000000E+00   0.34523385E-05
  20.900   8.900   0.17576970E+00   0.34304612E-05   0.00000000E+00   0.34304612E-05
  20.917   8.917   0.17591379E+00   0.34085553E-05   0.00000000E+00   0.34085553E-05
  20.933   8.933   0.17605736E+00   0.33866213E-05   0.00000000E+00   0.33866213E-05
  20.950   8.950   0.17620040E+00   0.33646594E-05   0.00000000E+00   0.33646594E-05
  20.967   8.967   0.17634290E+00   0.33426699E-05   0.00000000E+00   0.33426699E-05
