        RT(hours)           [BPIN]         L_R_41           L_R_42           L_R_43           tot_loss         tot_prod
  12.017   0.017   0.45119482E+00   0.24237573E-05   0.22700365E-05   0.81065485E-06   0.55044487E-05   0.00000000E+00
  12.033   0.033   0.45226655E+00   0.41151524E-05   0.22721791E-05   0.76437242E-06   0.71517040E-05   0.00000000E+00
  12.050   0.050   0.45325519E+00   0.52888977E-05   0.22733278E-05   0.73230230E-06   0.82945278E-05   0.00000000E+00
  12.067   0.067   0.45418654E+00   0.60954265E-05   0.22739138E-05   0.70914822E-06   0.90784885E-05   0.00000000E+00
  12.083   0.083   0.45507783E+00   0.66735159E-05   0.22741971E-05   0.69137677E-06   0.96390897E-05   0.00000000E+00
  12.100   0.100   0.45593923E+00   0.71231220E-05   0.22743272E-05   0.67683326E-06   0.10074282E-04   0.00000000E+00
  12.117   0.117   0.45677620E+00   0.75057829E-05   0.22743878E-05   0.66425893E-06   0.10444430E-04   0.00000000E+00
  12.133   0.133   0.45759148E+00   0.78562518E-05   0.22744250E-05   0.65293468E-06   0.10783611E-04   0.00000000E+00
  12.150   0.150   0.45838627E+00   0.81931342E-05   0.22744637E-05   0.64245375E-06   0.11110052E-04   0.00000000E+00
  12.167   0.167   0.45916097E+00   0.85259956E-05   0.22745175E-05   0.63258592E-06   0.11433099E-04   0.00000000E+00
  12.183   0.183   0.45991559E+00   0.88595621E-05   0.22745941E-05   0.62319942E-06   0.11757356E-04   0.00000000E+00
  12.200   0.200   0.46064995E+00   0.91960548E-05   0.22746975E-05   0.61421696E-06   0.12084969E-04   0.00000000E+00
  12.217   0.217   0.46136378E+00   0.95364354E-05   0.22748303E-05   0.60559146E-06   0.12416857E-04   0.00000000E+00
  12.233   0.233   0.46205677E+00   0.98810519E-05   0.22749941E-05   0.59729253E-06   0.12753338E-04   0.00000000E+00
  12.250   0.250   0.46272861E+00   0.10229964E-04   0.22751898E-05   0.58929922E-06   0.13094453E-04   0.00000000E+00
  12.267   0.267   0.46337899E+00   0.10583104E-04   0.22754183E-05   0.58159590E-06   0.13440118E-04   0.00000000E+00
  12.283   0.283   0.46400760E+00   0.10940347E-04   0.22756803E-05   0.57417009E-06   0.13790197E-04   0.00000000E+00
  12.300   0.300   0.46461414E+00   0.11301553E-04   0.22759765E-05   0.56701118E-06   0.14144540E-04   0.00000000E+00
  12.317   0.317   0.46519833E+00   0.11666573E-04   0.22763076E-05   0.56010979E-06   0.14502990E-04   0.00000000E+00
  12.333   0.333   0.46575989E+00   0.12035259E-04   0.22766741E-05   0.55345730E-06   0.14865390E-04   0.00000000E+00
  12.350   0.350   0.46629855E+00   0.12407465E-04   0.22770768E-05   0.54704572E-06   0.15231587E-04   0.00000000E+00
  12.367   0.367   0.46681406E+00   0.12783044E-04   0.22775162E-05   0.54086749E-06   0.15601428E-04   0.00000000E+00
  12.383   0.383   0.46730615E+00   0.13161853E-04   0.22779933E-05   0.53491542E-06   0.15974761E-04   0.00000000E+00
  12.400   0.400   0.46777460E+00   0.13543744E-04   0.22785086E-05   0.52918266E-06   0.16351435E-04   0.00000000E+00
  12.417   0.417   0.46821917E+00   0.13928573E-04   0.22790629E-05   0.52366263E-06   0.16731299E-04   0.00000000E+00
  12.433   0.433   0.46863963E+00   0.14316192E-04   0.22796570E-05   0.51834906E-06   0.17114199E-04   0.00000000E+00
  12.450   0.450   0.46903577E+00   0.14706455E-04   0.22802917E-05   0.51323590E-06   0.17499982E-04   0.00000000E+00
  12.467   0.467   0.46940739E+00   0.15099210E-04   0.22809679E-05   0.50831736E-06   0.17888496E-04   0.00000000E+00
  12.483   0.483   0.46975428E+00   0.15494309E-04   0.22816862E-05   0.50358789E-06   0.18279583E-04   0.00000000E+00
  12.500   0.500   0.47007626E+00   0.15891597E-04   0.22824477E-05   0.49904216E-06   0.18673087E-04   0.00000000E+00
  12.517   0.517   0.47037314E+00   0.16290921E-04   0.22832531E-05   0.49467504E-06   0.19068850E-04   0.00000000E+00
  12.533   0.533   0.47064476E+00   0.16692126E-04   0.22841033E-05   0.49048163E-06   0.19466711E-04   0.00000000E+00
  12.550   0.550   0.47089095E+00   0.17095053E-04   0.22849993E-05   0.48645721E-06   0.19866510E-04   0.00000000E+00
  12.567   0.567   0.47111157E+00   0.17499543E-04   0.22859419E-05   0.48259727E-06   0.20268082E-04   0.00000000E+00
  12.583   0.583   0.47130646E+00   0.17905434E-04   0.22869321E-05   0.47889747E-06   0.20671264E-04   0.00000000E+00
  12.600   0.600   0.47147550E+00   0.18312563E-04   0.22879708E-05   0.47535366E-06   0.21075888E-04   0.00000000E+00
  12.617   0.617   0.47161856E+00   0.18720764E-04   0.22890588E-05   0.47196183E-06   0.21481785E-04   0.00000000E+00
  12.633   0.633   0.47173552E+00   0.19129870E-04   0.22901972E-05   0.46871817E-06   0.21888785E-04   0.00000000E+00
  12.650   0.650   0.47182627E+00   0.19539709E-04   0.22913869E-05   0.46561899E-06   0.22296715E-04   0.00000000E+00
  12.667   0.667   0.47189073E+00   0.19950111E-04   0.22926288E-05   0.46266078E-06   0.22705401E-04   0.00000000E+00
  12.683   0.683   0.47192879E+00   0.20360901E-04   0.22939239E-05   0.45984015E-06   0.23114665E-04   0.00000000E+00
  12.700   0.700   0.47194040E+00   0.20771902E-04   0.22952732E-05   0.45715385E-06   0.23524329E-04   0.00000000E+00
  12.717   0.717   0.47192547E+00   0.21182935E-04   0.22966775E-05   0.45459875E-06   0.23934211E-04   0.00000000E+00
  12.733   0.733   0.47188395E+00   0.21593819E-04   0.22981379E-05   0.45217188E-06   0.24344129E-04   0.00000000E+00
  12.750   0.750   0.47181579E+00   0.22004370E-04   0.22996552E-05   0.44987033E-06   0.24753896E-04   0.00000000E+00
  12.767   0.767   0.47172096E+00   0.22414402E-04   0.23012305E-05   0.44769136E-06   0.25163324E-04   0.00000000E+00
  12.783   0.783   0.47159942E+00   0.22823727E-04   0.23028647E-05   0.44563229E-06   0.25572224E-04   0.00000000E+00
  12.800   0.800   0.47145116E+00   0.23232154E-04   0.23045587E-05   0.44369056E-06   0.25980404E-04   0.00000000E+00
  12.817   0.817   0.47127618E+00   0.23639490E-04   0.23063135E-05   0.44186371E-06   0.26387667E-04   0.00000000E+00
  12.833   0.833   0.47107447E+00   0.24045540E-04   0.23081300E-05   0.44014937E-06   0.26793819E-04   0.00000000E+00
  12.850   0.850   0.47084605E+00   0.24450105E-04   0.23100090E-05   0.43854525E-06   0.27198659E-04   0.00000000E+00
  12.867   0.867   0.47059094E+00   0.24852987E-04   0.23119516E-05   0.43704914E-06   0.27601988E-04   0.00000000E+00
  12.883   0.883   0.47030919E+00   0.25253983E-04   0.23139585E-05   0.43565891E-06   0.28003601E-04   0.00000000E+00
  12.900   0.900   0.47000083E+00   0.25652891E-04   0.23160308E-05   0.43437251E-06   0.28403294E-04   0.00000000E+00
  12.917   0.917   0.46966592E+00   0.26049504E-04   0.23181693E-05   0.43318795E-06   0.28800861E-04   0.00000000E+00
  12.933   0.933   0.46930453E+00   0.26443616E-04   0.23203748E-05   0.43210330E-06   0.29196094E-04   0.00000000E+00
  12.950   0.950   0.46891674E+00   0.26835017E-04   0.23226482E-05   0.43111671E-06   0.29588781E-04   0.00000000E+00
  12.967   0.967   0.46850264E+00   0.27223497E-04   0.23249903E-05   0.43022637E-06   0.29978714E-04   0.00000000E+00
  12.983   0.983   0.46806232E+00   0.27608846E-04   0.23274020E-05   0.42943053E-06   0.30365679E-04   0.00000000E+00
  13.000   1.000   0.46759591E+00   0.27990852E-04   0.23298840E-05   0.42872748E-06   0.30749463E-04   0.00000000E+00
  13.017   1.017   0.46710351E+00   0.28369301E-04   0.23324372E-05   0.42811558E-06   0.31129853E-04   0.00000000E+00
  13.033   1.033   0.46658527E+00   0.28743980E-04   0.23350623E-05   0.42759321E-06   0.31506635E-04   0.00000000E+00
  13.050   1.050   0.46604132E+00   0.29114676E-04   0.23377601E-05   0.42715880E-06   0.31879595E-04   0.00000000E+00
  13.067   1.067   0.46547183E+00   0.29481176E-04   0.23405313E-05   0.42681083E-06   0.32248518E-04   0.00000000E+00
  13.083   1.083   0.46487695E+00   0.29843267E-04   0.23433766E-05   0.42654780E-06   0.32613192E-04   0.00000000E+00
  13.100   1.100   0.46425687E+00   0.30200737E-04   0.23462967E-05   0.42636824E-06   0.32973402E-04   0.00000000E+00
  13.117   1.117   0.46361176E+00   0.30553375E-04   0.23492923E-05   0.42627073E-06   0.33328938E-04   0.00000000E+00
  13.133   1.133   0.46294183E+00   0.30900973E-04   0.23523640E-05   0.42625385E-06   0.33679590E-04   0.00000000E+00
  13.150   1.150   0.46224727E+00   0.31243321E-04   0.23555124E-05   0.42631623E-06   0.34025150E-04   0.00000000E+00
  13.167   1.167   0.46152832E+00   0.31580216E-04   0.23587381E-05   0.42645651E-06   0.34365411E-04   0.00000000E+00
  13.183   1.183   0.46078518E+00   0.31911455E-04   0.23620418E-05   0.42667336E-06   0.34700170E-04   0.00000000E+00
  13.200   1.200   0.46001810E+00   0.32236837E-04   0.23654238E-05   0.42696546E-06   0.35029226E-04   0.00000000E+00
  13.217   1.217   0.45922733E+00   0.32556168E-04   0.23688848E-05   0.42733152E-06   0.35352384E-04   0.00000000E+00
  13.233   1.233   0.45841311E+00   0.32869254E-04   0.23724252E-05   0.42777026E-06   0.35669450E-04   0.00000000E+00
  13.250   1.250   0.45757570E+00   0.33175909E-04   0.23760455E-05   0.42828041E-06   0.35980235E-04   0.00000000E+00
  13.267   1.267   0.45671538E+00   0.33475948E-04   0.23797461E-05   0.42886073E-06   0.36284555E-04   0.00000000E+00
  13.283   1.283   0.45583243E+00   0.33769194E-04   0.23835274E-05   0.42950996E-06   0.36582231E-04   0.00000000E+00
  13.300   1.300   0.45492712E+00   0.34055473E-04   0.23873897E-05   0.43022688E-06   0.36873090E-04   0.00000000E+00
  13.317   1.317   0.45399975E+00   0.34334619E-04   0.23913333E-05   0.43101028E-06   0.37156963E-04   0.00000000E+00
  13.333   1.333   0.45305062E+00   0.34606472E-04   0.23953586E-05   0.43185894E-06   0.37433690E-04   0.00000000E+00
  13.350   1.350   0.45208003E+00   0.34870877E-04   0.23994657E-05   0.43277166E-06   0.37703114E-04   0.00000000E+00
  13.367   1.367   0.45108830E+00   0.35127687E-04   0.24036550E-05   0.43374724E-06   0.37965090E-04   0.00000000E+00
  13.383   1.383   0.45007573E+00   0.35376763E-04   0.24079265E-05   0.43478450E-06   0.38219474E-04   0.00000000E+00
  13.400   1.400   0.44904264E+00   0.35617972E-04   0.24122804E-05   0.43588225E-06   0.38466135E-04   0.00000000E+00
  13.417   1.417   0.44798936E+00   0.35851191E-04   0.24167168E-05   0.43703931E-06   0.38704947E-04   0.00000000E+00
  13.433   1.433   0.44691621E+00   0.36076302E-04   0.24212357E-05   0.43825450E-06   0.38935792E-04   0.00000000E+00
  13.450   1.450   0.44582353E+00   0.36293198E-04   0.24258371E-05   0.43952667E-06   0.39158562E-04   0.00000000E+00
  13.467   1.467   0.44471163E+00   0.36501781E-04   0.24305210E-05   0.44085463E-06   0.39373156E-04   0.00000000E+00
  13.483   1.483   0.44358087E+00   0.36701958E-04   0.24352873E-05   0.44223723E-06   0.39579483E-04   0.00000000E+00
  13.500   1.500   0.44243156E+00   0.36893650E-04   0.24401359E-05   0.44367330E-06   0.39777459E-04   0.00000000E+00
  13.517   1.517   0.44126404E+00   0.37076783E-04   0.24450665E-05   0.44516168E-06   0.39967011E-04   0.00000000E+00
  13.533   1.533   0.44007864E+00   0.37251294E-04   0.24500789E-05   0.44670121E-06   0.40148074E-04   0.00000000E+00
  13.550   1.550   0.43887570E+00   0.37417129E-04   0.24551729E-05   0.44829074E-06   0.40320593E-04   0.00000000E+00
  13.567   1.567   0.43765555E+00   0.37574243E-04   0.24603480E-05   0.44992910E-06   0.40484520E-04   0.00000000E+00
  13.583   1.583   0.43641851E+00   0.37722600E-04   0.24656040E-05   0.45161516E-06   0.40639819E-04   0.00000000E+00
  13.600   1.600   0.43516491E+00   0.37862174E-04   0.24709402E-05   0.45334774E-06   0.40786462E-04   0.00000000E+00
  13.617   1.617   0.43389507E+00   0.37992947E-04   0.24763563E-05   0.45512569E-06   0.40924429E-04   0.00000000E+00
  13.633   1.633   0.43260930E+00   0.38114911E-04   0.24818515E-05   0.45694787E-06   0.41053711E-04   0.00000000E+00
  13.650   1.650   0.43130793E+00   0.38228067E-04   0.24874253E-05   0.45881311E-06   0.41174305E-04   0.00000000E+00
  13.667   1.667   0.42999125E+00   0.38332423E-04   0.24930770E-05   0.46072027E-06   0.41286221E-04   0.00000000E+00
  13.683   1.683   0.42865956E+00   0.38427999E-04   0.24988057E-05   0.46266817E-06   0.41389473E-04   0.00000000E+00
  13.700   1.700   0.42731317E+00   0.38514820E-04   0.25046107E-05   0.46465567E-06   0.41484087E-04   0.00000000E+00
  13.717   1.717   0.42595236E+00   0.38592922E-04   0.25104909E-05   0.46668160E-06   0.41570094E-04   0.00000000E+00
  13.733   1.733   0.42457741E+00   0.38662347E-04   0.25164454E-05   0.46874480E-06   0.41647537E-04   0.00000000E+00
  13.750   1.750   0.42318859E+00   0.38723146E-04   0.25224732E-05   0.47084409E-06   0.41716463E-04   0.00000000E+00
  13.767   1.767   0.42178616E+00   0.38775377E-04   0.25285729E-05   0.47297832E-06   0.41776929E-04   0.00000000E+00
  13.783   1.783   0.42037039E+00   0.38819107E-04   0.25347435E-05   0.47514630E-06   0.41828996E-04   0.00000000E+00
  13.800   1.800   0.41894151E+00   0.38854406E-04   0.25409835E-05   0.47734686E-06   0.41872737E-04   0.00000000E+00
  13.817   1.817   0.41749976E+00   0.38881355E-04   0.25472916E-05   0.47957880E-06   0.41908226E-04   0.00000000E+00
  13.833   1.833   0.41604537E+00   0.38900040E-04   0.25536663E-05   0.48184094E-06   0.41935547E-04   0.00000000E+00
  13.850   1.850   0.41457855E+00   0.38910551E-04   0.25601058E-05   0.48413207E-06   0.41954789E-04   0.00000000E+00
  13.867   1.867   0.41309950E+00   0.38912988E-04   0.25666086E-05   0.48645098E-06   0.41966047E-04   0.00000000E+00
  13.883   1.883   0.41160843E+00   0.38907452E-04   0.25731727E-05   0.48879645E-06   0.41969421E-04   0.00000000E+00
  13.900   1.900   0.41010552E+00   0.38894052E-04   0.25797964E-05   0.49116726E-06   0.41965016E-04   0.00000000E+00
  13.917   1.917   0.40859093E+00   0.38872902E-04   0.25864774E-05   0.49356215E-06   0.41952942E-04   0.00000000E+00
  13.933   1.933   0.40706484E+00   0.38844119E-04   0.25932138E-05   0.49597989E-06   0.41933313E-04   0.00000000E+00
  13.950   1.950   0.40552739E+00   0.38807825E-04   0.26000032E-05   0.49841918E-06   0.41906248E-04   0.00000000E+00
  13.967   1.967   0.40397871E+00   0.38764147E-04   0.26068432E-05   0.50087876E-06   0.41871869E-04   0.00000000E+00
  13.983   1.983   0.40241895E+00   0.38713213E-04   0.26137313E-05   0.50335732E-06   0.41830302E-04   0.00000000E+00
  14.000   2.000   0.40084822E+00   0.38655158E-04   0.26206649E-05   0.50585353E-06   0.41781677E-04   0.00000000E+00
  14.017   2.017   0.39926623E+00   0.38590439E-04   0.26275991E-05   0.50834884E-06   0.41726387E-04   0.00000000E+00
  14.033   2.033   0.39767114E+00   0.38519271E-04   0.26345009E-05   0.51082312E-06   0.41664595E-04   0.00000000E+00
  14.050   2.050   0.39606088E+00   0.38441575E-04   0.26413814E-05   0.51327982E-06   0.41596236E-04   0.00000000E+00
  14.067   2.067   0.39443352E+00   0.38357343E-04   0.26482492E-05   0.51572337E-06   0.41521315E-04   0.00000000E+00
  14.083   2.083   0.39278725E+00   0.38266599E-04   0.26551112E-05   0.51815830E-06   0.41439869E-04   0.00000000E+00
  14.100   2.100   0.39112039E+00   0.38169389E-04   0.26619725E-05   0.52058884E-06   0.41351951E-04   0.00000000E+00
  14.117   2.117   0.38943134E+00   0.38065767E-04   0.26688365E-05   0.52301876E-06   0.41257623E-04   0.00000000E+00
  14.133   2.133   0.38771862E+00   0.37955795E-04   0.26757049E-05   0.52545130E-06   0.41156951E-04   0.00000000E+00
  14.150   2.150   0.38598080E+00   0.37839538E-04   0.26825782E-05   0.52788913E-06   0.41050005E-04   0.00000000E+00
  14.167   2.167   0.38421655E+00   0.37717066E-04   0.26894552E-05   0.53033443E-06   0.40936855E-04   0.00000000E+00
  14.183   2.183   0.38242460E+00   0.37588453E-04   0.26963336E-05   0.53278885E-06   0.40817575E-04   0.00000000E+00
  14.200   2.200   0.38060374E+00   0.37453776E-04   0.27032098E-05   0.53525357E-06   0.40692239E-04   0.00000000E+00
  14.217   2.217   0.37875283E+00   0.37313114E-04   0.27100786E-05   0.53772930E-06   0.40560922E-04   0.00000000E+00
  14.233   2.233   0.37687080E+00   0.37166553E-04   0.27169342E-05   0.54021633E-06   0.40423703E-04   0.00000000E+00
  14.250   2.250   0.37495660E+00   0.37014178E-04   0.27237690E-05   0.54271450E-06   0.40280662E-04   0.00000000E+00
  14.267   2.267   0.37300927E+00   0.36856081E-04   0.27305748E-05   0.54522328E-06   0.40131879E-04   0.00000000E+00
  14.283   2.283   0.37102791E+00   0.36692357E-04   0.27373418E-05   0.54774172E-06   0.39977441E-04   0.00000000E+00
  14.300   2.300   0.36901165E+00   0.36523105E-04   0.27440596E-05   0.55026850E-06   0.39817433E-04   0.00000000E+00
  14.317   2.317   0.36695971E+00   0.36348429E-04   0.27507161E-05   0.55280191E-06   0.39651947E-04   0.00000000E+00
  14.333   2.333   0.36487136E+00   0.36168438E-04   0.27572988E-05   0.55533987E-06   0.39481077E-04   0.00000000E+00
  14.350   2.350   0.36274596E+00   0.35983246E-04   0.27637937E-05   0.55787995E-06   0.39304919E-04   0.00000000E+00
  14.367   2.367   0.36058292E+00   0.35792972E-04   0.27701860E-05   0.56041934E-06   0.39123577E-04   0.00000000E+00
  14.383   2.383   0.35838175E+00   0.35597744E-04   0.27764598E-05   0.56295488E-06   0.38937158E-04   0.00000000E+00
  14.400   2.400   0.35614205E+00   0.35397693E-04   0.27825982E-05   0.56548304E-06   0.38745775E-04   0.00000000E+00
  14.417   2.417   0.35386353E+00   0.35192962E-04   0.27885837E-05   0.56799997E-06   0.38549545E-04   0.00000000E+00
  14.433   2.433   0.35154599E+00   0.34983697E-04   0.27943975E-05   0.57050142E-06   0.38348596E-04   0.00000000E+00
  14.450   2.450   0.34918935E+00   0.34770055E-04   0.28000204E-05   0.57298285E-06   0.38143058E-04   0.00000000E+00
  14.467   2.467   0.34679369E+00   0.34552202E-04   0.28054321E-05   0.57543934E-06   0.37933074E-04   0.00000000E+00
  14.483   2.483   0.34435919E+00   0.34330314E-04   0.28106120E-05   0.57786566E-06   0.37718791E-04   0.00000000E+00
  14.500   2.500   0.34188622E+00   0.34104574E-04   0.28155387E-05   0.58025629E-06   0.37500369E-04   0.00000000E+00
  14.517   2.517   0.33937529E+00   0.33875179E-04   0.28201905E-05   0.58260538E-06   0.37277975E-04   0.00000000E+00
  14.533   2.533   0.33682710E+00   0.33642335E-04   0.28245452E-05   0.58490684E-06   0.37051787E-04   0.00000000E+00
  14.550   2.550   0.33424253E+00   0.33406259E-04   0.28285808E-05   0.58715430E-06   0.36821994E-04   0.00000000E+00
  14.567   2.567   0.33162267E+00   0.33167179E-04   0.28322750E-05   0.58934121E-06   0.36588795E-04   0.00000000E+00
  14.583   2.583   0.32896878E+00   0.32925334E-04   0.28356059E-05   0.59146084E-06   0.36352401E-04   0.00000000E+00
  14.600   2.600   0.32628237E+00   0.32680975E-04   0.28385519E-05   0.59350632E-06   0.36113034E-04   0.00000000E+00
  14.617   2.617   0.32356515E+00   0.32434363E-04   0.28410922E-05   0.59547071E-06   0.35870926E-04   0.00000000E+00
  14.633   2.633   0.32081902E+00   0.32185767E-04   0.28432066E-05   0.59734706E-06   0.35626321E-04   0.00000000E+00
  14.650   2.650   0.31804612E+00   0.31935468E-04   0.28448762E-05   0.59912845E-06   0.35379472E-04   0.00000000E+00
  14.667   2.667   0.31524879E+00   0.31683752E-04   0.28460833E-05   0.60080809E-06   0.35130643E-04   0.00000000E+00
  14.683   2.683   0.31242956E+00   0.31430912E-04   0.28468119E-05   0.60237937E-06   0.34880103E-04   0.00000000E+00
  14.700   2.700   0.30959116E+00   0.31177248E-04   0.28470477E-05   0.60383592E-06   0.34628132E-04   0.00000000E+00
  14.717   2.717   0.30673645E+00   0.30923061E-04   0.28467784E-05   0.60517174E-06   0.34375011E-04   0.00000000E+00
  14.733   2.733   0.30386847E+00   0.30668654E-04   0.28459939E-05   0.60638120E-06   0.34121029E-04   0.00000000E+00
  14.750   2.750   0.30099036E+00   0.30414327E-04   0.28446864E-05   0.60745916E-06   0.33866473E-04   0.00000000E+00
  14.767   2.767   0.29810536E+00   0.30160381E-04   0.28428505E-05   0.60840104E-06   0.33611632E-04   0.00000000E+00
  14.783   2.783   0.29521678E+00   0.29907106E-04   0.28404836E-05   0.60920282E-06   0.33356792E-04   0.00000000E+00
  14.800   2.800   0.29232793E+00   0.29654788E-04   0.28375855E-05   0.60986115E-06   0.33102235E-04   0.00000000E+00
  14.817   2.817   0.28944215E+00   0.29403702E-04   0.28341586E-05   0.61037338E-06   0.32848234E-04   0.00000000E+00
  14.833   2.833   0.28656274E+00   0.29154111E-04   0.28302078E-05   0.61073752E-06   0.32595056E-04   0.00000000E+00
  14.850   2.850   0.28369293E+00   0.28906263E-04   0.28257406E-05   0.61095237E-06   0.32342956E-04   0.00000000E+00
  14.867   2.867   0.28083585E+00   0.28660391E-04   0.28207667E-05   0.61101739E-06   0.32092175E-04   0.00000000E+00
  14.883   2.883   0.27799453E+00   0.28416712E-04   0.28152981E-05   0.61093280E-06   0.31842943E-04   0.00000000E+00
  14.900   2.900   0.27517183E+00   0.28175424E-04   0.28093486E-05   0.61069949E-06   0.31595472E-04   0.00000000E+00
  14.917   2.917   0.27237046E+00   0.27936705E-04   0.28029339E-05   0.61031902E-06   0.31349958E-04   0.00000000E+00
  14.933   2.933   0.26959295E+00   0.27700717E-04   0.27960713E-05   0.60979355E-06   0.31106582E-04   0.00000000E+00
  14.950   2.950   0.26684162E+00   0.27467600E-04   0.27887792E-05   0.60912582E-06   0.30865505E-04   0.00000000E+00
  14.967   2.967   0.26411860E+00   0.27237475E-04   0.27810772E-05   0.60831909E-06   0.30626872E-04   0.00000000E+00
  14.983   2.983   0.26142581E+00   0.27010446E-04   0.27729857E-05   0.60737705E-06   0.30390809E-04   0.00000000E+00
  15.000   3.000   0.25876497E+00   0.26786598E-04   0.27645257E-05   0.60630381E-06   0.30157427E-04   0.00000000E+00
  15.017   3.017   0.25613755E+00   0.26565996E-04   0.27557184E-05   0.60510378E-06   0.29926819E-04   0.00000000E+00
  15.033   3.033   0.25354488E+00   0.26348694E-04   0.27465855E-05   0.60378167E-06   0.29699061E-04   0.00000000E+00
  15.050   3.050   0.25098803E+00   0.26134727E-04   0.27371483E-05   0.60234239E-06   0.29474218E-04   0.00000000E+00
  15.067   3.067   0.24846793E+00   0.25924116E-04   0.27274283E-05   0.60079101E-06   0.29252335E-04   0.00000000E+00
  15.083   3.083   0.24598531E+00   0.25716871E-04   0.27174463E-05   0.59913271E-06   0.29033450E-04   0.00000000E+00
  15.100   3.100   0.24354073E+00   0.25512989E-04   0.27072230E-05   0.59737273E-06   0.28817585E-04   0.00000000E+00
  15.117   3.117   0.24113462E+00   0.25312457E-04   0.26967784E-05   0.59551632E-06   0.28604752E-04   0.00000000E+00
  15.133   3.133   0.23876723E+00   0.25115253E-04   0.26861317E-05   0.59356873E-06   0.28394953E-04   0.00000000E+00
  15.150   3.150   0.23643872E+00   0.24921347E-04   0.26753018E-05   0.59153514E-06   0.28188184E-04   0.00000000E+00
  15.167   3.167   0.23414910E+00   0.24730701E-04   0.26643065E-05   0.58942066E-06   0.27984428E-04   0.00000000E+00
  15.183   3.183   0.23189830E+00   0.24543273E-04   0.26531629E-05   0.58723029E-06   0.27783666E-04   0.00000000E+00
  15.200   3.200   0.22968614E+00   0.24359013E-04   0.26418875E-05   0.58496891E-06   0.27585870E-04   0.00000000E+00
  15.217   3.217   0.22751237E+00   0.24177870E-04   0.26304958E-05   0.58264126E-06   0.27391007E-04   0.00000000E+00
  15.233   3.233   0.22537666E+00   0.23999788E-04   0.26190024E-05   0.58025195E-06   0.27199043E-04   0.00000000E+00
  15.250   3.250   0.22327863E+00   0.23824708E-04   0.26074214E-05   0.57780539E-06   0.27009935E-04   0.00000000E+00
  15.267   3.267   0.22121782E+00   0.23652570E-04   0.25957659E-05   0.57530586E-06   0.26823642E-04   0.00000000E+00
  15.283   3.283   0.21919375E+00   0.23483311E-04   0.25840481E-05   0.57275745E-06   0.26640117E-04   0.00000000E+00
  15.300   3.300   0.21720589E+00   0.23316869E-04   0.25722798E-05   0.57016408E-06   0.26459313E-04   0.00000000E+00
  15.317   3.317   0.21525369E+00   0.23153180E-04   0.25604718E-05   0.56752951E-06   0.26281181E-04   0.00000000E+00
  15.333   3.333   0.21333656E+00   0.22992179E-04   0.25486342E-05   0.56485730E-06   0.26105670E-04   0.00000000E+00
  15.350   3.350   0.21145389E+00   0.22833803E-04   0.25367767E-05   0.56215088E-06   0.25932731E-04   0.00000000E+00
  15.367   3.367   0.20960508E+00   0.22677989E-04   0.25249080E-05   0.55941347E-06   0.25762310E-04   0.00000000E+00
  15.383   3.383   0.20778948E+00   0.22524674E-04   0.25130365E-05   0.55664815E-06   0.25594358E-04   0.00000000E+00
  15.400   3.400   0.20600647E+00   0.22373795E-04   0.25011699E-05   0.55385786E-06   0.25428823E-04   0.00000000E+00
  15.417   3.417   0.20425540E+00   0.22225292E-04   0.24893153E-05   0.55104534E-06   0.25265653E-04   0.00000000E+00
  15.433   3.433   0.20253564E+00   0.22079106E-04   0.24774793E-05   0.54821323E-06   0.25104798E-04   0.00000000E+00
  15.450   3.450   0.20084653E+00   0.21935176E-04   0.24656681E-05   0.54536399E-06   0.24946208E-04   0.00000000E+00
  15.467   3.467   0.19918746E+00   0.21793447E-04   0.24538875E-05   0.54249997E-06   0.24789834E-04   0.00000000E+00
  15.483   3.483   0.19755777E+00   0.21653861E-04   0.24421427E-05   0.53962338E-06   0.24635627E-04   0.00000000E+00
  15.500   3.500   0.19595686E+00   0.21516365E-04   0.24304386E-05   0.53673630E-06   0.24483540E-04   0.00000000E+00
  15.517   3.517   0.19438410E+00   0.21380905E-04   0.24187797E-05   0.53384070E-06   0.24333525E-04   0.00000000E+00
  15.533   3.533   0.19283888E+00   0.21247429E-04   0.24071701E-05   0.53093843E-06   0.24185538E-04   0.00000000E+00
  15.550   3.550   0.19132062E+00   0.21115888E-04   0.23956137E-05   0.52803124E-06   0.24039533E-04   0.00000000E+00
  15.567   3.567   0.18982871E+00   0.20986233E-04   0.23841141E-05   0.52512076E-06   0.23895468E-04   0.00000000E+00
  15.583   3.583   0.18836260E+00   0.20858415E-04   0.23726743E-05   0.52220854E-06   0.23753298E-04   0.00000000E+00
  15.600   3.600   0.18692171E+00   0.20732391E-04   0.23612974E-05   0.51929603E-06   0.23612984E-04   0.00000000E+00
  15.617   3.617   0.18550550E+00   0.20608114E-04   0.23499861E-05   0.51638460E-06   0.23474485E-04   0.00000000E+00
  15.633   3.633   0.18411342E+00   0.20485542E-04   0.23387429E-05   0.51347553E-06   0.23337761E-04   0.00000000E+00
  15.650   3.650   0.18274495E+00   0.20364634E-04   0.23275701E-05   0.51057001E-06   0.23202774E-04   0.00000000E+00
  15.667   3.667   0.18139958E+00   0.20245348E-04   0.23164696E-05   0.50766919E-06   0.23069487E-04   0.00000000E+00
  15.683   3.683   0.18007679E+00   0.20127647E-04   0.23054435E-05   0.50477411E-06   0.22937865E-04   0.00000000E+00
  15.700   3.700   0.17877612E+00   0.20011492E-04   0.22944932E-05   0.50188576E-06   0.22807871E-04   0.00000000E+00
  15.717   3.717   0.17749707E+00   0.19896847E-04   0.22836205E-05   0.49900509E-06   0.22679472E-04   0.00000000E+00
  15.733   3.733   0.17623919E+00   0.19783676E-04   0.22728266E-05   0.49613295E-06   0.22552635E-04   0.00000000E+00
  15.750   3.750   0.17500201E+00   0.19671945E-04   0.22621129E-05   0.49327016E-06   0.22427328E-04   0.00000000E+00
  15.767   3.767   0.17378511E+00   0.19561621E-04   0.22514804E-05   0.49041749E-06   0.22303519E-04   0.00000000E+00
  15.783   3.783   0.17258805E+00   0.19452673E-04   0.22409300E-05   0.48757563E-06   0.22181179E-04   0.00000000E+00
  15.800   3.800   0.17141042E+00   0.19345069E-04   0.22304627E-05   0.48474526E-06   0.22060277E-04   0.00000000E+00
  15.817   3.817   0.17025181E+00   0.19238780E-04   0.22200792E-05   0.48192699E-06   0.21940786E-04   0.00000000E+00
  15.833   3.833   0.16911182E+00   0.19133776E-04   0.22097802E-05   0.47912140E-06   0.21822678E-04   0.00000000E+00
  15.850   3.850   0.16799007E+00   0.19030030E-04   0.21995663E-05   0.47632903E-06   0.21705925E-04   0.00000000E+00
  15.867   3.867   0.16688618E+00   0.18927514E-04   0.21894378E-05   0.47355038E-06   0.21590502E-04   0.00000000E+00
  15.883   3.883   0.16579980E+00   0.18826203E-04   0.21793953E-05   0.47078590E-06   0.21476384E-04   0.00000000E+00
  15.900   3.900   0.16473056E+00   0.18726070E-04   0.21694391E-05   0.46803604E-06   0.21363545E-04   0.00000000E+00
  15.917   3.917   0.16367813E+00   0.18627092E-04   0.21595694E-05   0.46530118E-06   0.21251962E-04   0.00000000E+00
  15.933   3.933   0.16264216E+00   0.18529244E-04   0.21497863E-05   0.46258171E-06   0.21141612E-04   0.00000000E+00
  15.950   3.950   0.16162234E+00   0.18432504E-04   0.21400902E-05   0.45987795E-06   0.21032473E-04   0.00000000E+00
  15.967   3.967   0.16061834E+00   0.18336850E-04   0.21304809E-05   0.45719022E-06   0.20924521E-04   0.00000000E+00
  15.983   3.983   0.15962986E+00   0.18242259E-04   0.21209587E-05   0.45451882E-06   0.20817736E-04   0.00000000E+00
  16.000   4.000   0.15865659E+00   0.18148711E-04   0.21115233E-05   0.45186401E-06   0.20712098E-04   0.00000000E+00
  16.017   4.017   0.15769826E+00   0.18055995E-04   0.21021750E-05   0.44922598E-06   0.20607396E-04   0.00000000E+00
  16.033   4.033   0.15675465E+00   0.17963932E-04   0.20929142E-05   0.44660468E-06   0.20503451E-04   0.00000000E+00
  16.050   4.050   0.15582555E+00   0.17872534E-04   0.20837415E-05   0.44400007E-06   0.20400276E-04   0.00000000E+00
  16.067   4.067   0.15491076E+00   0.17781815E-04   0.20746571E-05   0.44141229E-06   0.20297884E-04   0.00000000E+00
  16.083   4.083   0.15401006E+00   0.17691785E-04   0.20656616E-05   0.43884159E-06   0.20196289E-04   0.00000000E+00
  16.100   4.100   0.15312323E+00   0.17602455E-04   0.20567549E-05   0.43628823E-06   0.20095499E-04   0.00000000E+00
  16.117   4.117   0.15225005E+00   0.17513833E-04   0.20479372E-05   0.43375243E-06   0.19995522E-04   0.00000000E+00
  16.133   4.133   0.15139032E+00   0.17425923E-04   0.20392085E-05   0.43123442E-06   0.19896366E-04   0.00000000E+00
  16.150   4.150   0.15054382E+00   0.17338729E-04   0.20305688E-05   0.42873439E-06   0.19798032E-04   0.00000000E+00
  16.167   4.167   0.14974722E+00   0.17253644E-04   0.20223549E-05   0.42624370E-06   0.19702243E-04   0.00000000E+00
  16.183   4.183   0.14902973E+00   0.17172647E-04   0.20148432E-05   0.42386688E-06   0.19611358E-04   0.00000000E+00
  16.200   4.200   0.14837248E+00   0.17095050E-04   0.20078709E-05   0.42158549E-06   0.19524506E-04   0.00000000E+00
  16.217   4.217   0.14776321E+00   0.17020171E-04   0.20013317E-05   0.41937957E-06   0.19440882E-04   0.00000000E+00
  16.233   4.233   0.14719344E+00   0.16947529E-04   0.19951527E-05   0.41723659E-06   0.19359918E-04   0.00000000E+00
  16.250   4.250   0.14665708E+00   0.16876773E-04   0.19892810E-05   0.41514780E-06   0.19281202E-04   0.00000000E+00
  16.267   4.267   0.14614951E+00   0.16807643E-04   0.19836768E-05   0.41310670E-06   0.19204426E-04   0.00000000E+00
  16.283   4.283   0.14566719E+00   0.16739939E-04   0.19783094E-05   0.41110827E-06   0.19129357E-04   0.00000000E+00
  16.300   4.300   0.14520730E+00   0.16673505E-04   0.19731545E-05   0.40914853E-06   0.19055808E-04   0.00000000E+00
  16.317   4.317   0.14476758E+00   0.16608215E-04   0.19681923E-05   0.40722430E-06   0.18983631E-04   0.00000000E+00
  16.333   4.333   0.14434616E+00   0.16543966E-04   0.19634067E-05   0.40533294E-06   0.18912706E-04   0.00000000E+00
  16.350   4.350   0.14394148E+00   0.16480675E-04   0.19587841E-05   0.40347228E-06   0.18842931E-04   0.00000000E+00
  16.367   4.367   0.14355222E+00   0.16418270E-04   0.19543132E-05   0.40164046E-06   0.18774224E-04   0.00000000E+00
  16.383   4.383   0.14317727E+00   0.16356693E-04   0.19499840E-05   0.39983591E-06   0.18706513E-04   0.00000000E+00
  16.400   4.400   0.14281565E+00   0.16295892E-04   0.19457883E-05   0.39805727E-06   0.18639737E-04   0.00000000E+00
  16.417   4.417   0.14246653E+00   0.16235822E-04   0.19417185E-05   0.39630335E-06   0.18573844E-04   0.00000000E+00
  16.433   4.433   0.14212917E+00   0.16176445E-04   0.19377683E-05   0.39457310E-06   0.18508786E-04   0.00000000E+00
  16.450   4.450   0.14180293E+00   0.16117727E-04   0.19339320E-05   0.39286559E-06   0.18444525E-04   0.00000000E+00
  16.467   4.467   0.14148722E+00   0.16059639E-04   0.19302044E-05   0.39118000E-06   0.18381023E-04   0.00000000E+00
  16.483   4.483   0.14118154E+00   0.16002153E-04   0.19265810E-05   0.38951558E-06   0.18318249E-04   0.00000000E+00
  16.500   4.500   0.14088541E+00   0.15945245E-04   0.19230577E-05   0.38787166E-06   0.18256175E-04   0.00000000E+00
  16.517   4.517   0.14059842E+00   0.15888895E-04   0.19196307E-05   0.38624761E-06   0.18194773E-04   0.00000000E+00
  16.533   4.533   0.14032021E+00   0.15833081E-04   0.19162967E-05   0.38464287E-06   0.18134021E-04   0.00000000E+00
  16.550   4.550   0.14005041E+00   0.15777788E-04   0.19130526E-05   0.38305694E-06   0.18073897E-04   0.00000000E+00
  16.567   4.567   0.13978872E+00   0.15722997E-04   0.19098956E-05   0.38148933E-06   0.18014382E-04   0.00000000E+00
  16.583   4.583   0.13953485E+00   0.15668695E-04   0.19068230E-05   0.37993960E-06   0.17955458E-04   0.00000000E+00
  16.600   4.600   0.13928853E+00   0.15614867E-04   0.19038324E-05   0.37840733E-06   0.17897107E-04   0.00000000E+00
  16.617   4.617   0.13904952E+00   0.15561501E-04   0.19009216E-05   0.37689214E-06   0.17839315E-04   0.00000000E+00
  16.633   4.633   0.13881760E+00   0.15508584E-04   0.18980885E-05   0.37539368E-06   0.17782066E-04   0.00000000E+00
  16.650   4.650   0.13859255E+00   0.15456106E-04   0.18953311E-05   0.37391160E-06   0.17725349E-04   0.00000000E+00
  16.667   4.667   0.13837418E+00   0.15404056E-04   0.18926476E-05   0.37244557E-06   0.17669150E-04   0.00000000E+00
  16.683   4.683   0.13816230E+00   0.15352425E-04   0.18900364E-05   0.37099531E-06   0.17613457E-04   0.00000000E+00
  16.700   4.700   0.13795674E+00   0.15301203E-04   0.18874958E-05   0.36956052E-06   0.17558259E-04   0.00000000E+00
  16.717   4.717   0.13775735E+00   0.15250381E-04   0.18850242E-05   0.36814093E-06   0.17503546E-04   0.00000000E+00
  16.733   4.733   0.13756398E+00   0.15199952E-04   0.18826204E-05   0.36673629E-06   0.17449308E-04   0.00000000E+00
  16.750   4.750   0.13737647E+00   0.15149907E-04   0.18802828E-05   0.36534633E-06   0.17395536E-04   0.00000000E+00
  16.767   4.767   0.13719470E+00   0.15100239E-04   0.18780103E-05   0.36397083E-06   0.17342220E-04   0.00000000E+00
  16.783   4.783   0.13701855E+00   0.15050941E-04   0.18758015E-05   0.36260956E-06   0.17289352E-04   0.00000000E+00
  16.800   4.800   0.13684788E+00   0.15002006E-04   0.18736554E-05   0.36126231E-06   0.17236924E-04   0.00000000E+00
  16.817   4.817   0.13668260E+00   0.14953428E-04   0.18715708E-05   0.35992886E-06   0.17184927E-04   0.00000000E+00
  16.833   4.833   0.13652258E+00   0.14905200E-04   0.18695466E-05   0.35860900E-06   0.17133356E-04   0.00000000E+00
  16.850   4.850   0.13636774E+00   0.14857317E-04   0.18675818E-05   0.35730256E-06   0.17082202E-04   0.00000000E+00
  16.867   4.867   0.13621796E+00   0.14809773E-04   0.18656756E-05   0.35600934E-06   0.17031458E-04   0.00000000E+00
  16.883   4.883   0.13607316E+00   0.14762562E-04   0.18638268E-05   0.35472915E-06   0.16981117E-04   0.00000000E+00
  16.900   4.900   0.13593325E+00   0.14715678E-04   0.18620346E-05   0.35346183E-06   0.16931175E-04   0.00000000E+00
  16.917   4.917   0.13579815E+00   0.14669117E-04   0.18602982E-05   0.35220720E-06   0.16881623E-04   0.00000000E+00
  16.933   4.933   0.13566776E+00   0.14622874E-04   0.18586168E-05   0.35096510E-06   0.16832456E-04   0.00000000E+00
  16.950   4.950   0.13554202E+00   0.14576944E-04   0.18569894E-05   0.34973537E-06   0.16783668E-04   0.00000000E+00
  16.967   4.967   0.13542085E+00   0.14531321E-04   0.18554153E-05   0.34851785E-06   0.16735254E-04   0.00000000E+00
  16.983   4.983   0.13530417E+00   0.14486002E-04   0.18538938E-05   0.34731240E-06   0.16687208E-04   0.00000000E+00
  17.000   5.000   0.13519192E+00   0.14440981E-04   0.18524242E-05   0.34611885E-06   0.16639524E-04   0.00000000E+00
  17.017   5.017   0.13508403E+00   0.14396255E-04   0.18510057E-05   0.34493708E-06   0.16592198E-04   0.00000000E+00
  17.033   5.033   0.13498043E+00   0.14351820E-04   0.18496376E-05   0.34376694E-06   0.16545224E-04   0.00000000E+00
  17.050   5.050   0.13488107E+00   0.14307670E-04   0.18483194E-05   0.34260829E-06   0.16498598E-04   0.00000000E+00
  17.067   5.067   0.13478589E+00   0.14263802E-04   0.18470502E-05   0.34146100E-06   0.16452313E-04   0.00000000E+00
  17.083   5.083   0.13469481E+00   0.14220212E-04   0.18458296E-05   0.34032495E-06   0.16406367E-04   0.00000000E+00
  17.100   5.100   0.13460780E+00   0.14176896E-04   0.18446569E-05   0.33919999E-06   0.16360753E-04   0.00000000E+00
  17.117   5.117   0.13452480E+00   0.14133850E-04   0.18435315E-05   0.33808601E-06   0.16315468E-04   0.00000000E+00
  17.133   5.133   0.13444574E+00   0.14091071E-04   0.18424528E-05   0.33698289E-06   0.16270507E-04   0.00000000E+00
  17.150   5.150   0.13437059E+00   0.14048554E-04   0.18414203E-05   0.33589050E-06   0.16225865E-04   0.00000000E+00
  17.167   5.167   0.13429929E+00   0.14006297E-04   0.18404333E-05   0.33480873E-06   0.16181539E-04   0.00000000E+00
  17.183   5.183   0.13423180E+00   0.13964295E-04   0.18394915E-05   0.33373747E-06   0.16137524E-04   0.00000000E+00
  17.200   5.200   0.13416806E+00   0.13922544E-04   0.18385942E-05   0.33267660E-06   0.16093815E-04   0.00000000E+00
  17.217   5.217   0.13410803E+00   0.13881043E-04   0.18377409E-05   0.33162601E-06   0.16050410E-04   0.00000000E+00
  17.233   5.233   0.13405168E+00   0.13839786E-04   0.18369311E-05   0.33058559E-06   0.16007303E-04   0.00000000E+00
  17.250   5.250   0.13399895E+00   0.13798771E-04   0.18361644E-05   0.32955524E-06   0.15964491E-04   0.00000000E+00
  17.267   5.267   0.13394981E+00   0.13757995E-04   0.18354402E-05   0.32853485E-06   0.15921970E-04   0.00000000E+00
  17.283   5.283   0.13390421E+00   0.13717454E-04   0.18347581E-05   0.32752432E-06   0.15879736E-04   0.00000000E+00
  17.300   5.300   0.13386211E+00   0.13677144E-04   0.18341177E-05   0.32652356E-06   0.15837786E-04   0.00000000E+00
  17.317   5.317   0.13382348E+00   0.13637064E-04   0.18335184E-05   0.32553245E-06   0.15796115E-04   0.00000000E+00
  17.333   5.333   0.13378828E+00   0.13597209E-04   0.18329598E-05   0.32455090E-06   0.15754720E-04   0.00000000E+00
  17.350   5.350   0.13375647E+00   0.13557577E-04   0.18324415E-05   0.32357882E-06   0.15713597E-04   0.00000000E+00
  17.367   5.367   0.13372802E+00   0.13518164E-04   0.18319631E-05   0.32261611E-06   0.15672743E-04   0.00000000E+00
  17.383   5.383   0.13370289E+00   0.13478967E-04   0.18315241E-05   0.32166269E-06   0.15632154E-04   0.00000000E+00
  17.400   5.400   0.13368104E+00   0.13439984E-04   0.18311241E-05   0.32071845E-06   0.15591827E-04   0.00000000E+00
  17.417   5.417   0.13366245E+00   0.13401212E-04   0.18307628E-05   0.31978331E-06   0.15551758E-04   0.00000000E+00
  17.433   5.433   0.13364708E+00   0.13362647E-04   0.18304397E-05   0.31885719E-06   0.15511944E-04   0.00000000E+00
  17.450   5.450   0.13363490E+00   0.13324287E-04   0.18301545E-05   0.31793998E-06   0.15472381E-04   0.00000000E+00
  17.467   5.467   0.13362588E+00   0.13286128E-04   0.18299067E-05   0.31703162E-06   0.15433066E-04   0.00000000E+00
  17.483   5.483   0.13361999E+00   0.13248168E-04   0.18296960E-05   0.31613201E-06   0.15393996E-04   0.00000000E+00
  17.500   5.500   0.13361719E+00   0.13210405E-04   0.18295220E-05   0.31524107E-06   0.15355168E-04   0.00000000E+00
  17.517   5.517   0.13361746E+00   0.13172835E-04   0.18293843E-05   0.31435873E-06   0.15316578E-04   0.00000000E+00
  17.533   5.533   0.13362078E+00   0.13135455E-04   0.18292827E-05   0.31348489E-06   0.15278223E-04   0.00000000E+00
  17.550   5.550   0.13362711E+00   0.13098263E-04   0.18292167E-05   0.31261948E-06   0.15240100E-04   0.00000000E+00
  17.567   5.567   0.13363642E+00   0.13061257E-04   0.18291860E-05   0.31176242E-06   0.15202205E-04   0.00000000E+00
  17.583   5.583   0.13364869E+00   0.13024433E-04   0.18291902E-05   0.31091364E-06   0.15164536E-04   0.00000000E+00
  17.600   5.600   0.13366389E+00   0.12987788E-04   0.18292291E-05   0.31007305E-06   0.15127090E-04   0.00000000E+00
  17.617   5.617   0.13368200E+00   0.12951321E-04   0.18293022E-05   0.30924059E-06   0.15089864E-04   0.00000000E+00
  17.633   5.633   0.13370299E+00   0.12915028E-04   0.18294093E-05   0.30841618E-06   0.15052853E-04   0.00000000E+00
  17.650   5.650   0.13372684E+00   0.12878907E-04   0.18295501E-05   0.30759975E-06   0.15016057E-04   0.00000000E+00
  17.667   5.667   0.13375351E+00   0.12842955E-04   0.18297241E-05   0.30679122E-06   0.14979471E-04   0.00000000E+00
  17.683   5.683   0.13378300E+00   0.12807170E-04   0.18299312E-05   0.30599052E-06   0.14943092E-04   0.00000000E+00
  17.700   5.700   0.13381527E+00   0.12771550E-04   0.18301710E-05   0.30519759E-06   0.14906918E-04   0.00000000E+00
  17.717   5.717   0.13385030E+00   0.12736091E-04   0.18304432E-05   0.30441235E-06   0.14870946E-04   0.00000000E+00
  17.733   5.733   0.13388807E+00   0.12700791E-04   0.18307475E-05   0.30363474E-06   0.14835173E-04   0.00000000E+00
  17.750   5.750   0.13392856E+00   0.12665648E-04   0.18310836E-05   0.30286469E-06   0.14799596E-04   0.00000000E+00
  17.767   5.767   0.13397175E+00   0.12630659E-04   0.18314512E-05   0.30210214E-06   0.14764212E-04   0.00000000E+00
  17.783   5.783   0.13401760E+00   0.12595822E-04   0.18318500E-05   0.30134701E-06   0.14729019E-04   0.00000000E+00
  17.800   5.800   0.13406612E+00   0.12561134E-04   0.18322798E-05   0.30059925E-06   0.14694013E-04   0.00000000E+00
  17.817   5.817   0.13411726E+00   0.12526594E-04   0.18327403E-05   0.29985878E-06   0.14659193E-04   0.00000000E+00
  17.833   5.833   0.13417102E+00   0.12492197E-04   0.18332312E-05   0.29912556E-06   0.14624554E-04   0.00000000E+00
  17.850   5.850   0.13422737E+00   0.12457943E-04   0.18337522E-05   0.29839951E-06   0.14590095E-04   0.00000000E+00
  17.867   5.867   0.13428629E+00   0.12423829E-04   0.18343031E-05   0.29768058E-06   0.14555813E-04   0.00000000E+00
  17.883   5.883   0.13434777E+00   0.12389853E-04   0.18348835E-05   0.29696870E-06   0.14521705E-04   0.00000000E+00
  17.900   5.900   0.13441178E+00   0.12356011E-04   0.18354934E-05   0.29626382E-06   0.14487768E-04   0.00000000E+00
  17.917   5.917   0.13447831E+00   0.12322303E-04   0.18361323E-05   0.29556587E-06   0.14454001E-04   0.00000000E+00
  17.933   5.933   0.13454734E+00   0.12288725E-04   0.18368000E-05   0.29487480E-06   0.14420399E-04   0.00000000E+00
  17.950   5.950   0.13461885E+00   0.12255275E-04   0.18374963E-05   0.29419056E-06   0.14386962E-04   0.00000000E+00
  17.967   5.967   0.13469282E+00   0.12221951E-04   0.18382210E-05   0.29351308E-06   0.14353685E-04   0.00000000E+00
  17.983   5.983   0.13476924E+00   0.12188751E-04   0.18389737E-05   0.29284231E-06   0.14320567E-04   0.00000000E+00
  18.000   6.000   0.13484809E+00   0.12155673E-04   0.18397543E-05   0.29217819E-06   0.14287605E-04   0.00000000E+00
  18.017   6.017   0.13492935E+00   0.12122713E-04   0.18405626E-05   0.29152067E-06   0.14254797E-04   0.00000000E+00
  18.033   6.033   0.13501301E+00   0.12089871E-04   0.18413982E-05   0.29086970E-06   0.14222139E-04   0.00000000E+00
  18.050   6.050   0.13509905E+00   0.12057144E-04   0.18422609E-05   0.29022522E-06   0.14189630E-04   0.00000000E+00
  18.067   6.067   0.13518746E+00   0.12024530E-04   0.18431506E-05   0.28958718E-06   0.14157267E-04   0.00000000E+00
  18.083   6.083   0.13527821E+00   0.11992026E-04   0.18440670E-05   0.28895554E-06   0.14125048E-04   0.00000000E+00
  18.100   6.100   0.13537130E+00   0.11959630E-04   0.18450099E-05   0.28833023E-06   0.14092970E-04   0.00000000E+00
  18.117   6.117   0.13546671E+00   0.11927341E-04   0.18459790E-05   0.28771121E-06   0.14061031E-04   0.00000000E+00
  18.133   6.133   0.13556442E+00   0.11895156E-04   0.18469742E-05   0.28709843E-06   0.14029229E-04   0.00000000E+00
  18.150   6.150   0.13566443E+00   0.11863073E-04   0.18479953E-05   0.28649183E-06   0.13997560E-04   0.00000000E+00
  18.167   6.167   0.13576670E+00   0.11831090E-04   0.18490419E-05   0.28589138E-06   0.13966023E-04   0.00000000E+00
  18.183   6.183   0.13587125E+00   0.11799205E-04   0.18501140E-05   0.28529702E-06   0.13934616E-04   0.00000000E+00
  18.200   6.200   0.13597804E+00   0.11767415E-04   0.18512112E-05   0.28470871E-06   0.13903335E-04   0.00000000E+00
  18.217   6.217   0.13608706E+00   0.11735719E-04   0.18523335E-05   0.28412640E-06   0.13872179E-04   0.00000000E+00
  18.233   6.233   0.13619831E+00   0.11704115E-04   0.18534806E-05   0.28355004E-06   0.13841146E-04   0.00000000E+00
  18.250   6.250   0.13631177E+00   0.11672601E-04   0.18546523E-05   0.28297959E-06   0.13810233E-04   0.00000000E+00
  18.267   6.267   0.13642742E+00   0.11641174E-04   0.18558484E-05   0.28241500E-06   0.13779438E-04   0.00000000E+00
  18.283   6.283   0.13654525E+00   0.11609833E-04   0.18570688E-05   0.28185624E-06   0.13748758E-04   0.00000000E+00
  18.300   6.300   0.13666526E+00   0.11578575E-04   0.18583131E-05   0.28130324E-06   0.13718192E-04   0.00000000E+00
  18.317   6.317   0.13678743E+00   0.11547399E-04   0.18595814E-05   0.28075598E-06   0.13687736E-04   0.00000000E+00
  18.333   6.333   0.13691174E+00   0.11516303E-04   0.18608733E-05   0.28021441E-06   0.13657390E-04   0.00000000E+00
  18.350   6.350   0.13703819E+00   0.11485284E-04   0.18621886E-05   0.27967849E-06   0.13627151E-04   0.00000000E+00
  18.367   6.367   0.13716677E+00   0.11454341E-04   0.18635273E-05   0.27914817E-06   0.13597016E-04   0.00000000E+00
  18.383   6.383   0.13729746E+00   0.11423472E-04   0.18648890E-05   0.27862341E-06   0.13566984E-04   0.00000000E+00
  18.400   6.400   0.13743025E+00   0.11392674E-04   0.18662738E-05   0.27810418E-06   0.13537052E-04   0.00000000E+00
  18.417   6.417   0.13756513E+00   0.11361947E-04   0.18676812E-05   0.27759043E-06   0.13507218E-04   0.00000000E+00
  18.433   6.433   0.13770209E+00   0.11331287E-04   0.18691113E-05   0.27708213E-06   0.13477481E-04   0.00000000E+00
  18.450   6.450   0.13784113E+00   0.11300694E-04   0.18705638E-05   0.27657923E-06   0.13447837E-04   0.00000000E+00
  18.467   6.467   0.13798222E+00   0.11270165E-04   0.18720386E-05   0.27608170E-06   0.13418285E-04   0.00000000E+00
  18.483   6.483   0.13812536E+00   0.11239698E-04   0.18735355E-05   0.27558949E-06   0.13388823E-04   0.00000000E+00
  18.500   6.500   0.13827055E+00   0.11209291E-04   0.18750543E-05   0.27510258E-06   0.13359448E-04   0.00000000E+00
  18.517   6.517   0.13841776E+00   0.11178944E-04   0.18765949E-05   0.27462091E-06   0.13330159E-04   0.00000000E+00
  18.533   6.533   0.13856700E+00   0.11148653E-04   0.18781571E-05   0.27414447E-06   0.13300954E-04   0.00000000E+00
  18.550   6.550   0.13871825E+00   0.11118417E-04   0.18797407E-05   0.27367321E-06   0.13271831E-04   0.00000000E+00
  18.567   6.567   0.13887150E+00   0.11088234E-04   0.18813456E-05   0.27320709E-06   0.13242786E-04   0.00000000E+00
  18.583   6.583   0.13902675E+00   0.11058102E-04   0.18829717E-05   0.27274607E-06   0.13213820E-04   0.00000000E+00
  18.600   6.600   0.13918398E+00   0.11028020E-04   0.18846188E-05   0.27229014E-06   0.13184929E-04   0.00000000E+00
  18.617   6.617   0.13934319E+00   0.10997985E-04   0.18862868E-05   0.27183924E-06   0.13156111E-04   0.00000000E+00
  18.633   6.633   0.13950436E+00   0.10967997E-04   0.18879754E-05   0.27139335E-06   0.13127365E-04   0.00000000E+00
  18.650   6.650   0.13966750E+00   0.10938052E-04   0.18896846E-05   0.27095243E-06   0.13098689E-04   0.00000000E+00
  18.667   6.667   0.13983259E+00   0.10908150E-04   0.18914142E-05   0.27051644E-06   0.13070081E-04   0.00000000E+00
  18.683   6.683   0.13999962E+00   0.10878288E-04   0.18931641E-05   0.27008536E-06   0.13041538E-04   0.00000000E+00
  18.700   6.700   0.14016859E+00   0.10848466E-04   0.18949341E-05   0.26965916E-06   0.13013059E-04   0.00000000E+00
  18.717   6.717   0.14033949E+00   0.10818680E-04   0.18967241E-05   0.26923780E-06   0.12984642E-04   0.00000000E+00
  18.733   6.733   0.14051231E+00   0.10788930E-04   0.18985340E-05   0.26882124E-06   0.12956285E-04   0.00000000E+00
  18.750   6.750   0.14068705E+00   0.10759213E-04   0.19003636E-05   0.26840946E-06   0.12927986E-04   0.00000000E+00
  18.767   6.767   0.14086369E+00   0.10729528E-04   0.19022128E-05   0.26800243E-06   0.12899743E-04   0.00000000E+00
  18.783   6.783   0.14104224E+00   0.10699874E-04   0.19040814E-05   0.26760012E-06   0.12871555E-04   0.00000000E+00
  18.800   6.800   0.14122267E+00   0.10670247E-04   0.19059694E-05   0.26720249E-06   0.12843419E-04   0.00000000E+00
  18.817   6.817   0.14140500E+00   0.10640648E-04   0.19078766E-05   0.26680952E-06   0.12815334E-04   0.00000000E+00
  18.833   6.833   0.14158921E+00   0.10611074E-04   0.19098028E-05   0.26642118E-06   0.12787298E-04   0.00000000E+00
  18.850   6.850   0.14177529E+00   0.10581524E-04   0.19117480E-05   0.26603743E-06   0.12759309E-04   0.00000000E+00
  18.867   6.867   0.14196324E+00   0.10551995E-04   0.19137121E-05   0.26565826E-06   0.12731365E-04   0.00000000E+00
  18.883   6.883   0.14215305E+00   0.10522486E-04   0.19156948E-05   0.26528362E-06   0.12703465E-04   0.00000000E+00
  18.900   6.900   0.14234472E+00   0.10492996E-04   0.19176962E-05   0.26491350E-06   0.12675606E-04   0.00000000E+00
  18.917   6.917   0.14253824E+00   0.10463523E-04   0.19197160E-05   0.26454786E-06   0.12647787E-04   0.00000000E+00
  18.933   6.933   0.14273361E+00   0.10434065E-04   0.19217542E-05   0.26418668E-06   0.12620006E-04   0.00000000E+00
  18.950   6.950   0.14293082E+00   0.10404621E-04   0.19238106E-05   0.26382993E-06   0.12592261E-04   0.00000000E+00
  18.967   6.967   0.14312986E+00   0.10375188E-04   0.19258851E-05   0.26347759E-06   0.12564551E-04   0.00000000E+00
  18.983   6.983   0.14333074E+00   0.10345766E-04   0.19279777E-05   0.26312962E-06   0.12536874E-04   0.00000000E+00
  19.000   7.000   0.14353344E+00   0.10316353E-04   0.19300882E-05   0.26278600E-06   0.12509227E-04   0.00000000E+00
  19.017   7.017   0.14373795E+00   0.10286947E-04   0.19322165E-05   0.26244671E-06   0.12481611E-04   0.00000000E+00
  19.033   7.033   0.14394429E+00   0.10257547E-04   0.19343625E-05   0.26211173E-06   0.12454021E-04   0.00000000E+00
  19.050   7.050   0.14415244E+00   0.10228151E-04   0.19365260E-05   0.26178101E-06   0.12426458E-04   0.00000000E+00
  19.067   7.067   0.14436239E+00   0.10198757E-04   0.19387071E-05   0.26145455E-06   0.12398919E-04   0.00000000E+00
  19.083   7.083   0.14457415E+00   0.10169365E-04   0.19409055E-05   0.26113232E-06   0.12371402E-04   0.00000000E+00
  19.100   7.100   0.14478770E+00   0.10139971E-04   0.19431212E-05   0.26081429E-06   0.12343907E-04   0.00000000E+00
  19.117   7.117   0.14500305E+00   0.10110576E-04   0.19453541E-05   0.26050043E-06   0.12316430E-04   0.00000000E+00
  19.133   7.133   0.14522019E+00   0.10081177E-04   0.19476041E-05   0.26019073E-06   0.12288972E-04   0.00000000E+00
  19.150   7.150   0.14543912E+00   0.10051772E-04   0.19498711E-05   0.25988517E-06   0.12261529E-04   0.00000000E+00
  19.167   7.167   0.14565983E+00   0.10022361E-04   0.19521549E-05   0.25958371E-06   0.12234100E-04   0.00000000E+00
  19.183   7.183   0.14588232E+00   0.99929421E-05   0.19544556E-05   0.25928634E-06   0.12206684E-04   0.00000000E+00
  19.200   7.200   0.14610659E+00   0.99635130E-05   0.19567729E-05   0.25899303E-06   0.12179279E-04   0.00000000E+00
  19.217   7.217   0.14633263E+00   0.99340728E-05   0.19591069E-05   0.25870376E-06   0.12151883E-04   0.00000000E+00
  19.233   7.233   0.14656044E+00   0.99046198E-05   0.19614573E-05   0.25841851E-06   0.12124496E-04   0.00000000E+00
  19.250   7.250   0.14679002E+00   0.98751526E-05   0.19638243E-05   0.25813726E-06   0.12097114E-04   0.00000000E+00
  19.267   7.267   0.14702137E+00   0.98456698E-05   0.19662075E-05   0.25785999E-06   0.12069737E-04   0.00000000E+00
  19.283   7.283   0.14725447E+00   0.98161698E-05   0.19686070E-05   0.25758667E-06   0.12042363E-04   0.00000000E+00
  19.300   7.300   0.14748934E+00   0.97866512E-05   0.19710226E-05   0.25731729E-06   0.12014991E-04   0.00000000E+00
  19.317   7.317   0.14772596E+00   0.97571125E-05   0.19734544E-05   0.25705182E-06   0.11987619E-04   0.00000000E+00
  19.333   7.333   0.14796434E+00   0.97275524E-05   0.19759021E-05   0.25679024E-06   0.11960245E-04   0.00000000E+00
  19.350   7.350   0.14820447E+00   0.96979693E-05   0.19783658E-05   0.25653254E-06   0.11932868E-04   0.00000000E+00
  19.367   7.367   0.14844635E+00   0.96683619E-05   0.19808453E-05   0.25627869E-06   0.11905486E-04   0.00000000E+00
  19.383   7.383   0.14868998E+00   0.96387287E-05   0.19833405E-05   0.25602868E-06   0.11878098E-04   0.00000000E+00
  19.400   7.400   0.14893535E+00   0.96090682E-05   0.19858514E-05   0.25578248E-06   0.11850702E-04   0.00000000E+00
  19.417   7.417   0.14918247E+00   0.95793793E-05   0.19883779E-05   0.25554008E-06   0.11823297E-04   0.00000000E+00
  19.433   7.433   0.14943133E+00   0.95496603E-05   0.19909199E-05   0.25530145E-06   0.11795882E-04   0.00000000E+00
  19.450   7.450   0.14968194E+00   0.95199099E-05   0.19934774E-05   0.25506659E-06   0.11768454E-04   0.00000000E+00
  19.467   7.467   0.14993428E+00   0.94901267E-05   0.19960502E-05   0.25483546E-06   0.11741012E-04   0.00000000E+00
  19.483   7.483   0.15018836E+00   0.94603094E-05   0.19986384E-05   0.25460805E-06   0.11713556E-04   0.00000000E+00
  19.500   7.500   0.15044418E+00   0.94304566E-05   0.20012417E-05   0.25438435E-06   0.11686083E-04   0.00000000E+00
  19.517   7.517   0.15070173E+00   0.94005670E-05   0.20038602E-05   0.25416434E-06   0.11658592E-04   0.00000000E+00
  19.533   7.533   0.15096102E+00   0.93706391E-05   0.20064938E-05   0.25394800E-06   0.11631081E-04   0.00000000E+00
  19.550   7.550   0.15122205E+00   0.93406716E-05   0.20091423E-05   0.25373530E-06   0.11603549E-04   0.00000000E+00
  19.567   7.567   0.15148480E+00   0.93106633E-05   0.20118059E-05   0.25352624E-06   0.11575995E-04   0.00000000E+00
  19.583   7.583   0.15174929E+00   0.92806127E-05   0.20144842E-05   0.25332080E-06   0.11548418E-04   0.00000000E+00
  19.600   7.600   0.15201551E+00   0.92505186E-05   0.20171774E-05   0.25311896E-06   0.11520815E-04   0.00000000E+00
  19.617   7.617   0.15228347E+00   0.92203796E-05   0.20198853E-05   0.25292071E-06   0.11493186E-04   0.00000000E+00
  19.633   7.633   0.15255315E+00   0.91901945E-05   0.20226079E-05   0.25272603E-06   0.11465528E-04   0.00000000E+00
  19.650   7.650   0.15282456E+00   0.91599619E-05   0.20253450E-05   0.25253489E-06   0.11437842E-04   0.00000000E+00
  19.667   7.667   0.15309771E+00   0.91296805E-05   0.20280967E-05   0.25234730E-06   0.11410125E-04   0.00000000E+00
  19.683   7.683   0.15337258E+00   0.90993492E-05   0.20308629E-05   0.25216323E-06   0.11382375E-04   0.00000000E+00
  19.700   7.700   0.15364919E+00   0.90689665E-05   0.20336435E-05   0.25198266E-06   0.11354593E-04   0.00000000E+00
  19.717   7.717   0.15392752E+00   0.90385313E-05   0.20364384E-05   0.25180558E-06   0.11326775E-04   0.00000000E+00
  19.733   7.733   0.15420758E+00   0.90080423E-05   0.20392476E-05   0.25163198E-06   0.11298922E-04   0.00000000E+00
  19.750   7.750   0.15448938E+00   0.89774982E-05   0.20420710E-05   0.25146185E-06   0.11271031E-04   0.00000000E+00
  19.767   7.767   0.15477290E+00   0.89468979E-05   0.20449086E-05   0.25129516E-06   0.11243102E-04   0.00000000E+00
  19.783   7.783   0.15505815E+00   0.89162400E-05   0.20477603E-05   0.25113190E-06   0.11215132E-04   0.00000000E+00
  19.800   7.800   0.15534514E+00   0.88855234E-05   0.20506260E-05   0.25097206E-06   0.11187121E-04   0.00000000E+00
  19.817   7.817   0.15563385E+00   0.88547469E-05   0.20535057E-05   0.25081562E-06   0.11159068E-04   0.00000000E+00
  19.833   7.833   0.15592430E+00   0.88239092E-05   0.20563993E-05   0.25066258E-06   0.11130971E-04   0.00000000E+00
  19.850   7.850   0.15621648E+00   0.87930093E-05   0.20593068E-05   0.25051291E-06   0.11102829E-04   0.00000000E+00
  19.867   7.867   0.15651040E+00   0.87620458E-05   0.20622281E-05   0.25036661E-06   0.11074640E-04   0.00000000E+00
  19.883   7.883   0.15680604E+00   0.87310176E-05   0.20651631E-05   0.25022366E-06   0.11046404E-04   0.00000000E+00
  19.900   7.900   0.15710343E+00   0.86999236E-05   0.20681119E-05   0.25008405E-06   0.11018120E-04   0.00000000E+00
  19.917   7.917   0.15740254E+00   0.86687626E-05   0.20710742E-05   0.24994776E-06   0.10989785E-04   0.00000000E+00
  19.933   7.933   0.15770340E+00   0.86375335E-05   0.20740502E-05   0.24981478E-06   0.10961398E-04   0.00000000E+00
  19.950   7.950   0.15800599E+00   0.86062351E-05   0.20770397E-05   0.24968511E-06   0.10932960E-04   0.00000000E+00
  19.967   7.967   0.15831032E+00   0.85748664E-05   0.20800426E-05   0.24955872E-06   0.10904468E-04   0.00000000E+00
  19.983   7.983   0.15861639E+00   0.85434262E-05   0.20830590E-05   0.24943561E-06   0.10875921E-04   0.00000000E+00
  20.000   8.000   0.15892420E+00   0.85119134E-05   0.20860887E-05   0.24931576E-06   0.10847318E-04   0.00000000E+00
  20.017   8.017   0.15923376E+00   0.84803269E-05   0.20891318E-05   0.24919916E-06   0.10818658E-04   0.00000000E+00
  20.033   8.033   0.15954505E+00   0.84486657E-05   0.20921881E-05   0.24908581E-06   0.10789940E-04   0.00000000E+00
  20.050   8.050   0.15985809E+00   0.84169287E-05   0.20952576E-05   0.24897568E-06   0.10761162E-04   0.00000000E+00
  20.067   8.067   0.16017288E+00   0.83851148E-05   0.20983402E-05   0.24886877E-06   0.10732324E-04   0.00000000E+00
  20.083   8.083   0.16048942E+00   0.83532231E-05   0.21014359E-05   0.24876507E-06   0.10703424E-04   0.00000000E+00
  20.100   8.100   0.16080770E+00   0.83212524E-05   0.21045447E-05   0.24866457E-06   0.10674462E-04   0.00000000E+00
  20.117   8.117   0.16112773E+00   0.82892017E-05   0.21076665E-05   0.24856725E-06   0.10645435E-04   0.00000000E+00
  20.133   8.133   0.16144952E+00   0.82570701E-05   0.21108012E-05   0.24847311E-06   0.10616344E-04   0.00000000E+00
  20.150   8.150   0.16177306E+00   0.82248566E-05   0.21139488E-05   0.24838213E-06   0.10587187E-04   0.00000000E+00
  20.167   8.167   0.16209835E+00   0.81925601E-05   0.21171092E-05   0.24829430E-06   0.10557964E-04   0.00000000E+00
  20.183   8.183   0.16242541E+00   0.81601797E-05   0.21202824E-05   0.24820962E-06   0.10528672E-04   0.00000000E+00
  20.200   8.200   0.16275422E+00   0.81277145E-05   0.21234683E-05   0.24812808E-06   0.10499311E-04   0.00000000E+00
  20.217   8.217   0.16308479E+00   0.80951635E-05   0.21266669E-05   0.24804966E-06   0.10469880E-04   0.00000000E+00
  20.233   8.233   0.16341712E+00   0.80625259E-05   0.21298781E-05   0.24797436E-06   0.10440378E-04   0.00000000E+00
  20.250   8.250   0.16375121E+00   0.80298006E-05   0.21331019E-05   0.24790217E-06   0.10410805E-04   0.00000000E+00
  20.267   8.267   0.16408707E+00   0.79969867E-05   0.21363382E-05   0.24783307E-06   0.10381158E-04   0.00000000E+00
  20.283   8.283   0.16442470E+00   0.79640835E-05   0.21395869E-05   0.24776707E-06   0.10351437E-04   0.00000000E+00
  20.300   8.300   0.16476410E+00   0.79310900E-05   0.21428480E-05   0.24770414E-06   0.10321642E-04   0.00000000E+00
  20.317   8.317   0.16510527E+00   0.78980055E-05   0.21461215E-05   0.24764429E-06   0.10291771E-04   0.00000000E+00
  20.333   8.333   0.16544821E+00   0.78648289E-05   0.21494073E-05   0.24758750E-06   0.10261824E-04   0.00000000E+00
  20.350   8.350   0.16579292E+00   0.78315596E-05   0.21527054E-05   0.24753377E-06   0.10231799E-04   0.00000000E+00
  20.367   8.367   0.16613941E+00   0.77981967E-05   0.21560156E-05   0.24748308E-06   0.10201695E-04   0.00000000E+00
  20.383   8.383   0.16648767E+00   0.77647394E-05   0.21593379E-05   0.24743544E-06   0.10171513E-04   0.00000000E+00
  20.400   8.400   0.16683772E+00   0.77311870E-05   0.21626723E-05   0.24739083E-06   0.10141250E-04   0.00000000E+00
  20.417   8.417   0.16718955E+00   0.76975387E-05   0.21660188E-05   0.24734924E-06   0.10110907E-04   0.00000000E+00
  20.433   8.433   0.16754316E+00   0.76637938E-05   0.21693772E-05   0.24731067E-06   0.10080482E-04   0.00000000E+00
  20.450   8.450   0.16789855E+00   0.76299515E-05   0.21727475E-05   0.24727511E-06   0.10049974E-04   0.00000000E+00
  20.467   8.467   0.16825573E+00   0.75960112E-05   0.21761297E-05   0.24724256E-06   0.10019383E-04   0.00000000E+00
  20.483   8.483   0.16861470E+00   0.75619721E-05   0.21795236E-05   0.24721301E-06   0.99887087E-05   0.00000000E+00
  20.500   8.500   0.16897546E+00   0.75278337E-05   0.21829293E-05   0.24718645E-06   0.99579494E-05   0.00000000E+00
  20.517   8.517   0.16933801E+00   0.74935952E-05   0.21863467E-05   0.24716287E-06   0.99271047E-05   0.00000000E+00
  20.533   8.533   0.16970235E+00   0.74592560E-05   0.21897756E-05   0.24714227E-06   0.98961739E-05   0.00000000E+00
  20.550   8.550   0.17006849E+00   0.74248156E-05   0.21932161E-05   0.24712465E-06   0.98651564E-05   0.00000000E+00
  20.567   8.567   0.17043642E+00   0.73902733E-05   0.21966682E-05   0.24710999E-06   0.98340514E-05   0.00000000E+00
  20.583   8.583   0.17080615E+00   0.73556286E-05   0.22001316E-05   0.24709830E-06   0.98028584E-05   0.00000000E+00
  20.600   8.600   0.17117767E+00   0.73208809E-05   0.22036064E-05   0.24708957E-06   0.97715768E-05   0.00000000E+00
  20.617   8.617   0.17155100E+00   0.72860297E-05   0.22070925E-05   0.24708379E-06   0.97402060E-05   0.00000000E+00
  20.633   8.633   0.17192613E+00   0.72510746E-05   0.22105899E-05   0.24708096E-06   0.97087454E-05   0.00000000E+00
  20.650   8.650   0.17230306E+00   0.72160150E-05   0.22140984E-05   0.24708107E-06   0.96771944E-05   0.00000000E+00
  20.667   8.667   0.17268179E+00   0.71808505E-05   0.22176180E-05   0.24708412E-06   0.96455526E-05   0.00000000E+00
  20.683   8.683   0.17306233E+00   0.71455806E-05   0.22211487E-05   0.24709011E-06   0.96138194E-05   0.00000000E+00
  20.700   8.700   0.17344468E+00   0.71102050E-05   0.22246903E-05   0.24709902E-06   0.95819943E-05   0.00000000E+00
  20.717   8.717   0.17382883E+00   0.70747233E-05   0.22282428E-05   0.24711087E-06   0.95500770E-05   0.00000000E+00
  20.733   8.733   0.17421479E+00   0.70391350E-05   0.22318062E-05   0.24712564E-06   0.95180669E-05   0.00000000E+00
  20.750   8.750   0.17460255E+00   0.70034400E-05   0.22353803E-05   0.24714334E-06   0.94859637E-05   0.00000000E+00
  20.767   8.767   0.17499213E+00   0.69676378E-05   0.22389652E-05   0.24716395E-06   0.94537669E-05   0.00000000E+00
  20.783   8.783   0.17538351E+00   0.69317283E-05   0.22425606E-05   0.24718748E-06   0.94214763E-05   0.00000000E+00
  20.800   8.800   0.17577670E+00   0.68957110E-05   0.22461666E-05   0.24721393E-06   0.93890915E-05   0.00000000E+00
  20.817   8.817   0.17617171E+00   0.68595859E-05   0.22497830E-05   0.24724329E-06   0.93566122E-05   0.00000000E+00
  20.833   8.833   0.17656852E+00   0.68233527E-05   0.22534099E-05   0.24727556E-06   0.93240382E-05   0.00000000E+00
  20.850   8.850   0.17696715E+00   0.67870113E-05   0.22570470E-05   0.24731074E-06   0.92913691E-05   0.00000000E+00
  20.867   8.867   0.17736758E+00   0.67505615E-05   0.22606944E-05   0.24734883E-06   0.92586047E-05   0.00000000E+00
  20.883   8.883   0.17776983E+00   0.67140032E-05   0.22643519E-05   0.24738982E-06   0.92257449E-05   0.00000000E+00
  20.900   8.900   0.17817389E+00   0.66773363E-05   0.22680195E-05   0.24743373E-06   0.91927895E-05   0.00000000E+00
  20.917   8.917   0.17857976E+00   0.66405607E-05   0.22716971E-05   0.24748054E-06   0.91597384E-05   0.00000000E+00
  20.933   8.933   0.17898743E+00   0.66036766E-05   0.22753846E-05   0.24753026E-06   0.91265914E-05   0.00000000E+00
  20.950   8.950   0.17939692E+00   0.65666838E-05   0.22790819E-05   0.24758288E-06   0.90933486E-05   0.00000000E+00
  20.967   8.967   0.17980822E+00   0.65295824E-05   0.22827890E-05   0.24763842E-06   0.90600098E-05   0.00000000E+00
