        RT(hours)          [BPNO3]         P_R_43           tot_loss         tot_prod
  12.017   0.017   0.46231548E-04   0.81065485E-06   0.00000000E+00   0.81065485E-06
  12.033   0.033   0.93304274E-04   0.76437242E-06   0.00000000E+00   0.76437242E-06
  12.050   0.050   0.13801744E-03   0.73230230E-06   0.00000000E+00   0.73230230E-06
  12.067   0.067   0.18105398E-03   0.70914822E-06   0.00000000E+00   0.70914822E-06
  12.083   0.083   0.22283290E-03   0.69137677E-06   0.00000000E+00   0.69137677E-06
  12.100   0.100   0.26360560E-03   0.67683326E-06   0.00000000E+00   0.67683326E-06
  12.117   0.117   0.30352348E-03   0.66425893E-06   0.00000000E+00   0.66425893E-06
  12.133   0.133   0.34268023E-03   0.65293468E-06   0.00000000E+00   0.65293468E-06
  12.150   0.150   0.38113673E-03   0.64245375E-06   0.00000000E+00   0.64245375E-06
  12.167   0.167   0.41893535E-03   0.63258592E-06   0.00000000E+00   0.63258592E-06
  12.183   0.183   0.45610790E-03   0.62319942E-06   0.00000000E+00   0.62319942E-06
  12.200   0.200   0.49268012E-03   0.61421696E-06   0.00000000E+00   0.61421696E-06
  12.217   0.217   0.52867412E-03   0.60559146E-06   0.00000000E+00   0.60559146E-06
  12.233   0.233   0.56410972E-03   0.59729253E-06   0.00000000E+00   0.59729253E-06
  12.250   0.250   0.59900527E-03   0.58929922E-06   0.00000000E+00   0.58929922E-06
  12.267   0.267   0.63337801E-03   0.58159590E-06   0.00000000E+00   0.58159590E-06
  12.283   0.283   0.66724438E-03   0.57417009E-06   0.00000000E+00   0.57417009E-06
  12.300   0.300   0.70062010E-03   0.56701118E-06   0.00000000E+00   0.56701118E-06
  12.317   0.317   0.73352032E-03   0.56010979E-06   0.00000000E+00   0.56010979E-06
  12.333   0.333   0.76595964E-03   0.55345730E-06   0.00000000E+00   0.55345730E-06
  12.350   0.350   0.79795216E-03   0.54704572E-06   0.00000000E+00   0.54704572E-06
  12.367   0.367   0.82951152E-03   0.54086749E-06   0.00000000E+00   0.54086749E-06
  12.383   0.383   0.86065091E-03   0.53491542E-06   0.00000000E+00   0.53491542E-06
  12.400   0.400   0.89138311E-03   0.52918266E-06   0.00000000E+00   0.52918266E-06
  12.417   0.417   0.92172048E-03   0.52366263E-06   0.00000000E+00   0.52366263E-06
  12.433   0.433   0.95167499E-03   0.51834906E-06   0.00000000E+00   0.51834906E-06
  12.450   0.450   0.98125825E-03   0.51323590E-06   0.00000000E+00   0.51323590E-06
  12.467   0.467   0.10104815E-02   0.50831736E-06   0.00000000E+00   0.50831736E-06
  12.483   0.483   0.10393556E-02   0.50358789E-06   0.00000000E+00   0.50358789E-06
  12.500   0.500   0.10678912E-02   0.49904216E-06   0.00000000E+00   0.49904216E-06
  12.517   0.517   0.10960985E-02   0.49467504E-06   0.00000000E+00   0.49467504E-06
  12.533   0.533   0.11239874E-02   0.49048163E-06   0.00000000E+00   0.49048163E-06
  12.550   0.550   0.11515676E-02   0.48645721E-06   0.00000000E+00   0.48645721E-06
  12.567   0.567   0.11788484E-02   0.48259727E-06   0.00000000E+00   0.48259727E-06
  12.583   0.583   0.12058390E-02   0.47889747E-06   0.00000000E+00   0.47889747E-06
  12.600   0.600   0.12325481E-02   0.47535366E-06   0.00000000E+00   0.47535366E-06
  12.617   0.617   0.12589842E-02   0.47196183E-06   0.00000000E+00   0.47196183E-06
  12.633   0.633   0.12851558E-02   0.46871817E-06   0.00000000E+00   0.46871817E-06
  12.650   0.650   0.13110709E-02   0.46561899E-06   0.00000000E+00   0.46561899E-06
  12.667   0.667   0.13367373E-02   0.46266078E-06   0.00000000E+00   0.46266078E-06
  12.683   0.683   0.13621627E-02   0.45984015E-06   0.00000000E+00   0.45984015E-06
  12.700   0.700   0.13873545E-02   0.45715385E-06   0.00000000E+00   0.45715385E-06
  12.717   0.717   0.14123199E-02   0.45459875E-06   0.00000000E+00   0.45459875E-06
  12.733   0.733   0.14370660E-02   0.45217188E-06   0.00000000E+00   0.45217188E-06
  12.750   0.750   0.14615995E-02   0.44987033E-06   0.00000000E+00   0.44987033E-06
  12.767   0.767   0.14859272E-02   0.44769136E-06   0.00000000E+00   0.44769136E-06
  12.783   0.783   0.15100554E-02   0.44563229E-06   0.00000000E+00   0.44563229E-06
  12.800   0.800   0.15339906E-02   0.44369056E-06   0.00000000E+00   0.44369056E-06
  12.817   0.817   0.15577387E-02   0.44186371E-06   0.00000000E+00   0.44186371E-06
  12.833   0.833   0.15813059E-02   0.44014937E-06   0.00000000E+00   0.44014937E-06
  12.850   0.850   0.16046978E-02   0.43854525E-06   0.00000000E+00   0.43854525E-06
  12.867   0.867   0.16279201E-02   0.43704914E-06   0.00000000E+00   0.43704914E-06
  12.883   0.883   0.16509784E-02   0.43565891E-06   0.00000000E+00   0.43565891E-06
  12.900   0.900   0.16738780E-02   0.43437251E-06   0.00000000E+00   0.43437251E-06
  12.917   0.917   0.16966240E-02   0.43318795E-06   0.00000000E+00   0.43318795E-06
  12.933   0.933   0.17192217E-02   0.43210330E-06   0.00000000E+00   0.43210330E-06
  12.950   0.950   0.17416759E-02   0.43111671E-06   0.00000000E+00   0.43111671E-06
  12.967   0.967   0.17639914E-02   0.43022637E-06   0.00000000E+00   0.43022637E-06
  12.983   0.983   0.17861728E-02   0.42943053E-06   0.00000000E+00   0.42943053E-06
  13.000   1.000   0.18082249E-02   0.42872748E-06   0.00000000E+00   0.42872748E-06
  13.017   1.017   0.18301519E-02   0.42811558E-06   0.00000000E+00   0.42811558E-06
  13.033   1.033   0.18519582E-02   0.42759321E-06   0.00000000E+00   0.42759321E-06
  13.050   1.050   0.18736479E-02   0.42715880E-06   0.00000000E+00   0.42715880E-06
  13.067   1.067   0.18952251E-02   0.42681083E-06   0.00000000E+00   0.42681083E-06
  13.083   1.083   0.19166938E-02   0.42654780E-06   0.00000000E+00   0.42654780E-06
  13.100   1.100   0.19380577E-02   0.42636824E-06   0.00000000E+00   0.42636824E-06
  13.117   1.117   0.19593206E-02   0.42627073E-06   0.00000000E+00   0.42627073E-06
  13.133   1.133   0.19804860E-02   0.42625385E-06   0.00000000E+00   0.42625385E-06
  13.150   1.150   0.20015574E-02   0.42631623E-06   0.00000000E+00   0.42631623E-06
  13.167   1.167   0.20225381E-02   0.42645651E-06   0.00000000E+00   0.42645651E-06
  13.183   1.183   0.20434315E-02   0.42667336E-06   0.00000000E+00   0.42667336E-06
  13.200   1.200   0.20642406E-02   0.42696546E-06   0.00000000E+00   0.42696546E-06
  13.217   1.217   0.20849684E-02   0.42733152E-06   0.00000000E+00   0.42733152E-06
  13.233   1.233   0.21056179E-02   0.42777026E-06   0.00000000E+00   0.42777026E-06
  13.250   1.250   0.21261917E-02   0.42828041E-06   0.00000000E+00   0.42828041E-06
  13.267   1.267   0.21466927E-02   0.42886073E-06   0.00000000E+00   0.42886073E-06
  13.283   1.283   0.21671233E-02   0.42950996E-06   0.00000000E+00   0.42950996E-06
  13.300   1.300   0.21874860E-02   0.43022688E-06   0.00000000E+00   0.43022688E-06
  13.317   1.317   0.22077831E-02   0.43101028E-06   0.00000000E+00   0.43101028E-06
  13.333   1.333   0.22280168E-02   0.43185894E-06   0.00000000E+00   0.43185894E-06
  13.350   1.350   0.22481892E-02   0.43277166E-06   0.00000000E+00   0.43277166E-06
  13.367   1.367   0.22683023E-02   0.43374724E-06   0.00000000E+00   0.43374724E-06
  13.383   1.383   0.22883580E-02   0.43478450E-06   0.00000000E+00   0.43478450E-06
  13.400   1.400   0.23083579E-02   0.43588225E-06   0.00000000E+00   0.43588225E-06
  13.417   1.417   0.23283038E-02   0.43703931E-06   0.00000000E+00   0.43703931E-06
  13.433   1.433   0.23481970E-02   0.43825450E-06   0.00000000E+00   0.43825450E-06
  13.450   1.450   0.23680390E-02   0.43952667E-06   0.00000000E+00   0.43952667E-06
  13.467   1.467   0.23878311E-02   0.44085463E-06   0.00000000E+00   0.44085463E-06
  13.483   1.483   0.24075743E-02   0.44223723E-06   0.00000000E+00   0.44223723E-06
  13.500   1.500   0.24272698E-02   0.44367330E-06   0.00000000E+00   0.44367330E-06
  13.517   1.517   0.24469182E-02   0.44516168E-06   0.00000000E+00   0.44516168E-06
  13.533   1.533   0.24665205E-02   0.44670121E-06   0.00000000E+00   0.44670121E-06
  13.550   1.550   0.24860773E-02   0.44829074E-06   0.00000000E+00   0.44829074E-06
  13.567   1.567   0.25055889E-02   0.44992910E-06   0.00000000E+00   0.44992910E-06
  13.583   1.583   0.25250559E-02   0.45161516E-06   0.00000000E+00   0.45161516E-06
  13.600   1.600   0.25444784E-02   0.45334774E-06   0.00000000E+00   0.45334774E-06
  13.617   1.617   0.25638566E-02   0.45512569E-06   0.00000000E+00   0.45512569E-06
  13.633   1.633   0.25831904E-02   0.45694787E-06   0.00000000E+00   0.45694787E-06
  13.650   1.650   0.26024796E-02   0.45881311E-06   0.00000000E+00   0.45881311E-06
  13.667   1.667   0.26217239E-02   0.46072027E-06   0.00000000E+00   0.46072027E-06
  13.683   1.683   0.26409230E-02   0.46266817E-06   0.00000000E+00   0.46266817E-06
  13.700   1.700   0.26600761E-02   0.46465567E-06   0.00000000E+00   0.46465567E-06
  13.717   1.717   0.26791827E-02   0.46668160E-06   0.00000000E+00   0.46668160E-06
  13.733   1.733   0.26982418E-02   0.46874480E-06   0.00000000E+00   0.46874480E-06
  13.750   1.750   0.27172523E-02   0.47084409E-06   0.00000000E+00   0.47084409E-06
  13.767   1.767   0.27362133E-02   0.47297832E-06   0.00000000E+00   0.47297832E-06
  13.783   1.783   0.27551233E-02   0.47514630E-06   0.00000000E+00   0.47514630E-06
  13.800   1.800   0.27739810E-02   0.47734686E-06   0.00000000E+00   0.47734686E-06
  13.817   1.817   0.27927846E-02   0.47957880E-06   0.00000000E+00   0.47957880E-06
  13.833   1.833   0.28115326E-02   0.48184094E-06   0.00000000E+00   0.48184094E-06
  13.850   1.850   0.28302230E-02   0.48413207E-06   0.00000000E+00   0.48413207E-06
  13.867   1.867   0.28488538E-02   0.48645098E-06   0.00000000E+00   0.48645098E-06
  13.883   1.883   0.28674227E-02   0.48879645E-06   0.00000000E+00   0.48879645E-06
  13.900   1.900   0.28859275E-02   0.49116726E-06   0.00000000E+00   0.49116726E-06
  13.917   1.917   0.29043656E-02   0.49356215E-06   0.00000000E+00   0.49356215E-06
  13.933   1.933   0.29227345E-02   0.49597989E-06   0.00000000E+00   0.49597989E-06
  13.950   1.950   0.29410313E-02   0.49841918E-06   0.00000000E+00   0.49841918E-06
  13.967   1.967   0.29592532E-02   0.50087876E-06   0.00000000E+00   0.50087876E-06
  13.983   1.983   0.29773969E-02   0.50335732E-06   0.00000000E+00   0.50335732E-06
  14.000   2.000   0.29954593E-02   0.50585353E-06   0.00000000E+00   0.50585353E-06
  14.017   2.017   0.30134344E-02   0.50834884E-06   0.00000000E+00   0.50834884E-06
  14.033   2.033   0.30313051E-02   0.51082312E-06   0.00000000E+00   0.51082312E-06
  14.050   2.050   0.30490524E-02   0.51327982E-06   0.00000000E+00   0.51327982E-06
  14.067   2.067   0.30666579E-02   0.51572337E-06   0.00000000E+00   0.51572337E-06
  14.083   2.083   0.30841039E-02   0.51815830E-06   0.00000000E+00   0.51815830E-06
  14.100   2.100   0.31013731E-02   0.52058884E-06   0.00000000E+00   0.52058884E-06
  14.117   2.117   0.31184489E-02   0.52301876E-06   0.00000000E+00   0.52301876E-06
  14.133   2.133   0.31353152E-02   0.52545130E-06   0.00000000E+00   0.52545130E-06
  14.150   2.150   0.31519561E-02   0.52788913E-06   0.00000000E+00   0.52788913E-06
  14.167   2.167   0.31683561E-02   0.53033443E-06   0.00000000E+00   0.53033443E-06
  14.183   2.183   0.31845000E-02   0.53278885E-06   0.00000000E+00   0.53278885E-06
  14.200   2.200   0.32003728E-02   0.53525357E-06   0.00000000E+00   0.53525357E-06
  14.217   2.217   0.32159596E-02   0.53772930E-06   0.00000000E+00   0.53772930E-06
  14.233   2.233   0.32312459E-02   0.54021633E-06   0.00000000E+00   0.54021633E-06
  14.250   2.250   0.32462170E-02   0.54271450E-06   0.00000000E+00   0.54271450E-06
  14.267   2.267   0.32608587E-02   0.54522328E-06   0.00000000E+00   0.54522328E-06
  14.283   2.283   0.32751567E-02   0.54774172E-06   0.00000000E+00   0.54774172E-06
  14.300   2.300   0.32890969E-02   0.55026850E-06   0.00000000E+00   0.55026850E-06
  14.317   2.317   0.33026655E-02   0.55280191E-06   0.00000000E+00   0.55280191E-06
  14.333   2.333   0.33158487E-02   0.55533987E-06   0.00000000E+00   0.55533987E-06
  14.350   2.350   0.33286332E-02   0.55787995E-06   0.00000000E+00   0.55787995E-06
  14.367   2.367   0.33410058E-02   0.56041934E-06   0.00000000E+00   0.56041934E-06
  14.383   2.383   0.33529537E-02   0.56295488E-06   0.00000000E+00   0.56295488E-06
  14.400   2.400   0.33644647E-02   0.56548304E-06   0.00000000E+00   0.56548304E-06
  14.417   2.417   0.33755271E-02   0.56799997E-06   0.00000000E+00   0.56799997E-06
  14.433   2.433   0.33861297E-02   0.57050142E-06   0.00000000E+00   0.57050142E-06
  14.450   2.450   0.33962622E-02   0.57298285E-06   0.00000000E+00   0.57298285E-06
  14.467   2.467   0.34059151E-02   0.57543934E-06   0.00000000E+00   0.57543934E-06
  14.483   2.483   0.34150801E-02   0.57786566E-06   0.00000000E+00   0.57786566E-06
  14.500   2.500   0.34237499E-02   0.58025629E-06   0.00000000E+00   0.58025629E-06
  14.517   2.517   0.34319186E-02   0.58260538E-06   0.00000000E+00   0.58260538E-06
  14.533   2.533   0.34395818E-02   0.58490684E-06   0.00000000E+00   0.58490684E-06
  14.550   2.550   0.34467367E-02   0.58715430E-06   0.00000000E+00   0.58715430E-06
  14.567   2.567   0.34533823E-02   0.58934121E-06   0.00000000E+00   0.58934121E-06
  14.583   2.583   0.34595196E-02   0.59146084E-06   0.00000000E+00   0.59146084E-06
  14.600   2.600   0.34651517E-02   0.59350632E-06   0.00000000E+00   0.59350632E-06
  14.617   2.617   0.34702838E-02   0.59547071E-06   0.00000000E+00   0.59547071E-06
  14.633   2.633   0.34749235E-02   0.59734706E-06   0.00000000E+00   0.59734706E-06
  14.650   2.650   0.34790807E-02   0.59912845E-06   0.00000000E+00   0.59912845E-06
  14.667   2.667   0.34827678E-02   0.60080809E-06   0.00000000E+00   0.60080809E-06
  14.683   2.683   0.34859996E-02   0.60237937E-06   0.00000000E+00   0.60237937E-06
  14.700   2.700   0.34887931E-02   0.60383592E-06   0.00000000E+00   0.60383592E-06
  14.717   2.717   0.34911678E-02   0.60517174E-06   0.00000000E+00   0.60517174E-06
  14.733   2.733   0.34931452E-02   0.60638120E-06   0.00000000E+00   0.60638120E-06
  14.750   2.750   0.34947489E-02   0.60745916E-06   0.00000000E+00   0.60745916E-06
  14.767   2.767   0.34960040E-02   0.60840104E-06   0.00000000E+00   0.60840104E-06
  14.783   2.783   0.34969374E-02   0.60920282E-06   0.00000000E+00   0.60920282E-06
  14.800   2.800   0.34975770E-02   0.60986115E-06   0.00000000E+00   0.60986115E-06
  14.817   2.817   0.34979517E-02   0.61037338E-06   0.00000000E+00   0.61037338E-06
  14.833   2.833   0.34980910E-02   0.61073752E-06   0.00000000E+00   0.61073752E-06
  14.850   2.850   0.34980244E-02   0.61095237E-06   0.00000000E+00   0.61095237E-06
  14.867   2.867   0.34977818E-02   0.61101739E-06   0.00000000E+00   0.61101739E-06
  14.883   2.883   0.34973922E-02   0.61093280E-06   0.00000000E+00   0.61093280E-06
  14.900   2.900   0.34968842E-02   0.61069949E-06   0.00000000E+00   0.61069949E-06
  14.917   2.917   0.34962855E-02   0.61031902E-06   0.00000000E+00   0.61031902E-06
  14.933   2.933   0.34956223E-02   0.60979355E-06   0.00000000E+00   0.60979355E-06
  14.950   2.950   0.34949197E-02   0.60912582E-06   0.00000000E+00   0.60912582E-06
  14.967   2.967   0.34942011E-02   0.60831909E-06   0.00000000E+00   0.60831909E-06
  14.983   2.983   0.34934884E-02   0.60737705E-06   0.00000000E+00   0.60737705E-06
  15.000   3.000   0.34928015E-02   0.60630381E-06   0.00000000E+00   0.60630381E-06
  15.017   3.017   0.34921586E-02   0.60510378E-06   0.00000000E+00   0.60510378E-06
  15.033   3.033   0.34915761E-02   0.60378167E-06   0.00000000E+00   0.60378167E-06
  15.050   3.050   0.34910685E-02   0.60234239E-06   0.00000000E+00   0.60234239E-06
  15.067   3.067   0.34906488E-02   0.60079101E-06   0.00000000E+00   0.60079101E-06
  15.083   3.083   0.34903278E-02   0.59913271E-06   0.00000000E+00   0.59913271E-06
  15.100   3.100   0.34901151E-02   0.59737273E-06   0.00000000E+00   0.59737273E-06
  15.117   3.117   0.34900186E-02   0.59551632E-06   0.00000000E+00   0.59551632E-06
  15.133   3.133   0.34900447E-02   0.59356873E-06   0.00000000E+00   0.59356873E-06
  15.150   3.150   0.34901984E-02   0.59153514E-06   0.00000000E+00   0.59153514E-06
  15.167   3.167   0.34904837E-02   0.58942066E-06   0.00000000E+00   0.58942066E-06
  15.183   3.183   0.34909032E-02   0.58723029E-06   0.00000000E+00   0.58723029E-06
  15.200   3.200   0.34914587E-02   0.58496891E-06   0.00000000E+00   0.58496891E-06
  15.217   3.217   0.34921509E-02   0.58264126E-06   0.00000000E+00   0.58264126E-06
  15.233   3.233   0.34929799E-02   0.58025195E-06   0.00000000E+00   0.58025195E-06
  15.250   3.250   0.34939448E-02   0.57780539E-06   0.00000000E+00   0.57780539E-06
  15.267   3.267   0.34950442E-02   0.57530586E-06   0.00000000E+00   0.57530586E-06
  15.283   3.283   0.34962764E-02   0.57275745E-06   0.00000000E+00   0.57275745E-06
  15.300   3.300   0.34976388E-02   0.57016408E-06   0.00000000E+00   0.57016408E-06
  15.317   3.317   0.34991286E-02   0.56752951E-06   0.00000000E+00   0.56752951E-06
  15.333   3.333   0.35007427E-02   0.56485730E-06   0.00000000E+00   0.56485730E-06
  15.350   3.350   0.35024777E-02   0.56215088E-06   0.00000000E+00   0.56215088E-06
  15.367   3.367   0.35043300E-02   0.55941347E-06   0.00000000E+00   0.55941347E-06
  15.383   3.383   0.35062957E-02   0.55664815E-06   0.00000000E+00   0.55664815E-06
  15.400   3.400   0.35083709E-02   0.55385786E-06   0.00000000E+00   0.55385786E-06
  15.417   3.417   0.35105515E-02   0.55104534E-06   0.00000000E+00   0.55104534E-06
  15.433   3.433   0.35128335E-02   0.54821323E-06   0.00000000E+00   0.54821323E-06
  15.450   3.450   0.35152127E-02   0.54536399E-06   0.00000000E+00   0.54536399E-06
  15.467   3.467   0.35176849E-02   0.54249997E-06   0.00000000E+00   0.54249997E-06
  15.483   3.483   0.35202460E-02   0.53962338E-06   0.00000000E+00   0.53962338E-06
  15.500   3.500   0.35228919E-02   0.53673630E-06   0.00000000E+00   0.53673630E-06
  15.517   3.517   0.35256185E-02   0.53384070E-06   0.00000000E+00   0.53384070E-06
  15.533   3.533   0.35284219E-02   0.53093843E-06   0.00000000E+00   0.53093843E-06
  15.550   3.550   0.35312980E-02   0.52803124E-06   0.00000000E+00   0.52803124E-06
  15.567   3.567   0.35342431E-02   0.52512076E-06   0.00000000E+00   0.52512076E-06
  15.583   3.583   0.35372534E-02   0.52220854E-06   0.00000000E+00   0.52220854E-06
  15.600   3.600   0.35403252E-02   0.51929603E-06   0.00000000E+00   0.51929603E-06
  15.617   3.617   0.35434550E-02   0.51638460E-06   0.00000000E+00   0.51638460E-06
  15.633   3.633   0.35466392E-02   0.51347553E-06   0.00000000E+00   0.51347553E-06
  15.650   3.650   0.35498746E-02   0.51057001E-06   0.00000000E+00   0.51057001E-06
  15.667   3.667   0.35531580E-02   0.50766919E-06   0.00000000E+00   0.50766919E-06
  15.683   3.683   0.35564861E-02   0.50477411E-06   0.00000000E+00   0.50477411E-06
  15.700   3.700   0.35598559E-02   0.50188576E-06   0.00000000E+00   0.50188576E-06
  15.717   3.717   0.35632647E-02   0.49900509E-06   0.00000000E+00   0.49900509E-06
  15.733   3.733   0.35667095E-02   0.49613295E-06   0.00000000E+00   0.49613295E-06
  15.750   3.750   0.35701877E-02   0.49327016E-06   0.00000000E+00   0.49327016E-06
  15.767   3.767   0.35736966E-02   0.49041749E-06   0.00000000E+00   0.49041749E-06
  15.783   3.783   0.35772339E-02   0.48757563E-06   0.00000000E+00   0.48757563E-06
  15.800   3.800   0.35807972E-02   0.48474526E-06   0.00000000E+00   0.48474526E-06
  15.817   3.817   0.35843841E-02   0.48192699E-06   0.00000000E+00   0.48192699E-06
  15.833   3.833   0.35879926E-02   0.47912140E-06   0.00000000E+00   0.47912140E-06
  15.850   3.850   0.35916205E-02   0.47632903E-06   0.00000000E+00   0.47632903E-06
  15.867   3.867   0.35952658E-02   0.47355038E-06   0.00000000E+00   0.47355038E-06
  15.883   3.883   0.35989268E-02   0.47078590E-06   0.00000000E+00   0.47078590E-06
  15.900   3.900   0.36026016E-02   0.46803604E-06   0.00000000E+00   0.46803604E-06
  15.917   3.917   0.36062884E-02   0.46530118E-06   0.00000000E+00   0.46530118E-06
  15.933   3.933   0.36099857E-02   0.46258171E-06   0.00000000E+00   0.46258171E-06
  15.950   3.950   0.36136920E-02   0.45987795E-06   0.00000000E+00   0.45987795E-06
  15.967   3.967   0.36174057E-02   0.45719022E-06   0.00000000E+00   0.45719022E-06
  15.983   3.983   0.36211255E-02   0.45451882E-06   0.00000000E+00   0.45451882E-06
  16.000   4.000   0.36248500E-02   0.45186401E-06   0.00000000E+00   0.45186401E-06
  16.017   4.017   0.36285784E-02   0.44922598E-06   0.00000000E+00   0.44922598E-06
  16.033   4.033   0.36323109E-02   0.44660468E-06   0.00000000E+00   0.44660468E-06
  16.050   4.050   0.36360479E-02   0.44400007E-06   0.00000000E+00   0.44400007E-06
  16.067   4.067   0.36397895E-02   0.44141229E-06   0.00000000E+00   0.44141229E-06
  16.083   4.083   0.36435358E-02   0.43884159E-06   0.00000000E+00   0.43884159E-06
  16.100   4.100   0.36472868E-02   0.43628823E-06   0.00000000E+00   0.43628823E-06
  16.117   4.117   0.36510422E-02   0.43375243E-06   0.00000000E+00   0.43375243E-06
  16.133   4.133   0.36548020E-02   0.43123442E-06   0.00000000E+00   0.43123442E-06
  16.150   4.150   0.36585657E-02   0.42873439E-06   0.00000000E+00   0.42873439E-06
  16.167   4.167   0.36632311E-02   0.42624370E-06   0.00000000E+00   0.42624370E-06
  16.183   4.183   0.36695256E-02   0.42386688E-06   0.00000000E+00   0.42386688E-06
  16.200   4.200   0.36770081E-02   0.42158549E-06   0.00000000E+00   0.42158549E-06
  16.217   4.217   0.36853925E-02   0.41937957E-06   0.00000000E+00   0.41937957E-06
  16.233   4.233   0.36944825E-02   0.41723659E-06   0.00000000E+00   0.41723659E-06
  16.250   4.250   0.37041367E-02   0.41514780E-06   0.00000000E+00   0.41514780E-06
  16.267   4.267   0.37142496E-02   0.41310670E-06   0.00000000E+00   0.41310670E-06
  16.283   4.283   0.37247399E-02   0.41110827E-06   0.00000000E+00   0.41110827E-06
  16.300   4.300   0.37355438E-02   0.40914853E-06   0.00000000E+00   0.40914853E-06
  16.317   4.317   0.37466101E-02   0.40722430E-06   0.00000000E+00   0.40722430E-06
  16.333   4.333   0.37578970E-02   0.40533294E-06   0.00000000E+00   0.40533294E-06
  16.350   4.350   0.37693701E-02   0.40347228E-06   0.00000000E+00   0.40347228E-06
  16.367   4.367   0.37810005E-02   0.40164046E-06   0.00000000E+00   0.40164046E-06
  16.383   4.383   0.37927638E-02   0.39983591E-06   0.00000000E+00   0.39983591E-06
  16.400   4.400   0.38046393E-02   0.39805727E-06   0.00000000E+00   0.39805727E-06
  16.417   4.417   0.38166093E-02   0.39630335E-06   0.00000000E+00   0.39630335E-06
  16.433   4.433   0.38286584E-02   0.39457310E-06   0.00000000E+00   0.39457310E-06
  16.450   4.450   0.38407731E-02   0.39286559E-06   0.00000000E+00   0.39286559E-06
  16.467   4.467   0.38529418E-02   0.39118000E-06   0.00000000E+00   0.39118000E-06
  16.483   4.483   0.38651542E-02   0.38951558E-06   0.00000000E+00   0.38951558E-06
  16.500   4.500   0.38774013E-02   0.38787166E-06   0.00000000E+00   0.38787166E-06
  16.517   4.517   0.38896751E-02   0.38624761E-06   0.00000000E+00   0.38624761E-06
  16.533   4.533   0.39019685E-02   0.38464287E-06   0.00000000E+00   0.38464287E-06
  16.550   4.550   0.39142752E-02   0.38305694E-06   0.00000000E+00   0.38305694E-06
  16.567   4.567   0.39265895E-02   0.38148933E-06   0.00000000E+00   0.38148933E-06
  16.583   4.583   0.39389064E-02   0.37993960E-06   0.00000000E+00   0.37993960E-06
  16.600   4.600   0.39512213E-02   0.37840733E-06   0.00000000E+00   0.37840733E-06
  16.617   4.617   0.39635302E-02   0.37689214E-06   0.00000000E+00   0.37689214E-06
  16.633   4.633   0.39758295E-02   0.37539368E-06   0.00000000E+00   0.37539368E-06
  16.650   4.650   0.39881158E-02   0.37391160E-06   0.00000000E+00   0.37391160E-06
  16.667   4.667   0.40003862E-02   0.37244557E-06   0.00000000E+00   0.37244557E-06
  16.683   4.683   0.40126381E-02   0.37099531E-06   0.00000000E+00   0.37099531E-06
  16.700   4.700   0.40248689E-02   0.36956052E-06   0.00000000E+00   0.36956052E-06
  16.717   4.717   0.40370766E-02   0.36814093E-06   0.00000000E+00   0.36814093E-06
  16.733   4.733   0.40492593E-02   0.36673629E-06   0.00000000E+00   0.36673629E-06
  16.750   4.750   0.40614150E-02   0.36534633E-06   0.00000000E+00   0.36534633E-06
  16.767   4.767   0.40735424E-02   0.36397083E-06   0.00000000E+00   0.36397083E-06
  16.783   4.783   0.40856399E-02   0.36260956E-06   0.00000000E+00   0.36260956E-06
  16.800   4.800   0.40977062E-02   0.36126231E-06   0.00000000E+00   0.36126231E-06
  16.817   4.817   0.41097403E-02   0.35992886E-06   0.00000000E+00   0.35992886E-06
  16.833   4.833   0.41217410E-02   0.35860900E-06   0.00000000E+00   0.35860900E-06
  16.850   4.850   0.41337075E-02   0.35730256E-06   0.00000000E+00   0.35730256E-06
  16.867   4.867   0.41456391E-02   0.35600934E-06   0.00000000E+00   0.35600934E-06
  16.883   4.883   0.41575348E-02   0.35472915E-06   0.00000000E+00   0.35472915E-06
  16.900   4.900   0.41693942E-02   0.35346183E-06   0.00000000E+00   0.35346183E-06
  16.917   4.917   0.41812167E-02   0.35220720E-06   0.00000000E+00   0.35220720E-06
  16.933   4.933   0.41930018E-02   0.35096510E-06   0.00000000E+00   0.35096510E-06
  16.950   4.950   0.42047490E-02   0.34973537E-06   0.00000000E+00   0.34973537E-06
  16.967   4.967   0.42164582E-02   0.34851785E-06   0.00000000E+00   0.34851785E-06
  16.983   4.983   0.42281288E-02   0.34731240E-06   0.00000000E+00   0.34731240E-06
  17.000   5.000   0.42397608E-02   0.34611885E-06   0.00000000E+00   0.34611885E-06
  17.017   5.017   0.42513540E-02   0.34493708E-06   0.00000000E+00   0.34493708E-06
  17.033   5.033   0.42629081E-02   0.34376694E-06   0.00000000E+00   0.34376694E-06
  17.050   5.050   0.42744232E-02   0.34260829E-06   0.00000000E+00   0.34260829E-06
  17.067   5.067   0.42858991E-02   0.34146100E-06   0.00000000E+00   0.34146100E-06
  17.083   5.083   0.42973358E-02   0.34032495E-06   0.00000000E+00   0.34032495E-06
  17.100   5.100   0.43087334E-02   0.33919999E-06   0.00000000E+00   0.33919999E-06
  17.117   5.117   0.43200919E-02   0.33808601E-06   0.00000000E+00   0.33808601E-06
  17.133   5.133   0.43314113E-02   0.33698289E-06   0.00000000E+00   0.33698289E-06
  17.150   5.150   0.43426919E-02   0.33589050E-06   0.00000000E+00   0.33589050E-06
  17.167   5.167   0.43539337E-02   0.33480873E-06   0.00000000E+00   0.33480873E-06
  17.183   5.183   0.43651368E-02   0.33373747E-06   0.00000000E+00   0.33373747E-06
  17.200   5.200   0.43763015E-02   0.33267660E-06   0.00000000E+00   0.33267660E-06
  17.217   5.217   0.43874280E-02   0.33162601E-06   0.00000000E+00   0.33162601E-06
  17.233   5.233   0.43985164E-02   0.33058559E-06   0.00000000E+00   0.33058559E-06
  17.250   5.250   0.44095671E-02   0.32955524E-06   0.00000000E+00   0.32955524E-06
  17.267   5.267   0.44205802E-02   0.32853485E-06   0.00000000E+00   0.32853485E-06
  17.283   5.283   0.44315561E-02   0.32752432E-06   0.00000000E+00   0.32752432E-06
  17.300   5.300   0.44424950E-02   0.32652356E-06   0.00000000E+00   0.32652356E-06
  17.317   5.317   0.44533973E-02   0.32553245E-06   0.00000000E+00   0.32553245E-06
  17.333   5.333   0.44642632E-02   0.32455090E-06   0.00000000E+00   0.32455090E-06
  17.350   5.350   0.44750931E-02   0.32357882E-06   0.00000000E+00   0.32357882E-06
  17.367   5.367   0.44858873E-02   0.32261611E-06   0.00000000E+00   0.32261611E-06
  17.383   5.383   0.44966461E-02   0.32166269E-06   0.00000000E+00   0.32166269E-06
  17.400   5.400   0.45073700E-02   0.32071845E-06   0.00000000E+00   0.32071845E-06
  17.417   5.417   0.45180593E-02   0.31978331E-06   0.00000000E+00   0.31978331E-06
  17.433   5.433   0.45287144E-02   0.31885719E-06   0.00000000E+00   0.31885719E-06
  17.450   5.450   0.45393356E-02   0.31793998E-06   0.00000000E+00   0.31793998E-06
  17.467   5.467   0.45499234E-02   0.31703162E-06   0.00000000E+00   0.31703162E-06
  17.483   5.483   0.45604781E-02   0.31613201E-06   0.00000000E+00   0.31613201E-06
  17.500   5.500   0.45710001E-02   0.31524107E-06   0.00000000E+00   0.31524107E-06
  17.517   5.517   0.45814900E-02   0.31435873E-06   0.00000000E+00   0.31435873E-06
  17.533   5.533   0.45919480E-02   0.31348489E-06   0.00000000E+00   0.31348489E-06
  17.550   5.550   0.46023746E-02   0.31261948E-06   0.00000000E+00   0.31261948E-06
  17.567   5.567   0.46127703E-02   0.31176242E-06   0.00000000E+00   0.31176242E-06
  17.583   5.583   0.46231354E-02   0.31091364E-06   0.00000000E+00   0.31091364E-06
  17.600   5.600   0.46334704E-02   0.31007305E-06   0.00000000E+00   0.31007305E-06
  17.617   5.617   0.46437758E-02   0.30924059E-06   0.00000000E+00   0.30924059E-06
  17.633   5.633   0.46540520E-02   0.30841618E-06   0.00000000E+00   0.30841618E-06
  17.650   5.650   0.46642993E-02   0.30759975E-06   0.00000000E+00   0.30759975E-06
  17.667   5.667   0.46745184E-02   0.30679122E-06   0.00000000E+00   0.30679122E-06
  17.683   5.683   0.46847096E-02   0.30599052E-06   0.00000000E+00   0.30599052E-06
  17.700   5.700   0.46948734E-02   0.30519759E-06   0.00000000E+00   0.30519759E-06
  17.717   5.717   0.47050102E-02   0.30441235E-06   0.00000000E+00   0.30441235E-06
  17.733   5.733   0.47151206E-02   0.30363474E-06   0.00000000E+00   0.30363474E-06
  17.750   5.750   0.47252048E-02   0.30286469E-06   0.00000000E+00   0.30286469E-06
  17.767   5.767   0.47352636E-02   0.30210214E-06   0.00000000E+00   0.30210214E-06
  17.783   5.783   0.47452971E-02   0.30134701E-06   0.00000000E+00   0.30134701E-06
  17.800   5.800   0.47553061E-02   0.30059925E-06   0.00000000E+00   0.30059925E-06
  17.817   5.817   0.47652908E-02   0.29985878E-06   0.00000000E+00   0.29985878E-06
  17.833   5.833   0.47752519E-02   0.29912556E-06   0.00000000E+00   0.29912556E-06
  17.850   5.850   0.47851896E-02   0.29839951E-06   0.00000000E+00   0.29839951E-06
  17.867   5.867   0.47951046E-02   0.29768058E-06   0.00000000E+00   0.29768058E-06
  17.883   5.883   0.48049972E-02   0.29696870E-06   0.00000000E+00   0.29696870E-06
  17.900   5.900   0.48148680E-02   0.29626382E-06   0.00000000E+00   0.29626382E-06
  17.917   5.917   0.48247174E-02   0.29556587E-06   0.00000000E+00   0.29556587E-06
  17.933   5.933   0.48345459E-02   0.29487480E-06   0.00000000E+00   0.29487480E-06
  17.950   5.950   0.48443539E-02   0.29419056E-06   0.00000000E+00   0.29419056E-06
  17.967   5.967   0.48541419E-02   0.29351308E-06   0.00000000E+00   0.29351308E-06
  17.983   5.983   0.48639104E-02   0.29284231E-06   0.00000000E+00   0.29284231E-06
  18.000   6.000   0.48736598E-02   0.29217819E-06   0.00000000E+00   0.29217819E-06
  18.017   6.017   0.48833907E-02   0.29152067E-06   0.00000000E+00   0.29152067E-06
  18.033   6.033   0.48931034E-02   0.29086970E-06   0.00000000E+00   0.29086970E-06
  18.050   6.050   0.49027984E-02   0.29022522E-06   0.00000000E+00   0.29022522E-06
  18.067   6.067   0.49124762E-02   0.28958718E-06   0.00000000E+00   0.28958718E-06
  18.083   6.083   0.49221373E-02   0.28895554E-06   0.00000000E+00   0.28895554E-06
  18.100   6.100   0.49317821E-02   0.28833023E-06   0.00000000E+00   0.28833023E-06
  18.117   6.117   0.49414111E-02   0.28771121E-06   0.00000000E+00   0.28771121E-06
  18.133   6.133   0.49510247E-02   0.28709843E-06   0.00000000E+00   0.28709843E-06
  18.150   6.150   0.49606234E-02   0.28649183E-06   0.00000000E+00   0.28649183E-06
  18.167   6.167   0.49702077E-02   0.28589138E-06   0.00000000E+00   0.28589138E-06
  18.183   6.183   0.49797780E-02   0.28529702E-06   0.00000000E+00   0.28529702E-06
  18.200   6.200   0.49893348E-02   0.28470871E-06   0.00000000E+00   0.28470871E-06
  18.217   6.217   0.49988784E-02   0.28412640E-06   0.00000000E+00   0.28412640E-06
  18.233   6.233   0.50084095E-02   0.28355004E-06   0.00000000E+00   0.28355004E-06
  18.250   6.250   0.50179283E-02   0.28297959E-06   0.00000000E+00   0.28297959E-06
  18.267   6.267   0.50274354E-02   0.28241500E-06   0.00000000E+00   0.28241500E-06
  18.283   6.283   0.50369313E-02   0.28185624E-06   0.00000000E+00   0.28185624E-06
  18.300   6.300   0.50464163E-02   0.28130324E-06   0.00000000E+00   0.28130324E-06
  18.317   6.317   0.50558909E-02   0.28075598E-06   0.00000000E+00   0.28075598E-06
  18.333   6.333   0.50653556E-02   0.28021441E-06   0.00000000E+00   0.28021441E-06
  18.350   6.350   0.50748107E-02   0.27967849E-06   0.00000000E+00   0.27967849E-06
  18.367   6.367   0.50842568E-02   0.27914817E-06   0.00000000E+00   0.27914817E-06
  18.383   6.383   0.50936943E-02   0.27862341E-06   0.00000000E+00   0.27862341E-06
  18.400   6.400   0.51031236E-02   0.27810418E-06   0.00000000E+00   0.27810418E-06
  18.417   6.417   0.51125451E-02   0.27759043E-06   0.00000000E+00   0.27759043E-06
  18.433   6.433   0.51219593E-02   0.27708213E-06   0.00000000E+00   0.27708213E-06
  18.450   6.450   0.51313666E-02   0.27657923E-06   0.00000000E+00   0.27657923E-06
  18.467   6.467   0.51407674E-02   0.27608170E-06   0.00000000E+00   0.27608170E-06
  18.483   6.483   0.51501622E-02   0.27558949E-06   0.00000000E+00   0.27558949E-06
  18.500   6.500   0.51595514E-02   0.27510258E-06   0.00000000E+00   0.27510258E-06
  18.517   6.517   0.51689354E-02   0.27462091E-06   0.00000000E+00   0.27462091E-06
  18.533   6.533   0.51783146E-02   0.27414447E-06   0.00000000E+00   0.27414447E-06
  18.550   6.550   0.51876895E-02   0.27367321E-06   0.00000000E+00   0.27367321E-06
  18.567   6.567   0.51970605E-02   0.27320709E-06   0.00000000E+00   0.27320709E-06
  18.583   6.583   0.52064280E-02   0.27274607E-06   0.00000000E+00   0.27274607E-06
  18.600   6.600   0.52157923E-02   0.27229014E-06   0.00000000E+00   0.27229014E-06
  18.617   6.617   0.52251540E-02   0.27183924E-06   0.00000000E+00   0.27183924E-06
  18.633   6.633   0.52345134E-02   0.27139335E-06   0.00000000E+00   0.27139335E-06
  18.650   6.650   0.52438710E-02   0.27095243E-06   0.00000000E+00   0.27095243E-06
  18.667   6.667   0.52532271E-02   0.27051644E-06   0.00000000E+00   0.27051644E-06
  18.683   6.683   0.52625822E-02   0.27008536E-06   0.00000000E+00   0.27008536E-06
  18.700   6.700   0.52719366E-02   0.26965916E-06   0.00000000E+00   0.26965916E-06
  18.717   6.717   0.52812908E-02   0.26923780E-06   0.00000000E+00   0.26923780E-06
  18.733   6.733   0.52906452E-02   0.26882124E-06   0.00000000E+00   0.26882124E-06
  18.750   6.750   0.53000001E-02   0.26840946E-06   0.00000000E+00   0.26840946E-06
  18.767   6.767   0.53093559E-02   0.26800243E-06   0.00000000E+00   0.26800243E-06
  18.783   6.783   0.53187131E-02   0.26760012E-06   0.00000000E+00   0.26760012E-06
  18.800   6.800   0.53280720E-02   0.26720249E-06   0.00000000E+00   0.26720249E-06
  18.817   6.817   0.53374331E-02   0.26680952E-06   0.00000000E+00   0.26680952E-06
  18.833   6.833   0.53467966E-02   0.26642118E-06   0.00000000E+00   0.26642118E-06
  18.850   6.850   0.53561631E-02   0.26603743E-06   0.00000000E+00   0.26603743E-06
  18.867   6.867   0.53655328E-02   0.26565826E-06   0.00000000E+00   0.26565826E-06
  18.883   6.883   0.53749062E-02   0.26528362E-06   0.00000000E+00   0.26528362E-06
  18.900   6.900   0.53842837E-02   0.26491350E-06   0.00000000E+00   0.26491350E-06
  18.917   6.917   0.53936655E-02   0.26454786E-06   0.00000000E+00   0.26454786E-06
  18.933   6.933   0.54030521E-02   0.26418668E-06   0.00000000E+00   0.26418668E-06
  18.950   6.950   0.54124439E-02   0.26382993E-06   0.00000000E+00   0.26382993E-06
  18.967   6.967   0.54218413E-02   0.26347759E-06   0.00000000E+00   0.26347759E-06
  18.983   6.983   0.54312445E-02   0.26312962E-06   0.00000000E+00   0.26312962E-06
  19.000   7.000   0.54406540E-02   0.26278600E-06   0.00000000E+00   0.26278600E-06
  19.017   7.017   0.54500702E-02   0.26244671E-06   0.00000000E+00   0.26244671E-06
  19.033   7.033   0.54594933E-02   0.26211173E-06   0.00000000E+00   0.26211173E-06
  19.050   7.050   0.54689238E-02   0.26178101E-06   0.00000000E+00   0.26178101E-06
  19.067   7.067   0.54783620E-02   0.26145455E-06   0.00000000E+00   0.26145455E-06
  19.083   7.083   0.54878083E-02   0.26113232E-06   0.00000000E+00   0.26113232E-06
  19.100   7.100   0.54972630E-02   0.26081429E-06   0.00000000E+00   0.26081429E-06
  19.117   7.117   0.55067265E-02   0.26050043E-06   0.00000000E+00   0.26050043E-06
  19.133   7.133   0.55161991E-02   0.26019073E-06   0.00000000E+00   0.26019073E-06
  19.150   7.150   0.55256811E-02   0.25988517E-06   0.00000000E+00   0.25988517E-06
  19.167   7.167   0.55351730E-02   0.25958371E-06   0.00000000E+00   0.25958371E-06
  19.183   7.183   0.55446751E-02   0.25928634E-06   0.00000000E+00   0.25928634E-06
  19.200   7.200   0.55541876E-02   0.25899303E-06   0.00000000E+00   0.25899303E-06
  19.217   7.217   0.55637110E-02   0.25870376E-06   0.00000000E+00   0.25870376E-06
  19.233   7.233   0.55732455E-02   0.25841851E-06   0.00000000E+00   0.25841851E-06
  19.250   7.250   0.55827916E-02   0.25813726E-06   0.00000000E+00   0.25813726E-06
  19.267   7.267   0.55923495E-02   0.25785999E-06   0.00000000E+00   0.25785999E-06
  19.283   7.283   0.56019196E-02   0.25758667E-06   0.00000000E+00   0.25758667E-06
  19.300   7.300   0.56115022E-02   0.25731729E-06   0.00000000E+00   0.25731729E-06
  19.317   7.317   0.56210976E-02   0.25705182E-06   0.00000000E+00   0.25705182E-06
  19.333   7.333   0.56307061E-02   0.25679024E-06   0.00000000E+00   0.25679024E-06
  19.350   7.350   0.56403281E-02   0.25653254E-06   0.00000000E+00   0.25653254E-06
  19.367   7.367   0.56499639E-02   0.25627869E-06   0.00000000E+00   0.25627869E-06
  19.383   7.383   0.56596138E-02   0.25602868E-06   0.00000000E+00   0.25602868E-06
  19.400   7.400   0.56692781E-02   0.25578248E-06   0.00000000E+00   0.25578248E-06
  19.417   7.417   0.56789572E-02   0.25554008E-06   0.00000000E+00   0.25554008E-06
  19.433   7.433   0.56886512E-02   0.25530145E-06   0.00000000E+00   0.25530145E-06
  19.450   7.450   0.56983607E-02   0.25506659E-06   0.00000000E+00   0.25506659E-06
  19.467   7.467   0.57080857E-02   0.25483546E-06   0.00000000E+00   0.25483546E-06
  19.483   7.483   0.57178267E-02   0.25460805E-06   0.00000000E+00   0.25460805E-06
  19.500   7.500   0.57275840E-02   0.25438435E-06   0.00000000E+00   0.25438435E-06
  19.517   7.517   0.57373578E-02   0.25416434E-06   0.00000000E+00   0.25416434E-06
  19.533   7.533   0.57471485E-02   0.25394800E-06   0.00000000E+00   0.25394800E-06
  19.550   7.550   0.57569562E-02   0.25373530E-06   0.00000000E+00   0.25373530E-06
  19.567   7.567   0.57667814E-02   0.25352624E-06   0.00000000E+00   0.25352624E-06
  19.583   7.583   0.57766244E-02   0.25332080E-06   0.00000000E+00   0.25332080E-06
  19.600   7.600   0.57864853E-02   0.25311896E-06   0.00000000E+00   0.25311896E-06
  19.617   7.617   0.57963645E-02   0.25292071E-06   0.00000000E+00   0.25292071E-06
  19.633   7.633   0.58062622E-02   0.25272603E-06   0.00000000E+00   0.25272603E-06
  19.650   7.650   0.58161788E-02   0.25253489E-06   0.00000000E+00   0.25253489E-06
  19.667   7.667   0.58261145E-02   0.25234730E-06   0.00000000E+00   0.25234730E-06
  19.683   7.683   0.58360695E-02   0.25216323E-06   0.00000000E+00   0.25216323E-06
  19.700   7.700   0.58460443E-02   0.25198266E-06   0.00000000E+00   0.25198266E-06
  19.717   7.717   0.58560389E-02   0.25180558E-06   0.00000000E+00   0.25180558E-06
  19.733   7.733   0.58660537E-02   0.25163198E-06   0.00000000E+00   0.25163198E-06
  19.750   7.750   0.58760890E-02   0.25146185E-06   0.00000000E+00   0.25146185E-06
  19.767   7.767   0.58861450E-02   0.25129516E-06   0.00000000E+00   0.25129516E-06
  19.783   7.783   0.58962219E-02   0.25113190E-06   0.00000000E+00   0.25113190E-06
  19.800   7.800   0.59063201E-02   0.25097206E-06   0.00000000E+00   0.25097206E-06
  19.817   7.817   0.59164397E-02   0.25081562E-06   0.00000000E+00   0.25081562E-06
  19.833   7.833   0.59265810E-02   0.25066258E-06   0.00000000E+00   0.25066258E-06
  19.850   7.850   0.59367443E-02   0.25051291E-06   0.00000000E+00   0.25051291E-06
  19.867   7.867   0.59469298E-02   0.25036661E-06   0.00000000E+00   0.25036661E-06
  19.883   7.883   0.59571377E-02   0.25022366E-06   0.00000000E+00   0.25022366E-06
  19.900   7.900   0.59673683E-02   0.25008405E-06   0.00000000E+00   0.25008405E-06
  19.917   7.917   0.59776218E-02   0.24994776E-06   0.00000000E+00   0.24994776E-06
  19.933   7.933   0.59878984E-02   0.24981478E-06   0.00000000E+00   0.24981478E-06
  19.950   7.950   0.59981984E-02   0.24968511E-06   0.00000000E+00   0.24968511E-06
  19.967   7.967   0.60085220E-02   0.24955872E-06   0.00000000E+00   0.24955872E-06
  19.983   7.983   0.60188694E-02   0.24943561E-06   0.00000000E+00   0.24943561E-06
  20.000   8.000   0.60292408E-02   0.24931576E-06   0.00000000E+00   0.24931576E-06
  20.017   8.017   0.60396365E-02   0.24919916E-06   0.00000000E+00   0.24919916E-06
  20.033   8.033   0.60500566E-02   0.24908581E-06   0.00000000E+00   0.24908581E-06
  20.050   8.050   0.60605013E-02   0.24897568E-06   0.00000000E+00   0.24897568E-06
  20.067   8.067   0.60709709E-02   0.24886877E-06   0.00000000E+00   0.24886877E-06
  20.083   8.083   0.60814656E-02   0.24876507E-06   0.00000000E+00   0.24876507E-06
  20.100   8.100   0.60919856E-02   0.24866457E-06   0.00000000E+00   0.24866457E-06
  20.117   8.117   0.61025309E-02   0.24856725E-06   0.00000000E+00   0.24856725E-06
  20.133   8.133   0.61131020E-02   0.24847311E-06   0.00000000E+00   0.24847311E-06
  20.150   8.150   0.61236988E-02   0.24838213E-06   0.00000000E+00   0.24838213E-06
  20.167   8.167   0.61343217E-02   0.24829430E-06   0.00000000E+00   0.24829430E-06
  20.183   8.183   0.61449707E-02   0.24820962E-06   0.00000000E+00   0.24820962E-06
  20.200   8.200   0.61556462E-02   0.24812808E-06   0.00000000E+00   0.24812808E-06
  20.217   8.217   0.61663481E-02   0.24804966E-06   0.00000000E+00   0.24804966E-06
  20.233   8.233   0.61770768E-02   0.24797436E-06   0.00000000E+00   0.24797436E-06
  20.250   8.250   0.61878323E-02   0.24790217E-06   0.00000000E+00   0.24790217E-06
  20.267   8.267   0.61986148E-02   0.24783307E-06   0.00000000E+00   0.24783307E-06
  20.283   8.283   0.62094245E-02   0.24776707E-06   0.00000000E+00   0.24776707E-06
  20.300   8.300   0.62202616E-02   0.24770414E-06   0.00000000E+00   0.24770414E-06
  20.317   8.317   0.62311261E-02   0.24764429E-06   0.00000000E+00   0.24764429E-06
  20.333   8.333   0.62420182E-02   0.24758750E-06   0.00000000E+00   0.24758750E-06
  20.350   8.350   0.62529381E-02   0.24753377E-06   0.00000000E+00   0.24753377E-06
  20.367   8.367   0.62638859E-02   0.24748308E-06   0.00000000E+00   0.24748308E-06
  20.383   8.383   0.62748617E-02   0.24743544E-06   0.00000000E+00   0.24743544E-06
  20.400   8.400   0.62858656E-02   0.24739083E-06   0.00000000E+00   0.24739083E-06
  20.417   8.417   0.62968978E-02   0.24734924E-06   0.00000000E+00   0.24734924E-06
  20.433   8.433   0.63079583E-02   0.24731067E-06   0.00000000E+00   0.24731067E-06
  20.450   8.450   0.63190474E-02   0.24727511E-06   0.00000000E+00   0.24727511E-06
  20.467   8.467   0.63301650E-02   0.24724256E-06   0.00000000E+00   0.24724256E-06
  20.483   8.483   0.63413113E-02   0.24721301E-06   0.00000000E+00   0.24721301E-06
  20.500   8.500   0.63524864E-02   0.24718645E-06   0.00000000E+00   0.24718645E-06
  20.517   8.517   0.63636903E-02   0.24716287E-06   0.00000000E+00   0.24716287E-06
  20.533   8.533   0.63749232E-02   0.24714227E-06   0.00000000E+00   0.24714227E-06
  20.550   8.550   0.63861851E-02   0.24712465E-06   0.00000000E+00   0.24712465E-06
  20.567   8.567   0.63974761E-02   0.24710999E-06   0.00000000E+00   0.24710999E-06
  20.583   8.583   0.64087963E-02   0.24709830E-06   0.00000000E+00   0.24709830E-06
  20.600   8.600   0.64201457E-02   0.24708957E-06   0.00000000E+00   0.24708957E-06
  20.617   8.617   0.64315244E-02   0.24708379E-06   0.00000000E+00   0.24708379E-06
  20.633   8.633   0.64429324E-02   0.24708096E-06   0.00000000E+00   0.24708096E-06
  20.650   8.650   0.64543698E-02   0.24708107E-06   0.00000000E+00   0.24708107E-06
  20.667   8.667   0.64658366E-02   0.24708412E-06   0.00000000E+00   0.24708412E-06
  20.683   8.683   0.64773329E-02   0.24709011E-06   0.00000000E+00   0.24709011E-06
  20.700   8.700   0.64888586E-02   0.24709902E-06   0.00000000E+00   0.24709902E-06
  20.717   8.717   0.65004137E-02   0.24711087E-06   0.00000000E+00   0.24711087E-06
  20.733   8.733   0.65119984E-02   0.24712564E-06   0.00000000E+00   0.24712564E-06
  20.750   8.750   0.65236126E-02   0.24714334E-06   0.00000000E+00   0.24714334E-06
  20.767   8.767   0.65352563E-02   0.24716395E-06   0.00000000E+00   0.24716395E-06
  20.783   8.783   0.65469295E-02   0.24718748E-06   0.00000000E+00   0.24718748E-06
  20.800   8.800   0.65586321E-02   0.24721393E-06   0.00000000E+00   0.24721393E-06
  20.817   8.817   0.65703642E-02   0.24724329E-06   0.00000000E+00   0.24724329E-06
  20.833   8.833   0.65821258E-02   0.24727556E-06   0.00000000E+00   0.24727556E-06
  20.850   8.850   0.65939167E-02   0.24731074E-06   0.00000000E+00   0.24731074E-06
  20.867   8.867   0.66057370E-02   0.24734883E-06   0.00000000E+00   0.24734883E-06
  20.883   8.883   0.66175865E-02   0.24738982E-06   0.00000000E+00   0.24738982E-06
  20.900   8.900   0.66294653E-02   0.24743373E-06   0.00000000E+00   0.24743373E-06
  20.917   8.917   0.66413733E-02   0.24748054E-06   0.00000000E+00   0.24748054E-06
  20.933   8.933   0.66533104E-02   0.24753026E-06   0.00000000E+00   0.24753026E-06
  20.950   8.950   0.66652765E-02   0.24758288E-06   0.00000000E+00   0.24758288E-06
  20.967   8.967   0.66772715E-02   0.24763842E-06   0.00000000E+00   0.24763842E-06
