        RT(hours)          [CH3O2]         L_R_14           L_R_18           P_R_08           tot_loss         tot_prod
  12.017   0.017   0.16537176E-04   0.38958540E-06   0.12950452E-08   0.77963737E-06   0.39088157E-06   0.77963737E-06
  12.033   0.033   0.38204231E-04   0.10074109E-05   0.46045195E-08   0.13216413E-05   0.10120163E-05   0.13216413E-05
  12.050   0.050   0.53029872E-04   0.14975207E-05   0.77198721E-08   0.16962863E-05   0.15052413E-05   0.16962863E-05
  12.067   0.067   0.61906047E-04   0.18303659E-05   0.99623257E-08   0.19525470E-05   0.18403287E-05   0.19525470E-05
  12.083   0.083   0.67207422E-04   0.20555314E-05   0.11486383E-07   0.21352854E-05   0.20670181E-05   0.21352854E-05
  12.100   0.100   0.70601759E-04   0.22187013E-05   0.12573539E-07   0.22767006E-05   0.22312752E-05   0.22767006E-05
  12.117   0.117   0.73039948E-04   0.23491668E-05   0.13431763E-07   0.23965748E-05   0.23625989E-05   0.23965748E-05
  12.133   0.133   0.75022585E-04   0.24635403E-05   0.14184931E-07   0.25060645E-05   0.24777255E-05   0.25060645E-05
  12.150   0.150   0.76801704E-04   0.25706884E-05   0.14900201E-07   0.26111387E-05   0.25855889E-05   0.26111387E-05
  12.167   0.167   0.78499760E-04   0.26751553E-05   0.15612095E-07   0.27148678E-05   0.26907677E-05   0.27148678E-05
  12.183   0.183   0.80174056E-04   0.27791869E-05   0.16337733E-07   0.28187730E-05   0.27955249E-05   0.28187730E-05
  12.200   0.200   0.81850178E-04   0.28838470E-05   0.17085396E-07   0.29235753E-05   0.29009327E-05   0.29235753E-05
  12.217   0.217   0.83538812E-04   0.29896096E-05   0.17859082E-07   0.30295943E-05   0.30074690E-05   0.30295943E-05
  12.233   0.233   0.85243975E-04   0.30966636E-05   0.18660816E-07   0.31369547E-05   0.31153248E-05   0.31369547E-05
  12.250   0.250   0.86966899E-04   0.32050659E-05   0.19491793E-07   0.32456898E-05   0.32245581E-05   0.32456898E-05
  12.267   0.267   0.88707799E-04   0.33148154E-05   0.20352910E-07   0.33557929E-05   0.33351687E-05   0.33557929E-05
  12.283   0.283   0.90466621E-04   0.34258878E-05   0.21245003E-07   0.34672406E-05   0.34471332E-05   0.34672406E-05
  12.300   0.300   0.92243326E-04   0.35382516E-05   0.22168942E-07   0.35800041E-05   0.35604209E-05   0.35800041E-05
  12.317   0.317   0.94037973E-04   0.36518740E-05   0.23125665E-07   0.36940533E-05   0.36750001E-05   0.36940533E-05
  12.333   0.333   0.95850728E-04   0.37667236E-05   0.24116180E-07   0.38093587E-05   0.37908402E-05   0.38093587E-05
  12.350   0.350   0.97681840E-04   0.38827705E-05   0.25141560E-07   0.39258918E-05   0.39079125E-05   0.39258918E-05
  12.367   0.367   0.99531616E-04   0.39999864E-05   0.26202940E-07   0.40436248E-05   0.40261898E-05   0.40436248E-05
  12.383   0.383   0.10140040E-03   0.41183440E-05   0.27301505E-07   0.41625305E-05   0.41456460E-05   0.41625305E-05
  12.400   0.400   0.10328857E-03   0.42378169E-05   0.28438489E-07   0.42825826E-05   0.42662559E-05   0.42825826E-05
  12.417   0.417   0.10519649E-03   0.43583792E-05   0.29615171E-07   0.44037545E-05   0.43879949E-05   0.44037545E-05
  12.433   0.433   0.10712456E-03   0.44800052E-05   0.30832871E-07   0.45260203E-05   0.45108386E-05   0.45260203E-05
  12.450   0.450   0.10907315E-03   0.46026691E-05   0.32092953E-07   0.46493537E-05   0.46347626E-05   0.46493537E-05
  12.467   0.467   0.11104264E-03   0.47263453E-05   0.33396820E-07   0.47737288E-05   0.47597427E-05   0.47737288E-05
  12.483   0.483   0.11303340E-03   0.48510080E-05   0.34745916E-07   0.48991193E-05   0.48857545E-05   0.48991193E-05
  12.500   0.500   0.11504579E-03   0.49766309E-05   0.36141726E-07   0.50254988E-05   0.50127732E-05   0.50254988E-05
  12.517   0.517   0.11708017E-03   0.51031876E-05   0.37585776E-07   0.51528408E-05   0.51407740E-05   0.51528408E-05
  12.533   0.533   0.11913688E-03   0.52306513E-05   0.39079631E-07   0.52811184E-05   0.52697316E-05   0.52811184E-05
  12.550   0.550   0.12121626E-03   0.53589948E-05   0.40624899E-07   0.54103044E-05   0.53996204E-05   0.54103044E-05
  12.567   0.567   0.12331864E-03   0.54881905E-05   0.42223229E-07   0.55403716E-05   0.55304144E-05   0.55403716E-05
  12.583   0.583   0.12544433E-03   0.56182101E-05   0.43876312E-07   0.56712918E-05   0.56620871E-05   0.56712918E-05
  12.600   0.600   0.12759363E-03   0.57490249E-05   0.45585878E-07   0.58030369E-05   0.57946115E-05   0.58030369E-05
  12.617   0.617   0.12976686E-03   0.58806057E-05   0.47353703E-07   0.59355780E-05   0.59279602E-05   0.59355780E-05
  12.633   0.633   0.13196428E-03   0.60129226E-05   0.49181600E-07   0.60688859E-05   0.60621050E-05   0.60688859E-05
  12.650   0.650   0.13418618E-03   0.61459450E-05   0.51071424E-07   0.62029305E-05   0.61970172E-05   0.62029305E-05
  12.667   0.667   0.13643282E-03   0.62796417E-05   0.53025074E-07   0.63376813E-05   0.63326675E-05   0.63376813E-05
  12.683   0.683   0.13870445E-03   0.64139806E-05   0.55044484E-07   0.64731071E-05   0.64690259E-05   0.64731071E-05
  12.700   0.700   0.14100131E-03   0.65489291E-05   0.57131632E-07   0.66091761E-05   0.66060616E-05   0.66091761E-05
  12.717   0.717   0.14332362E-03   0.66844537E-05   0.59288531E-07   0.67458553E-05   0.67437430E-05   0.67458553E-05
  12.733   0.733   0.14567159E-03   0.68205198E-05   0.61517232E-07   0.68831115E-05   0.68820379E-05   0.68831115E-05
  12.750   0.750   0.14804542E-03   0.69570924E-05   0.63819825E-07   0.70209101E-05   0.70209130E-05   0.70209101E-05
  12.767   0.767   0.15044528E-03   0.70941350E-05   0.66198432E-07   0.71592160E-05   0.71603343E-05   0.71592160E-05
  12.783   0.783   0.15287135E-03   0.72316107E-05   0.68655207E-07   0.72979929E-05   0.73002668E-05   0.72979929E-05
  12.800   0.800   0.15532375E-03   0.73694814E-05   0.71192339E-07   0.74372037E-05   0.74406746E-05   0.74372037E-05
  12.817   0.817   0.15780263E-03   0.75077078E-05   0.73812044E-07   0.75768102E-05   0.75815207E-05   0.75768102E-05
  12.833   0.833   0.16030809E-03   0.76462498E-05   0.76516563E-07   0.77167732E-05   0.77227673E-05   0.77167732E-05
  12.850   0.850   0.16284021E-03   0.77850663E-05   0.79308166E-07   0.78570525E-05   0.78643753E-05   0.78570525E-05
  12.867   0.867   0.16539907E-03   0.79241149E-05   0.82189140E-07   0.79976067E-05   0.80063049E-05   0.79976067E-05
  12.883   0.883   0.16798470E-03   0.80633522E-05   0.85161794E-07   0.81383934E-05   0.81485150E-05   0.81383934E-05
  12.900   0.900   0.17059713E-03   0.82027340E-05   0.88228452E-07   0.82793690E-05   0.82909634E-05   0.82793690E-05
  12.917   0.917   0.17323635E-03   0.83422144E-05   0.91391450E-07   0.84204889E-05   0.84336068E-05   0.84204889E-05
  12.933   0.933   0.17590234E-03   0.84817470E-05   0.94653133E-07   0.85617073E-05   0.85764011E-05   0.85617073E-05
  12.950   0.950   0.17859505E-03   0.86212838E-05   0.98015850E-07   0.87029772E-05   0.87193007E-05   0.87029772E-05
  12.967   0.967   0.18131440E-03   0.87607762E-05   0.10148195E-06   0.88442507E-05   0.88622592E-05   0.88442507E-05
  12.983   0.983   0.18406028E-03   0.89001742E-05   0.10505379E-06   0.89854785E-05   0.90052290E-05   0.89854785E-05
  13.000   1.000   0.18683257E-03   0.90394269E-05   0.10873370E-06   0.91266104E-05   0.91481616E-05   0.91266104E-05
  13.017   1.017   0.18963111E-03   0.91784823E-05   0.11252402E-06   0.92675952E-05   0.92910073E-05   0.92675952E-05
  13.033   1.033   0.19245572E-03   0.93172875E-05   0.11642705E-06   0.94083806E-05   0.94337156E-05   0.94083806E-05
  13.050   1.050   0.19530617E-03   0.94557888E-05   0.12044508E-06   0.95489133E-05   0.95762348E-05   0.95489133E-05
  13.067   1.067   0.19818223E-03   0.95939313E-05   0.12458039E-06   0.96891390E-05   0.97185127E-05   0.96891390E-05
  13.083   1.083   0.20108363E-03   0.97316596E-05   0.12883521E-06   0.98290027E-05   0.98604958E-05   0.98290027E-05
  13.100   1.100   0.20401008E-03   0.98689174E-05   0.13321173E-06   0.99684484E-05   0.10002130E-04   0.99684484E-05
  13.117   1.117   0.20696125E-03   0.10005648E-04   0.13771211E-06   0.10107420E-04   0.10143361E-04   0.10107420E-04
  13.133   1.133   0.20993678E-03   0.10141793E-04   0.14233847E-06   0.10245859E-04   0.10284133E-04   0.10245859E-04
  13.150   1.150   0.21293630E-03   0.10277296E-04   0.14709286E-06   0.10383708E-04   0.10424389E-04   0.10383708E-04
  13.167   1.167   0.21595940E-03   0.10412096E-04   0.15197730E-06   0.10520909E-04   0.10564075E-04   0.10520909E-04
  13.183   1.183   0.21900565E-03   0.10546137E-04   0.15699372E-06   0.10657402E-04   0.10703132E-04   0.10657402E-04
  13.200   1.200   0.22207460E-03   0.10679358E-04   0.16214400E-06   0.10793130E-04   0.10841504E-04   0.10793130E-04
  13.217   1.217   0.22516577E-03   0.10811701E-04   0.16742996E-06   0.10928031E-04   0.10979132E-04   0.10928031E-04
  13.233   1.233   0.22827865E-03   0.10943107E-04   0.17285333E-06   0.11062047E-04   0.11115961E-04   0.11062047E-04
  13.250   1.250   0.23141272E-03   0.11073516E-04   0.17841576E-06   0.11195118E-04   0.11251932E-04   0.11195118E-04
  13.267   1.267   0.23456744E-03   0.11202869E-04   0.18411883E-06   0.11327185E-04   0.11386989E-04   0.11327185E-04
  13.283   1.283   0.23774225E-03   0.11331109E-04   0.18996404E-06   0.11458188E-04   0.11521074E-04   0.11458188E-04
  13.300   1.300   0.24093656E-03   0.11458176E-04   0.19595278E-06   0.11588069E-04   0.11654130E-04   0.11588069E-04
  13.317   1.317   0.24414979E-03   0.11584015E-04   0.20208635E-06   0.11716770E-04   0.11786102E-04   0.11716770E-04
  13.333   1.333   0.24738132E-03   0.11708568E-04   0.20836597E-06   0.11844232E-04   0.11916935E-04   0.11844232E-04
  13.350   1.350   0.25063055E-03   0.11831779E-04   0.21479277E-06   0.11970400E-04   0.12046572E-04   0.11970400E-04
  13.367   1.367   0.25389684E-03   0.11953593E-04   0.22136775E-06   0.12095215E-04   0.12174962E-04   0.12095215E-04
  13.383   1.383   0.25717957E-03   0.12073958E-04   0.22809183E-06   0.12218625E-04   0.12302051E-04   0.12218625E-04
  13.400   1.400   0.26047808E-03   0.12192820E-04   0.23496584E-06   0.12340573E-04   0.12427787E-04   0.12340573E-04
  13.417   1.417   0.26379176E-03   0.12310128E-04   0.24199048E-06   0.12461008E-04   0.12552119E-04   0.12461008E-04
  13.433   1.433   0.26711995E-03   0.12425832E-04   0.24916637E-06   0.12579878E-04   0.12675000E-04   0.12579878E-04
  13.450   1.450   0.27046201E-03   0.12539885E-04   0.25649404E-06   0.12697133E-04   0.12796380E-04   0.12697133E-04
  13.467   1.467   0.27381733E-03   0.12652240E-04   0.26397388E-06   0.12812724E-04   0.12916215E-04   0.12812724E-04
  13.483   1.483   0.27718527E-03   0.12762852E-04   0.27160623E-06   0.12926604E-04   0.13034459E-04   0.12926604E-04
  13.500   1.500   0.28056523E-03   0.12871678E-04   0.27939130E-06   0.13038728E-04   0.13151070E-04   0.13038728E-04
  13.517   1.517   0.28395659E-03   0.12978677E-04   0.28732922E-06   0.13149053E-04   0.13266007E-04   0.13149053E-04
  13.533   1.533   0.28735878E-03   0.13083811E-04   0.29542002E-06   0.13257538E-04   0.13379232E-04   0.13257538E-04
  13.550   1.550   0.29077124E-03   0.13187044E-04   0.30366366E-06   0.13364142E-04   0.13490708E-04   0.13364142E-04
  13.567   1.567   0.29419340E-03   0.13288339E-04   0.31206000E-06   0.13468829E-04   0.13600400E-04   0.13468829E-04
  13.583   1.583   0.29762476E-03   0.13387666E-04   0.32060884E-06   0.13571562E-04   0.13708276E-04   0.13571562E-04
  13.600   1.600   0.30106481E-03   0.13484994E-04   0.32930987E-06   0.13672310E-04   0.13814305E-04   0.13672310E-04
  13.617   1.617   0.30451308E-03   0.13580296E-04   0.33816276E-06   0.13771042E-04   0.13918460E-04   0.13771042E-04
  13.633   1.633   0.30796913E-03   0.13673546E-04   0.34716708E-06   0.13867727E-04   0.14020714E-04   0.13867727E-04
  13.650   1.650   0.31143255E-03   0.13764723E-04   0.35632234E-06   0.13962342E-04   0.14121046E-04   0.13962342E-04
  13.667   1.667   0.31490296E-03   0.13853804E-04   0.36562803E-06   0.14054861E-04   0.14219433E-04   0.14054861E-04
  13.683   1.683   0.31838004E-03   0.13940774E-04   0.37508356E-06   0.14145263E-04   0.14315858E-04   0.14145263E-04
  13.700   1.700   0.32186347E-03   0.14025615E-04   0.38468831E-06   0.14233530E-04   0.14410304E-04   0.14233530E-04
  13.717   1.717   0.32535301E-03   0.14108317E-04   0.39444165E-06   0.14319643E-04   0.14502759E-04   0.14319643E-04
  13.733   1.733   0.32884842E-03   0.14188867E-04   0.40434289E-06   0.14403590E-04   0.14593211E-04   0.14403590E-04
  13.750   1.750   0.33234955E-03   0.14267259E-04   0.41439135E-06   0.14485357E-04   0.14681651E-04   0.14485357E-04
  13.767   1.767   0.33585626E-03   0.14343486E-04   0.42458631E-06   0.14564936E-04   0.14768073E-04   0.14564936E-04
  13.783   1.783   0.33936846E-03   0.14417547E-04   0.43492708E-06   0.14642320E-04   0.14852474E-04   0.14642320E-04
  13.800   1.800   0.34288614E-03   0.14489439E-04   0.44541293E-06   0.14717503E-04   0.14934853E-04   0.14717503E-04
  13.817   1.817   0.34640929E-03   0.14559166E-04   0.45604319E-06   0.14790482E-04   0.15015210E-04   0.14790482E-04
  13.833   1.833   0.34993800E-03   0.14626732E-04   0.46681717E-06   0.14861259E-04   0.15093549E-04   0.14861259E-04
  13.850   1.850   0.35347238E-03   0.14692141E-04   0.47773421E-06   0.14929834E-04   0.15169876E-04   0.14929834E-04
  13.867   1.867   0.35701260E-03   0.14755404E-04   0.48879371E-06   0.14996213E-04   0.15244199E-04   0.14996213E-04
  13.883   1.883   0.36055888E-03   0.14816532E-04   0.49999506E-06   0.15060401E-04   0.15316528E-04   0.15060401E-04
  13.900   1.900   0.36411151E-03   0.14875536E-04   0.51133775E-06   0.15122407E-04   0.15386875E-04   0.15122407E-04
  13.917   1.917   0.36767083E-03   0.14932433E-04   0.52282128E-06   0.15182242E-04   0.15455255E-04   0.15182242E-04
  13.933   1.933   0.37123721E-03   0.14987239E-04   0.53444523E-06   0.15239918E-04   0.15521685E-04   0.15239918E-04
  13.950   1.950   0.37481110E-03   0.15039973E-04   0.54620924E-06   0.15295450E-04   0.15586183E-04   0.15295450E-04
  13.967   1.967   0.37839301E-03   0.15090656E-04   0.55811302E-06   0.15348855E-04   0.15648770E-04   0.15348855E-04
  13.983   1.983   0.38198349E-03   0.15139311E-04   0.57015635E-06   0.15400152E-04   0.15709468E-04   0.15400152E-04
  14.000   2.000   0.38558315E-03   0.15185962E-04   0.58233912E-06   0.15449359E-04   0.15768301E-04   0.15449359E-04
  14.017   2.017   0.38918853E-03   0.15230646E-04   0.59466220E-06   0.15496070E-04   0.15825309E-04   0.15496070E-04
  14.033   2.033   0.39279062E-03   0.15273193E-04   0.60711109E-06   0.15539929E-04   0.15880304E-04   0.15539929E-04
  14.050   2.050   0.39639031E-03   0.15313583E-04   0.61968090E-06   0.15581053E-04   0.15933265E-04   0.15581053E-04
  14.067   2.067   0.39999248E-03   0.15351904E-04   0.63237615E-06   0.15619578E-04   0.15984280E-04   0.15619578E-04
  14.083   2.083   0.40360318E-03   0.15388264E-04   0.64520495E-06   0.15655642E-04   0.16033469E-04   0.15655642E-04
  14.100   2.100   0.40722887E-03   0.15422781E-04   0.65817703E-06   0.15689379E-04   0.16080959E-04   0.15689379E-04
  14.117   2.117   0.41087609E-03   0.15455573E-04   0.67130292E-06   0.15720919E-04   0.16126876E-04   0.15720919E-04
  14.133   2.133   0.41455131E-03   0.15486753E-04   0.68459353E-06   0.15750387E-04   0.16171347E-04   0.15750387E-04
  14.150   2.150   0.41826090E-03   0.15516435E-04   0.69806002E-06   0.15777902E-04   0.16214495E-04   0.15777902E-04
  14.167   2.167   0.42201113E-03   0.15544724E-04   0.71171369E-06   0.15803577E-04   0.16256438E-04   0.15803577E-04
  14.183   2.183   0.42580812E-03   0.15571723E-04   0.72556601E-06   0.15827522E-04   0.16297290E-04   0.15827522E-04
  14.200   2.200   0.42965792E-03   0.15597532E-04   0.73962857E-06   0.15849841E-04   0.16337161E-04   0.15849841E-04
  14.217   2.217   0.43356649E-03   0.15622245E-04   0.75391311E-06   0.15870635E-04   0.16376158E-04   0.15870635E-04
  14.233   2.233   0.43753971E-03   0.15645953E-04   0.76843153E-06   0.15890002E-04   0.16414385E-04   0.15890002E-04
  14.250   2.250   0.44158339E-03   0.15668745E-04   0.78319589E-06   0.15908037E-04   0.16451942E-04   0.15908037E-04
  14.267   2.267   0.44570328E-03   0.15690705E-04   0.79821840E-06   0.15924832E-04   0.16488924E-04   0.15924832E-04
  14.283   2.283   0.44990511E-03   0.15711912E-04   0.81351143E-06   0.15940476E-04   0.16525424E-04   0.15940476E-04
  14.300   2.300   0.45419450E-03   0.15732445E-04   0.82908750E-06   0.15955058E-04   0.16561533E-04   0.15955058E-04
  14.317   2.317   0.45857707E-03   0.15752377E-04   0.84495925E-06   0.15968664E-04   0.16597337E-04   0.15968664E-04
  14.333   2.333   0.46305835E-03   0.15771778E-04   0.86113942E-06   0.15981379E-04   0.16632918E-04   0.15981379E-04
  14.350   2.350   0.46764380E-03   0.15790714E-04   0.87764078E-06   0.15993286E-04   0.16668355E-04   0.15993286E-04
  14.367   2.367   0.47233879E-03   0.15809246E-04   0.89447615E-06   0.16004468E-04   0.16703723E-04   0.16004468E-04
  14.383   2.383   0.47714859E-03   0.15827434E-04   0.91165827E-06   0.16015008E-04   0.16739092E-04   0.16015008E-04
  14.400   2.400   0.48207832E-03   0.15845328E-04   0.92919977E-06   0.16024985E-04   0.16774528E-04   0.16024985E-04
  14.417   2.417   0.48713295E-03   0.15862978E-04   0.94711306E-06   0.16034480E-04   0.16810091E-04   0.16034480E-04
  14.433   2.433   0.49231724E-03   0.15880424E-04   0.96541025E-06   0.16043572E-04   0.16845835E-04   0.16043572E-04
  14.450   2.450   0.49763569E-03   0.15897705E-04   0.98410302E-06   0.16052341E-04   0.16881808E-04   0.16052341E-04
  14.467   2.467   0.50309253E-03   0.15914848E-04   0.10032025E-05   0.16060865E-04   0.16918051E-04   0.16060865E-04
  14.483   2.483   0.50869164E-03   0.15931877E-04   0.10227191E-05   0.16069219E-04   0.16954597E-04   0.16069219E-04
  14.500   2.500   0.51443649E-03   0.15948808E-04   0.10426624E-05   0.16077481E-04   0.16991471E-04   0.16077481E-04
  14.517   2.517   0.52033009E-03   0.15965648E-04   0.10630410E-05   0.16085725E-04   0.17028690E-04   0.16085725E-04
  14.533   2.533   0.52637495E-03   0.15982398E-04   0.10838622E-05   0.16094025E-04   0.17066260E-04   0.16094025E-04
  14.550   2.550   0.53257297E-03   0.15999047E-04   0.11051320E-05   0.16102452E-04   0.17104180E-04   0.16102452E-04
  14.567   2.567   0.53892541E-03   0.16015580E-04   0.11268548E-05   0.16111075E-04   0.17142435E-04   0.16111075E-04
  14.583   2.583   0.54543283E-03   0.16031971E-04   0.11490334E-05   0.16119963E-04   0.17181004E-04   0.16119963E-04
  14.600   2.600   0.55209501E-03   0.16048184E-04   0.11716684E-05   0.16129178E-04   0.17219853E-04   0.16129178E-04
  14.617   2.617   0.55891093E-03   0.16064180E-04   0.11947586E-05   0.16138784E-04   0.17258938E-04   0.16138784E-04
  14.633   2.633   0.56587872E-03   0.16079907E-04   0.12183004E-05   0.16148836E-04   0.17298208E-04   0.16148836E-04
  14.650   2.650   0.57299562E-03   0.16095310E-04   0.12422881E-05   0.16159389E-04   0.17337599E-04   0.16159389E-04
  14.667   2.667   0.58025800E-03   0.16110328E-04   0.12667134E-05   0.16170493E-04   0.17377042E-04   0.16170493E-04
  14.683   2.683   0.58766132E-03   0.16124894E-04   0.12915657E-05   0.16182191E-04   0.17416459E-04   0.16182191E-04
  14.700   2.700   0.59520021E-03   0.16138938E-04   0.13168321E-05   0.16194524E-04   0.17455770E-04   0.16194524E-04
  14.717   2.717   0.60286842E-03   0.16152390E-04   0.13424971E-05   0.16207524E-04   0.17494887E-04   0.16207524E-04
  14.733   2.733   0.61065899E-03   0.16165179E-04   0.13685431E-05   0.16221221E-04   0.17533722E-04   0.16221221E-04
  14.750   2.750   0.61856423E-03   0.16177236E-04   0.13949507E-05   0.16235636E-04   0.17572187E-04   0.16235636E-04
  14.767   2.767   0.62657585E-03   0.16188496E-04   0.14216982E-05   0.16250785E-04   0.17610194E-04   0.16250785E-04
  14.783   2.783   0.63468507E-03   0.16198897E-04   0.14487627E-05   0.16266679E-04   0.17647660E-04   0.16266679E-04
  14.800   2.800   0.64288273E-03   0.16208387E-04   0.14761197E-05   0.16283321E-04   0.17684507E-04   0.16283321E-04
  14.817   2.817   0.65115939E-03   0.16216918E-04   0.15037440E-05   0.16300709E-04   0.17720662E-04   0.16300709E-04
  14.833   2.833   0.65950547E-03   0.16224454E-04   0.15316093E-05   0.16318836E-04   0.17756063E-04   0.16318836E-04
  14.850   2.850   0.66791138E-03   0.16230965E-04   0.15596893E-05   0.16337688E-04   0.17790655E-04   0.16337688E-04
  14.867   2.867   0.67636760E-03   0.16236435E-04   0.15879576E-05   0.16357248E-04   0.17824392E-04   0.16357248E-04
  14.883   2.883   0.68486483E-03   0.16240853E-04   0.16163878E-05   0.16377492E-04   0.17857241E-04   0.16377492E-04
  14.900   2.900   0.69339406E-03   0.16244223E-04   0.16449545E-05   0.16398394E-04   0.17889177E-04   0.16398394E-04
  14.917   2.917   0.70194664E-03   0.16246553E-04   0.16736326E-05   0.16419922E-04   0.17920186E-04   0.16419922E-04
  14.933   2.933   0.71051438E-03   0.16247864E-04   0.17023983E-05   0.16442042E-04   0.17950262E-04   0.16442042E-04
  14.950   2.950   0.71908955E-03   0.16248182E-04   0.17312287E-05   0.16464719E-04   0.17979411E-04   0.16464719E-04
  14.967   2.967   0.72766497E-03   0.16247540E-04   0.17601024E-05   0.16487913E-04   0.18007642E-04   0.16487913E-04
  14.983   2.983   0.73623400E-03   0.16245977E-04   0.17889992E-05   0.16511584E-04   0.18034976E-04   0.16511584E-04
  15.000   3.000   0.74479055E-03   0.16243536E-04   0.18179003E-05   0.16535691E-04   0.18061436E-04   0.16535691E-04
  15.017   3.017   0.75332908E-03   0.16240263E-04   0.18467885E-05   0.16560192E-04   0.18087051E-04   0.16560192E-04
  15.033   3.033   0.76184458E-03   0.16236207E-04   0.18756478E-05   0.16585044E-04   0.18111855E-04   0.16585044E-04
  15.050   3.050   0.77033256E-03   0.16231417E-04   0.19044636E-05   0.16610206E-04   0.18135881E-04   0.16610206E-04
  15.067   3.067   0.77878903E-03   0.16225943E-04   0.19332228E-05   0.16635634E-04   0.18159166E-04   0.16635634E-04
  15.083   3.083   0.78721045E-03   0.16219835E-04   0.19619134E-05   0.16661289E-04   0.18181748E-04   0.16661289E-04
  15.100   3.100   0.79559369E-03   0.16213140E-04   0.19905246E-05   0.16687131E-04   0.18203664E-04   0.16687131E-04
  15.117   3.117   0.80393603E-03   0.16205904E-04   0.20190467E-05   0.16713119E-04   0.18224951E-04   0.16713119E-04
  15.133   3.133   0.81223511E-03   0.16198172E-04   0.20474710E-05   0.16739217E-04   0.18245643E-04   0.16739217E-04
  15.150   3.150   0.82048887E-03   0.16189986E-04   0.20757899E-05   0.16765389E-04   0.18265775E-04   0.16765389E-04
  15.167   3.167   0.82869555E-03   0.16181383E-04   0.21039963E-05   0.16791598E-04   0.18285379E-04   0.16791598E-04
  15.183   3.183   0.83685365E-03   0.16172400E-04   0.21320842E-05   0.16817813E-04   0.18304484E-04   0.16817813E-04
  15.200   3.200   0.84496190E-03   0.16163070E-04   0.21600480E-05   0.16844002E-04   0.18323118E-04   0.16844002E-04
  15.217   3.217   0.85301923E-03   0.16153423E-04   0.21878830E-05   0.16870135E-04   0.18341306E-04   0.16870135E-04
  15.233   3.233   0.86102473E-03   0.16143486E-04   0.22155846E-05   0.16896183E-04   0.18359071E-04   0.16896183E-04
  15.250   3.250   0.86897767E-03   0.16133284E-04   0.22431492E-05   0.16922120E-04   0.18376433E-04   0.16922120E-04
  15.267   3.267   0.87687745E-03   0.16122838E-04   0.22705732E-05   0.16947920E-04   0.18393412E-04   0.16947920E-04
  15.283   3.283   0.88472357E-03   0.16112168E-04   0.22978536E-05   0.16973560E-04   0.18410022E-04   0.16973560E-04
  15.300   3.300   0.89251566E-03   0.16101290E-04   0.23249877E-05   0.16999017E-04   0.18426277E-04   0.16999017E-04
  15.317   3.317   0.90025341E-03   0.16090219E-04   0.23519729E-05   0.17024271E-04   0.18442191E-04   0.17024271E-04
  15.333   3.333   0.90793660E-03   0.16078967E-04   0.23788071E-05   0.17049302E-04   0.18457774E-04   0.17049302E-04
  15.350   3.350   0.91556506E-03   0.16067545E-04   0.24054884E-05   0.17074093E-04   0.18473033E-04   0.17074093E-04
  15.367   3.367   0.92313871E-03   0.16055963E-04   0.24320148E-05   0.17098625E-04   0.18487977E-04   0.17098625E-04
  15.383   3.383   0.93065747E-03   0.16044227E-04   0.24583847E-05   0.17122883E-04   0.18502612E-04   0.17122883E-04
  15.400   3.400   0.93812134E-03   0.16032344E-04   0.24845967E-05   0.17146854E-04   0.18516941E-04   0.17146854E-04
  15.417   3.417   0.94553032E-03   0.16020319E-04   0.25106493E-05   0.17170522E-04   0.18530968E-04   0.17170522E-04
  15.433   3.433   0.95288446E-03   0.16008155E-04   0.25365413E-05   0.17193875E-04   0.18544696E-04   0.17193875E-04
  15.450   3.450   0.96018384E-03   0.15995855E-04   0.25622716E-05   0.17216902E-04   0.18558126E-04   0.17216902E-04
  15.467   3.467   0.96742852E-03   0.15983421E-04   0.25878389E-05   0.17239591E-04   0.18571260E-04   0.17239591E-04
  15.483   3.483   0.97461862E-03   0.15970855E-04   0.26132424E-05   0.17261933E-04   0.18584097E-04   0.17261933E-04
  15.500   3.500   0.98175425E-03   0.15958156E-04   0.26384810E-05   0.17283918E-04   0.18596637E-04   0.17283918E-04
  15.517   3.517   0.98883554E-03   0.15945326E-04   0.26635538E-05   0.17305537E-04   0.18608879E-04   0.17305537E-04
  15.533   3.533   0.99586262E-03   0.15932362E-04   0.26884599E-05   0.17326783E-04   0.18620822E-04   0.17326783E-04
  15.550   3.550   0.10028356E-02   0.15919266E-04   0.27131986E-05   0.17347648E-04   0.18632464E-04   0.17347648E-04
  15.567   3.567   0.10097547E-02   0.15906034E-04   0.27377690E-05   0.17368125E-04   0.18643803E-04   0.17368125E-04
  15.583   3.583   0.10166200E-02   0.15892667E-04   0.27621703E-05   0.17388209E-04   0.18654837E-04   0.17388209E-04
  15.600   3.600   0.10234316E-02   0.15879161E-04   0.27864019E-05   0.17407893E-04   0.18665563E-04   0.17407893E-04
  15.617   3.617   0.10301898E-02   0.15865515E-04   0.28104630E-05   0.17427172E-04   0.18675978E-04   0.17427172E-04
  15.633   3.633   0.10368947E-02   0.15851728E-04   0.28343529E-05   0.17446042E-04   0.18686080E-04   0.17446042E-04
  15.650   3.650   0.10435463E-02   0.15837796E-04   0.28580710E-05   0.17464498E-04   0.18695867E-04   0.17464498E-04
  15.667   3.667   0.10501449E-02   0.15823718E-04   0.28816166E-05   0.17482535E-04   0.18705334E-04   0.17482535E-04
  15.683   3.683   0.10566907E-02   0.15809491E-04   0.29049890E-05   0.17500151E-04   0.18714479E-04   0.17500151E-04
  15.700   3.700   0.10631837E-02   0.15795112E-04   0.29281876E-05   0.17517342E-04   0.18723300E-04   0.17517342E-04
  15.717   3.717   0.10696240E-02   0.15780581E-04   0.29512119E-05   0.17534105E-04   0.18731792E-04   0.17534105E-04
  15.733   3.733   0.10760120E-02   0.15765893E-04   0.29740611E-05   0.17550438E-04   0.18739954E-04   0.17550438E-04
  15.750   3.750   0.10823475E-02   0.15751048E-04   0.29967347E-05   0.17566337E-04   0.18747782E-04   0.17566337E-04
  15.767   3.767   0.10886309E-02   0.15736042E-04   0.30192322E-05   0.17581800E-04   0.18755274E-04   0.17581800E-04
  15.783   3.783   0.10948623E-02   0.15720874E-04   0.30415529E-05   0.17596827E-04   0.18762427E-04   0.17596827E-04
  15.800   3.800   0.11010417E-02   0.15705541E-04   0.30636963E-05   0.17611414E-04   0.18769237E-04   0.17611414E-04
  15.817   3.817   0.11071692E-02   0.15690041E-04   0.30856618E-05   0.17625561E-04   0.18775703E-04   0.17625561E-04
  15.833   3.833   0.11132451E-02   0.15674373E-04   0.31074489E-05   0.17639266E-04   0.18781821E-04   0.17639266E-04
  15.850   3.850   0.11192694E-02   0.15658534E-04   0.31290570E-05   0.17652528E-04   0.18787590E-04   0.17652528E-04
  15.867   3.867   0.11252423E-02   0.15642522E-04   0.31504856E-05   0.17665346E-04   0.18793007E-04   0.17665346E-04
  15.883   3.883   0.11311638E-02   0.15626336E-04   0.31717342E-05   0.17677719E-04   0.18798070E-04   0.17677719E-04
  15.900   3.900   0.11370340E-02   0.15609974E-04   0.31928022E-05   0.17689646E-04   0.18802776E-04   0.17689646E-04
  15.917   3.917   0.11428531E-02   0.15593435E-04   0.32136892E-05   0.17701127E-04   0.18807124E-04   0.17701127E-04
  15.933   3.933   0.11486212E-02   0.15576716E-04   0.32343946E-05   0.17712163E-04   0.18811111E-04   0.17712163E-04
  15.950   3.950   0.11543383E-02   0.15559818E-04   0.32549180E-05   0.17722751E-04   0.18814736E-04   0.17722751E-04
  15.967   3.967   0.11600046E-02   0.15542738E-04   0.32752589E-05   0.17732893E-04   0.18817996E-04   0.17732893E-04
  15.983   3.983   0.11656201E-02   0.15525475E-04   0.32954167E-05   0.17742587E-04   0.18820891E-04   0.17742587E-04
  16.000   4.000   0.11711849E-02   0.15508028E-04   0.33153911E-05   0.17751835E-04   0.18823419E-04   0.17751835E-04
  16.017   4.017   0.11766952E-02   0.15490349E-04   0.33351716E-05   0.17760449E-04   0.18825520E-04   0.17760449E-04
  16.033   4.033   0.11821370E-02   0.15472278E-04   0.33547169E-05   0.17768258E-04   0.18826995E-04   0.17768258E-04
  16.050   4.050   0.11875027E-02   0.15453740E-04   0.33740002E-05   0.17775283E-04   0.18827740E-04   0.17775283E-04
  16.067   4.067   0.11927896E-02   0.15434713E-04   0.33930117E-05   0.17781543E-04   0.18827724E-04   0.17781543E-04
  16.083   4.083   0.11979972E-02   0.15415200E-04   0.34117495E-05   0.17787059E-04   0.18826949E-04   0.17787059E-04
  16.100   4.100   0.12031263E-02   0.15395215E-04   0.34302151E-05   0.17791850E-04   0.18825430E-04   0.17791850E-04
  16.117   4.117   0.12081781E-02   0.15374777E-04   0.34484112E-05   0.17795933E-04   0.18823188E-04   0.17795933E-04
  16.133   4.133   0.12131537E-02   0.15353904E-04   0.34663411E-05   0.17799325E-04   0.18820245E-04   0.17799325E-04
  16.150   4.150   0.12180544E-02   0.15332616E-04   0.34840079E-05   0.17802041E-04   0.18816624E-04   0.17802041E-04
  16.167   4.167   0.12206519E-02   0.15285893E-04   0.34949512E-05   0.17801645E-04   0.18780844E-04   0.17801645E-04
  16.183   4.183   0.12208206E-02   0.15215244E-04   0.34990273E-05   0.17797054E-04   0.18714271E-04   0.17797054E-04
  16.200   4.200   0.12205401E-02   0.15144266E-04   0.35019532E-05   0.17789509E-04   0.18646219E-04   0.17789509E-04
  16.217   4.217   0.12203697E-02   0.15078859E-04   0.35052899E-05   0.17779580E-04   0.18584149E-04   0.17779580E-04
  16.233   4.233   0.12204109E-02   0.15019461E-04   0.35092989E-05   0.17767646E-04   0.18528760E-04   0.17767646E-04
  16.250   4.250   0.12206350E-02   0.14965112E-04   0.35138770E-05   0.17753983E-04   0.18478989E-04   0.17753983E-04
  16.267   4.267   0.12209883E-02   0.14914702E-04   0.35188536E-05   0.17738800E-04   0.18433556E-04   0.17738800E-04
  16.283   4.283   0.12214223E-02   0.14867297E-04   0.35240763E-05   0.17722262E-04   0.18391373E-04   0.17722262E-04
  16.300   4.300   0.12218997E-02   0.14822177E-04   0.35294277E-05   0.17704501E-04   0.18351605E-04   0.17704501E-04
  16.317   4.317   0.12223936E-02   0.14778806E-04   0.35348218E-05   0.17685625E-04   0.18313628E-04   0.17685625E-04
  16.333   4.333   0.12228851E-02   0.14736783E-04   0.35401968E-05   0.17665725E-04   0.18276979E-04   0.17665725E-04
  16.350   4.350   0.12233607E-02   0.14695808E-04   0.35455087E-05   0.17644880E-04   0.18241316E-04   0.17644880E-04
  16.367   4.367   0.12238112E-02   0.14655653E-04   0.35507259E-05   0.17623153E-04   0.18206379E-04   0.17623153E-04
  16.383   4.383   0.12242302E-02   0.14616145E-04   0.35558258E-05   0.17600604E-04   0.18171971E-04   0.17600604E-04
  16.400   4.400   0.12246132E-02   0.14577148E-04   0.35607920E-05   0.17577282E-04   0.18137940E-04   0.17577282E-04
  16.417   4.417   0.12249571E-02   0.14538554E-04   0.35656129E-05   0.17553231E-04   0.18104166E-04   0.17553231E-04
  16.433   4.433   0.12252601E-02   0.14500277E-04   0.35702801E-05   0.17528490E-04   0.18070557E-04   0.17528490E-04
  16.450   4.450   0.12255206E-02   0.14462251E-04   0.35747875E-05   0.17503096E-04   0.18037038E-04   0.17503096E-04
  16.467   4.467   0.12257382E-02   0.14424419E-04   0.35791310E-05   0.17477079E-04   0.18003550E-04   0.17477079E-04
  16.483   4.483   0.12259123E-02   0.14386736E-04   0.35833078E-05   0.17450467E-04   0.17970044E-04   0.17450467E-04
  16.500   4.500   0.12260429E-02   0.14349165E-04   0.35873162E-05   0.17423288E-04   0.17936481E-04   0.17423288E-04
  16.517   4.517   0.12261301E-02   0.14311676E-04   0.35911551E-05   0.17395565E-04   0.17902831E-04   0.17395565E-04
  16.533   4.533   0.12261742E-02   0.14274242E-04   0.35948241E-05   0.17367319E-04   0.17869066E-04   0.17367319E-04
  16.550   4.550   0.12261757E-02   0.14236843E-04   0.35983233E-05   0.17338571E-04   0.17835166E-04   0.17338571E-04
  16.567   4.567   0.12261349E-02   0.14199461E-04   0.36016530E-05   0.17309340E-04   0.17801114E-04   0.17309340E-04
  16.583   4.583   0.12260524E-02   0.14162081E-04   0.36048138E-05   0.17279643E-04   0.17766895E-04   0.17279643E-04
  16.600   4.600   0.12259287E-02   0.14124691E-04   0.36078066E-05   0.17249495E-04   0.17732497E-04   0.17249495E-04
  16.617   4.617   0.12257645E-02   0.14087281E-04   0.36106323E-05   0.17218913E-04   0.17697913E-04   0.17218913E-04
  16.633   4.633   0.12255604E-02   0.14049841E-04   0.36132922E-05   0.17187909E-04   0.17663133E-04   0.17187909E-04
  16.650   4.650   0.12253168E-02   0.14012366E-04   0.36157872E-05   0.17156498E-04   0.17628153E-04   0.17156498E-04
  16.667   4.667   0.12250346E-02   0.13974848E-04   0.36181189E-05   0.17124692E-04   0.17592967E-04   0.17124692E-04
  16.683   4.683   0.12247142E-02   0.13937283E-04   0.36202883E-05   0.17092502E-04   0.17557571E-04   0.17092502E-04
  16.700   4.700   0.12243563E-02   0.13899667E-04   0.36222968E-05   0.17059940E-04   0.17521964E-04   0.17059940E-04
  16.717   4.717   0.12239615E-02   0.13861997E-04   0.36241458E-05   0.17027017E-04   0.17486142E-04   0.17027017E-04
  16.733   4.733   0.12235302E-02   0.13824269E-04   0.36258366E-05   0.16993743E-04   0.17450106E-04   0.16993743E-04
  16.750   4.750   0.12230632E-02   0.13786482E-04   0.36273707E-05   0.16960126E-04   0.17413853E-04   0.16960126E-04
  16.767   4.767   0.12225609E-02   0.13748635E-04   0.36287493E-05   0.16926177E-04   0.17377384E-04   0.16926177E-04
  16.783   4.783   0.12220238E-02   0.13710725E-04   0.36299738E-05   0.16891904E-04   0.17340699E-04   0.16891904E-04
  16.800   4.800   0.12214526E-02   0.13672753E-04   0.36310456E-05   0.16857315E-04   0.17303799E-04   0.16857315E-04
  16.817   4.817   0.12208477E-02   0.13634718E-04   0.36319659E-05   0.16822419E-04   0.17266684E-04   0.16822419E-04
  16.833   4.833   0.12202096E-02   0.13596620E-04   0.36327362E-05   0.16787223E-04   0.17229356E-04   0.16787223E-04
  16.850   4.850   0.12195388E-02   0.13558458E-04   0.36333578E-05   0.16751735E-04   0.17191816E-04   0.16751735E-04
  16.867   4.867   0.12188357E-02   0.13520234E-04   0.36338319E-05   0.16715962E-04   0.17154065E-04   0.16715962E-04
  16.883   4.883   0.12181009E-02   0.13481947E-04   0.36341598E-05   0.16679911E-04   0.17116106E-04   0.16679911E-04
  16.900   4.900   0.12173348E-02   0.13443598E-04   0.36343429E-05   0.16643588E-04   0.17077941E-04   0.16643588E-04
  16.917   4.917   0.12165378E-02   0.13405188E-04   0.36343823E-05   0.16607001E-04   0.17039570E-04   0.16607001E-04
  16.933   4.933   0.12157102E-02   0.13366718E-04   0.36342793E-05   0.16570154E-04   0.17000997E-04   0.16570154E-04
  16.950   4.950   0.12148527E-02   0.13328189E-04   0.36340351E-05   0.16533055E-04   0.16962224E-04   0.16533055E-04
  16.967   4.967   0.12139654E-02   0.13289602E-04   0.36336510E-05   0.16495709E-04   0.16923253E-04   0.16495709E-04
  16.983   4.983   0.12130489E-02   0.13250958E-04   0.36331281E-05   0.16458121E-04   0.16884086E-04   0.16458121E-04
  17.000   5.000   0.12121035E-02   0.13212258E-04   0.36324676E-05   0.16420298E-04   0.16844726E-04   0.16420298E-04
  17.017   5.017   0.12111296E-02   0.13173504E-04   0.36316708E-05   0.16382245E-04   0.16805175E-04   0.16382245E-04
  17.033   5.033   0.12101275E-02   0.13134698E-04   0.36307387E-05   0.16343967E-04   0.16765436E-04   0.16343967E-04
  17.050   5.050   0.12090976E-02   0.13095839E-04   0.36296724E-05   0.16305469E-04   0.16725512E-04   0.16305469E-04
  17.067   5.067   0.12080402E-02   0.13056931E-04   0.36284732E-05   0.16266755E-04   0.16685404E-04   0.16266755E-04
  17.083   5.083   0.12069556E-02   0.13017974E-04   0.36271421E-05   0.16227832E-04   0.16645116E-04   0.16227832E-04
  17.100   5.100   0.12058443E-02   0.12978971E-04   0.36256803E-05   0.16188703E-04   0.16604651E-04   0.16188703E-04
  17.117   5.117   0.12047064E-02   0.12939922E-04   0.36240888E-05   0.16149373E-04   0.16564010E-04   0.16149373E-04
  17.133   5.133   0.12035423E-02   0.12900828E-04   0.36223687E-05   0.16109847E-04   0.16523197E-04   0.16109847E-04
  17.150   5.150   0.12023524E-02   0.12861693E-04   0.36205212E-05   0.16070128E-04   0.16482214E-04   0.16070128E-04
  17.167   5.167   0.12011369E-02   0.12822517E-04   0.36185471E-05   0.16030222E-04   0.16441064E-04   0.16030222E-04
  17.183   5.183   0.11998961E-02   0.12783301E-04   0.36164477E-05   0.15990132E-04   0.16399749E-04   0.15990132E-04
  17.200   5.200   0.11986302E-02   0.12744049E-04   0.36142238E-05   0.15949863E-04   0.16358272E-04   0.15949863E-04
  17.217   5.217   0.11973396E-02   0.12704760E-04   0.36118767E-05   0.15909418E-04   0.16316636E-04   0.15909418E-04
  17.233   5.233   0.11960246E-02   0.12665436E-04   0.36094072E-05   0.15868802E-04   0.16274843E-04   0.15868802E-04
  17.250   5.250   0.11946853E-02   0.12626080E-04   0.36068164E-05   0.15828017E-04   0.16232896E-04   0.15828017E-04
  17.267   5.267   0.11933221E-02   0.12586692E-04   0.36041053E-05   0.15787069E-04   0.16190798E-04   0.15787069E-04
  17.283   5.283   0.11919352E-02   0.12547275E-04   0.36012749E-05   0.15745960E-04   0.16148550E-04   0.15745960E-04
  17.300   5.300   0.11905249E-02   0.12507830E-04   0.35983261E-05   0.15704695E-04   0.16106156E-04   0.15704695E-04
  17.317   5.317   0.11890913E-02   0.12468358E-04   0.35952600E-05   0.15663276E-04   0.16063618E-04   0.15663276E-04
  17.333   5.333   0.11876348E-02   0.12428861E-04   0.35920775E-05   0.15621707E-04   0.16020938E-04   0.15621707E-04
  17.350   5.350   0.11861556E-02   0.12389341E-04   0.35887795E-05   0.15579991E-04   0.15978120E-04   0.15579991E-04
  17.367   5.367   0.11846539E-02   0.12349798E-04   0.35853671E-05   0.15538133E-04   0.15935165E-04   0.15538133E-04
  17.383   5.383   0.11831299E-02   0.12310236E-04   0.35818412E-05   0.15496134E-04   0.15892076E-04   0.15496134E-04
  17.400   5.400   0.11815839E-02   0.12270654E-04   0.35782026E-05   0.15453999E-04   0.15848856E-04   0.15453999E-04
  17.417   5.417   0.11800160E-02   0.12231054E-04   0.35744523E-05   0.15411730E-04   0.15805506E-04   0.15411730E-04
  17.433   5.433   0.11784266E-02   0.12191439E-04   0.35705913E-05   0.15369330E-04   0.15762030E-04   0.15369330E-04
  17.450   5.450   0.11768157E-02   0.12151809E-04   0.35666205E-05   0.15326803E-04   0.15718429E-04   0.15326803E-04
  17.467   5.467   0.11751837E-02   0.12112165E-04   0.35625407E-05   0.15284151E-04   0.15674706E-04   0.15284151E-04
  17.483   5.483   0.11735306E-02   0.12072510E-04   0.35583529E-05   0.15241377E-04   0.15630863E-04   0.15241377E-04
  17.500   5.500   0.11718567E-02   0.12032844E-04   0.35540580E-05   0.15198484E-04   0.15586902E-04   0.15198484E-04
  17.517   5.517   0.11701623E-02   0.11993169E-04   0.35496568E-05   0.15155475E-04   0.15542826E-04   0.15155475E-04
  17.533   5.533   0.11684475E-02   0.11953487E-04   0.35451502E-05   0.15112352E-04   0.15498637E-04   0.15112352E-04
  17.550   5.550   0.11667124E-02   0.11913798E-04   0.35405392E-05   0.15069119E-04   0.15454337E-04   0.15069119E-04
  17.567   5.567   0.11649573E-02   0.11874103E-04   0.35358245E-05   0.15025777E-04   0.15409928E-04   0.15025777E-04
  17.583   5.583   0.11631824E-02   0.11834405E-04   0.35310071E-05   0.14982330E-04   0.15365412E-04   0.14982330E-04
  17.600   5.600   0.11613877E-02   0.11794705E-04   0.35260877E-05   0.14938779E-04   0.15320792E-04   0.14938779E-04
  17.617   5.617   0.11595737E-02   0.11755002E-04   0.35210674E-05   0.14895128E-04   0.15276070E-04   0.14895128E-04
  17.633   5.633   0.11577403E-02   0.11715300E-04   0.35159468E-05   0.14851379E-04   0.15231247E-04   0.14851379E-04
  17.650   5.650   0.11558877E-02   0.11675599E-04   0.35107269E-05   0.14807534E-04   0.15186326E-04   0.14807534E-04
  17.667   5.667   0.11540162E-02   0.11635900E-04   0.35054084E-05   0.14763596E-04   0.15141308E-04   0.14763596E-04
  17.683   5.683   0.11521259E-02   0.11596204E-04   0.34999923E-05   0.14719566E-04   0.15096196E-04   0.14719566E-04
  17.700   5.700   0.11502170E-02   0.11556513E-04   0.34944792E-05   0.14675447E-04   0.15050992E-04   0.14675447E-04
  17.717   5.717   0.11482896E-02   0.11516827E-04   0.34888701E-05   0.14631242E-04   0.15005697E-04   0.14631242E-04
  17.733   5.733   0.11463438E-02   0.11477149E-04   0.34831658E-05   0.14586952E-04   0.14960314E-04   0.14586952E-04
  17.750   5.750   0.11443800E-02   0.11437477E-04   0.34773671E-05   0.14542580E-04   0.14914844E-04   0.14542580E-04
  17.767   5.767   0.11423981E-02   0.11397815E-04   0.34714747E-05   0.14498127E-04   0.14869289E-04   0.14498127E-04
  17.783   5.783   0.11403984E-02   0.11358163E-04   0.34654894E-05   0.14453596E-04   0.14823652E-04   0.14453596E-04
  17.800   5.800   0.11383809E-02   0.11318521E-04   0.34594122E-05   0.14408989E-04   0.14777933E-04   0.14408989E-04
  17.817   5.817   0.11363460E-02   0.11278891E-04   0.34532437E-05   0.14364308E-04   0.14732135E-04   0.14364308E-04
  17.833   5.833   0.11342936E-02   0.11239274E-04   0.34469847E-05   0.14319554E-04   0.14686259E-04   0.14319554E-04
  17.850   5.850   0.11322240E-02   0.11199671E-04   0.34406360E-05   0.14274730E-04   0.14640307E-04   0.14274730E-04
  17.867   5.867   0.11301373E-02   0.11160082E-04   0.34341984E-05   0.14229837E-04   0.14594280E-04   0.14229837E-04
  17.883   5.883   0.11280336E-02   0.11120509E-04   0.34276726E-05   0.14184878E-04   0.14548182E-04   0.14184878E-04
  17.900   5.900   0.11259131E-02   0.11080953E-04   0.34210595E-05   0.14139854E-04   0.14502012E-04   0.14139854E-04
  17.917   5.917   0.11237759E-02   0.11041413E-04   0.34143597E-05   0.14094766E-04   0.14455773E-04   0.14094766E-04
  17.933   5.933   0.11216221E-02   0.11001892E-04   0.34075741E-05   0.14049617E-04   0.14409466E-04   0.14049617E-04
  17.950   5.950   0.11194520E-02   0.10962390E-04   0.34007033E-05   0.14004408E-04   0.14363093E-04   0.14004408E-04
  17.967   5.967   0.11172655E-02   0.10922908E-04   0.33937481E-05   0.13959142E-04   0.14316656E-04   0.13959142E-04
  17.983   5.983   0.11150629E-02   0.10883446E-04   0.33867093E-05   0.13913819E-04   0.14270155E-04   0.13913819E-04
  18.000   6.000   0.11128443E-02   0.10844006E-04   0.33795876E-05   0.13868440E-04   0.14223593E-04   0.13868440E-04
  18.017   6.017   0.11106097E-02   0.10804587E-04   0.33723837E-05   0.13823009E-04   0.14176971E-04   0.13823009E-04
  18.033   6.033   0.11083594E-02   0.10765192E-04   0.33650984E-05   0.13777526E-04   0.14130290E-04   0.13777526E-04
  18.050   6.050   0.11060935E-02   0.10725820E-04   0.33577323E-05   0.13731993E-04   0.14083552E-04   0.13731993E-04
  18.067   6.067   0.11038120E-02   0.10686472E-04   0.33502862E-05   0.13686411E-04   0.14036758E-04   0.13686411E-04
  18.083   6.083   0.11015152E-02   0.10647149E-04   0.33427608E-05   0.13640782E-04   0.13989910E-04   0.13640782E-04
  18.100   6.100   0.10992030E-02   0.10607852E-04   0.33351569E-05   0.13595106E-04   0.13943008E-04   0.13595106E-04
  18.117   6.117   0.10968757E-02   0.10568581E-04   0.33274750E-05   0.13549387E-04   0.13896055E-04   0.13549387E-04
  18.133   6.133   0.10945334E-02   0.10529336E-04   0.33197160E-05   0.13503624E-04   0.13849052E-04   0.13503624E-04
  18.150   6.150   0.10921762E-02   0.10490119E-04   0.33118804E-05   0.13457819E-04   0.13802000E-04   0.13457819E-04
  18.167   6.167   0.10898041E-02   0.10450930E-04   0.33039691E-05   0.13411974E-04   0.13754899E-04   0.13411974E-04
  18.183   6.183   0.10874173E-02   0.10411770E-04   0.32959827E-05   0.13366090E-04   0.13707752E-04   0.13366090E-04
  18.200   6.200   0.10850160E-02   0.10372639E-04   0.32879218E-05   0.13320168E-04   0.13660560E-04   0.13320168E-04
  18.217   6.217   0.10826002E-02   0.10333537E-04   0.32797872E-05   0.13274209E-04   0.13613324E-04   0.13274209E-04
  18.233   6.233   0.10801700E-02   0.10294465E-04   0.32715795E-05   0.13228215E-04   0.13566044E-04   0.13228215E-04
  18.250   6.250   0.10777256E-02   0.10255424E-04   0.32632994E-05   0.13182186E-04   0.13518723E-04   0.13182186E-04
  18.267   6.267   0.10752671E-02   0.10216414E-04   0.32549476E-05   0.13136124E-04   0.13471362E-04   0.13136124E-04
  18.283   6.283   0.10727945E-02   0.10177436E-04   0.32465247E-05   0.13090030E-04   0.13423961E-04   0.13090030E-04
  18.300   6.300   0.10703080E-02   0.10138490E-04   0.32380314E-05   0.13043905E-04   0.13376521E-04   0.13043905E-04
  18.317   6.317   0.10678077E-02   0.10099576E-04   0.32294683E-05   0.12997751E-04   0.13329044E-04   0.12997751E-04
  18.333   6.333   0.10652936E-02   0.10060695E-04   0.32208362E-05   0.12951567E-04   0.13281531E-04   0.12951567E-04
  18.350   6.350   0.10627660E-02   0.10021848E-04   0.32121356E-05   0.12905356E-04   0.13233983E-04   0.12905356E-04
  18.367   6.367   0.10602248E-02   0.99830340E-05   0.32033672E-05   0.12859118E-04   0.13186401E-04   0.12859118E-04
  18.383   6.383   0.10576702E-02   0.99442541E-05   0.31945316E-05   0.12812854E-04   0.13138785E-04   0.12812854E-04
  18.400   6.400   0.10551023E-02   0.99055087E-05   0.31856295E-05   0.12766565E-04   0.13091138E-04   0.12766565E-04
  18.417   6.417   0.10525212E-02   0.98667981E-05   0.31766615E-05   0.12720253E-04   0.13043459E-04   0.12720253E-04
  18.433   6.433   0.10499270E-02   0.98281225E-05   0.31676282E-05   0.12673918E-04   0.12995751E-04   0.12673918E-04
  18.450   6.450   0.10473198E-02   0.97894824E-05   0.31585304E-05   0.12627560E-04   0.12948012E-04   0.12627560E-04
  18.467   6.467   0.10446996E-02   0.97508780E-05   0.31493684E-05   0.12581182E-04   0.12900246E-04   0.12581182E-04
  18.483   6.483   0.10420667E-02   0.97123095E-05   0.31401431E-05   0.12534783E-04   0.12852452E-04   0.12534783E-04
  18.500   6.500   0.10394210E-02   0.96737774E-05   0.31308551E-05   0.12488365E-04   0.12804632E-04   0.12488365E-04
  18.517   6.517   0.10367627E-02   0.96352817E-05   0.31215048E-05   0.12441928E-04   0.12756786E-04   0.12441928E-04
  18.533   6.533   0.10340918E-02   0.95968229E-05   0.31120930E-05   0.12395474E-04   0.12708916E-04   0.12395474E-04
  18.550   6.550   0.10314085E-02   0.95584011E-05   0.31026203E-05   0.12349002E-04   0.12661021E-04   0.12349002E-04
  18.567   6.567   0.10287128E-02   0.95200165E-05   0.30930872E-05   0.12302514E-04   0.12613103E-04   0.12302514E-04
  18.583   6.583   0.10260049E-02   0.94816694E-05   0.30834943E-05   0.12256011E-04   0.12565163E-04   0.12256011E-04
  18.600   6.600   0.10232848E-02   0.94433599E-05   0.30738423E-05   0.12209493E-04   0.12517202E-04   0.12209493E-04
  18.617   6.617   0.10205526E-02   0.94050883E-05   0.30641318E-05   0.12162961E-04   0.12469220E-04   0.12162961E-04
  18.633   6.633   0.10178084E-02   0.93668548E-05   0.30543633E-05   0.12116416E-04   0.12421218E-04   0.12116416E-04
  18.650   6.650   0.10150523E-02   0.93286594E-05   0.30445374E-05   0.12069858E-04   0.12373197E-04   0.12069858E-04
  18.667   6.667   0.10122844E-02   0.92905023E-05   0.30346548E-05   0.12023288E-04   0.12325157E-04   0.12023288E-04
  18.683   6.683   0.10095047E-02   0.92523838E-05   0.30247159E-05   0.11976707E-04   0.12277099E-04   0.11976707E-04
  18.700   6.700   0.10067135E-02   0.92143038E-05   0.30147214E-05   0.11930115E-04   0.12229025E-04   0.11930115E-04
  18.717   6.717   0.10039106E-02   0.91762626E-05   0.30046718E-05   0.11883513E-04   0.12180934E-04   0.11883513E-04
  18.733   6.733   0.10010963E-02   0.91382603E-05   0.29945678E-05   0.11836902E-04   0.12132828E-04   0.11836902E-04
  18.750   6.750   0.99827057E-03   0.91002968E-05   0.29844099E-05   0.11790281E-04   0.12084706E-04   0.11790281E-04
  18.767   6.767   0.99543355E-03   0.90623725E-05   0.29741986E-05   0.11743652E-04   0.12036571E-04   0.11743652E-04
  18.783   6.783   0.99258531E-03   0.90244872E-05   0.29639345E-05   0.11697016E-04   0.11988421E-04   0.11697016E-04
  18.800   6.800   0.98972593E-03   0.89866411E-05   0.29536183E-05   0.11650372E-04   0.11940259E-04   0.11650372E-04
  18.817   6.817   0.98685549E-03   0.89488343E-05   0.29432504E-05   0.11603722E-04   0.11892084E-04   0.11603722E-04
  18.833   6.833   0.98397408E-03   0.89110667E-05   0.29328314E-05   0.11557065E-04   0.11843898E-04   0.11557065E-04
  18.850   6.850   0.98108178E-03   0.88733385E-05   0.29223618E-05   0.11510403E-04   0.11795700E-04   0.11510403E-04
  18.867   6.867   0.97817866E-03   0.88356497E-05   0.29118423E-05   0.11463735E-04   0.11747492E-04   0.11463735E-04
  18.883   6.883   0.97526482E-03   0.87980003E-05   0.29012733E-05   0.11417063E-04   0.11699273E-04   0.11417063E-04
  18.900   6.900   0.97234032E-03   0.87603903E-05   0.28906555E-05   0.11370387E-04   0.11651046E-04   0.11370387E-04
  18.917   6.917   0.96940526E-03   0.87228197E-05   0.28799893E-05   0.11323707E-04   0.11602809E-04   0.11323707E-04
  18.933   6.933   0.96645970E-03   0.86852885E-05   0.28692754E-05   0.11277023E-04   0.11554564E-04   0.11277023E-04
  18.950   6.950   0.96350373E-03   0.86477967E-05   0.28585142E-05   0.11230337E-04   0.11506311E-04   0.11230337E-04
  18.967   6.967   0.96053743E-03   0.86103444E-05   0.28477062E-05   0.11183648E-04   0.11458050E-04   0.11183648E-04
  18.983   6.983   0.95756088E-03   0.85729314E-05   0.28368522E-05   0.11136957E-04   0.11409783E-04   0.11136957E-04
  19.000   7.000   0.95457414E-03   0.85355578E-05   0.28259524E-05   0.11090264E-04   0.11361510E-04   0.11090264E-04
  19.017   7.017   0.95157731E-03   0.84982234E-05   0.28150076E-05   0.11043570E-04   0.11313231E-04   0.11043570E-04
  19.033   7.033   0.94857046E-03   0.84609283E-05   0.28040182E-05   0.10996875E-04   0.11264946E-04   0.10996875E-04
  19.050   7.050   0.94555367E-03   0.84236725E-05   0.27929848E-05   0.10950179E-04   0.11216657E-04   0.10950179E-04
  19.067   7.067   0.94252701E-03   0.83864558E-05   0.27819079E-05   0.10903483E-04   0.11168363E-04   0.10903483E-04
  19.083   7.083   0.93949055E-03   0.83492781E-05   0.27707880E-05   0.10856787E-04   0.11120066E-04   0.10856787E-04
  19.100   7.100   0.93644439E-03   0.83121395E-05   0.27596257E-05   0.10810092E-04   0.11071765E-04   0.10810092E-04
  19.117   7.117   0.93338858E-03   0.82750399E-05   0.27484214E-05   0.10763398E-04   0.11023461E-04   0.10763398E-04
  19.133   7.133   0.93032322E-03   0.82379791E-05   0.27371757E-05   0.10716704E-04   0.10975155E-04   0.10716704E-04
  19.150   7.150   0.92724837E-03   0.82009570E-05   0.27258892E-05   0.10670012E-04   0.10926846E-04   0.10670012E-04
  19.167   7.167   0.92416411E-03   0.81639737E-05   0.27145623E-05   0.10623322E-04   0.10878536E-04   0.10623322E-04
  19.183   7.183   0.92107051E-03   0.81270289E-05   0.27031956E-05   0.10576634E-04   0.10830224E-04   0.10576634E-04
  19.200   7.200   0.91796766E-03   0.80901227E-05   0.26917895E-05   0.10529948E-04   0.10781912E-04   0.10529948E-04
  19.217   7.217   0.91485562E-03   0.80532548E-05   0.26803447E-05   0.10483265E-04   0.10733599E-04   0.10483265E-04
  19.233   7.233   0.91173447E-03   0.80164251E-05   0.26688615E-05   0.10436585E-04   0.10685286E-04   0.10436585E-04
  19.250   7.250   0.90860429E-03   0.79796337E-05   0.26573406E-05   0.10389908E-04   0.10636974E-04   0.10389908E-04
  19.267   7.267   0.90546515E-03   0.79428802E-05   0.26457824E-05   0.10343234E-04   0.10588662E-04   0.10343234E-04
  19.283   7.283   0.90231712E-03   0.79061646E-05   0.26341875E-05   0.10296564E-04   0.10540352E-04   0.10296564E-04
  19.300   7.300   0.89916029E-03   0.78694869E-05   0.26225564E-05   0.10249898E-04   0.10492043E-04   0.10249898E-04
  19.317   7.317   0.89599472E-03   0.78328467E-05   0.26108896E-05   0.10203236E-04   0.10443736E-04   0.10203236E-04
  19.333   7.333   0.89282048E-03   0.77962441E-05   0.25991875E-05   0.10156578E-04   0.10395431E-04   0.10156578E-04
  19.350   7.350   0.88963767E-03   0.77596789E-05   0.25874508E-05   0.10109926E-04   0.10347129E-04   0.10109926E-04
  19.367   7.367   0.88644634E-03   0.77231509E-05   0.25756799E-05   0.10063278E-04   0.10298831E-04   0.10063278E-04
  19.383   7.383   0.88324658E-03   0.76866599E-05   0.25638753E-05   0.10016635E-04   0.10250535E-04   0.10016635E-04
  19.400   7.400   0.88003845E-03   0.76502060E-05   0.25520376E-05   0.99699974E-05   0.10202243E-04   0.99699974E-05
  19.417   7.417   0.87682204E-03   0.76137888E-05   0.25401672E-05   0.99233656E-05   0.10153956E-04   0.99233656E-05
  19.433   7.433   0.87359741E-03   0.75774082E-05   0.25282646E-05   0.98767396E-05   0.10105673E-04   0.98767396E-05
  19.450   7.450   0.87036465E-03   0.75410642E-05   0.25163304E-05   0.98301196E-05   0.10057394E-04   0.98301196E-05
  19.467   7.467   0.86712382E-03   0.75047565E-05   0.25043651E-05   0.97835058E-05   0.10009121E-04   0.97835058E-05
  19.483   7.483   0.86387501E-03   0.74684850E-05   0.24923692E-05   0.97368985E-05   0.99608540E-05   0.97368985E-05
  19.500   7.500   0.86061829E-03   0.74322495E-05   0.24803432E-05   0.96902978E-05   0.99125925E-05   0.96902978E-05
  19.517   7.517   0.85735373E-03   0.73960499E-05   0.24682876E-05   0.96437040E-05   0.98643372E-05   0.96437040E-05
  19.533   7.533   0.85408140E-03   0.73598860E-05   0.24562029E-05   0.95971173E-05   0.98160886E-05   0.95971173E-05
  19.550   7.550   0.85080140E-03   0.73237576E-05   0.24440896E-05   0.95505379E-05   0.97678470E-05   0.95505379E-05
  19.567   7.567   0.84751378E-03   0.72876647E-05   0.24319482E-05   0.95039659E-05   0.97196127E-05   0.95039659E-05
  19.583   7.583   0.84421863E-03   0.72516070E-05   0.24197793E-05   0.94574016E-05   0.96713860E-05   0.94574016E-05
  19.600   7.600   0.84091602E-03   0.72155843E-05   0.24075833E-05   0.94108452E-05   0.96231674E-05   0.94108452E-05
  19.617   7.617   0.83760603E-03   0.71795966E-05   0.23953608E-05   0.93642969E-05   0.95749572E-05   0.93642969E-05
  19.633   7.633   0.83428874E-03   0.71436436E-05   0.23831123E-05   0.93177568E-05   0.95267556E-05   0.93177568E-05
  19.650   7.650   0.83096422E-03   0.71077252E-05   0.23708382E-05   0.92712253E-05   0.94785632E-05   0.92712253E-05
  19.667   7.667   0.82763255E-03   0.70718412E-05   0.23585392E-05   0.92247024E-05   0.94303802E-05   0.92247024E-05
  19.683   7.683   0.82429381E-03   0.70359916E-05   0.23462156E-05   0.91781885E-05   0.93822070E-05   0.91781885E-05
  19.700   7.700   0.82094808E-03   0.70001760E-05   0.23338681E-05   0.91316836E-05   0.93340439E-05   0.91316836E-05
  19.717   7.717   0.81759543E-03   0.69643944E-05   0.23214971E-05   0.90851881E-05   0.92858913E-05   0.90851881E-05
  19.733   7.733   0.81423594E-03   0.69286466E-05   0.23091032E-05   0.90387021E-05   0.92377496E-05   0.90387021E-05
  19.750   7.750   0.81086969E-03   0.68929325E-05   0.22966869E-05   0.89922258E-05   0.91896191E-05   0.89922258E-05
  19.767   7.767   0.80749677E-03   0.68572518E-05   0.22842486E-05   0.89457595E-05   0.91415003E-05   0.89457595E-05
  19.783   7.783   0.80411725E-03   0.68216046E-05   0.22717890E-05   0.88993033E-05   0.90933934E-05   0.88993033E-05
  19.800   7.800   0.80073121E-03   0.67859905E-05   0.22593085E-05   0.88528575E-05   0.90452988E-05   0.88528575E-05
  19.817   7.817   0.79733873E-03   0.67504095E-05   0.22468077E-05   0.88064223E-05   0.89972170E-05   0.88064223E-05
  19.833   7.833   0.79393989E-03   0.67148615E-05   0.22342870E-05   0.87599979E-05   0.89491483E-05   0.87599979E-05
  19.850   7.850   0.79053478E-03   0.66793462E-05   0.22217470E-05   0.87135845E-05   0.89010930E-05   0.87135845E-05
  19.867   7.867   0.78712348E-03   0.66438636E-05   0.22091883E-05   0.86671825E-05   0.88530517E-05   0.86671825E-05
  19.883   7.883   0.78370607E-03   0.66084135E-05   0.21966114E-05   0.86207920E-05   0.88050247E-05   0.86207920E-05
  19.900   7.900   0.78028263E-03   0.65729958E-05   0.21840167E-05   0.85744132E-05   0.87570123E-05   0.85744132E-05
  19.917   7.917   0.77685324E-03   0.65376104E-05   0.21714049E-05   0.85280464E-05   0.87090150E-05   0.85280464E-05
  19.933   7.933   0.77341799E-03   0.65022571E-05   0.21587764E-05   0.84816919E-05   0.86610333E-05   0.84816919E-05
  19.950   7.950   0.76997697E-03   0.64669358E-05   0.21461318E-05   0.84353499E-05   0.86130674E-05   0.84353499E-05
  19.967   7.967   0.76653026E-03   0.64316465E-05   0.21334717E-05   0.83890207E-05   0.85651180E-05   0.83890207E-05
  19.983   7.983   0.76307795E-03   0.63963890E-05   0.21207965E-05   0.83427046E-05   0.85171853E-05   0.83427046E-05
  20.000   8.000   0.75962012E-03   0.63611632E-05   0.21081068E-05   0.82964017E-05   0.84692698E-05   0.82964017E-05
  20.017   8.017   0.75615686E-03   0.63259691E-05   0.20954032E-05   0.82501125E-05   0.84213721E-05   0.82501125E-05
  20.033   8.033   0.75268825E-03   0.62908064E-05   0.20826861E-05   0.82038371E-05   0.83734924E-05   0.82038371E-05
  20.050   8.050   0.74921440E-03   0.62556752E-05   0.20699563E-05   0.81575759E-05   0.83256313E-05   0.81575759E-05
  20.067   8.067   0.74573537E-03   0.62205754E-05   0.20572141E-05   0.81113293E-05   0.82777893E-05   0.81113293E-05
  20.083   8.083   0.74225128E-03   0.61855069E-05   0.20444602E-05   0.80650974E-05   0.82299668E-05   0.80650974E-05
  20.100   8.100   0.73876220E-03   0.61504695E-05   0.20316950E-05   0.80188806E-05   0.81821644E-05   0.80188806E-05
  20.117   8.117   0.73526822E-03   0.61154633E-05   0.20189193E-05   0.79726792E-05   0.81343824E-05   0.79726792E-05
  20.133   8.133   0.73176945E-03   0.60804883E-05   0.20061335E-05   0.79264936E-05   0.80866215E-05   0.79264936E-05
  20.150   8.150   0.72826596E-03   0.60455442E-05   0.19933381E-05   0.78803241E-05   0.80388821E-05   0.78803241E-05
  20.167   8.167   0.72475786E-03   0.60106312E-05   0.19805338E-05   0.78341711E-05   0.79911648E-05   0.78341711E-05
  20.183   8.183   0.72124525E-03   0.59757492E-05   0.19677211E-05   0.77880349E-05   0.79434701E-05   0.77880349E-05
  20.200   8.200   0.71772820E-03   0.59408980E-05   0.19549006E-05   0.77419159E-05   0.78957985E-05   0.77419159E-05
  20.217   8.217   0.71420683E-03   0.59060779E-05   0.19420729E-05   0.76958145E-05   0.78481506E-05   0.76958145E-05
  20.233   8.233   0.71068123E-03   0.58712886E-05   0.19292385E-05   0.76497310E-05   0.78005269E-05   0.76497310E-05
  20.250   8.250   0.70715149E-03   0.58365302E-05   0.19163980E-05   0.76036659E-05   0.77529280E-05   0.76036659E-05
  20.267   8.267   0.70361772E-03   0.58018028E-05   0.19035520E-05   0.75576195E-05   0.77053546E-05   0.75576195E-05
  20.283   8.283   0.70008002E-03   0.57671062E-05   0.18907011E-05   0.75115924E-05   0.76578072E-05   0.75115924E-05
  20.300   8.300   0.69653847E-03   0.57324407E-05   0.18778459E-05   0.74655848E-05   0.76102863E-05   0.74655848E-05
  20.317   8.317   0.69299320E-03   0.56978060E-05   0.18649869E-05   0.74195973E-05   0.75627928E-05   0.74195973E-05
  20.333   8.333   0.68944429E-03   0.56632024E-05   0.18521248E-05   0.73736304E-05   0.75153270E-05   0.73736304E-05
  20.350   8.350   0.68589186E-03   0.56286299E-05   0.18392601E-05   0.73276844E-05   0.74678898E-05   0.73276844E-05
  20.367   8.367   0.68233600E-03   0.55940885E-05   0.18263935E-05   0.72817599E-05   0.74204818E-05   0.72817599E-05
  20.383   8.383   0.67877682E-03   0.55595782E-05   0.18135255E-05   0.72358573E-05   0.73731036E-05   0.72358573E-05
  20.400   8.400   0.67521443E-03   0.55250993E-05   0.18006568E-05   0.71899772E-05   0.73257559E-05   0.71899772E-05
  20.417   8.417   0.67164894E-03   0.54906516E-05   0.17877880E-05   0.71441201E-05   0.72784394E-05   0.71441201E-05
  20.433   8.433   0.66808045E-03   0.54562354E-05   0.17749196E-05   0.70982865E-05   0.72311549E-05   0.70982865E-05
  20.450   8.450   0.66450907E-03   0.54218508E-05   0.17620524E-05   0.70524769E-05   0.71839030E-05   0.70524769E-05
  20.467   8.467   0.66093492E-03   0.53874979E-05   0.17491868E-05   0.70066920E-05   0.71366845E-05   0.70066920E-05
  20.483   8.483   0.65735810E-03   0.53531767E-05   0.17363236E-05   0.69609322E-05   0.70895001E-05   0.69609322E-05
  20.500   8.500   0.65377873E-03   0.53188875E-05   0.17234634E-05   0.69151982E-05   0.70423507E-05   0.69151982E-05
  20.517   8.517   0.65019692E-03   0.52846303E-05   0.17106067E-05   0.68694905E-05   0.69952369E-05   0.68694905E-05
  20.533   8.533   0.64661278E-03   0.52504055E-05   0.16977543E-05   0.68238098E-05   0.69481596E-05   0.68238098E-05
  20.550   8.550   0.64302644E-03   0.52162130E-05   0.16849068E-05   0.67781567E-05   0.69011196E-05   0.67781567E-05
  20.567   8.567   0.63943801E-03   0.51820532E-05   0.16720647E-05   0.67325318E-05   0.68541177E-05   0.67325318E-05
  20.583   8.583   0.63584760E-03   0.51479261E-05   0.16592288E-05   0.66869359E-05   0.68071547E-05   0.66869359E-05
  20.600   8.600   0.63225534E-03   0.51138321E-05   0.16463997E-05   0.66413695E-05   0.67602316E-05   0.66413695E-05
  20.617   8.617   0.62866134E-03   0.50797713E-05   0.16335780E-05   0.65958333E-05   0.67133492E-05   0.65958333E-05
  20.633   8.633   0.62506574E-03   0.50457440E-05   0.16207644E-05   0.65503282E-05   0.66665083E-05   0.65503282E-05
  20.650   8.650   0.62146864E-03   0.50117505E-05   0.16079596E-05   0.65048547E-05   0.66197098E-05   0.65048547E-05
  20.667   8.667   0.61787018E-03   0.49777908E-05   0.15951641E-05   0.64594137E-05   0.65729548E-05   0.64594137E-05
  20.683   8.683   0.61427048E-03   0.49438655E-05   0.15823788E-05   0.64140058E-05   0.65262441E-05   0.64140058E-05
  20.700   8.700   0.61066967E-03   0.49099747E-05   0.15696041E-05   0.63686319E-05   0.64795786E-05   0.63686319E-05
  20.717   8.717   0.60706786E-03   0.48761187E-05   0.15568409E-05   0.63232927E-05   0.64329594E-05   0.63232927E-05
  20.733   8.733   0.60346520E-03   0.48422978E-05   0.15440897E-05   0.62779891E-05   0.63863874E-05   0.62779891E-05
  20.750   8.750   0.59986181E-03   0.48085125E-05   0.15313513E-05   0.62327218E-05   0.63398636E-05   0.62327218E-05
  20.767   8.767   0.59625782E-03   0.47747629E-05   0.15186264E-05   0.61874918E-05   0.62933891E-05   0.61874918E-05
  20.783   8.783   0.59265336E-03   0.47410495E-05   0.15059155E-05   0.61422998E-05   0.62469648E-05   0.61422998E-05
  20.800   8.800   0.58904857E-03   0.47073726E-05   0.14932194E-05   0.60971468E-05   0.62005918E-05   0.60971468E-05
  20.817   8.817   0.58544358E-03   0.46737326E-05   0.14805388E-05   0.60520336E-05   0.61542712E-05   0.60520336E-05
  20.833   8.833   0.58183853E-03   0.46401299E-05   0.14678744E-05   0.60069611E-05   0.61080041E-05   0.60069611E-05
  20.850   8.850   0.57823355E-03   0.46065648E-05   0.14552268E-05   0.59619304E-05   0.60617915E-05   0.59619304E-05
  20.867   8.867   0.57462877E-03   0.45730379E-05   0.14425967E-05   0.59169422E-05   0.60156345E-05   0.59169422E-05
  20.883   8.883   0.57102434E-03   0.45395496E-05   0.14299850E-05   0.58719977E-05   0.59695344E-05   0.58719977E-05
  20.900   8.900   0.56742041E-03   0.45061002E-05   0.14173921E-05   0.58270977E-05   0.59234922E-05   0.58270977E-05
  20.917   8.917   0.56381709E-03   0.44726903E-05   0.14048190E-05   0.57822433E-05   0.58775091E-05   0.57822433E-05
  20.933   8.933   0.56021455E-03   0.44393203E-05   0.13922662E-05   0.57374356E-05   0.58315863E-05   0.57374356E-05
  20.950   8.950   0.55661292E-03   0.44059907E-05   0.13797344E-05   0.56926755E-05   0.57857249E-05   0.56926755E-05
  20.967   8.967   0.55301234E-03   0.43727020E-05   0.13672244E-05   0.56479641E-05   0.57399262E-05   0.56479641E-05
