        RT(hours)            [CH4]         L_R_08           tot_loss         tot_prod
  12.017   0.017   0.18500000E+04   0.77963737E-06   0.77963737E-06   0.00000000E+00
  12.033   0.033   0.18499999E+04   0.13216413E-05   0.13216413E-05   0.00000000E+00
  12.050   0.050   0.18499998E+04   0.16962863E-05   0.16962863E-05   0.00000000E+00
  12.067   0.067   0.18499997E+04   0.19525470E-05   0.19525470E-05   0.00000000E+00
  12.083   0.083   0.18499996E+04   0.21352854E-05   0.21352854E-05   0.00000000E+00
  12.100   0.100   0.18499995E+04   0.22767006E-05   0.22767006E-05   0.00000000E+00
  12.117   0.117   0.18499993E+04   0.23965748E-05   0.23965748E-05   0.00000000E+00
  12.133   0.133   0.18499992E+04   0.25060645E-05   0.25060645E-05   0.00000000E+00
  12.150   0.150   0.18499990E+04   0.26111387E-05   0.26111387E-05   0.00000000E+00
  12.167   0.167   0.18499989E+04   0.27148678E-05   0.27148678E-05   0.00000000E+00
  12.183   0.183   0.18499987E+04   0.28187730E-05   0.28187730E-05   0.00000000E+00
  12.200   0.200   0.18499985E+04   0.29235753E-05   0.29235753E-05   0.00000000E+00
  12.217   0.217   0.18499983E+04   0.30295943E-05   0.30295943E-05   0.00000000E+00
  12.233   0.233   0.18499981E+04   0.31369547E-05   0.31369547E-05   0.00000000E+00
  12.250   0.250   0.18499980E+04   0.32456898E-05   0.32456898E-05   0.00000000E+00
  12.267   0.267   0.18499978E+04   0.33557929E-05   0.33557929E-05   0.00000000E+00
  12.283   0.283   0.18499976E+04   0.34672406E-05   0.34672406E-05   0.00000000E+00
  12.300   0.300   0.18499973E+04   0.35800041E-05   0.35800041E-05   0.00000000E+00
  12.317   0.317   0.18499971E+04   0.36940533E-05   0.36940533E-05   0.00000000E+00
  12.333   0.333   0.18499969E+04   0.38093587E-05   0.38093587E-05   0.00000000E+00
  12.350   0.350   0.18499967E+04   0.39258918E-05   0.39258918E-05   0.00000000E+00
  12.367   0.367   0.18499964E+04   0.40436248E-05   0.40436248E-05   0.00000000E+00
  12.383   0.383   0.18499962E+04   0.41625305E-05   0.41625305E-05   0.00000000E+00
  12.400   0.400   0.18499959E+04   0.42825826E-05   0.42825826E-05   0.00000000E+00
  12.417   0.417   0.18499957E+04   0.44037545E-05   0.44037545E-05   0.00000000E+00
  12.433   0.433   0.18499954E+04   0.45260203E-05   0.45260203E-05   0.00000000E+00
  12.450   0.450   0.18499951E+04   0.46493537E-05   0.46493537E-05   0.00000000E+00
  12.467   0.467   0.18499948E+04   0.47737288E-05   0.47737288E-05   0.00000000E+00
  12.483   0.483   0.18499945E+04   0.48991193E-05   0.48991193E-05   0.00000000E+00
  12.500   0.500   0.18499942E+04   0.50254988E-05   0.50254988E-05   0.00000000E+00
  12.517   0.517   0.18499939E+04   0.51528408E-05   0.51528408E-05   0.00000000E+00
  12.533   0.533   0.18499936E+04   0.52811184E-05   0.52811184E-05   0.00000000E+00
  12.550   0.550   0.18499933E+04   0.54103044E-05   0.54103044E-05   0.00000000E+00
  12.567   0.567   0.18499930E+04   0.55403716E-05   0.55403716E-05   0.00000000E+00
  12.583   0.583   0.18499926E+04   0.56712918E-05   0.56712918E-05   0.00000000E+00
  12.600   0.600   0.18499923E+04   0.58030369E-05   0.58030369E-05   0.00000000E+00
  12.617   0.617   0.18499919E+04   0.59355780E-05   0.59355780E-05   0.00000000E+00
  12.633   0.633   0.18499916E+04   0.60688859E-05   0.60688859E-05   0.00000000E+00
  12.650   0.650   0.18499912E+04   0.62029305E-05   0.62029305E-05   0.00000000E+00
  12.667   0.667   0.18499908E+04   0.63376813E-05   0.63376813E-05   0.00000000E+00
  12.683   0.683   0.18499904E+04   0.64731071E-05   0.64731071E-05   0.00000000E+00
  12.700   0.700   0.18499900E+04   0.66091761E-05   0.66091761E-05   0.00000000E+00
  12.717   0.717   0.18499896E+04   0.67458553E-05   0.67458553E-05   0.00000000E+00
  12.733   0.733   0.18499892E+04   0.68831115E-05   0.68831115E-05   0.00000000E+00
  12.750   0.750   0.18499888E+04   0.70209101E-05   0.70209101E-05   0.00000000E+00
  12.767   0.767   0.18499883E+04   0.71592160E-05   0.71592160E-05   0.00000000E+00
  12.783   0.783   0.18499879E+04   0.72979929E-05   0.72979929E-05   0.00000000E+00
  12.800   0.800   0.18499875E+04   0.74372037E-05   0.74372037E-05   0.00000000E+00
  12.817   0.817   0.18499870E+04   0.75768102E-05   0.75768102E-05   0.00000000E+00
  12.833   0.833   0.18499865E+04   0.77167732E-05   0.77167732E-05   0.00000000E+00
  12.850   0.850   0.18499860E+04   0.78570525E-05   0.78570525E-05   0.00000000E+00
  12.867   0.867   0.18499856E+04   0.79976067E-05   0.79976067E-05   0.00000000E+00
  12.883   0.883   0.18499851E+04   0.81383934E-05   0.81383934E-05   0.00000000E+00
  12.900   0.900   0.18499846E+04   0.82793690E-05   0.82793690E-05   0.00000000E+00
  12.917   0.917   0.18499840E+04   0.84204889E-05   0.84204889E-05   0.00000000E+00
  12.933   0.933   0.18499835E+04   0.85617073E-05   0.85617073E-05   0.00000000E+00
  12.950   0.950   0.18499830E+04   0.87029772E-05   0.87029772E-05   0.00000000E+00
  12.967   0.967   0.18499824E+04   0.88442507E-05   0.88442507E-05   0.00000000E+00
  12.983   0.983   0.18499819E+04   0.89854785E-05   0.89854785E-05   0.00000000E+00
  13.000   1.000   0.18499813E+04   0.91266104E-05   0.91266104E-05   0.00000000E+00
  13.017   1.017   0.18499808E+04   0.92675952E-05   0.92675952E-05   0.00000000E+00
  13.033   1.033   0.18499802E+04   0.94083806E-05   0.94083806E-05   0.00000000E+00
  13.050   1.050   0.18499796E+04   0.95489133E-05   0.95489133E-05   0.00000000E+00
  13.067   1.067   0.18499790E+04   0.96891390E-05   0.96891390E-05   0.00000000E+00
  13.083   1.083   0.18499784E+04   0.98290027E-05   0.98290027E-05   0.00000000E+00
  13.100   1.100   0.18499778E+04   0.99684484E-05   0.99684484E-05   0.00000000E+00
  13.117   1.117   0.18499771E+04   0.10107420E-04   0.10107420E-04   0.00000000E+00
  13.133   1.133   0.18499765E+04   0.10245859E-04   0.10245859E-04   0.00000000E+00
  13.150   1.150   0.18499759E+04   0.10383708E-04   0.10383708E-04   0.00000000E+00
  13.167   1.167   0.18499752E+04   0.10520909E-04   0.10520909E-04   0.00000000E+00
  13.183   1.183   0.18499745E+04   0.10657402E-04   0.10657402E-04   0.00000000E+00
  13.200   1.200   0.18499739E+04   0.10793130E-04   0.10793130E-04   0.00000000E+00
  13.217   1.217   0.18499732E+04   0.10928031E-04   0.10928031E-04   0.00000000E+00
  13.233   1.233   0.18499725E+04   0.11062047E-04   0.11062047E-04   0.00000000E+00
  13.250   1.250   0.18499718E+04   0.11195118E-04   0.11195118E-04   0.00000000E+00
  13.267   1.267   0.18499710E+04   0.11327185E-04   0.11327185E-04   0.00000000E+00
  13.283   1.283   0.18499703E+04   0.11458188E-04   0.11458188E-04   0.00000000E+00
  13.300   1.300   0.18499696E+04   0.11588069E-04   0.11588069E-04   0.00000000E+00
  13.317   1.317   0.18499688E+04   0.11716770E-04   0.11716770E-04   0.00000000E+00
  13.333   1.333   0.18499681E+04   0.11844232E-04   0.11844232E-04   0.00000000E+00
  13.350   1.350   0.18499673E+04   0.11970400E-04   0.11970400E-04   0.00000000E+00
  13.367   1.367   0.18499665E+04   0.12095215E-04   0.12095215E-04   0.00000000E+00
  13.383   1.383   0.18499657E+04   0.12218625E-04   0.12218625E-04   0.00000000E+00
  13.400   1.400   0.18499649E+04   0.12340573E-04   0.12340573E-04   0.00000000E+00
  13.417   1.417   0.18499641E+04   0.12461008E-04   0.12461008E-04   0.00000000E+00
  13.433   1.433   0.18499633E+04   0.12579878E-04   0.12579878E-04   0.00000000E+00
  13.450   1.450   0.18499625E+04   0.12697133E-04   0.12697133E-04   0.00000000E+00
  13.467   1.467   0.18499616E+04   0.12812724E-04   0.12812724E-04   0.00000000E+00
  13.483   1.483   0.18499608E+04   0.12926604E-04   0.12926604E-04   0.00000000E+00
  13.500   1.500   0.18499599E+04   0.13038728E-04   0.13038728E-04   0.00000000E+00
  13.517   1.517   0.18499591E+04   0.13149053E-04   0.13149053E-04   0.00000000E+00
  13.533   1.533   0.18499582E+04   0.13257538E-04   0.13257538E-04   0.00000000E+00
  13.550   1.550   0.18499573E+04   0.13364142E-04   0.13364142E-04   0.00000000E+00
  13.567   1.567   0.18499564E+04   0.13468829E-04   0.13468829E-04   0.00000000E+00
  13.583   1.583   0.18499555E+04   0.13571562E-04   0.13571562E-04   0.00000000E+00
  13.600   1.600   0.18499546E+04   0.13672310E-04   0.13672310E-04   0.00000000E+00
  13.617   1.617   0.18499536E+04   0.13771042E-04   0.13771042E-04   0.00000000E+00
  13.633   1.633   0.18499527E+04   0.13867727E-04   0.13867727E-04   0.00000000E+00
  13.650   1.650   0.18499517E+04   0.13962342E-04   0.13962342E-04   0.00000000E+00
  13.667   1.667   0.18499508E+04   0.14054861E-04   0.14054861E-04   0.00000000E+00
  13.683   1.683   0.18499498E+04   0.14145263E-04   0.14145263E-04   0.00000000E+00
  13.700   1.700   0.18499488E+04   0.14233530E-04   0.14233530E-04   0.00000000E+00
  13.717   1.717   0.18499478E+04   0.14319643E-04   0.14319643E-04   0.00000000E+00
  13.733   1.733   0.18499468E+04   0.14403590E-04   0.14403590E-04   0.00000000E+00
  13.750   1.750   0.18499458E+04   0.14485357E-04   0.14485357E-04   0.00000000E+00
  13.767   1.767   0.18499447E+04   0.14564936E-04   0.14564936E-04   0.00000000E+00
  13.783   1.783   0.18499437E+04   0.14642320E-04   0.14642320E-04   0.00000000E+00
  13.800   1.800   0.18499426E+04   0.14717503E-04   0.14717503E-04   0.00000000E+00
  13.817   1.817   0.18499416E+04   0.14790482E-04   0.14790482E-04   0.00000000E+00
  13.833   1.833   0.18499405E+04   0.14861259E-04   0.14861259E-04   0.00000000E+00
  13.850   1.850   0.18499394E+04   0.14929834E-04   0.14929834E-04   0.00000000E+00
  13.867   1.867   0.18499383E+04   0.14996213E-04   0.14996213E-04   0.00000000E+00
  13.883   1.883   0.18499372E+04   0.15060401E-04   0.15060401E-04   0.00000000E+00
  13.900   1.900   0.18499360E+04   0.15122407E-04   0.15122407E-04   0.00000000E+00
  13.917   1.917   0.18499349E+04   0.15182242E-04   0.15182242E-04   0.00000000E+00
  13.933   1.933   0.18499338E+04   0.15239918E-04   0.15239918E-04   0.00000000E+00
  13.950   1.950   0.18499326E+04   0.15295450E-04   0.15295450E-04   0.00000000E+00
  13.967   1.967   0.18499314E+04   0.15348855E-04   0.15348855E-04   0.00000000E+00
  13.983   1.983   0.18499302E+04   0.15400152E-04   0.15400152E-04   0.00000000E+00
  14.000   2.000   0.18499290E+04   0.15449359E-04   0.15449359E-04   0.00000000E+00
  14.017   2.017   0.18499278E+04   0.15496070E-04   0.15496070E-04   0.00000000E+00
  14.033   2.033   0.18499266E+04   0.15539929E-04   0.15539929E-04   0.00000000E+00
  14.050   2.050   0.18499253E+04   0.15581053E-04   0.15581053E-04   0.00000000E+00
  14.067   2.067   0.18499240E+04   0.15619578E-04   0.15619578E-04   0.00000000E+00
  14.083   2.083   0.18499228E+04   0.15655642E-04   0.15655642E-04   0.00000000E+00
  14.100   2.100   0.18499215E+04   0.15689379E-04   0.15689379E-04   0.00000000E+00
  14.117   2.117   0.18499201E+04   0.15720919E-04   0.15720919E-04   0.00000000E+00
  14.133   2.133   0.18499188E+04   0.15750387E-04   0.15750387E-04   0.00000000E+00
  14.150   2.150   0.18499175E+04   0.15777902E-04   0.15777902E-04   0.00000000E+00
  14.167   2.167   0.18499161E+04   0.15803577E-04   0.15803577E-04   0.00000000E+00
  14.183   2.183   0.18499147E+04   0.15827522E-04   0.15827522E-04   0.00000000E+00
  14.200   2.200   0.18499133E+04   0.15849841E-04   0.15849841E-04   0.00000000E+00
  14.217   2.217   0.18499118E+04   0.15870635E-04   0.15870635E-04   0.00000000E+00
  14.233   2.233   0.18499104E+04   0.15890002E-04   0.15890002E-04   0.00000000E+00
  14.250   2.250   0.18499089E+04   0.15908037E-04   0.15908037E-04   0.00000000E+00
  14.267   2.267   0.18499074E+04   0.15924832E-04   0.15924832E-04   0.00000000E+00
  14.283   2.283   0.18499058E+04   0.15940476E-04   0.15940476E-04   0.00000000E+00
  14.300   2.300   0.18499043E+04   0.15955058E-04   0.15955058E-04   0.00000000E+00
  14.317   2.317   0.18499027E+04   0.15968664E-04   0.15968664E-04   0.00000000E+00
  14.333   2.333   0.18499011E+04   0.15981379E-04   0.15981379E-04   0.00000000E+00
  14.350   2.350   0.18498994E+04   0.15993286E-04   0.15993286E-04   0.00000000E+00
  14.367   2.367   0.18498977E+04   0.16004468E-04   0.16004468E-04   0.00000000E+00
  14.383   2.383   0.18498960E+04   0.16015008E-04   0.16015008E-04   0.00000000E+00
  14.400   2.400   0.18498943E+04   0.16024985E-04   0.16024985E-04   0.00000000E+00
  14.417   2.417   0.18498925E+04   0.16034480E-04   0.16034480E-04   0.00000000E+00
  14.433   2.433   0.18498907E+04   0.16043572E-04   0.16043572E-04   0.00000000E+00
  14.450   2.450   0.18498888E+04   0.16052341E-04   0.16052341E-04   0.00000000E+00
  14.467   2.467   0.18498869E+04   0.16060865E-04   0.16060865E-04   0.00000000E+00
  14.483   2.483   0.18498850E+04   0.16069219E-04   0.16069219E-04   0.00000000E+00
  14.500   2.500   0.18498830E+04   0.16077481E-04   0.16077481E-04   0.00000000E+00
  14.517   2.517   0.18498810E+04   0.16085725E-04   0.16085725E-04   0.00000000E+00
  14.533   2.533   0.18498790E+04   0.16094025E-04   0.16094025E-04   0.00000000E+00
  14.550   2.550   0.18498769E+04   0.16102452E-04   0.16102452E-04   0.00000000E+00
  14.567   2.567   0.18498747E+04   0.16111075E-04   0.16111075E-04   0.00000000E+00
  14.583   2.583   0.18498725E+04   0.16119963E-04   0.16119963E-04   0.00000000E+00
  14.600   2.600   0.18498703E+04   0.16129178E-04   0.16129178E-04   0.00000000E+00
  14.617   2.617   0.18498681E+04   0.16138784E-04   0.16138784E-04   0.00000000E+00
  14.633   2.633   0.18498657E+04   0.16148836E-04   0.16148836E-04   0.00000000E+00
  14.650   2.650   0.18498634E+04   0.16159389E-04   0.16159389E-04   0.00000000E+00
  14.667   2.667   0.18498610E+04   0.16170493E-04   0.16170493E-04   0.00000000E+00
  14.683   2.683   0.18498586E+04   0.16182191E-04   0.16182191E-04   0.00000000E+00
  14.700   2.700   0.18498561E+04   0.16194524E-04   0.16194524E-04   0.00000000E+00
  14.717   2.717   0.18498536E+04   0.16207524E-04   0.16207524E-04   0.00000000E+00
  14.733   2.733   0.18498510E+04   0.16221221E-04   0.16221221E-04   0.00000000E+00
  14.750   2.750   0.18498484E+04   0.16235636E-04   0.16235636E-04   0.00000000E+00
  14.767   2.767   0.18498458E+04   0.16250785E-04   0.16250785E-04   0.00000000E+00
  14.783   2.783   0.18498431E+04   0.16266679E-04   0.16266679E-04   0.00000000E+00
  14.800   2.800   0.18498404E+04   0.16283321E-04   0.16283321E-04   0.00000000E+00
  14.817   2.817   0.18498376E+04   0.16300709E-04   0.16300709E-04   0.00000000E+00
  14.833   2.833   0.18498348E+04   0.16318836E-04   0.16318836E-04   0.00000000E+00
  14.850   2.850   0.18498320E+04   0.16337688E-04   0.16337688E-04   0.00000000E+00
  14.867   2.867   0.18498292E+04   0.16357248E-04   0.16357248E-04   0.00000000E+00
  14.883   2.883   0.18498263E+04   0.16377492E-04   0.16377492E-04   0.00000000E+00
  14.900   2.900   0.18498234E+04   0.16398394E-04   0.16398394E-04   0.00000000E+00
  14.917   2.917   0.18498205E+04   0.16419922E-04   0.16419922E-04   0.00000000E+00
  14.933   2.933   0.18498176E+04   0.16442042E-04   0.16442042E-04   0.00000000E+00
  14.950   2.950   0.18498146E+04   0.16464719E-04   0.16464719E-04   0.00000000E+00
  14.967   2.967   0.18498116E+04   0.16487913E-04   0.16487913E-04   0.00000000E+00
  14.983   2.983   0.18498086E+04   0.16511584E-04   0.16511584E-04   0.00000000E+00
  15.000   3.000   0.18498056E+04   0.16535691E-04   0.16535691E-04   0.00000000E+00
  15.017   3.017   0.18498026E+04   0.16560192E-04   0.16560192E-04   0.00000000E+00
  15.033   3.033   0.18497996E+04   0.16585044E-04   0.16585044E-04   0.00000000E+00
  15.050   3.050   0.18497965E+04   0.16610206E-04   0.16610206E-04   0.00000000E+00
  15.067   3.067   0.18497934E+04   0.16635634E-04   0.16635634E-04   0.00000000E+00
  15.083   3.083   0.18497904E+04   0.16661289E-04   0.16661289E-04   0.00000000E+00
  15.100   3.100   0.18497873E+04   0.16687131E-04   0.16687131E-04   0.00000000E+00
  15.117   3.117   0.18497842E+04   0.16713119E-04   0.16713119E-04   0.00000000E+00
  15.133   3.133   0.18497811E+04   0.16739217E-04   0.16739217E-04   0.00000000E+00
  15.150   3.150   0.18497781E+04   0.16765389E-04   0.16765389E-04   0.00000000E+00
  15.167   3.167   0.18497750E+04   0.16791598E-04   0.16791598E-04   0.00000000E+00
  15.183   3.183   0.18497719E+04   0.16817813E-04   0.16817813E-04   0.00000000E+00
  15.200   3.200   0.18497688E+04   0.16844002E-04   0.16844002E-04   0.00000000E+00
  15.217   3.217   0.18497657E+04   0.16870135E-04   0.16870135E-04   0.00000000E+00
  15.233   3.233   0.18497626E+04   0.16896183E-04   0.16896183E-04   0.00000000E+00
  15.250   3.250   0.18497594E+04   0.16922120E-04   0.16922120E-04   0.00000000E+00
  15.267   3.267   0.18497563E+04   0.16947920E-04   0.16947920E-04   0.00000000E+00
  15.283   3.283   0.18497532E+04   0.16973560E-04   0.16973560E-04   0.00000000E+00
  15.300   3.300   0.18497501E+04   0.16999017E-04   0.16999017E-04   0.00000000E+00
  15.317   3.317   0.18497470E+04   0.17024271E-04   0.17024271E-04   0.00000000E+00
  15.333   3.333   0.18497439E+04   0.17049302E-04   0.17049302E-04   0.00000000E+00
  15.350   3.350   0.18497408E+04   0.17074093E-04   0.17074093E-04   0.00000000E+00
  15.367   3.367   0.18497377E+04   0.17098625E-04   0.17098625E-04   0.00000000E+00
  15.383   3.383   0.18497346E+04   0.17122883E-04   0.17122883E-04   0.00000000E+00
  15.400   3.400   0.18497315E+04   0.17146854E-04   0.17146854E-04   0.00000000E+00
  15.417   3.417   0.18497284E+04   0.17170522E-04   0.17170522E-04   0.00000000E+00
  15.433   3.433   0.18497253E+04   0.17193875E-04   0.17193875E-04   0.00000000E+00
  15.450   3.450   0.18497222E+04   0.17216902E-04   0.17216902E-04   0.00000000E+00
  15.467   3.467   0.18497191E+04   0.17239591E-04   0.17239591E-04   0.00000000E+00
  15.483   3.483   0.18497160E+04   0.17261933E-04   0.17261933E-04   0.00000000E+00
  15.500   3.500   0.18497129E+04   0.17283918E-04   0.17283918E-04   0.00000000E+00
  15.517   3.517   0.18497098E+04   0.17305537E-04   0.17305537E-04   0.00000000E+00
  15.533   3.533   0.18497068E+04   0.17326783E-04   0.17326783E-04   0.00000000E+00
  15.550   3.550   0.18497037E+04   0.17347648E-04   0.17347648E-04   0.00000000E+00
  15.567   3.567   0.18497006E+04   0.17368125E-04   0.17368125E-04   0.00000000E+00
  15.583   3.583   0.18496975E+04   0.17388209E-04   0.17388209E-04   0.00000000E+00
  15.600   3.600   0.18496944E+04   0.17407893E-04   0.17407893E-04   0.00000000E+00
  15.617   3.617   0.18496913E+04   0.17427172E-04   0.17427172E-04   0.00000000E+00
  15.633   3.633   0.18496883E+04   0.17446042E-04   0.17446042E-04   0.00000000E+00
  15.650   3.650   0.18496852E+04   0.17464498E-04   0.17464498E-04   0.00000000E+00
  15.667   3.667   0.18496821E+04   0.17482535E-04   0.17482535E-04   0.00000000E+00
  15.683   3.683   0.18496790E+04   0.17500151E-04   0.17500151E-04   0.00000000E+00
  15.700   3.700   0.18496759E+04   0.17517342E-04   0.17517342E-04   0.00000000E+00
  15.717   3.717   0.18496729E+04   0.17534105E-04   0.17534105E-04   0.00000000E+00
  15.733   3.733   0.18496698E+04   0.17550438E-04   0.17550438E-04   0.00000000E+00
  15.750   3.750   0.18496667E+04   0.17566337E-04   0.17566337E-04   0.00000000E+00
  15.767   3.767   0.18496637E+04   0.17581800E-04   0.17581800E-04   0.00000000E+00
  15.783   3.783   0.18496606E+04   0.17596827E-04   0.17596827E-04   0.00000000E+00
  15.800   3.800   0.18496575E+04   0.17611414E-04   0.17611414E-04   0.00000000E+00
  15.817   3.817   0.18496545E+04   0.17625561E-04   0.17625561E-04   0.00000000E+00
  15.833   3.833   0.18496514E+04   0.17639266E-04   0.17639266E-04   0.00000000E+00
  15.850   3.850   0.18496483E+04   0.17652528E-04   0.17652528E-04   0.00000000E+00
  15.867   3.867   0.18496453E+04   0.17665346E-04   0.17665346E-04   0.00000000E+00
  15.883   3.883   0.18496422E+04   0.17677719E-04   0.17677719E-04   0.00000000E+00
  15.900   3.900   0.18496391E+04   0.17689646E-04   0.17689646E-04   0.00000000E+00
  15.917   3.917   0.18496361E+04   0.17701127E-04   0.17701127E-04   0.00000000E+00
  15.933   3.933   0.18496330E+04   0.17712163E-04   0.17712163E-04   0.00000000E+00
  15.950   3.950   0.18496300E+04   0.17722751E-04   0.17722751E-04   0.00000000E+00
  15.967   3.967   0.18496269E+04   0.17732893E-04   0.17732893E-04   0.00000000E+00
  15.983   3.983   0.18496239E+04   0.17742587E-04   0.17742587E-04   0.00000000E+00
  16.000   4.000   0.18496208E+04   0.17751835E-04   0.17751835E-04   0.00000000E+00
  16.017   4.017   0.18496177E+04   0.17760449E-04   0.17760449E-04   0.00000000E+00
  16.033   4.033   0.18496147E+04   0.17768258E-04   0.17768258E-04   0.00000000E+00
  16.050   4.050   0.18496116E+04   0.17775283E-04   0.17775283E-04   0.00000000E+00
  16.067   4.067   0.18496086E+04   0.17781543E-04   0.17781543E-04   0.00000000E+00
  16.083   4.083   0.18496056E+04   0.17787059E-04   0.17787059E-04   0.00000000E+00
  16.100   4.100   0.18496025E+04   0.17791850E-04   0.17791850E-04   0.00000000E+00
  16.117   4.117   0.18495995E+04   0.17795933E-04   0.17795933E-04   0.00000000E+00
  16.133   4.133   0.18495964E+04   0.17799325E-04   0.17799325E-04   0.00000000E+00
  16.150   4.150   0.18495934E+04   0.17802041E-04   0.17802041E-04   0.00000000E+00
  16.167   4.167   0.18495904E+04   0.17801645E-04   0.17801645E-04   0.00000000E+00
  16.183   4.183   0.18495876E+04   0.17797054E-04   0.17797054E-04   0.00000000E+00
  16.200   4.200   0.18495850E+04   0.17789509E-04   0.17789509E-04   0.00000000E+00
  16.217   4.217   0.18495824E+04   0.17779580E-04   0.17779580E-04   0.00000000E+00
  16.233   4.233   0.18495799E+04   0.17767646E-04   0.17767646E-04   0.00000000E+00
  16.250   4.250   0.18495774E+04   0.17753983E-04   0.17753983E-04   0.00000000E+00
  16.267   4.267   0.18495750E+04   0.17738800E-04   0.17738800E-04   0.00000000E+00
  16.283   4.283   0.18495727E+04   0.17722262E-04   0.17722262E-04   0.00000000E+00
  16.300   4.300   0.18495704E+04   0.17704501E-04   0.17704501E-04   0.00000000E+00
  16.317   4.317   0.18495681E+04   0.17685625E-04   0.17685625E-04   0.00000000E+00
  16.333   4.333   0.18495658E+04   0.17665725E-04   0.17665725E-04   0.00000000E+00
  16.350   4.350   0.18495636E+04   0.17644880E-04   0.17644880E-04   0.00000000E+00
  16.367   4.367   0.18495614E+04   0.17623153E-04   0.17623153E-04   0.00000000E+00
  16.383   4.383   0.18495592E+04   0.17600604E-04   0.17600604E-04   0.00000000E+00
  16.400   4.400   0.18495570E+04   0.17577282E-04   0.17577282E-04   0.00000000E+00
  16.417   4.417   0.18495548E+04   0.17553231E-04   0.17553231E-04   0.00000000E+00
  16.433   4.433   0.18495527E+04   0.17528490E-04   0.17528490E-04   0.00000000E+00
  16.450   4.450   0.18495506E+04   0.17503096E-04   0.17503096E-04   0.00000000E+00
  16.467   4.467   0.18495484E+04   0.17477079E-04   0.17477079E-04   0.00000000E+00
  16.483   4.483   0.18495463E+04   0.17450467E-04   0.17450467E-04   0.00000000E+00
  16.500   4.500   0.18495442E+04   0.17423288E-04   0.17423288E-04   0.00000000E+00
  16.517   4.517   0.18495421E+04   0.17395565E-04   0.17395565E-04   0.00000000E+00
  16.533   4.533   0.18495401E+04   0.17367319E-04   0.17367319E-04   0.00000000E+00
  16.550   4.550   0.18495380E+04   0.17338571E-04   0.17338571E-04   0.00000000E+00
  16.567   4.567   0.18495359E+04   0.17309340E-04   0.17309340E-04   0.00000000E+00
  16.583   4.583   0.18495339E+04   0.17279643E-04   0.17279643E-04   0.00000000E+00
  16.600   4.600   0.18495318E+04   0.17249495E-04   0.17249495E-04   0.00000000E+00
  16.617   4.617   0.18495298E+04   0.17218913E-04   0.17218913E-04   0.00000000E+00
  16.633   4.633   0.18495278E+04   0.17187909E-04   0.17187909E-04   0.00000000E+00
  16.650   4.650   0.18495257E+04   0.17156498E-04   0.17156498E-04   0.00000000E+00
  16.667   4.667   0.18495237E+04   0.17124692E-04   0.17124692E-04   0.00000000E+00
  16.683   4.683   0.18495217E+04   0.17092502E-04   0.17092502E-04   0.00000000E+00
  16.700   4.700   0.18495197E+04   0.17059940E-04   0.17059940E-04   0.00000000E+00
  16.717   4.717   0.18495177E+04   0.17027017E-04   0.17027017E-04   0.00000000E+00
  16.733   4.733   0.18495157E+04   0.16993743E-04   0.16993743E-04   0.00000000E+00
  16.750   4.750   0.18495137E+04   0.16960126E-04   0.16960126E-04   0.00000000E+00
  16.767   4.767   0.18495117E+04   0.16926177E-04   0.16926177E-04   0.00000000E+00
  16.783   4.783   0.18495097E+04   0.16891904E-04   0.16891904E-04   0.00000000E+00
  16.800   4.800   0.18495077E+04   0.16857315E-04   0.16857315E-04   0.00000000E+00
  16.817   4.817   0.18495057E+04   0.16822419E-04   0.16822419E-04   0.00000000E+00
  16.833   4.833   0.18495037E+04   0.16787223E-04   0.16787223E-04   0.00000000E+00
  16.850   4.850   0.18495017E+04   0.16751735E-04   0.16751735E-04   0.00000000E+00
  16.867   4.867   0.18494997E+04   0.16715962E-04   0.16715962E-04   0.00000000E+00
  16.883   4.883   0.18494978E+04   0.16679911E-04   0.16679911E-04   0.00000000E+00
  16.900   4.900   0.18494958E+04   0.16643588E-04   0.16643588E-04   0.00000000E+00
  16.917   4.917   0.18494938E+04   0.16607001E-04   0.16607001E-04   0.00000000E+00
  16.933   4.933   0.18494918E+04   0.16570154E-04   0.16570154E-04   0.00000000E+00
  16.950   4.950   0.18494899E+04   0.16533055E-04   0.16533055E-04   0.00000000E+00
  16.967   4.967   0.18494879E+04   0.16495709E-04   0.16495709E-04   0.00000000E+00
  16.983   4.983   0.18494860E+04   0.16458121E-04   0.16458121E-04   0.00000000E+00
  17.000   5.000   0.18494840E+04   0.16420298E-04   0.16420298E-04   0.00000000E+00
  17.017   5.017   0.18494820E+04   0.16382245E-04   0.16382245E-04   0.00000000E+00
  17.033   5.033   0.18494801E+04   0.16343967E-04   0.16343967E-04   0.00000000E+00
  17.050   5.050   0.18494781E+04   0.16305469E-04   0.16305469E-04   0.00000000E+00
  17.067   5.067   0.18494762E+04   0.16266755E-04   0.16266755E-04   0.00000000E+00
  17.083   5.083   0.18494742E+04   0.16227832E-04   0.16227832E-04   0.00000000E+00
  17.100   5.100   0.18494723E+04   0.16188703E-04   0.16188703E-04   0.00000000E+00
  17.117   5.117   0.18494703E+04   0.16149373E-04   0.16149373E-04   0.00000000E+00
  17.133   5.133   0.18494684E+04   0.16109847E-04   0.16109847E-04   0.00000000E+00
  17.150   5.150   0.18494665E+04   0.16070128E-04   0.16070128E-04   0.00000000E+00
  17.167   5.167   0.18494645E+04   0.16030222E-04   0.16030222E-04   0.00000000E+00
  17.183   5.183   0.18494626E+04   0.15990132E-04   0.15990132E-04   0.00000000E+00
  17.200   5.200   0.18494607E+04   0.15949863E-04   0.15949863E-04   0.00000000E+00
  17.217   5.217   0.18494587E+04   0.15909418E-04   0.15909418E-04   0.00000000E+00
  17.233   5.233   0.18494568E+04   0.15868802E-04   0.15868802E-04   0.00000000E+00
  17.250   5.250   0.18494549E+04   0.15828017E-04   0.15828017E-04   0.00000000E+00
  17.267   5.267   0.18494529E+04   0.15787069E-04   0.15787069E-04   0.00000000E+00
  17.283   5.283   0.18494510E+04   0.15745960E-04   0.15745960E-04   0.00000000E+00
  17.300   5.300   0.18494491E+04   0.15704695E-04   0.15704695E-04   0.00000000E+00
  17.317   5.317   0.18494472E+04   0.15663276E-04   0.15663276E-04   0.00000000E+00
  17.333   5.333   0.18494453E+04   0.15621707E-04   0.15621707E-04   0.00000000E+00
  17.350   5.350   0.18494433E+04   0.15579991E-04   0.15579991E-04   0.00000000E+00
  17.367   5.367   0.18494414E+04   0.15538133E-04   0.15538133E-04   0.00000000E+00
  17.383   5.383   0.18494395E+04   0.15496134E-04   0.15496134E-04   0.00000000E+00
  17.400   5.400   0.18494376E+04   0.15453999E-04   0.15453999E-04   0.00000000E+00
  17.417   5.417   0.18494357E+04   0.15411730E-04   0.15411730E-04   0.00000000E+00
  17.433   5.433   0.18494338E+04   0.15369330E-04   0.15369330E-04   0.00000000E+00
  17.450   5.450   0.18494319E+04   0.15326803E-04   0.15326803E-04   0.00000000E+00
  17.467   5.467   0.18494300E+04   0.15284151E-04   0.15284151E-04   0.00000000E+00
  17.483   5.483   0.18494281E+04   0.15241377E-04   0.15241377E-04   0.00000000E+00
  17.500   5.500   0.18494262E+04   0.15198484E-04   0.15198484E-04   0.00000000E+00
  17.517   5.517   0.18494243E+04   0.15155475E-04   0.15155475E-04   0.00000000E+00
  17.533   5.533   0.18494224E+04   0.15112352E-04   0.15112352E-04   0.00000000E+00
  17.550   5.550   0.18494205E+04   0.15069119E-04   0.15069119E-04   0.00000000E+00
  17.567   5.567   0.18494186E+04   0.15025777E-04   0.15025777E-04   0.00000000E+00
  17.583   5.583   0.18494167E+04   0.14982330E-04   0.14982330E-04   0.00000000E+00
  17.600   5.600   0.18494149E+04   0.14938779E-04   0.14938779E-04   0.00000000E+00
  17.617   5.617   0.18494130E+04   0.14895128E-04   0.14895128E-04   0.00000000E+00
  17.633   5.633   0.18494111E+04   0.14851379E-04   0.14851379E-04   0.00000000E+00
  17.650   5.650   0.18494092E+04   0.14807534E-04   0.14807534E-04   0.00000000E+00
  17.667   5.667   0.18494074E+04   0.14763596E-04   0.14763596E-04   0.00000000E+00
  17.683   5.683   0.18494055E+04   0.14719566E-04   0.14719566E-04   0.00000000E+00
  17.700   5.700   0.18494036E+04   0.14675447E-04   0.14675447E-04   0.00000000E+00
  17.717   5.717   0.18494018E+04   0.14631242E-04   0.14631242E-04   0.00000000E+00
  17.733   5.733   0.18493999E+04   0.14586952E-04   0.14586952E-04   0.00000000E+00
  17.750   5.750   0.18493980E+04   0.14542580E-04   0.14542580E-04   0.00000000E+00
  17.767   5.767   0.18493962E+04   0.14498127E-04   0.14498127E-04   0.00000000E+00
  17.783   5.783   0.18493943E+04   0.14453596E-04   0.14453596E-04   0.00000000E+00
  17.800   5.800   0.18493925E+04   0.14408989E-04   0.14408989E-04   0.00000000E+00
  17.817   5.817   0.18493906E+04   0.14364308E-04   0.14364308E-04   0.00000000E+00
  17.833   5.833   0.18493888E+04   0.14319554E-04   0.14319554E-04   0.00000000E+00
  17.850   5.850   0.18493869E+04   0.14274730E-04   0.14274730E-04   0.00000000E+00
  17.867   5.867   0.18493851E+04   0.14229837E-04   0.14229837E-04   0.00000000E+00
  17.883   5.883   0.18493833E+04   0.14184878E-04   0.14184878E-04   0.00000000E+00
  17.900   5.900   0.18493814E+04   0.14139854E-04   0.14139854E-04   0.00000000E+00
  17.917   5.917   0.18493796E+04   0.14094766E-04   0.14094766E-04   0.00000000E+00
  17.933   5.933   0.18493778E+04   0.14049617E-04   0.14049617E-04   0.00000000E+00
  17.950   5.950   0.18493759E+04   0.14004408E-04   0.14004408E-04   0.00000000E+00
  17.967   5.967   0.18493741E+04   0.13959142E-04   0.13959142E-04   0.00000000E+00
  17.983   5.983   0.18493723E+04   0.13913819E-04   0.13913819E-04   0.00000000E+00
  18.000   6.000   0.18493705E+04   0.13868440E-04   0.13868440E-04   0.00000000E+00
  18.017   6.017   0.18493687E+04   0.13823009E-04   0.13823009E-04   0.00000000E+00
  18.033   6.033   0.18493669E+04   0.13777526E-04   0.13777526E-04   0.00000000E+00
  18.050   6.050   0.18493651E+04   0.13731993E-04   0.13731993E-04   0.00000000E+00
  18.067   6.067   0.18493633E+04   0.13686411E-04   0.13686411E-04   0.00000000E+00
  18.083   6.083   0.18493615E+04   0.13640782E-04   0.13640782E-04   0.00000000E+00
  18.100   6.100   0.18493597E+04   0.13595106E-04   0.13595106E-04   0.00000000E+00
  18.117   6.117   0.18493579E+04   0.13549387E-04   0.13549387E-04   0.00000000E+00
  18.133   6.133   0.18493561E+04   0.13503624E-04   0.13503624E-04   0.00000000E+00
  18.150   6.150   0.18493543E+04   0.13457819E-04   0.13457819E-04   0.00000000E+00
  18.167   6.167   0.18493525E+04   0.13411974E-04   0.13411974E-04   0.00000000E+00
  18.183   6.183   0.18493507E+04   0.13366090E-04   0.13366090E-04   0.00000000E+00
  18.200   6.200   0.18493490E+04   0.13320168E-04   0.13320168E-04   0.00000000E+00
  18.217   6.217   0.18493472E+04   0.13274209E-04   0.13274209E-04   0.00000000E+00
  18.233   6.233   0.18493454E+04   0.13228215E-04   0.13228215E-04   0.00000000E+00
  18.250   6.250   0.18493437E+04   0.13182186E-04   0.13182186E-04   0.00000000E+00
  18.267   6.267   0.18493419E+04   0.13136124E-04   0.13136124E-04   0.00000000E+00
  18.283   6.283   0.18493402E+04   0.13090030E-04   0.13090030E-04   0.00000000E+00
  18.300   6.300   0.18493384E+04   0.13043905E-04   0.13043905E-04   0.00000000E+00
  18.317   6.317   0.18493367E+04   0.12997751E-04   0.12997751E-04   0.00000000E+00
  18.333   6.333   0.18493350E+04   0.12951567E-04   0.12951567E-04   0.00000000E+00
  18.350   6.350   0.18493332E+04   0.12905356E-04   0.12905356E-04   0.00000000E+00
  18.367   6.367   0.18493315E+04   0.12859118E-04   0.12859118E-04   0.00000000E+00
  18.383   6.383   0.18493298E+04   0.12812854E-04   0.12812854E-04   0.00000000E+00
  18.400   6.400   0.18493280E+04   0.12766565E-04   0.12766565E-04   0.00000000E+00
  18.417   6.417   0.18493263E+04   0.12720253E-04   0.12720253E-04   0.00000000E+00
  18.433   6.433   0.18493246E+04   0.12673918E-04   0.12673918E-04   0.00000000E+00
  18.450   6.450   0.18493229E+04   0.12627560E-04   0.12627560E-04   0.00000000E+00
  18.467   6.467   0.18493212E+04   0.12581182E-04   0.12581182E-04   0.00000000E+00
  18.483   6.483   0.18493195E+04   0.12534783E-04   0.12534783E-04   0.00000000E+00
  18.500   6.500   0.18493178E+04   0.12488365E-04   0.12488365E-04   0.00000000E+00
  18.517   6.517   0.18493161E+04   0.12441928E-04   0.12441928E-04   0.00000000E+00
  18.533   6.533   0.18493144E+04   0.12395474E-04   0.12395474E-04   0.00000000E+00
  18.550   6.550   0.18493128E+04   0.12349002E-04   0.12349002E-04   0.00000000E+00
  18.567   6.567   0.18493111E+04   0.12302514E-04   0.12302514E-04   0.00000000E+00
  18.583   6.583   0.18493094E+04   0.12256011E-04   0.12256011E-04   0.00000000E+00
  18.600   6.600   0.18493078E+04   0.12209493E-04   0.12209493E-04   0.00000000E+00
  18.617   6.617   0.18493061E+04   0.12162961E-04   0.12162961E-04   0.00000000E+00
  18.633   6.633   0.18493045E+04   0.12116416E-04   0.12116416E-04   0.00000000E+00
  18.650   6.650   0.18493028E+04   0.12069858E-04   0.12069858E-04   0.00000000E+00
  18.667   6.667   0.18493012E+04   0.12023288E-04   0.12023288E-04   0.00000000E+00
  18.683   6.683   0.18492995E+04   0.11976707E-04   0.11976707E-04   0.00000000E+00
  18.700   6.700   0.18492979E+04   0.11930115E-04   0.11930115E-04   0.00000000E+00
  18.717   6.717   0.18492963E+04   0.11883513E-04   0.11883513E-04   0.00000000E+00
  18.733   6.733   0.18492947E+04   0.11836902E-04   0.11836902E-04   0.00000000E+00
  18.750   6.750   0.18492930E+04   0.11790281E-04   0.11790281E-04   0.00000000E+00
  18.767   6.767   0.18492914E+04   0.11743652E-04   0.11743652E-04   0.00000000E+00
  18.783   6.783   0.18492898E+04   0.11697016E-04   0.11697016E-04   0.00000000E+00
  18.800   6.800   0.18492882E+04   0.11650372E-04   0.11650372E-04   0.00000000E+00
  18.817   6.817   0.18492866E+04   0.11603722E-04   0.11603722E-04   0.00000000E+00
  18.833   6.833   0.18492851E+04   0.11557065E-04   0.11557065E-04   0.00000000E+00
  18.850   6.850   0.18492835E+04   0.11510403E-04   0.11510403E-04   0.00000000E+00
  18.867   6.867   0.18492819E+04   0.11463735E-04   0.11463735E-04   0.00000000E+00
  18.883   6.883   0.18492803E+04   0.11417063E-04   0.11417063E-04   0.00000000E+00
  18.900   6.900   0.18492788E+04   0.11370387E-04   0.11370387E-04   0.00000000E+00
  18.917   6.917   0.18492772E+04   0.11323707E-04   0.11323707E-04   0.00000000E+00
  18.933   6.933   0.18492757E+04   0.11277023E-04   0.11277023E-04   0.00000000E+00
  18.950   6.950   0.18492741E+04   0.11230337E-04   0.11230337E-04   0.00000000E+00
  18.967   6.967   0.18492726E+04   0.11183648E-04   0.11183648E-04   0.00000000E+00
  18.983   6.983   0.18492711E+04   0.11136957E-04   0.11136957E-04   0.00000000E+00
  19.000   7.000   0.18492695E+04   0.11090264E-04   0.11090264E-04   0.00000000E+00
  19.017   7.017   0.18492680E+04   0.11043570E-04   0.11043570E-04   0.00000000E+00
  19.033   7.033   0.18492665E+04   0.10996875E-04   0.10996875E-04   0.00000000E+00
  19.050   7.050   0.18492650E+04   0.10950179E-04   0.10950179E-04   0.00000000E+00
  19.067   7.067   0.18492635E+04   0.10903483E-04   0.10903483E-04   0.00000000E+00
  19.083   7.083   0.18492620E+04   0.10856787E-04   0.10856787E-04   0.00000000E+00
  19.100   7.100   0.18492605E+04   0.10810092E-04   0.10810092E-04   0.00000000E+00
  19.117   7.117   0.18492591E+04   0.10763398E-04   0.10763398E-04   0.00000000E+00
  19.133   7.133   0.18492576E+04   0.10716704E-04   0.10716704E-04   0.00000000E+00
  19.150   7.150   0.18492561E+04   0.10670012E-04   0.10670012E-04   0.00000000E+00
  19.167   7.167   0.18492547E+04   0.10623322E-04   0.10623322E-04   0.00000000E+00
  19.183   7.183   0.18492532E+04   0.10576634E-04   0.10576634E-04   0.00000000E+00
  19.200   7.200   0.18492518E+04   0.10529948E-04   0.10529948E-04   0.00000000E+00
  19.217   7.217   0.18492503E+04   0.10483265E-04   0.10483265E-04   0.00000000E+00
  19.233   7.233   0.18492489E+04   0.10436585E-04   0.10436585E-04   0.00000000E+00
  19.250   7.250   0.18492475E+04   0.10389908E-04   0.10389908E-04   0.00000000E+00
  19.267   7.267   0.18492461E+04   0.10343234E-04   0.10343234E-04   0.00000000E+00
  19.283   7.283   0.18492447E+04   0.10296564E-04   0.10296564E-04   0.00000000E+00
  19.300   7.300   0.18492433E+04   0.10249898E-04   0.10249898E-04   0.00000000E+00
  19.317   7.317   0.18492419E+04   0.10203236E-04   0.10203236E-04   0.00000000E+00
  19.333   7.333   0.18492405E+04   0.10156578E-04   0.10156578E-04   0.00000000E+00
  19.350   7.350   0.18492391E+04   0.10109926E-04   0.10109926E-04   0.00000000E+00
  19.367   7.367   0.18492377E+04   0.10063278E-04   0.10063278E-04   0.00000000E+00
  19.383   7.383   0.18492364E+04   0.10016635E-04   0.10016635E-04   0.00000000E+00
  19.400   7.400   0.18492350E+04   0.99699974E-05   0.99699974E-05   0.00000000E+00
  19.417   7.417   0.18492337E+04   0.99233656E-05   0.99233656E-05   0.00000000E+00
  19.433   7.433   0.18492323E+04   0.98767396E-05   0.98767396E-05   0.00000000E+00
  19.450   7.450   0.18492310E+04   0.98301196E-05   0.98301196E-05   0.00000000E+00
  19.467   7.467   0.18492297E+04   0.97835058E-05   0.97835058E-05   0.00000000E+00
  19.483   7.483   0.18492283E+04   0.97368985E-05   0.97368985E-05   0.00000000E+00
  19.500   7.500   0.18492270E+04   0.96902978E-05   0.96902978E-05   0.00000000E+00
  19.517   7.517   0.18492257E+04   0.96437040E-05   0.96437040E-05   0.00000000E+00
  19.533   7.533   0.18492244E+04   0.95971173E-05   0.95971173E-05   0.00000000E+00
  19.550   7.550   0.18492231E+04   0.95505379E-05   0.95505379E-05   0.00000000E+00
  19.567   7.567   0.18492219E+04   0.95039659E-05   0.95039659E-05   0.00000000E+00
  19.583   7.583   0.18492206E+04   0.94574016E-05   0.94574016E-05   0.00000000E+00
  19.600   7.600   0.18492193E+04   0.94108452E-05   0.94108452E-05   0.00000000E+00
  19.617   7.617   0.18492181E+04   0.93642969E-05   0.93642969E-05   0.00000000E+00
  19.633   7.633   0.18492168E+04   0.93177568E-05   0.93177568E-05   0.00000000E+00
  19.650   7.650   0.18492156E+04   0.92712253E-05   0.92712253E-05   0.00000000E+00
  19.667   7.667   0.18492144E+04   0.92247024E-05   0.92247024E-05   0.00000000E+00
  19.683   7.683   0.18492131E+04   0.91781885E-05   0.91781885E-05   0.00000000E+00
  19.700   7.700   0.18492119E+04   0.91316836E-05   0.91316836E-05   0.00000000E+00
  19.717   7.717   0.18492107E+04   0.90851881E-05   0.90851881E-05   0.00000000E+00
  19.733   7.733   0.18492095E+04   0.90387021E-05   0.90387021E-05   0.00000000E+00
  19.750   7.750   0.18492083E+04   0.89922258E-05   0.89922258E-05   0.00000000E+00
  19.767   7.767   0.18492072E+04   0.89457595E-05   0.89457595E-05   0.00000000E+00
  19.783   7.783   0.18492060E+04   0.88993033E-05   0.88993033E-05   0.00000000E+00
  19.800   7.800   0.18492048E+04   0.88528575E-05   0.88528575E-05   0.00000000E+00
  19.817   7.817   0.18492037E+04   0.88064223E-05   0.88064223E-05   0.00000000E+00
  19.833   7.833   0.18492025E+04   0.87599979E-05   0.87599979E-05   0.00000000E+00
  19.850   7.850   0.18492014E+04   0.87135845E-05   0.87135845E-05   0.00000000E+00
  19.867   7.867   0.18492002E+04   0.86671825E-05   0.86671825E-05   0.00000000E+00
  19.883   7.883   0.18491991E+04   0.86207920E-05   0.86207920E-05   0.00000000E+00
  19.900   7.900   0.18491980E+04   0.85744132E-05   0.85744132E-05   0.00000000E+00
  19.917   7.917   0.18491969E+04   0.85280464E-05   0.85280464E-05   0.00000000E+00
  19.933   7.933   0.18491958E+04   0.84816919E-05   0.84816919E-05   0.00000000E+00
  19.950   7.950   0.18491947E+04   0.84353499E-05   0.84353499E-05   0.00000000E+00
  19.967   7.967   0.18491936E+04   0.83890207E-05   0.83890207E-05   0.00000000E+00
  19.983   7.983   0.18491926E+04   0.83427046E-05   0.83427046E-05   0.00000000E+00
  20.000   8.000   0.18491915E+04   0.82964017E-05   0.82964017E-05   0.00000000E+00
  20.017   8.017   0.18491905E+04   0.82501125E-05   0.82501125E-05   0.00000000E+00
  20.033   8.033   0.18491894E+04   0.82038371E-05   0.82038371E-05   0.00000000E+00
  20.050   8.050   0.18491884E+04   0.81575759E-05   0.81575759E-05   0.00000000E+00
  20.067   8.067   0.18491874E+04   0.81113293E-05   0.81113293E-05   0.00000000E+00
  20.083   8.083   0.18491863E+04   0.80650974E-05   0.80650974E-05   0.00000000E+00
  20.100   8.100   0.18491853E+04   0.80188806E-05   0.80188806E-05   0.00000000E+00
  20.117   8.117   0.18491843E+04   0.79726792E-05   0.79726792E-05   0.00000000E+00
  20.133   8.133   0.18491834E+04   0.79264936E-05   0.79264936E-05   0.00000000E+00
  20.150   8.150   0.18491824E+04   0.78803241E-05   0.78803241E-05   0.00000000E+00
  20.167   8.167   0.18491814E+04   0.78341711E-05   0.78341711E-05   0.00000000E+00
  20.183   8.183   0.18491804E+04   0.77880349E-05   0.77880349E-05   0.00000000E+00
  20.200   8.200   0.18491795E+04   0.77419159E-05   0.77419159E-05   0.00000000E+00
  20.217   8.217   0.18491785E+04   0.76958145E-05   0.76958145E-05   0.00000000E+00
  20.233   8.233   0.18491776E+04   0.76497310E-05   0.76497310E-05   0.00000000E+00
  20.250   8.250   0.18491767E+04   0.76036659E-05   0.76036659E-05   0.00000000E+00
  20.267   8.267   0.18491758E+04   0.75576195E-05   0.75576195E-05   0.00000000E+00
  20.283   8.283   0.18491748E+04   0.75115924E-05   0.75115924E-05   0.00000000E+00
  20.300   8.300   0.18491740E+04   0.74655848E-05   0.74655848E-05   0.00000000E+00
  20.317   8.317   0.18491731E+04   0.74195973E-05   0.74195973E-05   0.00000000E+00
  20.333   8.333   0.18491722E+04   0.73736304E-05   0.73736304E-05   0.00000000E+00
  20.350   8.350   0.18491713E+04   0.73276844E-05   0.73276844E-05   0.00000000E+00
  20.367   8.367   0.18491704E+04   0.72817599E-05   0.72817599E-05   0.00000000E+00
  20.383   8.383   0.18491696E+04   0.72358573E-05   0.72358573E-05   0.00000000E+00
  20.400   8.400   0.18491687E+04   0.71899772E-05   0.71899772E-05   0.00000000E+00
  20.417   8.417   0.18491679E+04   0.71441201E-05   0.71441201E-05   0.00000000E+00
  20.433   8.433   0.18491671E+04   0.70982865E-05   0.70982865E-05   0.00000000E+00
  20.450   8.450   0.18491663E+04   0.70524769E-05   0.70524769E-05   0.00000000E+00
  20.467   8.467   0.18491655E+04   0.70066920E-05   0.70066920E-05   0.00000000E+00
  20.483   8.483   0.18491647E+04   0.69609322E-05   0.69609322E-05   0.00000000E+00
  20.500   8.500   0.18491639E+04   0.69151982E-05   0.69151982E-05   0.00000000E+00
  20.517   8.517   0.18491631E+04   0.68694905E-05   0.68694905E-05   0.00000000E+00
  20.533   8.533   0.18491623E+04   0.68238098E-05   0.68238098E-05   0.00000000E+00
  20.550   8.550   0.18491615E+04   0.67781567E-05   0.67781567E-05   0.00000000E+00
  20.567   8.567   0.18491608E+04   0.67325318E-05   0.67325318E-05   0.00000000E+00
  20.583   8.583   0.18491600E+04   0.66869359E-05   0.66869359E-05   0.00000000E+00
  20.600   8.600   0.18491593E+04   0.66413695E-05   0.66413695E-05   0.00000000E+00
  20.617   8.617   0.18491586E+04   0.65958333E-05   0.65958333E-05   0.00000000E+00
  20.633   8.633   0.18491579E+04   0.65503282E-05   0.65503282E-05   0.00000000E+00
  20.650   8.650   0.18491572E+04   0.65048547E-05   0.65048547E-05   0.00000000E+00
  20.667   8.667   0.18491565E+04   0.64594137E-05   0.64594137E-05   0.00000000E+00
  20.683   8.683   0.18491558E+04   0.64140058E-05   0.64140058E-05   0.00000000E+00
  20.700   8.700   0.18491551E+04   0.63686319E-05   0.63686319E-05   0.00000000E+00
  20.717   8.717   0.18491544E+04   0.63232927E-05   0.63232927E-05   0.00000000E+00
  20.733   8.733   0.18491537E+04   0.62779891E-05   0.62779891E-05   0.00000000E+00
  20.750   8.750   0.18491531E+04   0.62327218E-05   0.62327218E-05   0.00000000E+00
  20.767   8.767   0.18491524E+04   0.61874918E-05   0.61874918E-05   0.00000000E+00
  20.783   8.783   0.18491518E+04   0.61422998E-05   0.61422998E-05   0.00000000E+00
  20.800   8.800   0.18491512E+04   0.60971468E-05   0.60971468E-05   0.00000000E+00
  20.817   8.817   0.18491506E+04   0.60520336E-05   0.60520336E-05   0.00000000E+00
  20.833   8.833   0.18491499E+04   0.60069611E-05   0.60069611E-05   0.00000000E+00
  20.850   8.850   0.18491493E+04   0.59619304E-05   0.59619304E-05   0.00000000E+00
  20.867   8.867   0.18491487E+04   0.59169422E-05   0.59169422E-05   0.00000000E+00
  20.883   8.883   0.18491482E+04   0.58719977E-05   0.58719977E-05   0.00000000E+00
  20.900   8.900   0.18491476E+04   0.58270977E-05   0.58270977E-05   0.00000000E+00
  20.917   8.917   0.18491470E+04   0.57822433E-05   0.57822433E-05   0.00000000E+00
  20.933   8.933   0.18491465E+04   0.57374356E-05   0.57374356E-05   0.00000000E+00
  20.950   8.950   0.18491459E+04   0.56926755E-05   0.56926755E-05   0.00000000E+00
  20.967   8.967   0.18491454E+04   0.56479641E-05   0.56479641E-05   0.00000000E+00
