        RT(hours)             [CO]         L_R_07           tot_loss         tot_prod
  12.017   0.017   0.15999991E+03   0.27281253E-05   0.27281253E-05   0.00000000E+00
  12.033   0.033   0.15999969E+03   0.46217226E-05   0.46217226E-05   0.00000000E+00
  12.050   0.050   0.15999937E+03   0.59279941E-05   0.59279941E-05   0.00000000E+00
  12.067   0.067   0.15999898E+03   0.68191160E-05   0.68191160E-05   0.00000000E+00
  12.083   0.083   0.15999855E+03   0.74524674E-05   0.74524674E-05   0.00000000E+00
  12.100   0.100   0.15999809E+03   0.79408557E-05   0.79408557E-05   0.00000000E+00
  12.117   0.117   0.15999760E+03   0.83535146E-05   0.83535146E-05   0.00000000E+00
  12.133   0.133   0.15999709E+03   0.87294524E-05   0.87294524E-05   0.00000000E+00
  12.150   0.150   0.15999655E+03   0.90895182E-05   0.90895182E-05   0.00000000E+00
  12.167   0.167   0.15999600E+03   0.94444225E-05   0.94444225E-05   0.00000000E+00
  12.183   0.183   0.15999542E+03   0.97994631E-05   0.97994631E-05   0.00000000E+00
  12.200   0.200   0.15999482E+03   0.10157143E-04   0.10157143E-04   0.00000000E+00
  12.217   0.217   0.15999420E+03   0.10518567E-04   0.10518567E-04   0.00000000E+00
  12.233   0.233   0.15999356E+03   0.10884156E-04   0.10884156E-04   0.00000000E+00
  12.250   0.250   0.15999289E+03   0.11254019E-04   0.11254019E-04   0.00000000E+00
  12.267   0.267   0.15999220E+03   0.11628121E-04   0.11628121E-04   0.00000000E+00
  12.283   0.283   0.15999149E+03   0.12006373E-04   0.12006373E-04   0.00000000E+00
  12.300   0.300   0.15999076E+03   0.12388664E-04   0.12388664E-04   0.00000000E+00
  12.317   0.317   0.15999000E+03   0.12774883E-04   0.12774883E-04   0.00000000E+00
  12.333   0.333   0.15998922E+03   0.13164917E-04   0.13164917E-04   0.00000000E+00
  12.350   0.350   0.15998842E+03   0.13558659E-04   0.13558659E-04   0.00000000E+00
  12.367   0.367   0.15998759E+03   0.13956005E-04   0.13956005E-04   0.00000000E+00
  12.383   0.383   0.15998674E+03   0.14356853E-04   0.14356853E-04   0.00000000E+00
  12.400   0.400   0.15998586E+03   0.14761103E-04   0.14761103E-04   0.00000000E+00
  12.417   0.417   0.15998496E+03   0.15168656E-04   0.15168656E-04   0.00000000E+00
  12.433   0.433   0.15998404E+03   0.15579415E-04   0.15579415E-04   0.00000000E+00
  12.450   0.450   0.15998308E+03   0.15993283E-04   0.15993283E-04   0.00000000E+00
  12.467   0.467   0.15998211E+03   0.16410162E-04   0.16410162E-04   0.00000000E+00
  12.483   0.483   0.15998110E+03   0.16829954E-04   0.16829954E-04   0.00000000E+00
  12.500   0.500   0.15998007E+03   0.17252563E-04   0.17252563E-04   0.00000000E+00
  12.517   0.517   0.15997902E+03   0.17677890E-04   0.17677890E-04   0.00000000E+00
  12.533   0.533   0.15997794E+03   0.18105836E-04   0.18105836E-04   0.00000000E+00
  12.550   0.550   0.15997683E+03   0.18536303E-04   0.18536303E-04   0.00000000E+00
  12.567   0.567   0.15997569E+03   0.18969190E-04   0.18969190E-04   0.00000000E+00
  12.583   0.583   0.15997453E+03   0.19404395E-04   0.19404395E-04   0.00000000E+00
  12.600   0.600   0.15997334E+03   0.19841817E-04   0.19841817E-04   0.00000000E+00
  12.617   0.617   0.15997213E+03   0.20281350E-04   0.20281350E-04   0.00000000E+00
  12.633   0.633   0.15997088E+03   0.20722890E-04   0.20722890E-04   0.00000000E+00
  12.650   0.650   0.15996961E+03   0.21166329E-04   0.21166329E-04   0.00000000E+00
  12.667   0.667   0.15996831E+03   0.21611558E-04   0.21611558E-04   0.00000000E+00
  12.683   0.683   0.15996699E+03   0.22058467E-04   0.22058467E-04   0.00000000E+00
  12.700   0.700   0.15996563E+03   0.22506941E-04   0.22506941E-04   0.00000000E+00
  12.717   0.717   0.15996425E+03   0.22956866E-04   0.22956866E-04   0.00000000E+00
  12.733   0.733   0.15996283E+03   0.23408124E-04   0.23408124E-04   0.00000000E+00
  12.750   0.750   0.15996139E+03   0.23860594E-04   0.23860594E-04   0.00000000E+00
  12.767   0.767   0.15995992E+03   0.24314153E-04   0.24314153E-04   0.00000000E+00
  12.783   0.783   0.15995842E+03   0.24768676E-04   0.24768676E-04   0.00000000E+00
  12.800   0.800   0.15995690E+03   0.25224033E-04   0.25224033E-04   0.00000000E+00
  12.817   0.817   0.15995534E+03   0.25680093E-04   0.25680093E-04   0.00000000E+00
  12.833   0.833   0.15995375E+03   0.26136720E-04   0.26136720E-04   0.00000000E+00
  12.850   0.850   0.15995213E+03   0.26593776E-04   0.26593776E-04   0.00000000E+00
  12.867   0.867   0.15995049E+03   0.27051121E-04   0.27051121E-04   0.00000000E+00
  12.883   0.883   0.15994881E+03   0.27508610E-04   0.27508610E-04   0.00000000E+00
  12.900   0.900   0.15994710E+03   0.27966093E-04   0.27966093E-04   0.00000000E+00
  12.917   0.917   0.15994536E+03   0.28423421E-04   0.28423421E-04   0.00000000E+00
  12.933   0.933   0.15994360E+03   0.28880438E-04   0.28880438E-04   0.00000000E+00
  12.950   0.950   0.15994180E+03   0.29336986E-04   0.29336986E-04   0.00000000E+00
  12.967   0.967   0.15993997E+03   0.29792904E-04   0.29792904E-04   0.00000000E+00
  12.983   0.983   0.15993811E+03   0.30248027E-04   0.30248027E-04   0.00000000E+00
  13.000   1.000   0.15993622E+03   0.30702188E-04   0.30702188E-04   0.00000000E+00
  13.017   1.017   0.15993430E+03   0.31155216E-04   0.31155216E-04   0.00000000E+00
  13.033   1.033   0.15993235E+03   0.31606937E-04   0.31606937E-04   0.00000000E+00
  13.050   1.050   0.15993036E+03   0.32057175E-04   0.32057175E-04   0.00000000E+00
  13.067   1.067   0.15992835E+03   0.32505750E-04   0.32505750E-04   0.00000000E+00
  13.083   1.083   0.15992630E+03   0.32952481E-04   0.32952481E-04   0.00000000E+00
  13.100   1.100   0.15992423E+03   0.33397185E-04   0.33397185E-04   0.00000000E+00
  13.117   1.117   0.15992212E+03   0.33839676E-04   0.33839676E-04   0.00000000E+00
  13.133   1.133   0.15991998E+03   0.34279767E-04   0.34279767E-04   0.00000000E+00
  13.150   1.150   0.15991781E+03   0.34717268E-04   0.34717268E-04   0.00000000E+00
  13.167   1.167   0.15991560E+03   0.35151990E-04   0.35151990E-04   0.00000000E+00
  13.183   1.183   0.15991337E+03   0.35583743E-04   0.35583743E-04   0.00000000E+00
  13.200   1.200   0.15991110E+03   0.36012334E-04   0.36012334E-04   0.00000000E+00
  13.217   1.217   0.15990880E+03   0.36437574E-04   0.36437574E-04   0.00000000E+00
  13.233   1.233   0.15990647E+03   0.36859270E-04   0.36859270E-04   0.00000000E+00
  13.250   1.250   0.15990411E+03   0.37277232E-04   0.37277232E-04   0.00000000E+00
  13.267   1.267   0.15990171E+03   0.37691271E-04   0.37691271E-04   0.00000000E+00
  13.283   1.283   0.15989928E+03   0.38101198E-04   0.38101198E-04   0.00000000E+00
  13.300   1.300   0.15989682E+03   0.38506828E-04   0.38506828E-04   0.00000000E+00
  13.317   1.317   0.15989433E+03   0.38907975E-04   0.38907975E-04   0.00000000E+00
  13.333   1.333   0.15989181E+03   0.39304459E-04   0.39304459E-04   0.00000000E+00
  13.350   1.350   0.15988925E+03   0.39696100E-04   0.39696100E-04   0.00000000E+00
  13.367   1.367   0.15988666E+03   0.40082724E-04   0.40082724E-04   0.00000000E+00
  13.383   1.383   0.15988404E+03   0.40464159E-04   0.40464159E-04   0.00000000E+00
  13.400   1.400   0.15988139E+03   0.40840237E-04   0.40840237E-04   0.00000000E+00
  13.417   1.417   0.15987870E+03   0.41210796E-04   0.41210796E-04   0.00000000E+00
  13.433   1.433   0.15987598E+03   0.41575677E-04   0.41575677E-04   0.00000000E+00
  13.450   1.450   0.15987323E+03   0.41934729E-04   0.41934729E-04   0.00000000E+00
  13.467   1.467   0.15987045E+03   0.42287803E-04   0.42287803E-04   0.00000000E+00
  13.483   1.483   0.15986763E+03   0.42634759E-04   0.42634759E-04   0.00000000E+00
  13.500   1.500   0.15986478E+03   0.42975461E-04   0.42975461E-04   0.00000000E+00
  13.517   1.517   0.15986190E+03   0.43309781E-04   0.43309781E-04   0.00000000E+00
  13.533   1.533   0.15985898E+03   0.43637597E-04   0.43637597E-04   0.00000000E+00
  13.550   1.550   0.15985603E+03   0.43958794E-04   0.43958794E-04   0.00000000E+00
  13.567   1.567   0.15985305E+03   0.44273265E-04   0.44273265E-04   0.00000000E+00
  13.583   1.583   0.15985003E+03   0.44580908E-04   0.44580908E-04   0.00000000E+00
  13.600   1.600   0.15984698E+03   0.44881631E-04   0.44881631E-04   0.00000000E+00
  13.617   1.617   0.15984390E+03   0.45175349E-04   0.45175349E-04   0.00000000E+00
  13.633   1.633   0.15984078E+03   0.45461985E-04   0.45461985E-04   0.00000000E+00
  13.650   1.650   0.15983763E+03   0.45741468E-04   0.45741468E-04   0.00000000E+00
  13.667   1.667   0.15983444E+03   0.46013738E-04   0.46013738E-04   0.00000000E+00
  13.683   1.683   0.15983122E+03   0.46278741E-04   0.46278741E-04   0.00000000E+00
  13.700   1.700   0.15982796E+03   0.46536431E-04   0.46536431E-04   0.00000000E+00
  13.717   1.717   0.15982467E+03   0.46786770E-04   0.46786770E-04   0.00000000E+00
  13.733   1.733   0.15982135E+03   0.47029729E-04   0.47029729E-04   0.00000000E+00
  13.750   1.750   0.15981798E+03   0.47265287E-04   0.47265287E-04   0.00000000E+00
  13.767   1.767   0.15981459E+03   0.47493430E-04   0.47493430E-04   0.00000000E+00
  13.783   1.783   0.15981115E+03   0.47714151E-04   0.47714151E-04   0.00000000E+00
  13.800   1.800   0.15980768E+03   0.47927453E-04   0.47927453E-04   0.00000000E+00
  13.817   1.817   0.15980417E+03   0.48133344E-04   0.48133344E-04   0.00000000E+00
  13.833   1.833   0.15980063E+03   0.48331843E-04   0.48331843E-04   0.00000000E+00
  13.850   1.850   0.15979705E+03   0.48522973E-04   0.48522973E-04   0.00000000E+00
  13.867   1.867   0.15979343E+03   0.48706765E-04   0.48706765E-04   0.00000000E+00
  13.883   1.883   0.15978977E+03   0.48883259E-04   0.48883259E-04   0.00000000E+00
  13.900   1.900   0.15978607E+03   0.49052499E-04   0.49052499E-04   0.00000000E+00
  13.917   1.917   0.15978233E+03   0.49214538E-04   0.49214538E-04   0.00000000E+00
  13.933   1.933   0.15977855E+03   0.49369433E-04   0.49369433E-04   0.00000000E+00
  13.950   1.950   0.15977473E+03   0.49517251E-04   0.49517251E-04   0.00000000E+00
  13.967   1.967   0.15977086E+03   0.49658061E-04   0.49658061E-04   0.00000000E+00
  13.983   1.983   0.15976696E+03   0.49791942E-04   0.49791942E-04   0.00000000E+00
  14.000   2.000   0.15976301E+03   0.49918974E-04   0.49918974E-04   0.00000000E+00
  14.017   2.017   0.15975902E+03   0.50039328E-04   0.50039328E-04   0.00000000E+00
  14.033   2.033   0.15975498E+03   0.50153116E-04   0.50153116E-04   0.00000000E+00
  14.050   2.050   0.15975089E+03   0.50260499E-04   0.50260499E-04   0.00000000E+00
  14.067   2.067   0.15974675E+03   0.50361708E-04   0.50361708E-04   0.00000000E+00
  14.083   2.083   0.15974256E+03   0.50457001E-04   0.50457001E-04   0.00000000E+00
  14.100   2.100   0.15973831E+03   0.50546646E-04   0.50546646E-04   0.00000000E+00
  14.117   2.117   0.15973401E+03   0.50630908E-04   0.50630908E-04   0.00000000E+00
  14.133   2.133   0.15972964E+03   0.50710052E-04   0.50710052E-04   0.00000000E+00
  14.150   2.150   0.15972521E+03   0.50784337E-04   0.50784337E-04   0.00000000E+00
  14.167   2.167   0.15972071E+03   0.50854016E-04   0.50854016E-04   0.00000000E+00
  14.183   2.183   0.15971615E+03   0.50919341E-04   0.50919341E-04   0.00000000E+00
  14.200   2.200   0.15971151E+03   0.50980557E-04   0.50980557E-04   0.00000000E+00
  14.217   2.217   0.15970680E+03   0.51037909E-04   0.51037909E-04   0.00000000E+00
  14.233   2.233   0.15970201E+03   0.51091638E-04   0.51091638E-04   0.00000000E+00
  14.250   2.250   0.15969713E+03   0.51141983E-04   0.51141983E-04   0.00000000E+00
  14.267   2.267   0.15969218E+03   0.51189184E-04   0.51189184E-04   0.00000000E+00
  14.283   2.283   0.15968713E+03   0.51233479E-04   0.51233479E-04   0.00000000E+00
  14.300   2.300   0.15968200E+03   0.51275106E-04   0.51275106E-04   0.00000000E+00
  14.317   2.317   0.15967677E+03   0.51314302E-04   0.51314302E-04   0.00000000E+00
  14.333   2.333   0.15967144E+03   0.51351308E-04   0.51351308E-04   0.00000000E+00
  14.350   2.350   0.15966601E+03   0.51386361E-04   0.51386361E-04   0.00000000E+00
  14.367   2.367   0.15966047E+03   0.51419702E-04   0.51419702E-04   0.00000000E+00
  14.383   2.383   0.15965483E+03   0.51451574E-04   0.51451574E-04   0.00000000E+00
  14.400   2.400   0.15964908E+03   0.51482217E-04   0.51482217E-04   0.00000000E+00
  14.417   2.417   0.15964320E+03   0.51511875E-04   0.51511875E-04   0.00000000E+00
  14.433   2.433   0.15963721E+03   0.51540791E-04   0.51540791E-04   0.00000000E+00
  14.450   2.450   0.15963110E+03   0.51569209E-04   0.51569209E-04   0.00000000E+00
  14.467   2.467   0.15962486E+03   0.51597371E-04   0.51597371E-04   0.00000000E+00
  14.483   2.483   0.15961849E+03   0.51625522E-04   0.51625522E-04   0.00000000E+00
  14.500   2.500   0.15961199E+03   0.51653900E-04   0.51653900E-04   0.00000000E+00
  14.517   2.517   0.15960535E+03   0.51682744E-04   0.51682744E-04   0.00000000E+00
  14.533   2.533   0.15959858E+03   0.51712290E-04   0.51712290E-04   0.00000000E+00
  14.550   2.550   0.15959166E+03   0.51742766E-04   0.51742766E-04   0.00000000E+00
  14.567   2.567   0.15958461E+03   0.51774398E-04   0.51774398E-04   0.00000000E+00
  14.583   2.583   0.15957741E+03   0.51807403E-04   0.51807403E-04   0.00000000E+00
  14.600   2.600   0.15957006E+03   0.51841989E-04   0.51841989E-04   0.00000000E+00
  14.617   2.617   0.15956257E+03   0.51878354E-04   0.51878354E-04   0.00000000E+00
  14.633   2.633   0.15955493E+03   0.51916685E-04   0.51916685E-04   0.00000000E+00
  14.650   2.650   0.15954715E+03   0.51957155E-04   0.51957155E-04   0.00000000E+00
  14.667   2.667   0.15953922E+03   0.51999923E-04   0.51999923E-04   0.00000000E+00
  14.683   2.683   0.15953114E+03   0.52045133E-04   0.52045133E-04   0.00000000E+00
  14.700   2.700   0.15952293E+03   0.52092907E-04   0.52092907E-04   0.00000000E+00
  14.717   2.717   0.15951457E+03   0.52143354E-04   0.52143354E-04   0.00000000E+00
  14.733   2.733   0.15950607E+03   0.52196559E-04   0.52196559E-04   0.00000000E+00
  14.750   2.750   0.15949745E+03   0.52252589E-04   0.52252589E-04   0.00000000E+00
  14.767   2.767   0.15948868E+03   0.52311489E-04   0.52311489E-04   0.00000000E+00
  14.783   2.783   0.15947980E+03   0.52373284E-04   0.52373284E-04   0.00000000E+00
  14.800   2.800   0.15947079E+03   0.52437978E-04   0.52437978E-04   0.00000000E+00
  14.817   2.817   0.15946166E+03   0.52505553E-04   0.52505553E-04   0.00000000E+00
  14.833   2.833   0.15945242E+03   0.52575973E-04   0.52575973E-04   0.00000000E+00
  14.850   2.850   0.15944308E+03   0.52649183E-04   0.52649183E-04   0.00000000E+00
  14.867   2.867   0.15943364E+03   0.52725110E-04   0.52725110E-04   0.00000000E+00
  14.883   2.883   0.15942410E+03   0.52803667E-04   0.52803667E-04   0.00000000E+00
  14.900   2.900   0.15941447E+03   0.52884749E-04   0.52884749E-04   0.00000000E+00
  14.917   2.917   0.15940476E+03   0.52968243E-04   0.52968243E-04   0.00000000E+00
  14.933   2.933   0.15939498E+03   0.53054023E-04   0.53054023E-04   0.00000000E+00
  14.950   2.950   0.15938512E+03   0.53141953E-04   0.53141953E-04   0.00000000E+00
  14.967   2.967   0.15937520E+03   0.53231891E-04   0.53231891E-04   0.00000000E+00
  14.983   2.983   0.15936522E+03   0.53323692E-04   0.53323692E-04   0.00000000E+00
  15.000   3.000   0.15935519E+03   0.53417203E-04   0.53417203E-04   0.00000000E+00
  15.017   3.017   0.15934511E+03   0.53512273E-04   0.53512273E-04   0.00000000E+00
  15.033   3.033   0.15933498E+03   0.53608748E-04   0.53608748E-04   0.00000000E+00
  15.050   3.050   0.15932482E+03   0.53706476E-04   0.53706476E-04   0.00000000E+00
  15.067   3.067   0.15931462E+03   0.53805306E-04   0.53805306E-04   0.00000000E+00
  15.083   3.083   0.15930439E+03   0.53905089E-04   0.53905089E-04   0.00000000E+00
  15.100   3.100   0.15929413E+03   0.54005682E-04   0.54005682E-04   0.00000000E+00
  15.117   3.117   0.15928384E+03   0.54106945E-04   0.54106945E-04   0.00000000E+00
  15.133   3.133   0.15927354E+03   0.54208741E-04   0.54208741E-04   0.00000000E+00
  15.150   3.150   0.15926321E+03   0.54310940E-04   0.54310940E-04   0.00000000E+00
  15.167   3.167   0.15925287E+03   0.54413419E-04   0.54413419E-04   0.00000000E+00
  15.183   3.183   0.15924252E+03   0.54516056E-04   0.54516056E-04   0.00000000E+00
  15.200   3.200   0.15923215E+03   0.54618740E-04   0.54618740E-04   0.00000000E+00
  15.217   3.217   0.15922177E+03   0.54721362E-04   0.54721362E-04   0.00000000E+00
  15.233   3.233   0.15921139E+03   0.54823820E-04   0.54823820E-04   0.00000000E+00
  15.250   3.250   0.15920100E+03   0.54926019E-04   0.54926019E-04   0.00000000E+00
  15.267   3.267   0.15919060E+03   0.55027867E-04   0.55027867E-04   0.00000000E+00
  15.283   3.283   0.15918020E+03   0.55129279E-04   0.55129279E-04   0.00000000E+00
  15.300   3.300   0.15916979E+03   0.55230176E-04   0.55230176E-04   0.00000000E+00
  15.317   3.317   0.15915939E+03   0.55330481E-04   0.55330481E-04   0.00000000E+00
  15.333   3.333   0.15914898E+03   0.55430125E-04   0.55430125E-04   0.00000000E+00
  15.350   3.350   0.15913856E+03   0.55529042E-04   0.55529042E-04   0.00000000E+00
  15.367   3.367   0.15912815E+03   0.55627170E-04   0.55627170E-04   0.00000000E+00
  15.383   3.383   0.15911774E+03   0.55724453E-04   0.55724453E-04   0.00000000E+00
  15.400   3.400   0.15910733E+03   0.55820836E-04   0.55820836E-04   0.00000000E+00
  15.417   3.417   0.15909691E+03   0.55916269E-04   0.55916269E-04   0.00000000E+00
  15.433   3.433   0.15908650E+03   0.56010707E-04   0.56010707E-04   0.00000000E+00
  15.450   3.450   0.15907609E+03   0.56104107E-04   0.56104107E-04   0.00000000E+00
  15.467   3.467   0.15906568E+03   0.56196428E-04   0.56196428E-04   0.00000000E+00
  15.483   3.483   0.15905527E+03   0.56287632E-04   0.56287632E-04   0.00000000E+00
  15.500   3.500   0.15904486E+03   0.56377686E-04   0.56377686E-04   0.00000000E+00
  15.517   3.517   0.15903445E+03   0.56466558E-04   0.56466558E-04   0.00000000E+00
  15.533   3.533   0.15902405E+03   0.56554217E-04   0.56554217E-04   0.00000000E+00
  15.550   3.550   0.15901364E+03   0.56640636E-04   0.56640636E-04   0.00000000E+00
  15.567   3.567   0.15900323E+03   0.56725790E-04   0.56725790E-04   0.00000000E+00
  15.583   3.583   0.15899283E+03   0.56809655E-04   0.56809655E-04   0.00000000E+00
  15.600   3.600   0.15898242E+03   0.56892209E-04   0.56892209E-04   0.00000000E+00
  15.617   3.617   0.15897202E+03   0.56973432E-04   0.56973432E-04   0.00000000E+00
  15.633   3.633   0.15896162E+03   0.57053305E-04   0.57053305E-04   0.00000000E+00
  15.650   3.650   0.15895121E+03   0.57131811E-04   0.57131811E-04   0.00000000E+00
  15.667   3.667   0.15894081E+03   0.57208935E-04   0.57208935E-04   0.00000000E+00
  15.683   3.683   0.15893041E+03   0.57284661E-04   0.57284661E-04   0.00000000E+00
  15.700   3.700   0.15892001E+03   0.57358977E-04   0.57358977E-04   0.00000000E+00
  15.717   3.717   0.15890961E+03   0.57431869E-04   0.57431869E-04   0.00000000E+00
  15.733   3.733   0.15889921E+03   0.57503327E-04   0.57503327E-04   0.00000000E+00
  15.750   3.750   0.15888880E+03   0.57573341E-04   0.57573341E-04   0.00000000E+00
  15.767   3.767   0.15887840E+03   0.57641900E-04   0.57641900E-04   0.00000000E+00
  15.783   3.783   0.15886800E+03   0.57708997E-04   0.57708997E-04   0.00000000E+00
  15.800   3.800   0.15885760E+03   0.57774623E-04   0.57774623E-04   0.00000000E+00
  15.817   3.817   0.15884719E+03   0.57838772E-04   0.57838772E-04   0.00000000E+00
  15.833   3.833   0.15883679E+03   0.57901436E-04   0.57901436E-04   0.00000000E+00
  15.850   3.850   0.15882638E+03   0.57962611E-04   0.57962611E-04   0.00000000E+00
  15.867   3.867   0.15881598E+03   0.58022291E-04   0.58022291E-04   0.00000000E+00
  15.883   3.883   0.15880557E+03   0.58080472E-04   0.58080472E-04   0.00000000E+00
  15.900   3.900   0.15879517E+03   0.58137149E-04   0.58137149E-04   0.00000000E+00
  15.917   3.917   0.15878476E+03   0.58192319E-04   0.58192319E-04   0.00000000E+00
  15.933   3.933   0.15877435E+03   0.58245980E-04   0.58245980E-04   0.00000000E+00
  15.950   3.950   0.15876394E+03   0.58298127E-04   0.58298127E-04   0.00000000E+00
  15.967   3.967   0.15875353E+03   0.58348760E-04   0.58348760E-04   0.00000000E+00
  15.983   3.983   0.15874312E+03   0.58397875E-04   0.58397875E-04   0.00000000E+00
  16.000   4.000   0.15873271E+03   0.58445473E-04   0.58445473E-04   0.00000000E+00
  16.017   4.017   0.15872229E+03   0.58490932E-04   0.58490932E-04   0.00000000E+00
  16.033   4.033   0.15871188E+03   0.58533691E-04   0.58533691E-04   0.00000000E+00
  16.050   4.050   0.15870147E+03   0.58573810E-04   0.58573810E-04   0.00000000E+00
  16.067   4.067   0.15869106E+03   0.58611351E-04   0.58611351E-04   0.00000000E+00
  16.083   4.083   0.15868065E+03   0.58646378E-04   0.58646378E-04   0.00000000E+00
  16.100   4.100   0.15867024E+03   0.58678949E-04   0.58678949E-04   0.00000000E+00
  16.117   4.117   0.15865983E+03   0.58709120E-04   0.58709120E-04   0.00000000E+00
  16.133   4.133   0.15864943E+03   0.58736944E-04   0.58736944E-04   0.00000000E+00
  16.150   4.150   0.15863902E+03   0.58762469E-04   0.58762469E-04   0.00000000E+00
  16.167   4.167   0.15862893E+03   0.58776446E-04   0.58776446E-04   0.00000000E+00
  16.183   4.183   0.15861938E+03   0.58774298E-04   0.58774298E-04   0.00000000E+00
  16.200   4.200   0.15861024E+03   0.58760666E-04   0.58760666E-04   0.00000000E+00
  16.217   4.217   0.15860141E+03   0.58737796E-04   0.58737796E-04   0.00000000E+00
  16.233   4.233   0.15859284E+03   0.58707188E-04   0.58707188E-04   0.00000000E+00
  16.250   4.250   0.15858447E+03   0.58669934E-04   0.58669934E-04   0.00000000E+00
  16.267   4.267   0.15857628E+03   0.58626862E-04   0.58626862E-04   0.00000000E+00
  16.283   4.283   0.15856823E+03   0.58578619E-04   0.58578619E-04   0.00000000E+00
  16.300   4.300   0.15856032E+03   0.58525727E-04   0.58525727E-04   0.00000000E+00
  16.317   4.317   0.15855251E+03   0.58468613E-04   0.58468613E-04   0.00000000E+00
  16.333   4.333   0.15854479E+03   0.58407633E-04   0.58407633E-04   0.00000000E+00
  16.350   4.350   0.15853716E+03   0.58343089E-04   0.58343089E-04   0.00000000E+00
  16.367   4.367   0.15852961E+03   0.58275238E-04   0.58275238E-04   0.00000000E+00
  16.383   4.383   0.15852212E+03   0.58204305E-04   0.58204305E-04   0.00000000E+00
  16.400   4.400   0.15851470E+03   0.58130484E-04   0.58130484E-04   0.00000000E+00
  16.417   4.417   0.15850733E+03   0.58053947E-04   0.58053947E-04   0.00000000E+00
  16.433   4.433   0.15850001E+03   0.57974847E-04   0.57974847E-04   0.00000000E+00
  16.450   4.450   0.15849273E+03   0.57893319E-04   0.57893319E-04   0.00000000E+00
  16.467   4.467   0.15848550E+03   0.57809486E-04   0.57809486E-04   0.00000000E+00
  16.483   4.483   0.15847830E+03   0.57723457E-04   0.57723457E-04   0.00000000E+00
  16.500   4.500   0.15847114E+03   0.57635335E-04   0.57635335E-04   0.00000000E+00
  16.517   4.517   0.15846401E+03   0.57545209E-04   0.57545209E-04   0.00000000E+00
  16.533   4.533   0.15845691E+03   0.57453165E-04   0.57453165E-04   0.00000000E+00
  16.550   4.550   0.15844984E+03   0.57359278E-04   0.57359278E-04   0.00000000E+00
  16.567   4.567   0.15844279E+03   0.57263621E-04   0.57263621E-04   0.00000000E+00
  16.583   4.583   0.15843577E+03   0.57166260E-04   0.57166260E-04   0.00000000E+00
  16.600   4.600   0.15842877E+03   0.57067256E-04   0.57067256E-04   0.00000000E+00
  16.617   4.617   0.15842179E+03   0.56966667E-04   0.56966667E-04   0.00000000E+00
  16.633   4.633   0.15841483E+03   0.56864546E-04   0.56864546E-04   0.00000000E+00
  16.650   4.650   0.15840789E+03   0.56760944E-04   0.56760944E-04   0.00000000E+00
  16.667   4.667   0.15840096E+03   0.56655908E-04   0.56655908E-04   0.00000000E+00
  16.683   4.683   0.15839405E+03   0.56549483E-04   0.56549483E-04   0.00000000E+00
  16.700   4.700   0.15838716E+03   0.56441711E-04   0.56441711E-04   0.00000000E+00
  16.717   4.717   0.15838028E+03   0.56332632E-04   0.56332632E-04   0.00000000E+00
  16.733   4.733   0.15837341E+03   0.56222285E-04   0.56222285E-04   0.00000000E+00
  16.750   4.750   0.15836656E+03   0.56110706E-04   0.56110706E-04   0.00000000E+00
  16.767   4.767   0.15835972E+03   0.55997928E-04   0.55997928E-04   0.00000000E+00
  16.783   4.783   0.15835289E+03   0.55883986E-04   0.55883986E-04   0.00000000E+00
  16.800   4.800   0.15834607E+03   0.55768910E-04   0.55768910E-04   0.00000000E+00
  16.817   4.817   0.15833926E+03   0.55652731E-04   0.55652731E-04   0.00000000E+00
  16.833   4.833   0.15833246E+03   0.55535478E-04   0.55535478E-04   0.00000000E+00
  16.850   4.850   0.15832567E+03   0.55417179E-04   0.55417179E-04   0.00000000E+00
  16.867   4.867   0.15831889E+03   0.55297859E-04   0.55297859E-04   0.00000000E+00
  16.883   4.883   0.15831212E+03   0.55177546E-04   0.55177546E-04   0.00000000E+00
  16.900   4.900   0.15830536E+03   0.55056264E-04   0.55056264E-04   0.00000000E+00
  16.917   4.917   0.15829860E+03   0.54934037E-04   0.54934037E-04   0.00000000E+00
  16.933   4.933   0.15829186E+03   0.54810888E-04   0.54810888E-04   0.00000000E+00
  16.950   4.950   0.15828512E+03   0.54686839E-04   0.54686839E-04   0.00000000E+00
  16.967   4.967   0.15827839E+03   0.54561913E-04   0.54561913E-04   0.00000000E+00
  16.983   4.983   0.15827166E+03   0.54436131E-04   0.54436131E-04   0.00000000E+00
  17.000   5.000   0.15826495E+03   0.54309512E-04   0.54309512E-04   0.00000000E+00
  17.017   5.017   0.15825824E+03   0.54182077E-04   0.54182077E-04   0.00000000E+00
  17.033   5.033   0.15825153E+03   0.54053845E-04   0.54053845E-04   0.00000000E+00
  17.050   5.050   0.15824484E+03   0.53924835E-04   0.53924835E-04   0.00000000E+00
  17.067   5.067   0.15823815E+03   0.53795065E-04   0.53795065E-04   0.00000000E+00
  17.083   5.083   0.15823146E+03   0.53664552E-04   0.53664552E-04   0.00000000E+00
  17.100   5.100   0.15822478E+03   0.53533315E-04   0.53533315E-04   0.00000000E+00
  17.117   5.117   0.15821811E+03   0.53401369E-04   0.53401369E-04   0.00000000E+00
  17.133   5.133   0.15821145E+03   0.53268732E-04   0.53268732E-04   0.00000000E+00
  17.150   5.150   0.15820479E+03   0.53135419E-04   0.53135419E-04   0.00000000E+00
  17.167   5.167   0.15819814E+03   0.53001446E-04   0.53001446E-04   0.00000000E+00
  17.183   5.183   0.15819149E+03   0.52866828E-04   0.52866828E-04   0.00000000E+00
  17.200   5.200   0.15818485E+03   0.52731580E-04   0.52731580E-04   0.00000000E+00
  17.217   5.217   0.15817822E+03   0.52595717E-04   0.52595717E-04   0.00000000E+00
  17.233   5.233   0.15817159E+03   0.52459254E-04   0.52459254E-04   0.00000000E+00
  17.250   5.250   0.15816497E+03   0.52322203E-04   0.52322203E-04   0.00000000E+00
  17.267   5.267   0.15815835E+03   0.52184578E-04   0.52184578E-04   0.00000000E+00
  17.283   5.283   0.15815174E+03   0.52046394E-04   0.52046394E-04   0.00000000E+00
  17.300   5.300   0.15814514E+03   0.51907662E-04   0.51907662E-04   0.00000000E+00
  17.317   5.317   0.15813854E+03   0.51768397E-04   0.51768397E-04   0.00000000E+00
  17.333   5.333   0.15813195E+03   0.51628610E-04   0.51628610E-04   0.00000000E+00
  17.350   5.350   0.15812536E+03   0.51488313E-04   0.51488313E-04   0.00000000E+00
  17.367   5.367   0.15811878E+03   0.51347519E-04   0.51347519E-04   0.00000000E+00
  17.383   5.383   0.15811221E+03   0.51206239E-04   0.51206239E-04   0.00000000E+00
  17.400   5.400   0.15810564E+03   0.51064485E-04   0.51064485E-04   0.00000000E+00
  17.417   5.417   0.15809908E+03   0.50922268E-04   0.50922268E-04   0.00000000E+00
  17.433   5.433   0.15809253E+03   0.50779600E-04   0.50779600E-04   0.00000000E+00
  17.450   5.450   0.15808599E+03   0.50636490E-04   0.50636490E-04   0.00000000E+00
  17.467   5.467   0.15807945E+03   0.50492951E-04   0.50492951E-04   0.00000000E+00
  17.483   5.483   0.15807291E+03   0.50348992E-04   0.50348992E-04   0.00000000E+00
  17.500   5.500   0.15806639E+03   0.50204623E-04   0.50204623E-04   0.00000000E+00
  17.517   5.517   0.15805987E+03   0.50059855E-04   0.50059855E-04   0.00000000E+00
  17.533   5.533   0.15805336E+03   0.49914697E-04   0.49914697E-04   0.00000000E+00
  17.550   5.550   0.15804685E+03   0.49769160E-04   0.49769160E-04   0.00000000E+00
  17.567   5.567   0.15804036E+03   0.49623252E-04   0.49623252E-04   0.00000000E+00
  17.583   5.583   0.15803387E+03   0.49476982E-04   0.49476982E-04   0.00000000E+00
  17.600   5.600   0.15802738E+03   0.49330361E-04   0.49330361E-04   0.00000000E+00
  17.617   5.617   0.15802091E+03   0.49183397E-04   0.49183397E-04   0.00000000E+00
  17.633   5.633   0.15801444E+03   0.49036099E-04   0.49036099E-04   0.00000000E+00
  17.650   5.650   0.15800798E+03   0.48888475E-04   0.48888475E-04   0.00000000E+00
  17.667   5.667   0.15800153E+03   0.48740534E-04   0.48740534E-04   0.00000000E+00
  17.683   5.683   0.15799509E+03   0.48592284E-04   0.48592284E-04   0.00000000E+00
  17.700   5.700   0.15798866E+03   0.48443734E-04   0.48443734E-04   0.00000000E+00
  17.717   5.717   0.15798223E+03   0.48294891E-04   0.48294891E-04   0.00000000E+00
  17.733   5.733   0.15797582E+03   0.48145763E-04   0.48145763E-04   0.00000000E+00
  17.750   5.750   0.15796941E+03   0.47996358E-04   0.47996358E-04   0.00000000E+00
  17.767   5.767   0.15796301E+03   0.47846684E-04   0.47846684E-04   0.00000000E+00
  17.783   5.783   0.15795662E+03   0.47696748E-04   0.47696748E-04   0.00000000E+00
  17.800   5.800   0.15795024E+03   0.47546557E-04   0.47546557E-04   0.00000000E+00
  17.817   5.817   0.15794387E+03   0.47396118E-04   0.47396118E-04   0.00000000E+00
  17.833   5.833   0.15793751E+03   0.47245439E-04   0.47245439E-04   0.00000000E+00
  17.850   5.850   0.15793115E+03   0.47094526E-04   0.47094526E-04   0.00000000E+00
  17.867   5.867   0.15792481E+03   0.46943386E-04   0.46943386E-04   0.00000000E+00
  17.883   5.883   0.15791848E+03   0.46792025E-04   0.46792025E-04   0.00000000E+00
  17.900   5.900   0.15791216E+03   0.46640451E-04   0.46640451E-04   0.00000000E+00
  17.917   5.917   0.15790585E+03   0.46488669E-04   0.46488669E-04   0.00000000E+00
  17.933   5.933   0.15789955E+03   0.46336687E-04   0.46336687E-04   0.00000000E+00
  17.950   5.950   0.15789326E+03   0.46184509E-04   0.46184509E-04   0.00000000E+00
  17.967   5.967   0.15788698E+03   0.46032142E-04   0.46032142E-04   0.00000000E+00
  17.983   5.983   0.15788071E+03   0.45879592E-04   0.45879592E-04   0.00000000E+00
  18.000   6.000   0.15787445E+03   0.45726864E-04   0.45726864E-04   0.00000000E+00
  18.017   6.017   0.15786820E+03   0.45573965E-04   0.45573965E-04   0.00000000E+00
  18.033   6.033   0.15786197E+03   0.45420900E-04   0.45420900E-04   0.00000000E+00
  18.050   6.050   0.15785575E+03   0.45267675E-04   0.45267675E-04   0.00000000E+00
  18.067   6.067   0.15784953E+03   0.45114294E-04   0.45114294E-04   0.00000000E+00
  18.083   6.083   0.15784333E+03   0.44960763E-04   0.44960763E-04   0.00000000E+00
  18.100   6.100   0.15783715E+03   0.44807087E-04   0.44807087E-04   0.00000000E+00
  18.117   6.117   0.15783097E+03   0.44653271E-04   0.44653271E-04   0.00000000E+00
  18.133   6.133   0.15782481E+03   0.44499320E-04   0.44499320E-04   0.00000000E+00
  18.150   6.150   0.15781866E+03   0.44345240E-04   0.44345240E-04   0.00000000E+00
  18.167   6.167   0.15781252E+03   0.44191034E-04   0.44191034E-04   0.00000000E+00
  18.183   6.183   0.15780640E+03   0.44036707E-04   0.44036707E-04   0.00000000E+00
  18.200   6.200   0.15780029E+03   0.43882265E-04   0.43882265E-04   0.00000000E+00
  18.217   6.217   0.15779419E+03   0.43727710E-04   0.43727710E-04   0.00000000E+00
  18.233   6.233   0.15778811E+03   0.43573049E-04   0.43573049E-04   0.00000000E+00
  18.250   6.250   0.15778204E+03   0.43418284E-04   0.43418284E-04   0.00000000E+00
  18.267   6.267   0.15777599E+03   0.43263421E-04   0.43263421E-04   0.00000000E+00
  18.283   6.283   0.15776995E+03   0.43108464E-04   0.43108464E-04   0.00000000E+00
  18.300   6.300   0.15776392E+03   0.42953415E-04   0.42953415E-04   0.00000000E+00
  18.317   6.317   0.15775791E+03   0.42798280E-04   0.42798280E-04   0.00000000E+00
  18.333   6.333   0.15775191E+03   0.42643062E-04   0.42643062E-04   0.00000000E+00
  18.350   6.350   0.15774593E+03   0.42487765E-04   0.42487765E-04   0.00000000E+00
  18.367   6.367   0.15773996E+03   0.42332393E-04   0.42332393E-04   0.00000000E+00
  18.383   6.383   0.15773401E+03   0.42176949E-04   0.42176949E-04   0.00000000E+00
  18.400   6.400   0.15772807E+03   0.42021436E-04   0.42021436E-04   0.00000000E+00
  18.417   6.417   0.15772215E+03   0.41865859E-04   0.41865859E-04   0.00000000E+00
  18.433   6.433   0.15771625E+03   0.41710221E-04   0.41710221E-04   0.00000000E+00
  18.450   6.450   0.15771036E+03   0.41554524E-04   0.41554524E-04   0.00000000E+00
  18.467   6.467   0.15770449E+03   0.41398773E-04   0.41398773E-04   0.00000000E+00
  18.483   6.483   0.15769863E+03   0.41242970E-04   0.41242970E-04   0.00000000E+00
  18.500   6.500   0.15769279E+03   0.41087118E-04   0.41087118E-04   0.00000000E+00
  18.517   6.517   0.15768697E+03   0.40931221E-04   0.40931221E-04   0.00000000E+00
  18.533   6.533   0.15768116E+03   0.40775281E-04   0.40775281E-04   0.00000000E+00
  18.550   6.550   0.15767537E+03   0.40619302E-04   0.40619302E-04   0.00000000E+00
  18.567   6.567   0.15766960E+03   0.40463285E-04   0.40463285E-04   0.00000000E+00
  18.583   6.583   0.15766385E+03   0.40307235E-04   0.40307235E-04   0.00000000E+00
  18.600   6.600   0.15765811E+03   0.40151153E-04   0.40151153E-04   0.00000000E+00
  18.617   6.617   0.15765239E+03   0.39995042E-04   0.39995042E-04   0.00000000E+00
  18.633   6.633   0.15764669E+03   0.39838905E-04   0.39838905E-04   0.00000000E+00
  18.650   6.650   0.15764101E+03   0.39682744E-04   0.39682744E-04   0.00000000E+00
  18.667   6.667   0.15763535E+03   0.39526562E-04   0.39526562E-04   0.00000000E+00
  18.683   6.683   0.15762971E+03   0.39370361E-04   0.39370361E-04   0.00000000E+00
  18.700   6.700   0.15762408E+03   0.39214144E-04   0.39214144E-04   0.00000000E+00
  18.717   6.717   0.15761847E+03   0.39057912E-04   0.39057912E-04   0.00000000E+00
  18.733   6.733   0.15761289E+03   0.38901668E-04   0.38901668E-04   0.00000000E+00
  18.750   6.750   0.15760732E+03   0.38745414E-04   0.38745414E-04   0.00000000E+00
  18.767   6.767   0.15760177E+03   0.38589152E-04   0.38589152E-04   0.00000000E+00
  18.783   6.783   0.15759624E+03   0.38432885E-04   0.38432885E-04   0.00000000E+00
  18.800   6.800   0.15759074E+03   0.38276614E-04   0.38276614E-04   0.00000000E+00
  18.817   6.817   0.15758525E+03   0.38120341E-04   0.38120341E-04   0.00000000E+00
  18.833   6.833   0.15757978E+03   0.37964068E-04   0.37964068E-04   0.00000000E+00
  18.850   6.850   0.15757433E+03   0.37807797E-04   0.37807797E-04   0.00000000E+00
  18.867   6.867   0.15756891E+03   0.37651530E-04   0.37651530E-04   0.00000000E+00
  18.883   6.883   0.15756350E+03   0.37495269E-04   0.37495269E-04   0.00000000E+00
  18.900   6.900   0.15755812E+03   0.37339015E-04   0.37339015E-04   0.00000000E+00
  18.917   6.917   0.15755276E+03   0.37182769E-04   0.37182769E-04   0.00000000E+00
  18.933   6.933   0.15754742E+03   0.37026535E-04   0.37026535E-04   0.00000000E+00
  18.950   6.950   0.15754210E+03   0.36870313E-04   0.36870313E-04   0.00000000E+00
  18.967   6.967   0.15753680E+03   0.36714104E-04   0.36714104E-04   0.00000000E+00
  18.983   6.983   0.15753152E+03   0.36557911E-04   0.36557911E-04   0.00000000E+00
  19.000   7.000   0.15752627E+03   0.36401734E-04   0.36401734E-04   0.00000000E+00
  19.017   7.017   0.15752104E+03   0.36245576E-04   0.36245576E-04   0.00000000E+00
  19.033   7.033   0.15751583E+03   0.36089437E-04   0.36089437E-04   0.00000000E+00
  19.050   7.050   0.15751064E+03   0.35933320E-04   0.35933320E-04   0.00000000E+00
  19.067   7.067   0.15750548E+03   0.35777224E-04   0.35777224E-04   0.00000000E+00
  19.083   7.083   0.15750034E+03   0.35621153E-04   0.35621153E-04   0.00000000E+00
  19.100   7.100   0.15749522E+03   0.35465106E-04   0.35465106E-04   0.00000000E+00
  19.117   7.117   0.15749013E+03   0.35309085E-04   0.35309085E-04   0.00000000E+00
  19.133   7.133   0.15748506E+03   0.35153091E-04   0.35153091E-04   0.00000000E+00
  19.150   7.150   0.15748002E+03   0.34997126E-04   0.34997126E-04   0.00000000E+00
  19.167   7.167   0.15747499E+03   0.34841191E-04   0.34841191E-04   0.00000000E+00
  19.183   7.183   0.15747000E+03   0.34685286E-04   0.34685286E-04   0.00000000E+00
  19.200   7.200   0.15746502E+03   0.34529413E-04   0.34529413E-04   0.00000000E+00
  19.217   7.217   0.15746008E+03   0.34373573E-04   0.34373573E-04   0.00000000E+00
  19.233   7.233   0.15745515E+03   0.34217767E-04   0.34217767E-04   0.00000000E+00
  19.250   7.250   0.15745025E+03   0.34061996E-04   0.34061996E-04   0.00000000E+00
  19.267   7.267   0.15744538E+03   0.33906261E-04   0.33906261E-04   0.00000000E+00
  19.283   7.283   0.15744053E+03   0.33750563E-04   0.33750563E-04   0.00000000E+00
  19.300   7.300   0.15743570E+03   0.33594902E-04   0.33594902E-04   0.00000000E+00
  19.317   7.317   0.15743091E+03   0.33439281E-04   0.33439281E-04   0.00000000E+00
  19.333   7.333   0.15742613E+03   0.33283699E-04   0.33283699E-04   0.00000000E+00
  19.350   7.350   0.15742139E+03   0.33128157E-04   0.33128157E-04   0.00000000E+00
  19.367   7.367   0.15741667E+03   0.32972657E-04   0.32972657E-04   0.00000000E+00
  19.383   7.383   0.15741197E+03   0.32817199E-04   0.32817199E-04   0.00000000E+00
  19.400   7.400   0.15740730E+03   0.32661784E-04   0.32661784E-04   0.00000000E+00
  19.417   7.417   0.15740266E+03   0.32506414E-04   0.32506414E-04   0.00000000E+00
  19.433   7.433   0.15739804E+03   0.32351087E-04   0.32351087E-04   0.00000000E+00
  19.450   7.450   0.15739345E+03   0.32195807E-04   0.32195807E-04   0.00000000E+00
  19.467   7.467   0.15738889E+03   0.32040573E-04   0.32040573E-04   0.00000000E+00
  19.483   7.483   0.15738436E+03   0.31885385E-04   0.31885385E-04   0.00000000E+00
  19.500   7.500   0.15737985E+03   0.31730246E-04   0.31730246E-04   0.00000000E+00
  19.517   7.517   0.15737537E+03   0.31575155E-04   0.31575155E-04   0.00000000E+00
  19.533   7.533   0.15737092E+03   0.31420114E-04   0.31420114E-04   0.00000000E+00
  19.550   7.550   0.15736649E+03   0.31265122E-04   0.31265122E-04   0.00000000E+00
  19.567   7.567   0.15736209E+03   0.31110182E-04   0.31110182E-04   0.00000000E+00
  19.583   7.583   0.15735772E+03   0.30955293E-04   0.30955293E-04   0.00000000E+00
  19.600   7.600   0.15735338E+03   0.30800456E-04   0.30800456E-04   0.00000000E+00
  19.617   7.617   0.15734907E+03   0.30645672E-04   0.30645672E-04   0.00000000E+00
  19.633   7.633   0.15734478E+03   0.30490942E-04   0.30490942E-04   0.00000000E+00
  19.650   7.650   0.15734052E+03   0.30336266E-04   0.30336266E-04   0.00000000E+00
  19.667   7.667   0.15733629E+03   0.30181645E-04   0.30181645E-04   0.00000000E+00
  19.683   7.683   0.15733209E+03   0.30027080E-04   0.30027080E-04   0.00000000E+00
  19.700   7.700   0.15732792E+03   0.29872572E-04   0.29872572E-04   0.00000000E+00
  19.717   7.717   0.15732378E+03   0.29718121E-04   0.29718121E-04   0.00000000E+00
  19.733   7.733   0.15731967E+03   0.29563727E-04   0.29563727E-04   0.00000000E+00
  19.750   7.750   0.15731558E+03   0.29409393E-04   0.29409393E-04   0.00000000E+00
  19.767   7.767   0.15731153E+03   0.29255117E-04   0.29255117E-04   0.00000000E+00
  19.783   7.783   0.15730750E+03   0.29100902E-04   0.29100902E-04   0.00000000E+00
  19.800   7.800   0.15730350E+03   0.28946748E-04   0.28946748E-04   0.00000000E+00
  19.817   7.817   0.15729954E+03   0.28792655E-04   0.28792655E-04   0.00000000E+00
  19.833   7.833   0.15729560E+03   0.28638625E-04   0.28638625E-04   0.00000000E+00
  19.850   7.850   0.15729169E+03   0.28484658E-04   0.28484658E-04   0.00000000E+00
  19.867   7.867   0.15728782E+03   0.28330754E-04   0.28330754E-04   0.00000000E+00
  19.883   7.883   0.15728397E+03   0.28176915E-04   0.28176915E-04   0.00000000E+00
  19.900   7.900   0.15728015E+03   0.28023142E-04   0.28023142E-04   0.00000000E+00
  19.917   7.917   0.15727636E+03   0.27869435E-04   0.27869435E-04   0.00000000E+00
  19.933   7.933   0.15727261E+03   0.27715795E-04   0.27715795E-04   0.00000000E+00
  19.950   7.950   0.15726888E+03   0.27562223E-04   0.27562223E-04   0.00000000E+00
  19.967   7.967   0.15726519E+03   0.27408720E-04   0.27408720E-04   0.00000000E+00
  19.983   7.983   0.15726152E+03   0.27255286E-04   0.27255286E-04   0.00000000E+00
  20.000   8.000   0.15725789E+03   0.27101923E-04   0.27101923E-04   0.00000000E+00
  20.017   8.017   0.15725428E+03   0.26948632E-04   0.26948632E-04   0.00000000E+00
  20.033   8.033   0.15725071E+03   0.26795412E-04   0.26795412E-04   0.00000000E+00
  20.050   8.050   0.15724717E+03   0.26642266E-04   0.26642266E-04   0.00000000E+00
  20.067   8.067   0.15724366E+03   0.26489195E-04   0.26489195E-04   0.00000000E+00
  20.083   8.083   0.15724018E+03   0.26336198E-04   0.26336198E-04   0.00000000E+00
  20.100   8.100   0.15723673E+03   0.26183278E-04   0.26183278E-04   0.00000000E+00
  20.117   8.117   0.15723331E+03   0.26030435E-04   0.26030435E-04   0.00000000E+00
  20.133   8.133   0.15722992E+03   0.25877670E-04   0.25877670E-04   0.00000000E+00
  20.150   8.150   0.15722657E+03   0.25724985E-04   0.25724985E-04   0.00000000E+00
  20.167   8.167   0.15722324E+03   0.25572381E-04   0.25572381E-04   0.00000000E+00
  20.183   8.183   0.15721995E+03   0.25419858E-04   0.25419858E-04   0.00000000E+00
  20.200   8.200   0.15721669E+03   0.25267418E-04   0.25267418E-04   0.00000000E+00
  20.217   8.217   0.15721346E+03   0.25115062E-04   0.25115062E-04   0.00000000E+00
  20.233   8.233   0.15721026E+03   0.24962791E-04   0.24962791E-04   0.00000000E+00
  20.250   8.250   0.15720710E+03   0.24810607E-04   0.24810607E-04   0.00000000E+00
  20.267   8.267   0.15720396E+03   0.24658511E-04   0.24658511E-04   0.00000000E+00
  20.283   8.283   0.15720086E+03   0.24506504E-04   0.24506504E-04   0.00000000E+00
  20.300   8.300   0.15719779E+03   0.24354587E-04   0.24354587E-04   0.00000000E+00
  20.317   8.317   0.15719475E+03   0.24202763E-04   0.24202763E-04   0.00000000E+00
  20.333   8.333   0.15719174E+03   0.24051031E-04   0.24051031E-04   0.00000000E+00
  20.350   8.350   0.15718876E+03   0.23899395E-04   0.23899395E-04   0.00000000E+00
  20.367   8.367   0.15718582E+03   0.23747854E-04   0.23747854E-04   0.00000000E+00
  20.383   8.383   0.15718291E+03   0.23596412E-04   0.23596412E-04   0.00000000E+00
  20.400   8.400   0.15718003E+03   0.23445069E-04   0.23445069E-04   0.00000000E+00
  20.417   8.417   0.15717718E+03   0.23293827E-04   0.23293827E-04   0.00000000E+00
  20.433   8.433   0.15717436E+03   0.23142687E-04   0.23142687E-04   0.00000000E+00
  20.450   8.450   0.15717157E+03   0.22991652E-04   0.22991652E-04   0.00000000E+00
  20.467   8.467   0.15716882E+03   0.22840723E-04   0.22840723E-04   0.00000000E+00
  20.483   8.483   0.15716610E+03   0.22689902E-04   0.22689902E-04   0.00000000E+00
  20.500   8.500   0.15716341E+03   0.22539191E-04   0.22539191E-04   0.00000000E+00
  20.517   8.517   0.15716075E+03   0.22388591E-04   0.22388591E-04   0.00000000E+00
  20.533   8.533   0.15715812E+03   0.22238105E-04   0.22238105E-04   0.00000000E+00
  20.550   8.550   0.15715553E+03   0.22087734E-04   0.22087734E-04   0.00000000E+00
  20.567   8.567   0.15715296E+03   0.21937481E-04   0.21937481E-04   0.00000000E+00
  20.583   8.583   0.15715043E+03   0.21787347E-04   0.21787347E-04   0.00000000E+00
  20.600   8.600   0.15714793E+03   0.21637335E-04   0.21637335E-04   0.00000000E+00
  20.617   8.617   0.15714546E+03   0.21487446E-04   0.21487446E-04   0.00000000E+00
  20.633   8.633   0.15714302E+03   0.21337684E-04   0.21337684E-04   0.00000000E+00
  20.650   8.650   0.15714061E+03   0.21188049E-04   0.21188049E-04   0.00000000E+00
  20.667   8.667   0.15713824E+03   0.21038546E-04   0.21038546E-04   0.00000000E+00
  20.683   8.683   0.15713589E+03   0.20889175E-04   0.20889175E-04   0.00000000E+00
  20.700   8.700   0.15713358E+03   0.20739939E-04   0.20739939E-04   0.00000000E+00
  20.717   8.717   0.15713130E+03   0.20590841E-04   0.20590841E-04   0.00000000E+00
  20.733   8.733   0.15712905E+03   0.20441884E-04   0.20441884E-04   0.00000000E+00
  20.750   8.750   0.15712683E+03   0.20293069E-04   0.20293069E-04   0.00000000E+00
  20.767   8.767   0.15712464E+03   0.20144400E-04   0.20144400E-04   0.00000000E+00
  20.783   8.783   0.15712248E+03   0.19995879E-04   0.19995879E-04   0.00000000E+00
  20.800   8.800   0.15712035E+03   0.19847509E-04   0.19847509E-04   0.00000000E+00
  20.817   8.817   0.15711825E+03   0.19699292E-04   0.19699292E-04   0.00000000E+00
  20.833   8.833   0.15711618E+03   0.19551232E-04   0.19551232E-04   0.00000000E+00
  20.850   8.850   0.15711414E+03   0.19403331E-04   0.19403331E-04   0.00000000E+00
  20.867   8.867   0.15711214E+03   0.19255593E-04   0.19255593E-04   0.00000000E+00
  20.883   8.883   0.15711016E+03   0.19108020E-04   0.19108020E-04   0.00000000E+00
  20.900   8.900   0.15710821E+03   0.18960616E-04   0.18960616E-04   0.00000000E+00
  20.917   8.917   0.15710629E+03   0.18813383E-04   0.18813383E-04   0.00000000E+00
  20.933   8.933   0.15710440E+03   0.18666325E-04   0.18666325E-04   0.00000000E+00
  20.950   8.950   0.15710254E+03   0.18519446E-04   0.18519446E-04   0.00000000E+00
  20.967   8.967   0.15710071E+03   0.18372748E-04   0.18372748E-04   0.00000000E+00
