        RT(hours)            [CO2]         tot_loss         tot_prod
  12.017   0.017   0.39000000E+06   0.00000000E+00   0.00000000E+00
  12.033   0.033   0.39000000E+06   0.00000000E+00   0.00000000E+00
  12.050   0.050   0.39000000E+06   0.00000000E+00   0.00000000E+00
  12.067   0.067   0.39000000E+06   0.00000000E+00   0.00000000E+00
  12.083   0.083   0.39000000E+06   0.00000000E+00   0.00000000E+00
  12.100   0.100   0.39000000E+06   0.00000000E+00   0.00000000E+00
  12.117   0.117   0.39000000E+06   0.00000000E+00   0.00000000E+00
  12.133   0.133   0.39000000E+06   0.00000000E+00   0.00000000E+00
  12.150   0.150   0.39000000E+06   0.00000000E+00   0.00000000E+00
  12.167   0.167   0.39000000E+06   0.00000000E+00   0.00000000E+00
  12.183   0.183   0.39000000E+06   0.00000000E+00   0.00000000E+00
  12.200   0.200   0.39000000E+06   0.00000000E+00   0.00000000E+00
  12.217   0.217   0.39000000E+06   0.00000000E+00   0.00000000E+00
  12.233   0.233   0.39000000E+06   0.00000000E+00   0.00000000E+00
  12.250   0.250   0.39000000E+06   0.00000000E+00   0.00000000E+00
  12.267   0.267   0.39000000E+06   0.00000000E+00   0.00000000E+00
  12.283   0.283   0.39000000E+06   0.00000000E+00   0.00000000E+00
  12.300   0.300   0.39000000E+06   0.00000000E+00   0.00000000E+00
  12.317   0.317   0.39000000E+06   0.00000000E+00   0.00000000E+00
  12.333   0.333   0.39000000E+06   0.00000000E+00   0.00000000E+00
  12.350   0.350   0.39000000E+06   0.00000000E+00   0.00000000E+00
  12.367   0.367   0.39000000E+06   0.00000000E+00   0.00000000E+00
  12.383   0.383   0.39000000E+06   0.00000000E+00   0.00000000E+00
  12.400   0.400   0.39000000E+06   0.00000000E+00   0.00000000E+00
  12.417   0.417   0.39000000E+06   0.00000000E+00   0.00000000E+00
  12.433   0.433   0.39000000E+06   0.00000000E+00   0.00000000E+00
  12.450   0.450   0.39000000E+06   0.00000000E+00   0.00000000E+00
  12.467   0.467   0.39000000E+06   0.00000000E+00   0.00000000E+00
  12.483   0.483   0.39000000E+06   0.00000000E+00   0.00000000E+00
  12.500   0.500   0.39000000E+06   0.00000000E+00   0.00000000E+00
  12.517   0.517   0.39000000E+06   0.00000000E+00   0.00000000E+00
  12.533   0.533   0.39000000E+06   0.00000000E+00   0.00000000E+00
  12.550   0.550   0.39000000E+06   0.00000000E+00   0.00000000E+00
  12.567   0.567   0.39000000E+06   0.00000000E+00   0.00000000E+00
  12.583   0.583   0.39000000E+06   0.00000000E+00   0.00000000E+00
  12.600   0.600   0.39000000E+06   0.00000000E+00   0.00000000E+00
  12.617   0.617   0.39000000E+06   0.00000000E+00   0.00000000E+00
  12.633   0.633   0.39000000E+06   0.00000000E+00   0.00000000E+00
  12.650   0.650   0.39000000E+06   0.00000000E+00   0.00000000E+00
  12.667   0.667   0.39000000E+06   0.00000000E+00   0.00000000E+00
  12.683   0.683   0.39000000E+06   0.00000000E+00   0.00000000E+00
  12.700   0.700   0.39000000E+06   0.00000000E+00   0.00000000E+00
  12.717   0.717   0.39000000E+06   0.00000000E+00   0.00000000E+00
  12.733   0.733   0.39000000E+06   0.00000000E+00   0.00000000E+00
  12.750   0.750   0.39000000E+06   0.00000000E+00   0.00000000E+00
  12.767   0.767   0.39000000E+06   0.00000000E+00   0.00000000E+00
  12.783   0.783   0.39000000E+06   0.00000000E+00   0.00000000E+00
  12.800   0.800   0.39000000E+06   0.00000000E+00   0.00000000E+00
  12.817   0.817   0.39000000E+06   0.00000000E+00   0.00000000E+00
  12.833   0.833   0.39000000E+06   0.00000000E+00   0.00000000E+00
  12.850   0.850   0.39000000E+06   0.00000000E+00   0.00000000E+00
  12.867   0.867   0.39000000E+06   0.00000000E+00   0.00000000E+00
  12.883   0.883   0.39000000E+06   0.00000000E+00   0.00000000E+00
  12.900   0.900   0.39000000E+06   0.00000000E+00   0.00000000E+00
  12.917   0.917   0.39000000E+06   0.00000000E+00   0.00000000E+00
  12.933   0.933   0.39000000E+06   0.00000000E+00   0.00000000E+00
  12.950   0.950   0.39000000E+06   0.00000000E+00   0.00000000E+00
  12.967   0.967   0.39000000E+06   0.00000000E+00   0.00000000E+00
  12.983   0.983   0.39000000E+06   0.00000000E+00   0.00000000E+00
  13.000   1.000   0.39000000E+06   0.00000000E+00   0.00000000E+00
  13.017   1.017   0.39000000E+06   0.00000000E+00   0.00000000E+00
  13.033   1.033   0.39000000E+06   0.00000000E+00   0.00000000E+00
  13.050   1.050   0.39000000E+06   0.00000000E+00   0.00000000E+00
  13.067   1.067   0.39000000E+06   0.00000000E+00   0.00000000E+00
  13.083   1.083   0.39000000E+06   0.00000000E+00   0.00000000E+00
  13.100   1.100   0.39000000E+06   0.00000000E+00   0.00000000E+00
  13.117   1.117   0.39000000E+06   0.00000000E+00   0.00000000E+00
  13.133   1.133   0.39000000E+06   0.00000000E+00   0.00000000E+00
  13.150   1.150   0.39000000E+06   0.00000000E+00   0.00000000E+00
  13.167   1.167   0.39000000E+06   0.00000000E+00   0.00000000E+00
  13.183   1.183   0.39000000E+06   0.00000000E+00   0.00000000E+00
  13.200   1.200   0.39000000E+06   0.00000000E+00   0.00000000E+00
  13.217   1.217   0.39000000E+06   0.00000000E+00   0.00000000E+00
  13.233   1.233   0.39000000E+06   0.00000000E+00   0.00000000E+00
  13.250   1.250   0.39000000E+06   0.00000000E+00   0.00000000E+00
  13.267   1.267   0.39000000E+06   0.00000000E+00   0.00000000E+00
  13.283   1.283   0.39000000E+06   0.00000000E+00   0.00000000E+00
  13.300   1.300   0.39000000E+06   0.00000000E+00   0.00000000E+00
  13.317   1.317   0.39000000E+06   0.00000000E+00   0.00000000E+00
  13.333   1.333   0.39000000E+06   0.00000000E+00   0.00000000E+00
  13.350   1.350   0.39000000E+06   0.00000000E+00   0.00000000E+00
  13.367   1.367   0.39000000E+06   0.00000000E+00   0.00000000E+00
  13.383   1.383   0.39000000E+06   0.00000000E+00   0.00000000E+00
  13.400   1.400   0.39000000E+06   0.00000000E+00   0.00000000E+00
  13.417   1.417   0.39000000E+06   0.00000000E+00   0.00000000E+00
  13.433   1.433   0.39000000E+06   0.00000000E+00   0.00000000E+00
  13.450   1.450   0.39000000E+06   0.00000000E+00   0.00000000E+00
  13.467   1.467   0.39000000E+06   0.00000000E+00   0.00000000E+00
  13.483   1.483   0.39000000E+06   0.00000000E+00   0.00000000E+00
  13.500   1.500   0.39000000E+06   0.00000000E+00   0.00000000E+00
  13.517   1.517   0.39000000E+06   0.00000000E+00   0.00000000E+00
  13.533   1.533   0.39000000E+06   0.00000000E+00   0.00000000E+00
  13.550   1.550   0.39000000E+06   0.00000000E+00   0.00000000E+00
  13.567   1.567   0.39000000E+06   0.00000000E+00   0.00000000E+00
  13.583   1.583   0.39000000E+06   0.00000000E+00   0.00000000E+00
  13.600   1.600   0.39000000E+06   0.00000000E+00   0.00000000E+00
  13.617   1.617   0.39000000E+06   0.00000000E+00   0.00000000E+00
  13.633   1.633   0.39000000E+06   0.00000000E+00   0.00000000E+00
  13.650   1.650   0.39000000E+06   0.00000000E+00   0.00000000E+00
  13.667   1.667   0.39000000E+06   0.00000000E+00   0.00000000E+00
  13.683   1.683   0.39000000E+06   0.00000000E+00   0.00000000E+00
  13.700   1.700   0.39000000E+06   0.00000000E+00   0.00000000E+00
  13.717   1.717   0.39000000E+06   0.00000000E+00   0.00000000E+00
  13.733   1.733   0.39000000E+06   0.00000000E+00   0.00000000E+00
  13.750   1.750   0.39000000E+06   0.00000000E+00   0.00000000E+00
  13.767   1.767   0.39000000E+06   0.00000000E+00   0.00000000E+00
  13.783   1.783   0.39000000E+06   0.00000000E+00   0.00000000E+00
  13.800   1.800   0.39000000E+06   0.00000000E+00   0.00000000E+00
  13.817   1.817   0.39000000E+06   0.00000000E+00   0.00000000E+00
  13.833   1.833   0.39000000E+06   0.00000000E+00   0.00000000E+00
  13.850   1.850   0.39000000E+06   0.00000000E+00   0.00000000E+00
  13.867   1.867   0.39000000E+06   0.00000000E+00   0.00000000E+00
  13.883   1.883   0.39000000E+06   0.00000000E+00   0.00000000E+00
  13.900   1.900   0.39000000E+06   0.00000000E+00   0.00000000E+00
  13.917   1.917   0.39000000E+06   0.00000000E+00   0.00000000E+00
  13.933   1.933   0.39000000E+06   0.00000000E+00   0.00000000E+00
  13.950   1.950   0.39000000E+06   0.00000000E+00   0.00000000E+00
  13.967   1.967   0.39000000E+06   0.00000000E+00   0.00000000E+00
  13.983   1.983   0.39000000E+06   0.00000000E+00   0.00000000E+00
  14.000   2.000   0.39000000E+06   0.00000000E+00   0.00000000E+00
  14.017   2.017   0.39000000E+06   0.00000000E+00   0.00000000E+00
  14.033   2.033   0.39000000E+06   0.00000000E+00   0.00000000E+00
  14.050   2.050   0.39000000E+06   0.00000000E+00   0.00000000E+00
  14.067   2.067   0.39000000E+06   0.00000000E+00   0.00000000E+00
  14.083   2.083   0.39000000E+06   0.00000000E+00   0.00000000E+00
  14.100   2.100   0.39000000E+06   0.00000000E+00   0.00000000E+00
  14.117   2.117   0.39000000E+06   0.00000000E+00   0.00000000E+00
  14.133   2.133   0.39000000E+06   0.00000000E+00   0.00000000E+00
  14.150   2.150   0.39000000E+06   0.00000000E+00   0.00000000E+00
  14.167   2.167   0.39000000E+06   0.00000000E+00   0.00000000E+00
  14.183   2.183   0.39000000E+06   0.00000000E+00   0.00000000E+00
  14.200   2.200   0.39000000E+06   0.00000000E+00   0.00000000E+00
  14.217   2.217   0.39000000E+06   0.00000000E+00   0.00000000E+00
  14.233   2.233   0.39000000E+06   0.00000000E+00   0.00000000E+00
  14.250   2.250   0.39000000E+06   0.00000000E+00   0.00000000E+00
  14.267   2.267   0.39000000E+06   0.00000000E+00   0.00000000E+00
  14.283   2.283   0.39000000E+06   0.00000000E+00   0.00000000E+00
  14.300   2.300   0.39000000E+06   0.00000000E+00   0.00000000E+00
  14.317   2.317   0.39000000E+06   0.00000000E+00   0.00000000E+00
  14.333   2.333   0.39000000E+06   0.00000000E+00   0.00000000E+00
  14.350   2.350   0.39000000E+06   0.00000000E+00   0.00000000E+00
  14.367   2.367   0.39000000E+06   0.00000000E+00   0.00000000E+00
  14.383   2.383   0.39000000E+06   0.00000000E+00   0.00000000E+00
  14.400   2.400   0.39000000E+06   0.00000000E+00   0.00000000E+00
  14.417   2.417   0.39000000E+06   0.00000000E+00   0.00000000E+00
  14.433   2.433   0.39000000E+06   0.00000000E+00   0.00000000E+00
  14.450   2.450   0.39000000E+06   0.00000000E+00   0.00000000E+00
  14.467   2.467   0.39000000E+06   0.00000000E+00   0.00000000E+00
  14.483   2.483   0.39000000E+06   0.00000000E+00   0.00000000E+00
  14.500   2.500   0.39000000E+06   0.00000000E+00   0.00000000E+00
  14.517   2.517   0.39000000E+06   0.00000000E+00   0.00000000E+00
  14.533   2.533   0.39000000E+06   0.00000000E+00   0.00000000E+00
  14.550   2.550   0.39000000E+06   0.00000000E+00   0.00000000E+00
  14.567   2.567   0.39000000E+06   0.00000000E+00   0.00000000E+00
  14.583   2.583   0.39000000E+06   0.00000000E+00   0.00000000E+00
  14.600   2.600   0.39000000E+06   0.00000000E+00   0.00000000E+00
  14.617   2.617   0.39000000E+06   0.00000000E+00   0.00000000E+00
  14.633   2.633   0.39000000E+06   0.00000000E+00   0.00000000E+00
  14.650   2.650   0.39000000E+06   0.00000000E+00   0.00000000E+00
  14.667   2.667   0.39000000E+06   0.00000000E+00   0.00000000E+00
  14.683   2.683   0.39000000E+06   0.00000000E+00   0.00000000E+00
  14.700   2.700   0.39000000E+06   0.00000000E+00   0.00000000E+00
  14.717   2.717   0.39000000E+06   0.00000000E+00   0.00000000E+00
  14.733   2.733   0.39000000E+06   0.00000000E+00   0.00000000E+00
  14.750   2.750   0.39000000E+06   0.00000000E+00   0.00000000E+00
  14.767   2.767   0.39000000E+06   0.00000000E+00   0.00000000E+00
  14.783   2.783   0.39000000E+06   0.00000000E+00   0.00000000E+00
  14.800   2.800   0.39000000E+06   0.00000000E+00   0.00000000E+00
  14.817   2.817   0.39000000E+06   0.00000000E+00   0.00000000E+00
  14.833   2.833   0.39000000E+06   0.00000000E+00   0.00000000E+00
  14.850   2.850   0.39000000E+06   0.00000000E+00   0.00000000E+00
  14.867   2.867   0.39000000E+06   0.00000000E+00   0.00000000E+00
  14.883   2.883   0.39000000E+06   0.00000000E+00   0.00000000E+00
  14.900   2.900   0.39000000E+06   0.00000000E+00   0.00000000E+00
  14.917   2.917   0.39000000E+06   0.00000000E+00   0.00000000E+00
  14.933   2.933   0.39000000E+06   0.00000000E+00   0.00000000E+00
  14.950   2.950   0.39000000E+06   0.00000000E+00   0.00000000E+00
  14.967   2.967   0.39000000E+06   0.00000000E+00   0.00000000E+00
  14.983   2.983   0.39000000E+06   0.00000000E+00   0.00000000E+00
  15.000   3.000   0.39000000E+06   0.00000000E+00   0.00000000E+00
  15.017   3.017   0.39000000E+06   0.00000000E+00   0.00000000E+00
  15.033   3.033   0.39000000E+06   0.00000000E+00   0.00000000E+00
  15.050   3.050   0.39000000E+06   0.00000000E+00   0.00000000E+00
  15.067   3.067   0.39000000E+06   0.00000000E+00   0.00000000E+00
  15.083   3.083   0.39000000E+06   0.00000000E+00   0.00000000E+00
  15.100   3.100   0.39000000E+06   0.00000000E+00   0.00000000E+00
  15.117   3.117   0.39000000E+06   0.00000000E+00   0.00000000E+00
  15.133   3.133   0.39000000E+06   0.00000000E+00   0.00000000E+00
  15.150   3.150   0.39000000E+06   0.00000000E+00   0.00000000E+00
  15.167   3.167   0.39000000E+06   0.00000000E+00   0.00000000E+00
  15.183   3.183   0.39000000E+06   0.00000000E+00   0.00000000E+00
  15.200   3.200   0.39000000E+06   0.00000000E+00   0.00000000E+00
  15.217   3.217   0.39000000E+06   0.00000000E+00   0.00000000E+00
  15.233   3.233   0.39000000E+06   0.00000000E+00   0.00000000E+00
  15.250   3.250   0.39000000E+06   0.00000000E+00   0.00000000E+00
  15.267   3.267   0.39000000E+06   0.00000000E+00   0.00000000E+00
  15.283   3.283   0.39000000E+06   0.00000000E+00   0.00000000E+00
  15.300   3.300   0.39000000E+06   0.00000000E+00   0.00000000E+00
  15.317   3.317   0.39000000E+06   0.00000000E+00   0.00000000E+00
  15.333   3.333   0.39000000E+06   0.00000000E+00   0.00000000E+00
  15.350   3.350   0.39000000E+06   0.00000000E+00   0.00000000E+00
  15.367   3.367   0.39000000E+06   0.00000000E+00   0.00000000E+00
  15.383   3.383   0.39000000E+06   0.00000000E+00   0.00000000E+00
  15.400   3.400   0.39000000E+06   0.00000000E+00   0.00000000E+00
  15.417   3.417   0.39000000E+06   0.00000000E+00   0.00000000E+00
  15.433   3.433   0.39000000E+06   0.00000000E+00   0.00000000E+00
  15.450   3.450   0.39000000E+06   0.00000000E+00   0.00000000E+00
  15.467   3.467   0.39000000E+06   0.00000000E+00   0.00000000E+00
  15.483   3.483   0.39000000E+06   0.00000000E+00   0.00000000E+00
  15.500   3.500   0.39000000E+06   0.00000000E+00   0.00000000E+00
  15.517   3.517   0.39000000E+06   0.00000000E+00   0.00000000E+00
  15.533   3.533   0.39000000E+06   0.00000000E+00   0.00000000E+00
  15.550   3.550   0.39000000E+06   0.00000000E+00   0.00000000E+00
  15.567   3.567   0.39000000E+06   0.00000000E+00   0.00000000E+00
  15.583   3.583   0.39000000E+06   0.00000000E+00   0.00000000E+00
  15.600   3.600   0.39000000E+06   0.00000000E+00   0.00000000E+00
  15.617   3.617   0.39000000E+06   0.00000000E+00   0.00000000E+00
  15.633   3.633   0.39000000E+06   0.00000000E+00   0.00000000E+00
  15.650   3.650   0.39000000E+06   0.00000000E+00   0.00000000E+00
  15.667   3.667   0.39000000E+06   0.00000000E+00   0.00000000E+00
  15.683   3.683   0.39000000E+06   0.00000000E+00   0.00000000E+00
  15.700   3.700   0.39000000E+06   0.00000000E+00   0.00000000E+00
  15.717   3.717   0.39000000E+06   0.00000000E+00   0.00000000E+00
  15.733   3.733   0.39000000E+06   0.00000000E+00   0.00000000E+00
  15.750   3.750   0.39000000E+06   0.00000000E+00   0.00000000E+00
  15.767   3.767   0.39000000E+06   0.00000000E+00   0.00000000E+00
  15.783   3.783   0.39000000E+06   0.00000000E+00   0.00000000E+00
  15.800   3.800   0.39000000E+06   0.00000000E+00   0.00000000E+00
  15.817   3.817   0.39000000E+06   0.00000000E+00   0.00000000E+00
  15.833   3.833   0.39000000E+06   0.00000000E+00   0.00000000E+00
  15.850   3.850   0.39000000E+06   0.00000000E+00   0.00000000E+00
  15.867   3.867   0.39000000E+06   0.00000000E+00   0.00000000E+00
  15.883   3.883   0.39000000E+06   0.00000000E+00   0.00000000E+00
  15.900   3.900   0.39000000E+06   0.00000000E+00   0.00000000E+00
  15.917   3.917   0.39000000E+06   0.00000000E+00   0.00000000E+00
  15.933   3.933   0.39000000E+06   0.00000000E+00   0.00000000E+00
  15.950   3.950   0.39000000E+06   0.00000000E+00   0.00000000E+00
  15.967   3.967   0.39000000E+06   0.00000000E+00   0.00000000E+00
  15.983   3.983   0.39000000E+06   0.00000000E+00   0.00000000E+00
  16.000   4.000   0.39000000E+06   0.00000000E+00   0.00000000E+00
  16.017   4.017   0.39000000E+06   0.00000000E+00   0.00000000E+00
  16.033   4.033   0.39000000E+06   0.00000000E+00   0.00000000E+00
  16.050   4.050   0.39000000E+06   0.00000000E+00   0.00000000E+00
  16.067   4.067   0.39000000E+06   0.00000000E+00   0.00000000E+00
  16.083   4.083   0.39000000E+06   0.00000000E+00   0.00000000E+00
  16.100   4.100   0.39000000E+06   0.00000000E+00   0.00000000E+00
  16.117   4.117   0.39000000E+06   0.00000000E+00   0.00000000E+00
  16.133   4.133   0.39000000E+06   0.00000000E+00   0.00000000E+00
  16.150   4.150   0.39000000E+06   0.00000000E+00   0.00000000E+00
  16.167   4.167   0.39000000E+06   0.00000000E+00   0.00000000E+00
  16.183   4.183   0.39000000E+06   0.00000000E+00   0.00000000E+00
  16.200   4.200   0.39000000E+06   0.00000000E+00   0.00000000E+00
  16.217   4.217   0.39000000E+06   0.00000000E+00   0.00000000E+00
  16.233   4.233   0.39000000E+06   0.00000000E+00   0.00000000E+00
  16.250   4.250   0.39000000E+06   0.00000000E+00   0.00000000E+00
  16.267   4.267   0.39000000E+06   0.00000000E+00   0.00000000E+00
  16.283   4.283   0.39000000E+06   0.00000000E+00   0.00000000E+00
  16.300   4.300   0.39000000E+06   0.00000000E+00   0.00000000E+00
  16.317   4.317   0.39000000E+06   0.00000000E+00   0.00000000E+00
  16.333   4.333   0.39000000E+06   0.00000000E+00   0.00000000E+00
  16.350   4.350   0.39000000E+06   0.00000000E+00   0.00000000E+00
  16.367   4.367   0.39000000E+06   0.00000000E+00   0.00000000E+00
  16.383   4.383   0.39000000E+06   0.00000000E+00   0.00000000E+00
  16.400   4.400   0.39000000E+06   0.00000000E+00   0.00000000E+00
  16.417   4.417   0.39000000E+06   0.00000000E+00   0.00000000E+00
  16.433   4.433   0.39000000E+06   0.00000000E+00   0.00000000E+00
  16.450   4.450   0.39000000E+06   0.00000000E+00   0.00000000E+00
  16.467   4.467   0.39000000E+06   0.00000000E+00   0.00000000E+00
  16.483   4.483   0.39000000E+06   0.00000000E+00   0.00000000E+00
  16.500   4.500   0.39000000E+06   0.00000000E+00   0.00000000E+00
  16.517   4.517   0.39000000E+06   0.00000000E+00   0.00000000E+00
  16.533   4.533   0.39000000E+06   0.00000000E+00   0.00000000E+00
  16.550   4.550   0.39000000E+06   0.00000000E+00   0.00000000E+00
  16.567   4.567   0.39000000E+06   0.00000000E+00   0.00000000E+00
  16.583   4.583   0.39000000E+06   0.00000000E+00   0.00000000E+00
  16.600   4.600   0.39000000E+06   0.00000000E+00   0.00000000E+00
  16.617   4.617   0.39000000E+06   0.00000000E+00   0.00000000E+00
  16.633   4.633   0.39000000E+06   0.00000000E+00   0.00000000E+00
  16.650   4.650   0.39000000E+06   0.00000000E+00   0.00000000E+00
  16.667   4.667   0.39000000E+06   0.00000000E+00   0.00000000E+00
  16.683   4.683   0.39000000E+06   0.00000000E+00   0.00000000E+00
  16.700   4.700   0.39000000E+06   0.00000000E+00   0.00000000E+00
  16.717   4.717   0.39000000E+06   0.00000000E+00   0.00000000E+00
  16.733   4.733   0.39000000E+06   0.00000000E+00   0.00000000E+00
  16.750   4.750   0.39000000E+06   0.00000000E+00   0.00000000E+00
  16.767   4.767   0.39000000E+06   0.00000000E+00   0.00000000E+00
  16.783   4.783   0.39000000E+06   0.00000000E+00   0.00000000E+00
  16.800   4.800   0.39000000E+06   0.00000000E+00   0.00000000E+00
  16.817   4.817   0.39000000E+06   0.00000000E+00   0.00000000E+00
  16.833   4.833   0.39000000E+06   0.00000000E+00   0.00000000E+00
  16.850   4.850   0.39000000E+06   0.00000000E+00   0.00000000E+00
  16.867   4.867   0.39000000E+06   0.00000000E+00   0.00000000E+00
  16.883   4.883   0.39000000E+06   0.00000000E+00   0.00000000E+00
  16.900   4.900   0.39000000E+06   0.00000000E+00   0.00000000E+00
  16.917   4.917   0.39000000E+06   0.00000000E+00   0.00000000E+00
  16.933   4.933   0.39000000E+06   0.00000000E+00   0.00000000E+00
  16.950   4.950   0.39000000E+06   0.00000000E+00   0.00000000E+00
  16.967   4.967   0.39000000E+06   0.00000000E+00   0.00000000E+00
  16.983   4.983   0.39000000E+06   0.00000000E+00   0.00000000E+00
  17.000   5.000   0.39000000E+06   0.00000000E+00   0.00000000E+00
  17.017   5.017   0.39000000E+06   0.00000000E+00   0.00000000E+00
  17.033   5.033   0.39000000E+06   0.00000000E+00   0.00000000E+00
  17.050   5.050   0.39000000E+06   0.00000000E+00   0.00000000E+00
  17.067   5.067   0.39000000E+06   0.00000000E+00   0.00000000E+00
  17.083   5.083   0.39000000E+06   0.00000000E+00   0.00000000E+00
  17.100   5.100   0.39000000E+06   0.00000000E+00   0.00000000E+00
  17.117   5.117   0.39000000E+06   0.00000000E+00   0.00000000E+00
  17.133   5.133   0.39000000E+06   0.00000000E+00   0.00000000E+00
  17.150   5.150   0.39000000E+06   0.00000000E+00   0.00000000E+00
  17.167   5.167   0.39000000E+06   0.00000000E+00   0.00000000E+00
  17.183   5.183   0.39000000E+06   0.00000000E+00   0.00000000E+00
  17.200   5.200   0.39000000E+06   0.00000000E+00   0.00000000E+00
  17.217   5.217   0.39000000E+06   0.00000000E+00   0.00000000E+00
  17.233   5.233   0.39000000E+06   0.00000000E+00   0.00000000E+00
  17.250   5.250   0.39000000E+06   0.00000000E+00   0.00000000E+00
  17.267   5.267   0.39000000E+06   0.00000000E+00   0.00000000E+00
  17.283   5.283   0.39000000E+06   0.00000000E+00   0.00000000E+00
  17.300   5.300   0.39000000E+06   0.00000000E+00   0.00000000E+00
  17.317   5.317   0.39000000E+06   0.00000000E+00   0.00000000E+00
  17.333   5.333   0.39000000E+06   0.00000000E+00   0.00000000E+00
  17.350   5.350   0.39000000E+06   0.00000000E+00   0.00000000E+00
  17.367   5.367   0.39000000E+06   0.00000000E+00   0.00000000E+00
  17.383   5.383   0.39000000E+06   0.00000000E+00   0.00000000E+00
  17.400   5.400   0.39000000E+06   0.00000000E+00   0.00000000E+00
  17.417   5.417   0.39000000E+06   0.00000000E+00   0.00000000E+00
  17.433   5.433   0.39000000E+06   0.00000000E+00   0.00000000E+00
  17.450   5.450   0.39000000E+06   0.00000000E+00   0.00000000E+00
  17.467   5.467   0.39000000E+06   0.00000000E+00   0.00000000E+00
  17.483   5.483   0.39000000E+06   0.00000000E+00   0.00000000E+00
  17.500   5.500   0.39000000E+06   0.00000000E+00   0.00000000E+00
  17.517   5.517   0.39000000E+06   0.00000000E+00   0.00000000E+00
  17.533   5.533   0.39000000E+06   0.00000000E+00   0.00000000E+00
  17.550   5.550   0.39000000E+06   0.00000000E+00   0.00000000E+00
  17.567   5.567   0.39000000E+06   0.00000000E+00   0.00000000E+00
  17.583   5.583   0.39000000E+06   0.00000000E+00   0.00000000E+00
  17.600   5.600   0.39000000E+06   0.00000000E+00   0.00000000E+00
  17.617   5.617   0.39000000E+06   0.00000000E+00   0.00000000E+00
  17.633   5.633   0.39000000E+06   0.00000000E+00   0.00000000E+00
  17.650   5.650   0.39000000E+06   0.00000000E+00   0.00000000E+00
  17.667   5.667   0.39000000E+06   0.00000000E+00   0.00000000E+00
  17.683   5.683   0.39000000E+06   0.00000000E+00   0.00000000E+00
  17.700   5.700   0.39000000E+06   0.00000000E+00   0.00000000E+00
  17.717   5.717   0.39000000E+06   0.00000000E+00   0.00000000E+00
  17.733   5.733   0.39000000E+06   0.00000000E+00   0.00000000E+00
  17.750   5.750   0.39000000E+06   0.00000000E+00   0.00000000E+00
  17.767   5.767   0.39000000E+06   0.00000000E+00   0.00000000E+00
  17.783   5.783   0.39000000E+06   0.00000000E+00   0.00000000E+00
  17.800   5.800   0.39000000E+06   0.00000000E+00   0.00000000E+00
  17.817   5.817   0.39000000E+06   0.00000000E+00   0.00000000E+00
  17.833   5.833   0.39000000E+06   0.00000000E+00   0.00000000E+00
  17.850   5.850   0.39000000E+06   0.00000000E+00   0.00000000E+00
  17.867   5.867   0.39000000E+06   0.00000000E+00   0.00000000E+00
  17.883   5.883   0.39000000E+06   0.00000000E+00   0.00000000E+00
  17.900   5.900   0.39000000E+06   0.00000000E+00   0.00000000E+00
  17.917   5.917   0.39000000E+06   0.00000000E+00   0.00000000E+00
  17.933   5.933   0.39000000E+06   0.00000000E+00   0.00000000E+00
  17.950   5.950   0.39000000E+06   0.00000000E+00   0.00000000E+00
  17.967   5.967   0.39000000E+06   0.00000000E+00   0.00000000E+00
  17.983   5.983   0.39000000E+06   0.00000000E+00   0.00000000E+00
  18.000   6.000   0.39000000E+06   0.00000000E+00   0.00000000E+00
  18.017   6.017   0.39000000E+06   0.00000000E+00   0.00000000E+00
  18.033   6.033   0.39000000E+06   0.00000000E+00   0.00000000E+00
  18.050   6.050   0.39000000E+06   0.00000000E+00   0.00000000E+00
  18.067   6.067   0.39000000E+06   0.00000000E+00   0.00000000E+00
  18.083   6.083   0.39000000E+06   0.00000000E+00   0.00000000E+00
  18.100   6.100   0.39000000E+06   0.00000000E+00   0.00000000E+00
  18.117   6.117   0.39000000E+06   0.00000000E+00   0.00000000E+00
  18.133   6.133   0.39000000E+06   0.00000000E+00   0.00000000E+00
  18.150   6.150   0.39000000E+06   0.00000000E+00   0.00000000E+00
  18.167   6.167   0.39000000E+06   0.00000000E+00   0.00000000E+00
  18.183   6.183   0.39000000E+06   0.00000000E+00   0.00000000E+00
  18.200   6.200   0.39000000E+06   0.00000000E+00   0.00000000E+00
  18.217   6.217   0.39000000E+06   0.00000000E+00   0.00000000E+00
  18.233   6.233   0.39000000E+06   0.00000000E+00   0.00000000E+00
  18.250   6.250   0.39000000E+06   0.00000000E+00   0.00000000E+00
  18.267   6.267   0.39000000E+06   0.00000000E+00   0.00000000E+00
  18.283   6.283   0.39000000E+06   0.00000000E+00   0.00000000E+00
  18.300   6.300   0.39000000E+06   0.00000000E+00   0.00000000E+00
  18.317   6.317   0.39000000E+06   0.00000000E+00   0.00000000E+00
  18.333   6.333   0.39000000E+06   0.00000000E+00   0.00000000E+00
  18.350   6.350   0.39000000E+06   0.00000000E+00   0.00000000E+00
  18.367   6.367   0.39000000E+06   0.00000000E+00   0.00000000E+00
  18.383   6.383   0.39000000E+06   0.00000000E+00   0.00000000E+00
  18.400   6.400   0.39000000E+06   0.00000000E+00   0.00000000E+00
  18.417   6.417   0.39000000E+06   0.00000000E+00   0.00000000E+00
  18.433   6.433   0.39000000E+06   0.00000000E+00   0.00000000E+00
  18.450   6.450   0.39000000E+06   0.00000000E+00   0.00000000E+00
  18.467   6.467   0.39000000E+06   0.00000000E+00   0.00000000E+00
  18.483   6.483   0.39000000E+06   0.00000000E+00   0.00000000E+00
  18.500   6.500   0.39000000E+06   0.00000000E+00   0.00000000E+00
  18.517   6.517   0.39000000E+06   0.00000000E+00   0.00000000E+00
  18.533   6.533   0.39000000E+06   0.00000000E+00   0.00000000E+00
  18.550   6.550   0.39000000E+06   0.00000000E+00   0.00000000E+00
  18.567   6.567   0.39000000E+06   0.00000000E+00   0.00000000E+00
  18.583   6.583   0.39000000E+06   0.00000000E+00   0.00000000E+00
  18.600   6.600   0.39000000E+06   0.00000000E+00   0.00000000E+00
  18.617   6.617   0.39000000E+06   0.00000000E+00   0.00000000E+00
  18.633   6.633   0.39000000E+06   0.00000000E+00   0.00000000E+00
  18.650   6.650   0.39000000E+06   0.00000000E+00   0.00000000E+00
  18.667   6.667   0.39000000E+06   0.00000000E+00   0.00000000E+00
  18.683   6.683   0.39000000E+06   0.00000000E+00   0.00000000E+00
  18.700   6.700   0.39000000E+06   0.00000000E+00   0.00000000E+00
  18.717   6.717   0.39000000E+06   0.00000000E+00   0.00000000E+00
  18.733   6.733   0.39000000E+06   0.00000000E+00   0.00000000E+00
  18.750   6.750   0.39000000E+06   0.00000000E+00   0.00000000E+00
  18.767   6.767   0.39000000E+06   0.00000000E+00   0.00000000E+00
  18.783   6.783   0.39000000E+06   0.00000000E+00   0.00000000E+00
  18.800   6.800   0.39000000E+06   0.00000000E+00   0.00000000E+00
  18.817   6.817   0.39000000E+06   0.00000000E+00   0.00000000E+00
  18.833   6.833   0.39000000E+06   0.00000000E+00   0.00000000E+00
  18.850   6.850   0.39000000E+06   0.00000000E+00   0.00000000E+00
  18.867   6.867   0.39000000E+06   0.00000000E+00   0.00000000E+00
  18.883   6.883   0.39000000E+06   0.00000000E+00   0.00000000E+00
  18.900   6.900   0.39000000E+06   0.00000000E+00   0.00000000E+00
  18.917   6.917   0.39000000E+06   0.00000000E+00   0.00000000E+00
  18.933   6.933   0.39000000E+06   0.00000000E+00   0.00000000E+00
  18.950   6.950   0.39000000E+06   0.00000000E+00   0.00000000E+00
  18.967   6.967   0.39000000E+06   0.00000000E+00   0.00000000E+00
  18.983   6.983   0.39000000E+06   0.00000000E+00   0.00000000E+00
  19.000   7.000   0.39000000E+06   0.00000000E+00   0.00000000E+00
  19.017   7.017   0.39000000E+06   0.00000000E+00   0.00000000E+00
  19.033   7.033   0.39000000E+06   0.00000000E+00   0.00000000E+00
  19.050   7.050   0.39000000E+06   0.00000000E+00   0.00000000E+00
  19.067   7.067   0.39000000E+06   0.00000000E+00   0.00000000E+00
  19.083   7.083   0.39000000E+06   0.00000000E+00   0.00000000E+00
  19.100   7.100   0.39000000E+06   0.00000000E+00   0.00000000E+00
  19.117   7.117   0.39000000E+06   0.00000000E+00   0.00000000E+00
  19.133   7.133   0.39000000E+06   0.00000000E+00   0.00000000E+00
  19.150   7.150   0.39000000E+06   0.00000000E+00   0.00000000E+00
  19.167   7.167   0.39000000E+06   0.00000000E+00   0.00000000E+00
  19.183   7.183   0.39000000E+06   0.00000000E+00   0.00000000E+00
  19.200   7.200   0.39000000E+06   0.00000000E+00   0.00000000E+00
  19.217   7.217   0.39000000E+06   0.00000000E+00   0.00000000E+00
  19.233   7.233   0.39000000E+06   0.00000000E+00   0.00000000E+00
  19.250   7.250   0.39000000E+06   0.00000000E+00   0.00000000E+00
  19.267   7.267   0.39000000E+06   0.00000000E+00   0.00000000E+00
  19.283   7.283   0.39000000E+06   0.00000000E+00   0.00000000E+00
  19.300   7.300   0.39000000E+06   0.00000000E+00   0.00000000E+00
  19.317   7.317   0.39000000E+06   0.00000000E+00   0.00000000E+00
  19.333   7.333   0.39000000E+06   0.00000000E+00   0.00000000E+00
  19.350   7.350   0.39000000E+06   0.00000000E+00   0.00000000E+00
  19.367   7.367   0.39000000E+06   0.00000000E+00   0.00000000E+00
  19.383   7.383   0.39000000E+06   0.00000000E+00   0.00000000E+00
  19.400   7.400   0.39000000E+06   0.00000000E+00   0.00000000E+00
  19.417   7.417   0.39000000E+06   0.00000000E+00   0.00000000E+00
  19.433   7.433   0.39000000E+06   0.00000000E+00   0.00000000E+00
  19.450   7.450   0.39000000E+06   0.00000000E+00   0.00000000E+00
  19.467   7.467   0.39000000E+06   0.00000000E+00   0.00000000E+00
  19.483   7.483   0.39000000E+06   0.00000000E+00   0.00000000E+00
  19.500   7.500   0.39000000E+06   0.00000000E+00   0.00000000E+00
  19.517   7.517   0.39000000E+06   0.00000000E+00   0.00000000E+00
  19.533   7.533   0.39000000E+06   0.00000000E+00   0.00000000E+00
  19.550   7.550   0.39000000E+06   0.00000000E+00   0.00000000E+00
  19.567   7.567   0.39000000E+06   0.00000000E+00   0.00000000E+00
  19.583   7.583   0.39000000E+06   0.00000000E+00   0.00000000E+00
  19.600   7.600   0.39000000E+06   0.00000000E+00   0.00000000E+00
  19.617   7.617   0.39000000E+06   0.00000000E+00   0.00000000E+00
  19.633   7.633   0.39000000E+06   0.00000000E+00   0.00000000E+00
  19.650   7.650   0.39000000E+06   0.00000000E+00   0.00000000E+00
  19.667   7.667   0.39000000E+06   0.00000000E+00   0.00000000E+00
  19.683   7.683   0.39000000E+06   0.00000000E+00   0.00000000E+00
  19.700   7.700   0.39000000E+06   0.00000000E+00   0.00000000E+00
  19.717   7.717   0.39000000E+06   0.00000000E+00   0.00000000E+00
  19.733   7.733   0.39000000E+06   0.00000000E+00   0.00000000E+00
  19.750   7.750   0.39000000E+06   0.00000000E+00   0.00000000E+00
  19.767   7.767   0.39000000E+06   0.00000000E+00   0.00000000E+00
  19.783   7.783   0.39000000E+06   0.00000000E+00   0.00000000E+00
  19.800   7.800   0.39000000E+06   0.00000000E+00   0.00000000E+00
  19.817   7.817   0.39000000E+06   0.00000000E+00   0.00000000E+00
  19.833   7.833   0.39000000E+06   0.00000000E+00   0.00000000E+00
  19.850   7.850   0.39000000E+06   0.00000000E+00   0.00000000E+00
  19.867   7.867   0.39000000E+06   0.00000000E+00   0.00000000E+00
  19.883   7.883   0.39000000E+06   0.00000000E+00   0.00000000E+00
  19.900   7.900   0.39000000E+06   0.00000000E+00   0.00000000E+00
  19.917   7.917   0.39000000E+06   0.00000000E+00   0.00000000E+00
  19.933   7.933   0.39000000E+06   0.00000000E+00   0.00000000E+00
  19.950   7.950   0.39000000E+06   0.00000000E+00   0.00000000E+00
  19.967   7.967   0.39000000E+06   0.00000000E+00   0.00000000E+00
  19.983   7.983   0.39000000E+06   0.00000000E+00   0.00000000E+00
  20.000   8.000   0.39000000E+06   0.00000000E+00   0.00000000E+00
  20.017   8.017   0.39000000E+06   0.00000000E+00   0.00000000E+00
  20.033   8.033   0.39000000E+06   0.00000000E+00   0.00000000E+00
  20.050   8.050   0.39000000E+06   0.00000000E+00   0.00000000E+00
  20.067   8.067   0.39000000E+06   0.00000000E+00   0.00000000E+00
  20.083   8.083   0.39000000E+06   0.00000000E+00   0.00000000E+00
  20.100   8.100   0.39000000E+06   0.00000000E+00   0.00000000E+00
  20.117   8.117   0.39000000E+06   0.00000000E+00   0.00000000E+00
  20.133   8.133   0.39000000E+06   0.00000000E+00   0.00000000E+00
  20.150   8.150   0.39000000E+06   0.00000000E+00   0.00000000E+00
  20.167   8.167   0.39000000E+06   0.00000000E+00   0.00000000E+00
  20.183   8.183   0.39000000E+06   0.00000000E+00   0.00000000E+00
  20.200   8.200   0.39000000E+06   0.00000000E+00   0.00000000E+00
  20.217   8.217   0.39000000E+06   0.00000000E+00   0.00000000E+00
  20.233   8.233   0.39000000E+06   0.00000000E+00   0.00000000E+00
  20.250   8.250   0.39000000E+06   0.00000000E+00   0.00000000E+00
  20.267   8.267   0.39000000E+06   0.00000000E+00   0.00000000E+00
  20.283   8.283   0.39000000E+06   0.00000000E+00   0.00000000E+00
  20.300   8.300   0.39000000E+06   0.00000000E+00   0.00000000E+00
  20.317   8.317   0.39000000E+06   0.00000000E+00   0.00000000E+00
  20.333   8.333   0.39000000E+06   0.00000000E+00   0.00000000E+00
  20.350   8.350   0.39000000E+06   0.00000000E+00   0.00000000E+00
  20.367   8.367   0.39000000E+06   0.00000000E+00   0.00000000E+00
  20.383   8.383   0.39000000E+06   0.00000000E+00   0.00000000E+00
  20.400   8.400   0.39000000E+06   0.00000000E+00   0.00000000E+00
  20.417   8.417   0.39000000E+06   0.00000000E+00   0.00000000E+00
  20.433   8.433   0.39000000E+06   0.00000000E+00   0.00000000E+00
  20.450   8.450   0.39000000E+06   0.00000000E+00   0.00000000E+00
  20.467   8.467   0.39000000E+06   0.00000000E+00   0.00000000E+00
  20.483   8.483   0.39000000E+06   0.00000000E+00   0.00000000E+00
  20.500   8.500   0.39000000E+06   0.00000000E+00   0.00000000E+00
  20.517   8.517   0.39000000E+06   0.00000000E+00   0.00000000E+00
  20.533   8.533   0.39000000E+06   0.00000000E+00   0.00000000E+00
  20.550   8.550   0.39000000E+06   0.00000000E+00   0.00000000E+00
  20.567   8.567   0.39000000E+06   0.00000000E+00   0.00000000E+00
  20.583   8.583   0.39000000E+06   0.00000000E+00   0.00000000E+00
  20.600   8.600   0.39000000E+06   0.00000000E+00   0.00000000E+00
  20.617   8.617   0.39000000E+06   0.00000000E+00   0.00000000E+00
  20.633   8.633   0.39000000E+06   0.00000000E+00   0.00000000E+00
  20.650   8.650   0.39000000E+06   0.00000000E+00   0.00000000E+00
  20.667   8.667   0.39000000E+06   0.00000000E+00   0.00000000E+00
  20.683   8.683   0.39000000E+06   0.00000000E+00   0.00000000E+00
  20.700   8.700   0.39000000E+06   0.00000000E+00   0.00000000E+00
  20.717   8.717   0.39000000E+06   0.00000000E+00   0.00000000E+00
  20.733   8.733   0.39000000E+06   0.00000000E+00   0.00000000E+00
  20.750   8.750   0.39000000E+06   0.00000000E+00   0.00000000E+00
  20.767   8.767   0.39000000E+06   0.00000000E+00   0.00000000E+00
  20.783   8.783   0.39000000E+06   0.00000000E+00   0.00000000E+00
  20.800   8.800   0.39000000E+06   0.00000000E+00   0.00000000E+00
  20.817   8.817   0.39000000E+06   0.00000000E+00   0.00000000E+00
  20.833   8.833   0.39000000E+06   0.00000000E+00   0.00000000E+00
  20.850   8.850   0.39000000E+06   0.00000000E+00   0.00000000E+00
  20.867   8.867   0.39000000E+06   0.00000000E+00   0.00000000E+00
  20.883   8.883   0.39000000E+06   0.00000000E+00   0.00000000E+00
  20.900   8.900   0.39000000E+06   0.00000000E+00   0.00000000E+00
  20.917   8.917   0.39000000E+06   0.00000000E+00   0.00000000E+00
  20.933   8.933   0.39000000E+06   0.00000000E+00   0.00000000E+00
  20.950   8.950   0.39000000E+06   0.00000000E+00   0.00000000E+00
  20.967   8.967   0.39000000E+06   0.00000000E+00   0.00000000E+00
