        RT(hours)          [H2SO4]         P_R_35           tot_loss         tot_prod
  12.017   0.017   0.12997235E+01   0.18505528E-19   0.00000000E+00   0.18505528E-19
  12.033   0.033   0.12994229E+01   0.12437546E-18   0.00000000E+00   0.12437546E-18
  12.050   0.050   0.12991024E+01   0.35795090E-18   0.00000000E+00   0.35795090E-18
  12.067   0.067   0.12987621E+01   0.73099362E-18   0.00000000E+00   0.73099362E-18
  12.083   0.083   0.12984019E+01   0.12471818E-17   0.00000000E+00   0.12471818E-17
  12.100   0.100   0.12980217E+01   0.19124748E-17   0.00000000E+00   0.19124748E-17
  12.117   0.117   0.12976216E+01   0.27370841E-17   0.00000000E+00   0.27370841E-17
  12.133   0.133   0.12972014E+01   0.37344068E-17   0.00000000E+00   0.37344068E-17
  12.150   0.150   0.12967611E+01   0.49196360E-17   0.00000000E+00   0.49196360E-17
  12.167   0.167   0.12963007E+01   0.63088025E-17   0.00000000E+00   0.63088025E-17
  12.183   0.183   0.12958202E+01   0.79182668E-17   0.00000000E+00   0.79182668E-17
  12.200   0.200   0.12953195E+01   0.97645080E-17   0.00000000E+00   0.97645080E-17
  12.217   0.217   0.12947986E+01   0.11864069E-16   0.00000000E+00   0.11864069E-16
  12.233   0.233   0.12942574E+01   0.14233571E-16   0.00000000E+00   0.14233571E-16
  12.250   0.250   0.12936959E+01   0.16889739E-16   0.00000000E+00   0.16889739E-16
  12.267   0.267   0.12931141E+01   0.19849437E-16   0.00000000E+00   0.19849437E-16
  12.283   0.283   0.12925119E+01   0.23129678E-16   0.00000000E+00   0.23129678E-16
  12.300   0.300   0.12918893E+01   0.26747635E-16   0.00000000E+00   0.26747635E-16
  12.317   0.317   0.12912463E+01   0.30720640E-16   0.00000000E+00   0.30720640E-16
  12.333   0.333   0.12905827E+01   0.35066170E-16   0.00000000E+00   0.35066170E-16
  12.350   0.350   0.12898986E+01   0.39801842E-16   0.00000000E+00   0.39801842E-16
  12.367   0.367   0.12891939E+01   0.44945394E-16   0.00000000E+00   0.44945394E-16
  12.383   0.383   0.12884685E+01   0.50514672E-16   0.00000000E+00   0.50514672E-16
  12.400   0.400   0.12877225E+01   0.56527610E-16   0.00000000E+00   0.56527610E-16
  12.417   0.417   0.12869557E+01   0.63002217E-16   0.00000000E+00   0.63002217E-16
  12.433   0.433   0.12861680E+01   0.69956558E-16   0.00000000E+00   0.69956558E-16
  12.450   0.450   0.12853595E+01   0.77408733E-16   0.00000000E+00   0.77408733E-16
  12.467   0.467   0.12845301E+01   0.85376865E-16   0.00000000E+00   0.85376865E-16
  12.483   0.483   0.12836796E+01   0.93879078E-16   0.00000000E+00   0.93879078E-16
  12.500   0.500   0.12828081E+01   0.10293348E-15   0.00000000E+00   0.10293348E-15
  12.517   0.517   0.12819155E+01   0.11255814E-15   0.00000000E+00   0.11255814E-15
  12.533   0.533   0.12810016E+01   0.12277107E-15   0.00000000E+00   0.12277107E-15
  12.550   0.550   0.12800664E+01   0.13359022E-15   0.00000000E+00   0.13359022E-15
  12.567   0.567   0.12791098E+01   0.14503343E-15   0.00000000E+00   0.14503343E-15
  12.583   0.583   0.12781318E+01   0.15711844E-15   0.00000000E+00   0.15711844E-15
  12.600   0.600   0.12771322E+01   0.16986283E-15   0.00000000E+00   0.16986283E-15
  12.617   0.617   0.12761110E+01   0.18328403E-15   0.00000000E+00   0.18328403E-15
  12.633   0.633   0.12750681E+01   0.19739930E-15   0.00000000E+00   0.19739930E-15
  12.650   0.650   0.12740033E+01   0.21222568E-15   0.00000000E+00   0.21222568E-15
  12.667   0.667   0.12729166E+01   0.22777999E-15   0.00000000E+00   0.22777999E-15
  12.683   0.683   0.12718079E+01   0.24407877E-15   0.00000000E+00   0.24407877E-15
  12.700   0.700   0.12706770E+01   0.26113830E-15   0.00000000E+00   0.26113830E-15
  12.717   0.717   0.12695238E+01   0.27897456E-15   0.00000000E+00   0.27897456E-15
  12.733   0.733   0.12683483E+01   0.29760317E-15   0.00000000E+00   0.29760317E-15
  12.750   0.750   0.12671503E+01   0.31703941E-15   0.00000000E+00   0.31703941E-15
  12.767   0.767   0.12659297E+01   0.33729814E-15   0.00000000E+00   0.33729814E-15
  12.783   0.783   0.12646863E+01   0.35839382E-15   0.00000000E+00   0.35839382E-15
  12.800   0.800   0.12634201E+01   0.38034045E-15   0.00000000E+00   0.38034045E-15
  12.817   0.817   0.12621309E+01   0.40315154E-15   0.00000000E+00   0.40315154E-15
  12.833   0.833   0.12608185E+01   0.42684011E-15   0.00000000E+00   0.42684011E-15
  12.850   0.850   0.12594828E+01   0.45141860E-15   0.00000000E+00   0.45141860E-15
  12.867   0.867   0.12581237E+01   0.47689888E-15   0.00000000E+00   0.47689888E-15
  12.883   0.883   0.12567410E+01   0.50329222E-15   0.00000000E+00   0.50329222E-15
  12.900   0.900   0.12553345E+01   0.53060922E-15   0.00000000E+00   0.53060922E-15
  12.917   0.917   0.12539041E+01   0.55885982E-15   0.00000000E+00   0.55885982E-15
  12.933   0.933   0.12524497E+01   0.58805323E-15   0.00000000E+00   0.58805323E-15
  12.950   0.950   0.12509710E+01   0.61819792E-15   0.00000000E+00   0.61819792E-15
  12.967   0.967   0.12494679E+01   0.64930158E-15   0.00000000E+00   0.64930158E-15
  12.983   0.983   0.12479401E+01   0.68137106E-15   0.00000000E+00   0.68137106E-15
  13.000   1.000   0.12463876E+01   0.71441241E-15   0.00000000E+00   0.71441241E-15
  13.017   1.017   0.12448101E+01   0.74843075E-15   0.00000000E+00   0.74843075E-15
  13.033   1.033   0.12432074E+01   0.78343031E-15   0.00000000E+00   0.78343031E-15
  13.050   1.050   0.12415794E+01   0.81941438E-15   0.00000000E+00   0.81941438E-15
  13.067   1.067   0.12399258E+01   0.85638526E-15   0.00000000E+00   0.85638526E-15
  13.083   1.083   0.12382463E+01   0.89434428E-15   0.00000000E+00   0.89434428E-15
  13.100   1.100   0.12365409E+01   0.93329170E-15   0.00000000E+00   0.93329170E-15
  13.117   1.117   0.12348093E+01   0.97322676E-15   0.00000000E+00   0.97322676E-15
  13.133   1.133   0.12330511E+01   0.10141476E-14   0.00000000E+00   0.10141476E-14
  13.150   1.150   0.12312663E+01   0.10560513E-14   0.00000000E+00   0.10560513E-14
  13.167   1.167   0.12294546E+01   0.10989338E-14   0.00000000E+00   0.10989338E-14
  13.183   1.183   0.12276156E+01   0.11427899E-14   0.00000000E+00   0.11427899E-14
  13.200   1.200   0.12257493E+01   0.11876132E-14   0.00000000E+00   0.11876132E-14
  13.217   1.217   0.12238553E+01   0.12333963E-14   0.00000000E+00   0.12333963E-14
  13.233   1.233   0.12219333E+01   0.12801304E-14   0.00000000E+00   0.12801304E-14
  13.250   1.250   0.12199831E+01   0.13278058E-14   0.00000000E+00   0.13278058E-14
  13.267   1.267   0.12180044E+01   0.13764113E-14   0.00000000E+00   0.13764113E-14
  13.283   1.283   0.12159969E+01   0.14259348E-14   0.00000000E+00   0.14259348E-14
  13.300   1.300   0.12139603E+01   0.14763630E-14   0.00000000E+00   0.14763630E-14
  13.317   1.317   0.12118944E+01   0.15276812E-14   0.00000000E+00   0.15276812E-14
  13.333   1.333   0.12097988E+01   0.15798737E-14   0.00000000E+00   0.15798737E-14
  13.350   1.350   0.12076733E+01   0.16329236E-14   0.00000000E+00   0.16329236E-14
  13.367   1.367   0.12055175E+01   0.16868130E-14   0.00000000E+00   0.16868130E-14
  13.383   1.383   0.12033310E+01   0.17415227E-14   0.00000000E+00   0.17415227E-14
  13.400   1.400   0.12011136E+01   0.17970326E-14   0.00000000E+00   0.17970326E-14
  13.417   1.417   0.11988649E+01   0.18533212E-14   0.00000000E+00   0.18533212E-14
  13.433   1.433   0.11965846E+01   0.19103663E-14   0.00000000E+00   0.19103663E-14
  13.450   1.450   0.11942723E+01   0.19681444E-14   0.00000000E+00   0.19681444E-14
  13.467   1.467   0.11919277E+01   0.20266314E-14   0.00000000E+00   0.20266314E-14
  13.483   1.483   0.11895503E+01   0.20858017E-14   0.00000000E+00   0.20858017E-14
  13.500   1.500   0.11871399E+01   0.21456293E-14   0.00000000E+00   0.21456293E-14
  13.517   1.517   0.11846960E+01   0.22060871E-14   0.00000000E+00   0.22060871E-14
  13.533   1.533   0.11822182E+01   0.22671470E-14   0.00000000E+00   0.22671470E-14
  13.550   1.550   0.11797062E+01   0.23287804E-14   0.00000000E+00   0.23287804E-14
  13.567   1.567   0.11771595E+01   0.23909578E-14   0.00000000E+00   0.23909578E-14
  13.583   1.583   0.11745778E+01   0.24536490E-14   0.00000000E+00   0.24536490E-14
  13.600   1.600   0.11719605E+01   0.25168231E-14   0.00000000E+00   0.25168231E-14
  13.617   1.617   0.11693073E+01   0.25804486E-14   0.00000000E+00   0.25804486E-14
  13.633   1.633   0.11666178E+01   0.26444936E-14   0.00000000E+00   0.26444936E-14
  13.650   1.650   0.11638914E+01   0.27089255E-14   0.00000000E+00   0.27089255E-14
  13.667   1.667   0.11611278E+01   0.27737111E-14   0.00000000E+00   0.27737111E-14
  13.683   1.683   0.11583264E+01   0.28388171E-14   0.00000000E+00   0.28388171E-14
  13.700   1.700   0.11554868E+01   0.29042097E-14   0.00000000E+00   0.29042097E-14
  13.717   1.717   0.11526086E+01   0.29698546E-14   0.00000000E+00   0.29698546E-14
  13.733   1.733   0.11496912E+01   0.30357175E-14   0.00000000E+00   0.30357175E-14
  13.750   1.750   0.11467342E+01   0.31017636E-14   0.00000000E+00   0.31017636E-14
  13.767   1.767   0.11437370E+01   0.31679582E-14   0.00000000E+00   0.31679582E-14
  13.783   1.783   0.11406992E+01   0.32342662E-14   0.00000000E+00   0.32342662E-14
  13.800   1.800   0.11376202E+01   0.33006525E-14   0.00000000E+00   0.33006525E-14
  13.817   1.817   0.11344995E+01   0.33670821E-14   0.00000000E+00   0.33670821E-14
  13.833   1.833   0.11313367E+01   0.34335199E-14   0.00000000E+00   0.34335199E-14
  13.850   1.850   0.11281311E+01   0.34999307E-14   0.00000000E+00   0.34999307E-14
  13.867   1.867   0.11248823E+01   0.35662796E-14   0.00000000E+00   0.35662796E-14
  13.883   1.883   0.11215897E+01   0.36325317E-14   0.00000000E+00   0.36325317E-14
  13.900   1.900   0.11182528E+01   0.36986524E-14   0.00000000E+00   0.36986524E-14
  13.917   1.917   0.11148710E+01   0.37646072E-14   0.00000000E+00   0.37646072E-14
  13.933   1.933   0.11114438E+01   0.38303619E-14   0.00000000E+00   0.38303619E-14
  13.950   1.950   0.11079707E+01   0.38958826E-14   0.00000000E+00   0.38958826E-14
  13.967   1.967   0.11044511E+01   0.39611358E-14   0.00000000E+00   0.39611358E-14
  13.983   1.983   0.11008844E+01   0.40260881E-14   0.00000000E+00   0.40260881E-14
  14.000   2.000   0.10972702E+01   0.40907068E-14   0.00000000E+00   0.40907068E-14
  14.017   2.017   0.10936071E+01   0.41549835E-14   0.00000000E+00   0.41549835E-14
  14.033   2.033   0.10898901E+01   0.42188899E-14   0.00000000E+00   0.42188899E-14
  14.050   2.050   0.10861141E+01   0.42823782E-14   0.00000000E+00   0.42823782E-14
  14.067   2.067   0.10822739E+01   0.43454072E-14   0.00000000E+00   0.43454072E-14
  14.083   2.083   0.10783649E+01   0.44079383E-14   0.00000000E+00   0.44079383E-14
  14.100   2.100   0.10743826E+01   0.44699350E-14   0.00000000E+00   0.44699350E-14
  14.117   2.117   0.10703228E+01   0.45313611E-14   0.00000000E+00   0.45313611E-14
  14.133   2.133   0.10661814E+01   0.45921810E-14   0.00000000E+00   0.45921810E-14
  14.150   2.150   0.10619547E+01   0.46523596E-14   0.00000000E+00   0.46523596E-14
  14.167   2.167   0.10576391E+01   0.47118619E-14   0.00000000E+00   0.47118619E-14
  14.183   2.183   0.10532310E+01   0.47706533E-14   0.00000000E+00   0.47706533E-14
  14.200   2.200   0.10487272E+01   0.48286995E-14   0.00000000E+00   0.48286995E-14
  14.217   2.217   0.10441247E+01   0.48859666E-14   0.00000000E+00   0.48859666E-14
  14.233   2.233   0.10394203E+01   0.49424212E-14   0.00000000E+00   0.49424212E-14
  14.250   2.250   0.10346115E+01   0.49980307E-14   0.00000000E+00   0.49980307E-14
  14.267   2.267   0.10296954E+01   0.50527630E-14   0.00000000E+00   0.50527630E-14
  14.283   2.283   0.10246697E+01   0.51065866E-14   0.00000000E+00   0.51065866E-14
  14.300   2.300   0.10195320E+01   0.51594713E-14   0.00000000E+00   0.51594713E-14
  14.317   2.317   0.10142802E+01   0.52113877E-14   0.00000000E+00   0.52113877E-14
  14.333   2.333   0.10089124E+01   0.52623075E-14   0.00000000E+00   0.52623075E-14
  14.350   2.350   0.10034270E+01   0.53122038E-14   0.00000000E+00   0.53122038E-14
  14.367   2.367   0.99782240E+00   0.53610512E-14   0.00000000E+00   0.53610512E-14
  14.383   2.383   0.99209741E+00   0.54088258E-14   0.00000000E+00   0.54088258E-14
  14.400   2.400   0.98625109E+00   0.54555057E-14   0.00000000E+00   0.54555057E-14
  14.417   2.417   0.98028277E+00   0.55010709E-14   0.00000000E+00   0.55010709E-14
  14.433   2.433   0.97419213E+00   0.55455034E-14   0.00000000E+00   0.55455034E-14
  14.450   2.450   0.96797919E+00   0.55887880E-14   0.00000000E+00   0.55887880E-14
  14.467   2.467   0.96164437E+00   0.56309119E-14   0.00000000E+00   0.56309119E-14
  14.483   2.483   0.95518849E+00   0.56718651E-14   0.00000000E+00   0.56718651E-14
  14.500   2.500   0.94861282E+00   0.57116409E-14   0.00000000E+00   0.57116409E-14
  14.517   2.517   0.94191912E+00   0.57502356E-14   0.00000000E+00   0.57502356E-14
  14.533   2.533   0.93510965E+00   0.57876491E-14   0.00000000E+00   0.57876491E-14
  14.550   2.550   0.92818720E+00   0.58238852E-14   0.00000000E+00   0.58238852E-14
  14.567   2.567   0.92115513E+00   0.58589512E-14   0.00000000E+00   0.58589512E-14
  14.583   2.583   0.91401740E+00   0.58928588E-14   0.00000000E+00   0.58928588E-14
  14.600   2.600   0.90677853E+00   0.59256236E-14   0.00000000E+00   0.59256236E-14
  14.617   2.617   0.89944369E+00   0.59572654E-14   0.00000000E+00   0.59572654E-14
  14.633   2.633   0.89201862E+00   0.59878085E-14   0.00000000E+00   0.59878085E-14
  14.650   2.650   0.88450968E+00   0.60172813E-14   0.00000000E+00   0.60172813E-14
  14.667   2.667   0.87692380E+00   0.60457163E-14   0.00000000E+00   0.60457163E-14
  14.683   2.683   0.86926847E+00   0.60731501E-14   0.00000000E+00   0.60731501E-14
  14.700   2.700   0.86155167E+00   0.60996230E-14   0.00000000E+00   0.60996230E-14
  14.717   2.717   0.85378185E+00   0.61251792E-14   0.00000000E+00   0.61251792E-14
  14.733   2.733   0.84596788E+00   0.61498657E-14   0.00000000E+00   0.61498657E-14
  14.750   2.750   0.83811893E+00   0.61737324E-14   0.00000000E+00   0.61737324E-14
  14.767   2.767   0.83024441E+00   0.61968317E-14   0.00000000E+00   0.61968317E-14
  14.783   2.783   0.82235393E+00   0.62192178E-14   0.00000000E+00   0.62192178E-14
  14.800   2.800   0.81445713E+00   0.62409463E-14   0.00000000E+00   0.62409463E-14
  14.817   2.817   0.80656368E+00   0.62620733E-14   0.00000000E+00   0.62620733E-14
  14.833   2.833   0.79868310E+00   0.62826556E-14   0.00000000E+00   0.62826556E-14
  14.850   2.850   0.79082473E+00   0.63027493E-14   0.00000000E+00   0.63027493E-14
  14.867   2.867   0.78299763E+00   0.63224099E-14   0.00000000E+00   0.63224099E-14
  14.883   2.883   0.77521050E+00   0.63416916E-14   0.00000000E+00   0.63416916E-14
  14.900   2.900   0.76747162E+00   0.63606467E-14   0.00000000E+00   0.63606467E-14
  14.917   2.917   0.75978879E+00   0.63793257E-14   0.00000000E+00   0.63793257E-14
  14.933   2.933   0.75216928E+00   0.63977761E-14   0.00000000E+00   0.63977761E-14
  14.950   2.950   0.74461979E+00   0.64160433E-14   0.00000000E+00   0.64160433E-14
  14.967   2.967   0.73714645E+00   0.64341693E-14   0.00000000E+00   0.64341693E-14
  14.983   2.983   0.72975477E+00   0.64521932E-14   0.00000000E+00   0.64521932E-14
  15.000   3.000   0.72244968E+00   0.64701510E-14   0.00000000E+00   0.64701510E-14
  15.017   3.017   0.71523548E+00   0.64880755E-14   0.00000000E+00   0.64880755E-14
  15.033   3.033   0.70811591E+00   0.65059962E-14   0.00000000E+00   0.65059962E-14
  15.050   3.050   0.70109414E+00   0.65239398E-14   0.00000000E+00   0.65239398E-14
  15.067   3.067   0.69417279E+00   0.65419296E-14   0.00000000E+00   0.65419296E-14
  15.083   3.083   0.68735399E+00   0.65599863E-14   0.00000000E+00   0.65599863E-14
  15.100   3.100   0.68063937E+00   0.65781279E-14   0.00000000E+00   0.65781279E-14
  15.117   3.117   0.67403013E+00   0.65963697E-14   0.00000000E+00   0.65963697E-14
  15.133   3.133   0.66752706E+00   0.66147246E-14   0.00000000E+00   0.66147246E-14
  15.150   3.150   0.66113059E+00   0.66332033E-14   0.00000000E+00   0.66332033E-14
  15.167   3.167   0.65484080E+00   0.66518146E-14   0.00000000E+00   0.66518146E-14
  15.183   3.183   0.64865747E+00   0.66705653E-14   0.00000000E+00   0.66705653E-14
  15.200   3.200   0.64258012E+00   0.66894605E-14   0.00000000E+00   0.66894605E-14
  15.217   3.217   0.63660803E+00   0.67085038E-14   0.00000000E+00   0.67085038E-14
  15.233   3.233   0.63074028E+00   0.67276975E-14   0.00000000E+00   0.67276975E-14
  15.250   3.250   0.62497577E+00   0.67470426E-14   0.00000000E+00   0.67470426E-14
  15.267   3.267   0.61931322E+00   0.67665390E-14   0.00000000E+00   0.67665390E-14
  15.283   3.283   0.61375126E+00   0.67861858E-14   0.00000000E+00   0.67861858E-14
  15.300   3.300   0.60828839E+00   0.68059810E-14   0.00000000E+00   0.68059810E-14
  15.317   3.317   0.60292302E+00   0.68259223E-14   0.00000000E+00   0.68259223E-14
  15.333   3.333   0.59765349E+00   0.68460062E-14   0.00000000E+00   0.68460062E-14
  15.350   3.350   0.59247808E+00   0.68662292E-14   0.00000000E+00   0.68662292E-14
  15.367   3.367   0.58739503E+00   0.68865870E-14   0.00000000E+00   0.68865870E-14
  15.383   3.383   0.58240254E+00   0.69070751E-14   0.00000000E+00   0.69070751E-14
  15.400   3.400   0.57749881E+00   0.69276885E-14   0.00000000E+00   0.69276885E-14
  15.417   3.417   0.57268201E+00   0.69484220E-14   0.00000000E+00   0.69484220E-14
  15.433   3.433   0.56795031E+00   0.69692704E-14   0.00000000E+00   0.69692704E-14
  15.450   3.450   0.56330188E+00   0.69902280E-14   0.00000000E+00   0.69902280E-14
  15.467   3.467   0.55873491E+00   0.70112892E-14   0.00000000E+00   0.70112892E-14
  15.483   3.483   0.55424761E+00   0.70324481E-14   0.00000000E+00   0.70324481E-14
  15.500   3.500   0.54983819E+00   0.70536990E-14   0.00000000E+00   0.70536990E-14
  15.517   3.517   0.54550490E+00   0.70750360E-14   0.00000000E+00   0.70750360E-14
  15.533   3.533   0.54124601E+00   0.70964531E-14   0.00000000E+00   0.70964531E-14
  15.550   3.550   0.53705981E+00   0.71179445E-14   0.00000000E+00   0.71179445E-14
  15.567   3.567   0.53294464E+00   0.71395044E-14   0.00000000E+00   0.71395044E-14
  15.583   3.583   0.52889886E+00   0.71611268E-14   0.00000000E+00   0.71611268E-14
  15.600   3.600   0.52492086E+00   0.71828059E-14   0.00000000E+00   0.71828059E-14
  15.617   3.617   0.52100908E+00   0.72045362E-14   0.00000000E+00   0.72045362E-14
  15.633   3.633   0.51716199E+00   0.72263118E-14   0.00000000E+00   0.72263118E-14
  15.650   3.650   0.51337808E+00   0.72481273E-14   0.00000000E+00   0.72481273E-14
  15.667   3.667   0.50965590E+00   0.72699771E-14   0.00000000E+00   0.72699771E-14
  15.683   3.683   0.50599402E+00   0.72918558E-14   0.00000000E+00   0.72918558E-14
  15.700   3.700   0.50239106E+00   0.73137581E-14   0.00000000E+00   0.73137581E-14
  15.717   3.717   0.49884565E+00   0.73356788E-14   0.00000000E+00   0.73356788E-14
  15.733   3.733   0.49535648E+00   0.73576127E-14   0.00000000E+00   0.73576127E-14
  15.750   3.750   0.49192227E+00   0.73795548E-14   0.00000000E+00   0.73795548E-14
  15.767   3.767   0.48854177E+00   0.74015001E-14   0.00000000E+00   0.74015001E-14
  15.783   3.783   0.48521376E+00   0.74234438E-14   0.00000000E+00   0.74234438E-14
  15.800   3.800   0.48193706E+00   0.74453812E-14   0.00000000E+00   0.74453812E-14
  15.817   3.817   0.47871052E+00   0.74673077E-14   0.00000000E+00   0.74673077E-14
  15.833   3.833   0.47553303E+00   0.74892186E-14   0.00000000E+00   0.74892186E-14
  15.850   3.850   0.47240349E+00   0.75111096E-14   0.00000000E+00   0.75111096E-14
  15.867   3.867   0.46932086E+00   0.75329762E-14   0.00000000E+00   0.75329762E-14
  15.883   3.883   0.46628409E+00   0.75548143E-14   0.00000000E+00   0.75548143E-14
  15.900   3.900   0.46329220E+00   0.75766196E-14   0.00000000E+00   0.75766196E-14
  15.917   3.917   0.46034421E+00   0.75983882E-14   0.00000000E+00   0.75983882E-14
  15.933   3.933   0.45743918E+00   0.76201160E-14   0.00000000E+00   0.76201160E-14
  15.950   3.950   0.45457619E+00   0.76417992E-14   0.00000000E+00   0.76417992E-14
  15.967   3.967   0.45175435E+00   0.76634339E-14   0.00000000E+00   0.76634339E-14
  15.983   3.983   0.44897279E+00   0.76850164E-14   0.00000000E+00   0.76850164E-14
  16.000   4.000   0.44623067E+00   0.77065431E-14   0.00000000E+00   0.77065431E-14
  16.017   4.017   0.44352720E+00   0.77279292E-14   0.00000000E+00   0.77279292E-14
  16.033   4.033   0.44086177E+00   0.77490998E-14   0.00000000E+00   0.77490998E-14
  16.050   4.050   0.43823377E+00   0.77700614E-14   0.00000000E+00   0.77700614E-14
  16.067   4.067   0.43564261E+00   0.77908211E-14   0.00000000E+00   0.77908211E-14
  16.083   4.083   0.43308766E+00   0.78113854E-14   0.00000000E+00   0.78113854E-14
  16.100   4.100   0.43056831E+00   0.78317603E-14   0.00000000E+00   0.78317603E-14
  16.117   4.117   0.42808394E+00   0.78519510E-14   0.00000000E+00   0.78519510E-14
  16.133   4.133   0.42563394E+00   0.78719618E-14   0.00000000E+00   0.78719618E-14
  16.150   4.150   0.42321770E+00   0.78917968E-14   0.00000000E+00   0.78917968E-14
  16.167   4.167   0.42093811E+00   0.79121095E-14   0.00000000E+00   0.79121095E-14
  16.183   4.183   0.41887650E+00   0.79338311E-14   0.00000000E+00   0.79338311E-14
  16.200   4.200   0.41697917E+00   0.79566581E-14   0.00000000E+00   0.79566581E-14
  16.217   4.217   0.41521112E+00   0.79802883E-14   0.00000000E+00   0.79802883E-14
  16.233   4.233   0.41354821E+00   0.80045064E-14   0.00000000E+00   0.80045064E-14
  16.250   4.250   0.41197297E+00   0.80291566E-14   0.00000000E+00   0.80291566E-14
  16.267   4.267   0.41047225E+00   0.80541225E-14   0.00000000E+00   0.80541225E-14
  16.283   4.283   0.40903590E+00   0.80793146E-14   0.00000000E+00   0.80793146E-14
  16.300   4.300   0.40765586E+00   0.81046625E-14   0.00000000E+00   0.81046625E-14
  16.317   4.317   0.40632564E+00   0.81301100E-14   0.00000000E+00   0.81301100E-14
  16.333   4.333   0.40503987E+00   0.81556110E-14   0.00000000E+00   0.81556110E-14
  16.350   4.350   0.40379412E+00   0.81811276E-14   0.00000000E+00   0.81811276E-14
  16.367   4.367   0.40258462E+00   0.82066279E-14   0.00000000E+00   0.82066279E-14
  16.383   4.383   0.40140818E+00   0.82320849E-14   0.00000000E+00   0.82320849E-14
  16.400   4.400   0.40026204E+00   0.82574754E-14   0.00000000E+00   0.82574754E-14
  16.417   4.417   0.39914382E+00   0.82827793E-14   0.00000000E+00   0.82827793E-14
  16.433   4.433   0.39805142E+00   0.83079792E-14   0.00000000E+00   0.83079792E-14
  16.450   4.450   0.39698302E+00   0.83330598E-14   0.00000000E+00   0.83330598E-14
  16.467   4.467   0.39593698E+00   0.83580074E-14   0.00000000E+00   0.83580074E-14
  16.483   4.483   0.39491186E+00   0.83828101E-14   0.00000000E+00   0.83828101E-14
  16.500   4.500   0.39390637E+00   0.84074571E-14   0.00000000E+00   0.84074571E-14
  16.517   4.517   0.39291934E+00   0.84319386E-14   0.00000000E+00   0.84319386E-14
  16.533   4.533   0.39194973E+00   0.84562459E-14   0.00000000E+00   0.84562459E-14
  16.550   4.550   0.39099658E+00   0.84803711E-14   0.00000000E+00   0.84803711E-14
  16.567   4.567   0.39005904E+00   0.85043070E-14   0.00000000E+00   0.85043070E-14
  16.583   4.583   0.38913631E+00   0.85280470E-14   0.00000000E+00   0.85280470E-14
  16.600   4.600   0.38822769E+00   0.85515851E-14   0.00000000E+00   0.85515851E-14
  16.617   4.617   0.38733250E+00   0.85749158E-14   0.00000000E+00   0.85749158E-14
  16.633   4.633   0.38645015E+00   0.85980340E-14   0.00000000E+00   0.85980340E-14
  16.650   4.650   0.38558007E+00   0.86209349E-14   0.00000000E+00   0.86209349E-14
  16.667   4.667   0.38472174E+00   0.86436144E-14   0.00000000E+00   0.86436144E-14
  16.683   4.683   0.38387470E+00   0.86660683E-14   0.00000000E+00   0.86660683E-14
  16.700   4.700   0.38303848E+00   0.86882930E-14   0.00000000E+00   0.86882930E-14
  16.717   4.717   0.38221269E+00   0.87102850E-14   0.00000000E+00   0.87102850E-14
  16.733   4.733   0.38139694E+00   0.87320412E-14   0.00000000E+00   0.87320412E-14
  16.750   4.750   0.38059087E+00   0.87535585E-14   0.00000000E+00   0.87535585E-14
  16.767   4.767   0.37979413E+00   0.87748341E-14   0.00000000E+00   0.87748341E-14
  16.783   4.783   0.37900643E+00   0.87958656E-14   0.00000000E+00   0.87958656E-14
  16.800   4.800   0.37822746E+00   0.88166505E-14   0.00000000E+00   0.88166505E-14
  16.817   4.817   0.37745695E+00   0.88371865E-14   0.00000000E+00   0.88371865E-14
  16.833   4.833   0.37669464E+00   0.88574715E-14   0.00000000E+00   0.88574715E-14
  16.850   4.850   0.37594029E+00   0.88775037E-14   0.00000000E+00   0.88775037E-14
  16.867   4.867   0.37519366E+00   0.88972812E-14   0.00000000E+00   0.88972812E-14
  16.883   4.883   0.37445453E+00   0.89168023E-14   0.00000000E+00   0.89168023E-14
  16.900   4.900   0.37372271E+00   0.89360654E-14   0.00000000E+00   0.89360654E-14
  16.917   4.917   0.37299800E+00   0.89550690E-14   0.00000000E+00   0.89550690E-14
  16.933   4.933   0.37228021E+00   0.89738118E-14   0.00000000E+00   0.89738118E-14
  16.950   4.950   0.37156917E+00   0.89922926E-14   0.00000000E+00   0.89922926E-14
  16.967   4.967   0.37086472E+00   0.90105100E-14   0.00000000E+00   0.90105100E-14
  16.983   4.983   0.37016669E+00   0.90284631E-14   0.00000000E+00   0.90284631E-14
  17.000   5.000   0.36947495E+00   0.90461509E-14   0.00000000E+00   0.90461509E-14
  17.017   5.017   0.36878934E+00   0.90635723E-14   0.00000000E+00   0.90635723E-14
  17.033   5.033   0.36810974E+00   0.90807266E-14   0.00000000E+00   0.90807266E-14
  17.050   5.050   0.36743601E+00   0.90976129E-14   0.00000000E+00   0.90976129E-14
  17.067   5.067   0.36676804E+00   0.91142305E-14   0.00000000E+00   0.91142305E-14
  17.083   5.083   0.36610570E+00   0.91305788E-14   0.00000000E+00   0.91305788E-14
  17.100   5.100   0.36544889E+00   0.91466571E-14   0.00000000E+00   0.91466571E-14
  17.117   5.117   0.36479750E+00   0.91624650E-14   0.00000000E+00   0.91624650E-14
  17.133   5.133   0.36415143E+00   0.91780018E-14   0.00000000E+00   0.91780018E-14
  17.150   5.150   0.36351057E+00   0.91932672E-14   0.00000000E+00   0.91932672E-14
  17.167   5.167   0.36287485E+00   0.92082609E-14   0.00000000E+00   0.92082609E-14
  17.183   5.183   0.36224417E+00   0.92229823E-14   0.00000000E+00   0.92229823E-14
  17.200   5.200   0.36161844E+00   0.92374313E-14   0.00000000E+00   0.92374313E-14
  17.217   5.217   0.36099758E+00   0.92516076E-14   0.00000000E+00   0.92516076E-14
  17.233   5.233   0.36038152E+00   0.92655110E-14   0.00000000E+00   0.92655110E-14
  17.250   5.250   0.35977017E+00   0.92791413E-14   0.00000000E+00   0.92791413E-14
  17.267   5.267   0.35916348E+00   0.92924984E-14   0.00000000E+00   0.92924984E-14
  17.283   5.283   0.35856136E+00   0.93055822E-14   0.00000000E+00   0.93055822E-14
  17.300   5.300   0.35796375E+00   0.93183926E-14   0.00000000E+00   0.93183926E-14
  17.317   5.317   0.35737058E+00   0.93309296E-14   0.00000000E+00   0.93309296E-14
  17.333   5.333   0.35678181E+00   0.93431932E-14   0.00000000E+00   0.93431932E-14
  17.350   5.350   0.35619736E+00   0.93551834E-14   0.00000000E+00   0.93551834E-14
  17.367   5.367   0.35561718E+00   0.93669004E-14   0.00000000E+00   0.93669004E-14
  17.383   5.383   0.35504121E+00   0.93783442E-14   0.00000000E+00   0.93783442E-14
  17.400   5.400   0.35446940E+00   0.93895148E-14   0.00000000E+00   0.93895148E-14
  17.417   5.417   0.35390170E+00   0.94004126E-14   0.00000000E+00   0.94004126E-14
  17.433   5.433   0.35333807E+00   0.94110376E-14   0.00000000E+00   0.94110376E-14
  17.450   5.450   0.35277844E+00   0.94213900E-14   0.00000000E+00   0.94213900E-14
  17.467   5.467   0.35222279E+00   0.94314701E-14   0.00000000E+00   0.94314701E-14
  17.483   5.483   0.35167106E+00   0.94412782E-14   0.00000000E+00   0.94412782E-14
  17.500   5.500   0.35112320E+00   0.94508143E-14   0.00000000E+00   0.94508143E-14
  17.517   5.517   0.35057919E+00   0.94600789E-14   0.00000000E+00   0.94600789E-14
  17.533   5.533   0.35003897E+00   0.94690723E-14   0.00000000E+00   0.94690723E-14
  17.550   5.550   0.34950251E+00   0.94777947E-14   0.00000000E+00   0.94777947E-14
  17.567   5.567   0.34896978E+00   0.94862466E-14   0.00000000E+00   0.94862466E-14
  17.583   5.583   0.34844073E+00   0.94944282E-14   0.00000000E+00   0.94944282E-14
  17.600   5.600   0.34791534E+00   0.95023399E-14   0.00000000E+00   0.95023399E-14
  17.617   5.617   0.34739356E+00   0.95099822E-14   0.00000000E+00   0.95099822E-14
  17.633   5.633   0.34687536E+00   0.95173554E-14   0.00000000E+00   0.95173554E-14
  17.650   5.650   0.34636072E+00   0.95244599E-14   0.00000000E+00   0.95244599E-14
  17.667   5.667   0.34584960E+00   0.95312962E-14   0.00000000E+00   0.95312962E-14
  17.683   5.683   0.34534197E+00   0.95378648E-14   0.00000000E+00   0.95378648E-14
  17.700   5.700   0.34483780E+00   0.95441660E-14   0.00000000E+00   0.95441660E-14
  17.717   5.717   0.34433707E+00   0.95502003E-14   0.00000000E+00   0.95502003E-14
  17.733   5.733   0.34383974E+00   0.95559682E-14   0.00000000E+00   0.95559682E-14
  17.750   5.750   0.34334580E+00   0.95614702E-14   0.00000000E+00   0.95614702E-14
  17.767   5.767   0.34285520E+00   0.95667068E-14   0.00000000E+00   0.95667068E-14
  17.783   5.783   0.34236794E+00   0.95716785E-14   0.00000000E+00   0.95716785E-14
  17.800   5.800   0.34188398E+00   0.95763859E-14   0.00000000E+00   0.95763859E-14
  17.817   5.817   0.34140331E+00   0.95808293E-14   0.00000000E+00   0.95808293E-14
  17.833   5.833   0.34092589E+00   0.95850094E-14   0.00000000E+00   0.95850094E-14
  17.850   5.850   0.34045171E+00   0.95889268E-14   0.00000000E+00   0.95889268E-14
  17.867   5.867   0.33998074E+00   0.95925818E-14   0.00000000E+00   0.95925818E-14
  17.883   5.883   0.33951296E+00   0.95959752E-14   0.00000000E+00   0.95959752E-14
  17.900   5.900   0.33904836E+00   0.95991074E-14   0.00000000E+00   0.95991074E-14
  17.917   5.917   0.33858691E+00   0.96019790E-14   0.00000000E+00   0.96019790E-14
  17.933   5.933   0.33812859E+00   0.96045906E-14   0.00000000E+00   0.96045906E-14
  17.950   5.950   0.33767338E+00   0.96069428E-14   0.00000000E+00   0.96069428E-14
  17.967   5.967   0.33722127E+00   0.96090361E-14   0.00000000E+00   0.96090361E-14
  17.983   5.983   0.33677223E+00   0.96108711E-14   0.00000000E+00   0.96108711E-14
  18.000   6.000   0.33632625E+00   0.96124484E-14   0.00000000E+00   0.96124484E-14
  18.017   6.017   0.33588331E+00   0.96137685E-14   0.00000000E+00   0.96137685E-14
  18.033   6.033   0.33544340E+00   0.96148322E-14   0.00000000E+00   0.96148322E-14
  18.050   6.050   0.33500649E+00   0.96156398E-14   0.00000000E+00   0.96156398E-14
  18.067   6.067   0.33457258E+00   0.96161921E-14   0.00000000E+00   0.96161921E-14
  18.083   6.083   0.33414164E+00   0.96164897E-14   0.00000000E+00   0.96164897E-14
  18.100   6.100   0.33371366E+00   0.96165331E-14   0.00000000E+00   0.96165331E-14
  18.117   6.117   0.33328863E+00   0.96163229E-14   0.00000000E+00   0.96163229E-14
  18.133   6.133   0.33286653E+00   0.96158598E-14   0.00000000E+00   0.96158598E-14
  18.150   6.150   0.33244734E+00   0.96151442E-14   0.00000000E+00   0.96151442E-14
  18.167   6.167   0.33203106E+00   0.96141769E-14   0.00000000E+00   0.96141769E-14
  18.183   6.183   0.33161767E+00   0.96129585E-14   0.00000000E+00   0.96129585E-14
  18.200   6.200   0.33120715E+00   0.96114894E-14   0.00000000E+00   0.96114894E-14
  18.217   6.217   0.33079949E+00   0.96097704E-14   0.00000000E+00   0.96097704E-14
  18.233   6.233   0.33039468E+00   0.96078019E-14   0.00000000E+00   0.96078019E-14
  18.250   6.250   0.32999271E+00   0.96055847E-14   0.00000000E+00   0.96055847E-14
  18.267   6.267   0.32959356E+00   0.96031193E-14   0.00000000E+00   0.96031193E-14
  18.283   6.283   0.32919723E+00   0.96004062E-14   0.00000000E+00   0.96004062E-14
  18.300   6.300   0.32880369E+00   0.95974462E-14   0.00000000E+00   0.95974462E-14
  18.317   6.317   0.32841294E+00   0.95942397E-14   0.00000000E+00   0.95942397E-14
  18.333   6.333   0.32802497E+00   0.95907873E-14   0.00000000E+00   0.95907873E-14
  18.350   6.350   0.32763977E+00   0.95870897E-14   0.00000000E+00   0.95870897E-14
  18.367   6.367   0.32725732E+00   0.95831474E-14   0.00000000E+00   0.95831474E-14
  18.383   6.383   0.32687761E+00   0.95789610E-14   0.00000000E+00   0.95789610E-14
  18.400   6.400   0.32650064E+00   0.95745311E-14   0.00000000E+00   0.95745311E-14
  18.417   6.417   0.32612639E+00   0.95698582E-14   0.00000000E+00   0.95698582E-14
  18.433   6.433   0.32575485E+00   0.95649430E-14   0.00000000E+00   0.95649430E-14
  18.450   6.450   0.32538602E+00   0.95597859E-14   0.00000000E+00   0.95597859E-14
  18.467   6.467   0.32501987E+00   0.95543875E-14   0.00000000E+00   0.95543875E-14
  18.483   6.483   0.32465641E+00   0.95487484E-14   0.00000000E+00   0.95487484E-14
  18.500   6.500   0.32429563E+00   0.95428692E-14   0.00000000E+00   0.95428692E-14
  18.517   6.517   0.32393750E+00   0.95367503E-14   0.00000000E+00   0.95367503E-14
  18.533   6.533   0.32358204E+00   0.95303924E-14   0.00000000E+00   0.95303924E-14
  18.550   6.550   0.32322921E+00   0.95237960E-14   0.00000000E+00   0.95237960E-14
  18.567   6.567   0.32287903E+00   0.95169616E-14   0.00000000E+00   0.95169616E-14
  18.583   6.583   0.32253147E+00   0.95098897E-14   0.00000000E+00   0.95098897E-14
  18.600   6.600   0.32218653E+00   0.95025809E-14   0.00000000E+00   0.95025809E-14
  18.617   6.617   0.32184419E+00   0.94950357E-14   0.00000000E+00   0.94950357E-14
  18.633   6.633   0.32150446E+00   0.94872546E-14   0.00000000E+00   0.94872546E-14
  18.650   6.650   0.32116733E+00   0.94792382E-14   0.00000000E+00   0.94792382E-14
  18.667   6.667   0.32083278E+00   0.94709868E-14   0.00000000E+00   0.94709868E-14
  18.683   6.683   0.32050080E+00   0.94625011E-14   0.00000000E+00   0.94625011E-14
  18.700   6.700   0.32017140E+00   0.94537816E-14   0.00000000E+00   0.94537816E-14
  18.717   6.717   0.31984455E+00   0.94448286E-14   0.00000000E+00   0.94448286E-14
  18.733   6.733   0.31952026E+00   0.94356428E-14   0.00000000E+00   0.94356428E-14
  18.750   6.750   0.31919851E+00   0.94262246E-14   0.00000000E+00   0.94262246E-14
  18.767   6.767   0.31887930E+00   0.94165744E-14   0.00000000E+00   0.94165744E-14
  18.783   6.783   0.31856261E+00   0.94066928E-14   0.00000000E+00   0.94066928E-14
  18.800   6.800   0.31824846E+00   0.93965801E-14   0.00000000E+00   0.93965801E-14
  18.817   6.817   0.31793681E+00   0.93862370E-14   0.00000000E+00   0.93862370E-14
  18.833   6.833   0.31762767E+00   0.93756637E-14   0.00000000E+00   0.93756637E-14
  18.850   6.850   0.31732104E+00   0.93648608E-14   0.00000000E+00   0.93648608E-14
  18.867   6.867   0.31701689E+00   0.93538288E-14   0.00000000E+00   0.93538288E-14
  18.883   6.883   0.31671523E+00   0.93425680E-14   0.00000000E+00   0.93425680E-14
  18.900   6.900   0.31641605E+00   0.93310788E-14   0.00000000E+00   0.93310788E-14
  18.917   6.917   0.31611934E+00   0.93193618E-14   0.00000000E+00   0.93193618E-14
  18.933   6.933   0.31582510E+00   0.93074173E-14   0.00000000E+00   0.93074173E-14
  18.950   6.950   0.31553331E+00   0.92952458E-14   0.00000000E+00   0.92952458E-14
  18.967   6.967   0.31524397E+00   0.92828476E-14   0.00000000E+00   0.92828476E-14
  18.983   6.983   0.31495708E+00   0.92702232E-14   0.00000000E+00   0.92702232E-14
  19.000   7.000   0.31467263E+00   0.92573729E-14   0.00000000E+00   0.92573729E-14
  19.017   7.017   0.31439060E+00   0.92442972E-14   0.00000000E+00   0.92442972E-14
  19.033   7.033   0.31411100E+00   0.92309965E-14   0.00000000E+00   0.92309965E-14
  19.050   7.050   0.31383382E+00   0.92174711E-14   0.00000000E+00   0.92174711E-14
  19.067   7.067   0.31355905E+00   0.92037214E-14   0.00000000E+00   0.92037214E-14
  19.083   7.083   0.31328668E+00   0.91897477E-14   0.00000000E+00   0.91897477E-14
  19.100   7.100   0.31301671E+00   0.91755506E-14   0.00000000E+00   0.91755506E-14
  19.117   7.117   0.31274913E+00   0.91611302E-14   0.00000000E+00   0.91611302E-14
  19.133   7.133   0.31248393E+00   0.91464871E-14   0.00000000E+00   0.91464871E-14
  19.150   7.150   0.31222111E+00   0.91316215E-14   0.00000000E+00   0.91316215E-14
  19.167   7.167   0.31196067E+00   0.91165337E-14   0.00000000E+00   0.91165337E-14
  19.183   7.183   0.31170259E+00   0.91012242E-14   0.00000000E+00   0.91012242E-14
  19.200   7.200   0.31144687E+00   0.90856933E-14   0.00000000E+00   0.90856933E-14
  19.217   7.217   0.31119351E+00   0.90699412E-14   0.00000000E+00   0.90699412E-14
  19.233   7.233   0.31094249E+00   0.90539684E-14   0.00000000E+00   0.90539684E-14
  19.250   7.250   0.31069381E+00   0.90377752E-14   0.00000000E+00   0.90377752E-14
  19.267   7.267   0.31044746E+00   0.90213619E-14   0.00000000E+00   0.90213619E-14
  19.283   7.283   0.31020344E+00   0.90047287E-14   0.00000000E+00   0.90047287E-14
  19.300   7.300   0.30996175E+00   0.89878761E-14   0.00000000E+00   0.89878761E-14
  19.317   7.317   0.30972237E+00   0.89708043E-14   0.00000000E+00   0.89708043E-14
  19.333   7.333   0.30948530E+00   0.89535137E-14   0.00000000E+00   0.89535137E-14
  19.350   7.350   0.30925053E+00   0.89360045E-14   0.00000000E+00   0.89360045E-14
  19.367   7.367   0.30901806E+00   0.89182771E-14   0.00000000E+00   0.89182771E-14
  19.383   7.383   0.30878789E+00   0.89003317E-14   0.00000000E+00   0.89003317E-14
  19.400   7.400   0.30855999E+00   0.88821687E-14   0.00000000E+00   0.88821687E-14
  19.417   7.417   0.30833438E+00   0.88637883E-14   0.00000000E+00   0.88637883E-14
  19.433   7.433   0.30811103E+00   0.88451908E-14   0.00000000E+00   0.88451908E-14
  19.450   7.450   0.30788996E+00   0.88263766E-14   0.00000000E+00   0.88263766E-14
  19.467   7.467   0.30767114E+00   0.88073458E-14   0.00000000E+00   0.88073458E-14
  19.483   7.483   0.30745458E+00   0.87880989E-14   0.00000000E+00   0.87880989E-14
  19.500   7.500   0.30724026E+00   0.87686360E-14   0.00000000E+00   0.87686360E-14
  19.517   7.517   0.30702819E+00   0.87489574E-14   0.00000000E+00   0.87489574E-14
  19.533   7.533   0.30681835E+00   0.87290635E-14   0.00000000E+00   0.87290635E-14
  19.550   7.550   0.30661074E+00   0.87089545E-14   0.00000000E+00   0.87089545E-14
  19.567   7.567   0.30640535E+00   0.86886307E-14   0.00000000E+00   0.86886307E-14
  19.583   7.583   0.30620218E+00   0.86680924E-14   0.00000000E+00   0.86680924E-14
  19.600   7.600   0.30600122E+00   0.86473397E-14   0.00000000E+00   0.86473397E-14
  19.617   7.617   0.30580247E+00   0.86263731E-14   0.00000000E+00   0.86263731E-14
  19.633   7.633   0.30560591E+00   0.86051928E-14   0.00000000E+00   0.86051928E-14
  19.650   7.650   0.30541154E+00   0.85837990E-14   0.00000000E+00   0.85837990E-14
  19.667   7.667   0.30521936E+00   0.85621921E-14   0.00000000E+00   0.85621921E-14
  19.683   7.683   0.30502936E+00   0.85403722E-14   0.00000000E+00   0.85403722E-14
  19.700   7.700   0.30484153E+00   0.85183398E-14   0.00000000E+00   0.85183398E-14
  19.717   7.717   0.30465586E+00   0.84960950E-14   0.00000000E+00   0.84960950E-14
  19.733   7.733   0.30447236E+00   0.84736382E-14   0.00000000E+00   0.84736382E-14
  19.750   7.750   0.30429100E+00   0.84509696E-14   0.00000000E+00   0.84509696E-14
  19.767   7.767   0.30411179E+00   0.84280895E-14   0.00000000E+00   0.84280895E-14
  19.783   7.783   0.30393472E+00   0.84049981E-14   0.00000000E+00   0.84049981E-14
  19.800   7.800   0.30375979E+00   0.83816959E-14   0.00000000E+00   0.83816959E-14
  19.817   7.817   0.30358698E+00   0.83581830E-14   0.00000000E+00   0.83581830E-14
  19.833   7.833   0.30341629E+00   0.83344598E-14   0.00000000E+00   0.83344598E-14
  19.850   7.850   0.30324771E+00   0.83105266E-14   0.00000000E+00   0.83105266E-14
  19.867   7.867   0.30308124E+00   0.82863836E-14   0.00000000E+00   0.82863836E-14
  19.883   7.883   0.30291687E+00   0.82620312E-14   0.00000000E+00   0.82620312E-14
  19.900   7.900   0.30275458E+00   0.82374696E-14   0.00000000E+00   0.82374696E-14
  19.917   7.917   0.30259439E+00   0.82126993E-14   0.00000000E+00   0.82126993E-14
  19.933   7.933   0.30243627E+00   0.81877204E-14   0.00000000E+00   0.81877204E-14
  19.950   7.950   0.30228022E+00   0.81625334E-14   0.00000000E+00   0.81625334E-14
  19.967   7.967   0.30212624E+00   0.81371385E-14   0.00000000E+00   0.81371385E-14
  19.983   7.983   0.30197431E+00   0.81115361E-14   0.00000000E+00   0.81115361E-14
  20.000   8.000   0.30182443E+00   0.80857266E-14   0.00000000E+00   0.80857266E-14
  20.017   8.017   0.30167659E+00   0.80597102E-14   0.00000000E+00   0.80597102E-14
  20.033   8.033   0.30153079E+00   0.80334874E-14   0.00000000E+00   0.80334874E-14
  20.050   8.050   0.30138701E+00   0.80070585E-14   0.00000000E+00   0.80070585E-14
  20.067   8.067   0.30124526E+00   0.79804239E-14   0.00000000E+00   0.79804239E-14
  20.083   8.083   0.30110551E+00   0.79535839E-14   0.00000000E+00   0.79535839E-14
  20.100   8.100   0.30096777E+00   0.79265389E-14   0.00000000E+00   0.79265389E-14
  20.117   8.117   0.30083202E+00   0.78992894E-14   0.00000000E+00   0.78992894E-14
  20.133   8.133   0.30069826E+00   0.78718358E-14   0.00000000E+00   0.78718358E-14
  20.150   8.150   0.30056648E+00   0.78441784E-14   0.00000000E+00   0.78441784E-14
  20.167   8.167   0.30043668E+00   0.78163177E-14   0.00000000E+00   0.78163177E-14
  20.183   8.183   0.30030883E+00   0.77882541E-14   0.00000000E+00   0.77882541E-14
  20.200   8.200   0.30018295E+00   0.77599880E-14   0.00000000E+00   0.77599880E-14
  20.217   8.217   0.30005900E+00   0.77315200E-14   0.00000000E+00   0.77315200E-14
  20.233   8.233   0.29993700E+00   0.77028505E-14   0.00000000E+00   0.77028505E-14
  20.250   8.250   0.29981693E+00   0.76739800E-14   0.00000000E+00   0.76739800E-14
  20.267   8.267   0.29969878E+00   0.76449089E-14   0.00000000E+00   0.76449089E-14
  20.283   8.283   0.29958254E+00   0.76156378E-14   0.00000000E+00   0.76156378E-14
  20.300   8.300   0.29946820E+00   0.75861673E-14   0.00000000E+00   0.75861673E-14
  20.317   8.317   0.29935576E+00   0.75564977E-14   0.00000000E+00   0.75564977E-14
  20.333   8.333   0.29924520E+00   0.75266298E-14   0.00000000E+00   0.75266298E-14
  20.350   8.350   0.29913652E+00   0.74965640E-14   0.00000000E+00   0.74965640E-14
  20.367   8.367   0.29902970E+00   0.74663009E-14   0.00000000E+00   0.74663009E-14
  20.383   8.383   0.29892474E+00   0.74358412E-14   0.00000000E+00   0.74358412E-14
  20.400   8.400   0.29882163E+00   0.74051854E-14   0.00000000E+00   0.74051854E-14
  20.417   8.417   0.29872036E+00   0.73743342E-14   0.00000000E+00   0.73743342E-14
  20.433   8.433   0.29862091E+00   0.73432881E-14   0.00000000E+00   0.73432881E-14
  20.450   8.450   0.29852328E+00   0.73120480E-14   0.00000000E+00   0.73120480E-14
  20.467   8.467   0.29842745E+00   0.72806144E-14   0.00000000E+00   0.72806144E-14
  20.483   8.483   0.29833343E+00   0.72489881E-14   0.00000000E+00   0.72489881E-14
  20.500   8.500   0.29824118E+00   0.72171697E-14   0.00000000E+00   0.72171697E-14
  20.517   8.517   0.29815072E+00   0.71851600E-14   0.00000000E+00   0.71851600E-14
  20.533   8.533   0.29806201E+00   0.71529598E-14   0.00000000E+00   0.71529598E-14
  20.550   8.550   0.29797506E+00   0.71205699E-14   0.00000000E+00   0.71205699E-14
  20.567   8.567   0.29788985E+00   0.70879910E-14   0.00000000E+00   0.70879910E-14
  20.583   8.583   0.29780637E+00   0.70552240E-14   0.00000000E+00   0.70552240E-14
  20.600   8.600   0.29772461E+00   0.70222697E-14   0.00000000E+00   0.70222697E-14
  20.617   8.617   0.29764456E+00   0.69891289E-14   0.00000000E+00   0.69891289E-14
  20.633   8.633   0.29756620E+00   0.69558026E-14   0.00000000E+00   0.69558026E-14
  20.650   8.650   0.29748953E+00   0.69222917E-14   0.00000000E+00   0.69222917E-14
  20.667   8.667   0.29741452E+00   0.68885971E-14   0.00000000E+00   0.68885971E-14
  20.683   8.683   0.29734117E+00   0.68547198E-14   0.00000000E+00   0.68547198E-14
  20.700   8.700   0.29726947E+00   0.68206607E-14   0.00000000E+00   0.68206607E-14
  20.717   8.717   0.29719940E+00   0.67864209E-14   0.00000000E+00   0.67864209E-14
  20.733   8.733   0.29713095E+00   0.67520014E-14   0.00000000E+00   0.67520014E-14
  20.750   8.750   0.29706410E+00   0.67174032E-14   0.00000000E+00   0.67174032E-14
  20.767   8.767   0.29699885E+00   0.66826276E-14   0.00000000E+00   0.66826276E-14
  20.783   8.783   0.29693517E+00   0.66476755E-14   0.00000000E+00   0.66476755E-14
  20.800   8.800   0.29687306E+00   0.66125481E-14   0.00000000E+00   0.66125481E-14
  20.817   8.817   0.29681249E+00   0.65772466E-14   0.00000000E+00   0.65772466E-14
  20.833   8.833   0.29675347E+00   0.65417723E-14   0.00000000E+00   0.65417723E-14
  20.850   8.850   0.29669596E+00   0.65061262E-14   0.00000000E+00   0.65061262E-14
  20.867   8.867   0.29663996E+00   0.64703098E-14   0.00000000E+00   0.64703098E-14
  20.883   8.883   0.29658545E+00   0.64343243E-14   0.00000000E+00   0.64343243E-14
  20.900   8.900   0.29653242E+00   0.63981711E-14   0.00000000E+00   0.63981711E-14
  20.917   8.917   0.29648084E+00   0.63618514E-14   0.00000000E+00   0.63618514E-14
  20.933   8.933   0.29643071E+00   0.63253668E-14   0.00000000E+00   0.63253668E-14
  20.950   8.950   0.29638201E+00   0.62887185E-14   0.00000000E+00   0.62887185E-14
  20.967   8.967   0.29633471E+00   0.62519082E-14   0.00000000E+00   0.62519082E-14
