        RT(hours)           [HNO3]         P_R_20           P_R_26           P_R_27           tot_loss         tot_prod
  12.017   0.017   0.14996967E+01   0.45450365E-06   0.33736220E-08   0.16238209E-07   0.00000000E+00   0.47411548E-06
  12.033   0.033   0.14993881E+01   0.74970328E-06   0.44794159E-08   0.21571351E-07   0.00000000E+00   0.77575404E-06
  12.050   0.050   0.14990713E+01   0.94400221E-06   0.46582880E-08   0.22443827E-07   0.00000000E+00   0.97110432E-06
  12.067   0.067   0.14987410E+01   0.10712377E-05   0.45601100E-08   0.21981681E-07   0.00000000E+00   0.10977795E-05
  12.083   0.083   0.14983940E+01   0.11581678E-05   0.43996846E-08   0.21218883E-07   0.00000000E+00   0.11837864E-05
  12.100   0.100   0.14980283E+01   0.12227904E-05   0.42403205E-08   0.20460461E-07   0.00000000E+00   0.12474911E-05
  12.117   0.117   0.14976430E+01   0.12757635E-05   0.40959547E-08   0.19773704E-07   0.00000000E+00   0.12996331E-05
  12.133   0.133   0.14972374E+01   0.13229419E-05   0.39663641E-08   0.19157641E-07   0.00000000E+00   0.13460659E-05
  12.150   0.150   0.14968114E+01   0.13673876E-05   0.38484578E-08   0.18597439E-07   0.00000000E+00   0.13898335E-05
  12.167   0.167   0.14963648E+01   0.14106400E-05   0.37394095E-08   0.18079515E-07   0.00000000E+00   0.14324589E-05
  12.183   0.183   0.14958974E+01   0.14534429E-05   0.36372167E-08   0.17594247E-07   0.00000000E+00   0.14746744E-05
  12.200   0.200   0.14954092E+01   0.14961383E-05   0.35405769E-08   0.17135379E-07   0.00000000E+00   0.15168143E-05
  12.217   0.217   0.14949002E+01   0.15388718E-05   0.34486605E-08   0.16698933E-07   0.00000000E+00   0.15590194E-05
  12.233   0.233   0.14943703E+01   0.15816972E-05   0.33609297E-08   0.16282337E-07   0.00000000E+00   0.16013405E-05
  12.250   0.250   0.14938195E+01   0.16246275E-05   0.32770191E-08   0.15883847E-07   0.00000000E+00   0.16437884E-05
  12.267   0.267   0.14932478E+01   0.16676593E-05   0.31966637E-08   0.15502207E-07   0.00000000E+00   0.16863581E-05
  12.283   0.283   0.14926551E+01   0.17107836E-05   0.31196568E-08   0.15136438E-07   0.00000000E+00   0.17290397E-05
  12.300   0.300   0.14920413E+01   0.17539909E-05   0.30458270E-08   0.14785731E-07   0.00000000E+00   0.17718225E-05
  12.317   0.317   0.14914065E+01   0.17972722E-05   0.29750243E-08   0.14449381E-07   0.00000000E+00   0.18146967E-05
  12.333   0.333   0.14907505E+01   0.18406203E-05   0.29071132E-08   0.14126749E-07   0.00000000E+00   0.18576541E-05
  12.350   0.350   0.14900734E+01   0.18840289E-05   0.28419683E-08   0.13817247E-07   0.00000000E+00   0.19006881E-05
  12.367   0.367   0.14893750E+01   0.19274931E-05   0.27794723E-08   0.13520323E-07   0.00000000E+00   0.19437929E-05
  12.383   0.383   0.14886554E+01   0.19710089E-05   0.27195141E-08   0.13235456E-07   0.00000000E+00   0.19869639E-05
  12.400   0.400   0.14879143E+01   0.20145731E-05   0.26619884E-08   0.12962151E-07   0.00000000E+00   0.20301972E-05
  12.417   0.417   0.14871519E+01   0.20581829E-05   0.26067952E-08   0.12699937E-07   0.00000000E+00   0.20734896E-05
  12.433   0.433   0.14863680E+01   0.21018361E-05   0.25538390E-08   0.12448366E-07   0.00000000E+00   0.21168383E-05
  12.450   0.450   0.14855625E+01   0.21455310E-05   0.25030288E-08   0.12207010E-07   0.00000000E+00   0.21602411E-05
  12.467   0.467   0.14847354E+01   0.21892661E-05   0.24542781E-08   0.11975461E-07   0.00000000E+00   0.22036959E-05
  12.483   0.483   0.14838866E+01   0.22330402E-05   0.24075041E-08   0.11753332E-07   0.00000000E+00   0.22472010E-05
  12.500   0.500   0.14830161E+01   0.22768521E-05   0.23626280E-08   0.11540249E-07   0.00000000E+00   0.22907550E-05
  12.517   0.517   0.14821236E+01   0.23207012E-05   0.23195746E-08   0.11335861E-07   0.00000000E+00   0.23343566E-05
  12.533   0.533   0.14812092E+01   0.23645866E-05   0.22782724E-08   0.11139830E-07   0.00000000E+00   0.23780047E-05
  12.550   0.550   0.14802728E+01   0.24085077E-05   0.22386530E-08   0.10951833E-07   0.00000000E+00   0.24216982E-05
  12.567   0.567   0.14793143E+01   0.24524638E-05   0.22006512E-08   0.10771566E-07   0.00000000E+00   0.24654360E-05
  12.583   0.583   0.14783335E+01   0.24964542E-05   0.21642050E-08   0.10598734E-07   0.00000000E+00   0.25092171E-05
  12.600   0.600   0.14773304E+01   0.25404782E-05   0.21292551E-08   0.10433060E-07   0.00000000E+00   0.25530405E-05
  12.617   0.617   0.14763048E+01   0.25845350E-05   0.20957453E-08   0.10274277E-07   0.00000000E+00   0.25969050E-05
  12.633   0.633   0.14752567E+01   0.26286237E-05   0.20636216E-08   0.10122132E-07   0.00000000E+00   0.26408094E-05
  12.650   0.650   0.14741860E+01   0.26727430E-05   0.20328327E-08   0.99763832E-08   0.00000000E+00   0.26847522E-05
  12.667   0.667   0.14730924E+01   0.27168917E-05   0.20033298E-08   0.98368004E-08   0.00000000E+00   0.27287318E-05
  12.683   0.683   0.14719760E+01   0.27610682E-05   0.19750661E-08   0.97031634E-08   0.00000000E+00   0.27727464E-05
  12.700   0.700   0.14708365E+01   0.28052706E-05   0.19479972E-08   0.95752625E-08   0.00000000E+00   0.28167938E-05
  12.717   0.717   0.14696739E+01   0.28494967E-05   0.19220805E-08   0.94528977E-08   0.00000000E+00   0.28608717E-05
  12.733   0.733   0.14684880E+01   0.28937441E-05   0.18972755E-08   0.93358778E-08   0.00000000E+00   0.29049773E-05
  12.750   0.750   0.14672787E+01   0.29380098E-05   0.18735437E-08   0.92240206E-08   0.00000000E+00   0.29491073E-05
  12.767   0.767   0.14660457E+01   0.29822905E-05   0.18508479E-08   0.91171521E-08   0.00000000E+00   0.29932585E-05
  12.783   0.783   0.14647891E+01   0.30265823E-05   0.18291530E-08   0.90151062E-08   0.00000000E+00   0.30374266E-05
  12.800   0.800   0.14635086E+01   0.30708812E-05   0.18084253E-08   0.89177241E-08   0.00000000E+00   0.30816073E-05
  12.817   0.817   0.14622040E+01   0.31151822E-05   0.17886327E-08   0.88248543E-08   0.00000000E+00   0.31257957E-05
  12.833   0.833   0.14608752E+01   0.31594801E-05   0.17697443E-08   0.87363517E-08   0.00000000E+00   0.31699862E-05
  12.850   0.850   0.14595221E+01   0.32037691E-05   0.17517307E-08   0.86520780E-08   0.00000000E+00   0.32141729E-05
  12.867   0.867   0.14581444E+01   0.32480427E-05   0.17345639E-08   0.85719006E-08   0.00000000E+00   0.32583492E-05
  12.883   0.883   0.14567419E+01   0.32922939E-05   0.17182170E-08   0.84956928E-08   0.00000000E+00   0.33025078E-05
  12.900   0.900   0.14553146E+01   0.33365150E-05   0.17026642E-08   0.84233333E-08   0.00000000E+00   0.33466410E-05
  12.917   0.917   0.14538621E+01   0.33806978E-05   0.16878808E-08   0.83547059E-08   0.00000000E+00   0.33907404E-05
  12.933   0.933   0.14523843E+01   0.34248332E-05   0.16738433E-08   0.82896995E-08   0.00000000E+00   0.34347967E-05
  12.950   0.950   0.14508810E+01   0.34689117E-05   0.16605289E-08   0.82282073E-08   0.00000000E+00   0.34788004E-05
  12.967   0.967   0.14493520E+01   0.35129228E-05   0.16479161E-08   0.81701271E-08   0.00000000E+00   0.35227409E-05
  12.983   0.983   0.14477970E+01   0.35568557E-05   0.16359840E-08   0.81153609E-08   0.00000000E+00   0.35666071E-05
  13.000   1.000   0.14462159E+01   0.36006986E-05   0.16247125E-08   0.80638143E-08   0.00000000E+00   0.36103872E-05
  13.017   1.017   0.14446083E+01   0.36444392E-05   0.16140825E-08   0.80153971E-08   0.00000000E+00   0.36540687E-05
  13.033   1.033   0.14429742E+01   0.36880643E-05   0.16040755E-08   0.79700221E-08   0.00000000E+00   0.36976384E-05
  13.050   1.050   0.14413131E+01   0.37315601E-05   0.15946738E-08   0.79276057E-08   0.00000000E+00   0.37410824E-05
  13.067   1.067   0.14396250E+01   0.37749123E-05   0.15858603E-08   0.78880674E-08   0.00000000E+00   0.37843863E-05
  13.083   1.083   0.14379094E+01   0.38181057E-05   0.15776186E-08   0.78513296E-08   0.00000000E+00   0.38275346E-05
  13.100   1.100   0.14361662E+01   0.38611244E-05   0.15699327E-08   0.78173174E-08   0.00000000E+00   0.38705117E-05
  13.117   1.117   0.14343951E+01   0.39039521E-05   0.15627873E-08   0.77859588E-08   0.00000000E+00   0.39133009E-05
  13.133   1.133   0.14325957E+01   0.39465717E-05   0.15561677E-08   0.77571840E-08   0.00000000E+00   0.39558851E-05
  13.150   1.150   0.14307679E+01   0.39889655E-05   0.15500597E-08   0.77309255E-08   0.00000000E+00   0.39982465E-05
  13.167   1.167   0.14289113E+01   0.40311154E-05   0.15444494E-08   0.77071183E-08   0.00000000E+00   0.40403669E-05
  13.183   1.183   0.14270256E+01   0.40730024E-05   0.15393235E-08   0.76856992E-08   0.00000000E+00   0.40822274E-05
  13.200   1.200   0.14251105E+01   0.41146074E-05   0.15346689E-08   0.76666070E-08   0.00000000E+00   0.41238087E-05
  13.217   1.217   0.14231657E+01   0.41559106E-05   0.15304733E-08   0.76497823E-08   0.00000000E+00   0.41650909E-05
  13.233   1.233   0.14211908E+01   0.41968919E-05   0.15267244E-08   0.76351675E-08   0.00000000E+00   0.42060538E-05
  13.250   1.250   0.14191856E+01   0.42375305E-05   0.15234103E-08   0.76227065E-08   0.00000000E+00   0.42466766E-05
  13.267   1.267   0.14171496E+01   0.42778057E-05   0.15205197E-08   0.76123449E-08   0.00000000E+00   0.42869385E-05
  13.283   1.283   0.14150826E+01   0.43176961E-05   0.15180413E-08   0.76040294E-08   0.00000000E+00   0.43268181E-05
  13.300   1.300   0.14129841E+01   0.43571802E-05   0.15159642E-08   0.75977084E-08   0.00000000E+00   0.43662939E-05
  13.317   1.317   0.14108537E+01   0.43962365E-05   0.15142779E-08   0.75933312E-08   0.00000000E+00   0.44053441E-05
  13.333   1.333   0.14086912E+01   0.44348430E-05   0.15129719E-08   0.75908485E-08   0.00000000E+00   0.44439468E-05
  13.350   1.350   0.14064961E+01   0.44729777E-05   0.15120362E-08   0.75902121E-08   0.00000000E+00   0.44820800E-05
  13.367   1.367   0.14042680E+01   0.45106187E-05   0.15114609E-08   0.75913746E-08   0.00000000E+00   0.45197216E-05
  13.383   1.383   0.14020065E+01   0.45477440E-05   0.15112364E-08   0.75942898E-08   0.00000000E+00   0.45568495E-05
  13.400   1.400   0.13997112E+01   0.45843316E-05   0.15113531E-08   0.75989123E-08   0.00000000E+00   0.45934419E-05
  13.417   1.417   0.13973816E+01   0.46203598E-05   0.15118019E-08   0.76051977E-08   0.00000000E+00   0.46294768E-05
  13.433   1.433   0.13950174E+01   0.46558068E-05   0.15125736E-08   0.76131020E-08   0.00000000E+00   0.46649324E-05
  13.450   1.450   0.13926180E+01   0.46906512E-05   0.15136595E-08   0.76225824E-08   0.00000000E+00   0.46997874E-05
  13.467   1.467   0.13901830E+01   0.47248719E-05   0.15150506E-08   0.76335966E-08   0.00000000E+00   0.47340206E-05
  13.483   1.483   0.13877119E+01   0.47584481E-05   0.15167385E-08   0.76461028E-08   0.00000000E+00   0.47676109E-05
  13.500   1.500   0.13852043E+01   0.47913592E-05   0.15187148E-08   0.76600602E-08   0.00000000E+00   0.48005380E-05
  13.517   1.517   0.13826597E+01   0.48235854E-05   0.15209711E-08   0.76754281E-08   0.00000000E+00   0.48327818E-05
  13.533   1.533   0.13800775E+01   0.48551070E-05   0.15234992E-08   0.76921668E-08   0.00000000E+00   0.48643226E-05
  13.550   1.550   0.13774573E+01   0.48859050E-05   0.15262912E-08   0.77102369E-08   0.00000000E+00   0.48951415E-05
  13.567   1.567   0.13747986E+01   0.49159609E-05   0.15293392E-08   0.77295993E-08   0.00000000E+00   0.49252198E-05
  13.583   1.583   0.13721007E+01   0.49452569E-05   0.15326353E-08   0.77502157E-08   0.00000000E+00   0.49545398E-05
  13.600   1.600   0.13693633E+01   0.49737758E-05   0.15361718E-08   0.77720479E-08   0.00000000E+00   0.49830840E-05
  13.617   1.617   0.13665856E+01   0.50015010E-05   0.15399413E-08   0.77950584E-08   0.00000000E+00   0.50108360E-05
  13.633   1.633   0.13637672E+01   0.50284167E-05   0.15439361E-08   0.78192098E-08   0.00000000E+00   0.50377798E-05
  13.650   1.650   0.13609075E+01   0.50545077E-05   0.15481489E-08   0.78444653E-08   0.00000000E+00   0.50639003E-05
  13.667   1.667   0.13580060E+01   0.50797598E-05   0.15525724E-08   0.78707881E-08   0.00000000E+00   0.50891832E-05
  13.683   1.683   0.13550619E+01   0.51041594E-05   0.15571994E-08   0.78981419E-08   0.00000000E+00   0.51136147E-05
  13.700   1.700   0.13520748E+01   0.51276938E-05   0.15620228E-08   0.79264908E-08   0.00000000E+00   0.51371823E-05
  13.717   1.717   0.13490440E+01   0.51503510E-05   0.15670354E-08   0.79557989E-08   0.00000000E+00   0.51598738E-05
  13.733   1.733   0.13459689E+01   0.51721200E-05   0.15722303E-08   0.79860308E-08   0.00000000E+00   0.51816783E-05
  13.750   1.750   0.13428488E+01   0.51929906E-05   0.15776007E-08   0.80171510E-08   0.00000000E+00   0.52025853E-05
  13.767   1.767   0.13396832E+01   0.52129534E-05   0.15831396E-08   0.80491246E-08   0.00000000E+00   0.52225857E-05
  13.783   1.783   0.13364714E+01   0.52320000E-05   0.15888403E-08   0.80819165E-08   0.00000000E+00   0.52416708E-05
  13.800   1.800   0.13332128E+01   0.52501228E-05   0.15946960E-08   0.81154919E-08   0.00000000E+00   0.52598330E-05
  13.817   1.817   0.13299066E+01   0.52673150E-05   0.16007001E-08   0.81498163E-08   0.00000000E+00   0.52770655E-05
  13.833   1.833   0.13265523E+01   0.52835708E-05   0.16068459E-08   0.81848552E-08   0.00000000E+00   0.52933625E-05
  13.850   1.850   0.13231492E+01   0.52988853E-05   0.16131269E-08   0.82205741E-08   0.00000000E+00   0.53087190E-05
  13.867   1.867   0.13196965E+01   0.53132543E-05   0.16195366E-08   0.82569387E-08   0.00000000E+00   0.53231308E-05
  13.883   1.883   0.13161937E+01   0.53266746E-05   0.16260684E-08   0.82939148E-08   0.00000000E+00   0.53365946E-05
  13.900   1.900   0.13126399E+01   0.53391438E-05   0.16327160E-08   0.83314680E-08   0.00000000E+00   0.53491080E-05
  13.917   1.917   0.13090346E+01   0.53506604E-05   0.16394728E-08   0.83695643E-08   0.00000000E+00   0.53606694E-05
  13.933   1.933   0.13053771E+01   0.53612236E-05   0.16463325E-08   0.84081694E-08   0.00000000E+00   0.53712781E-05
  13.950   1.950   0.13016666E+01   0.53708337E-05   0.16532887E-08   0.84472491E-08   0.00000000E+00   0.53809342E-05
  13.967   1.967   0.12979026E+01   0.53794914E-05   0.16603350E-08   0.84867690E-08   0.00000000E+00   0.53896385E-05
  13.983   1.983   0.12940842E+01   0.53871986E-05   0.16674651E-08   0.85266948E-08   0.00000000E+00   0.53973927E-05
  14.000   2.000   0.12902108E+01   0.53939576E-05   0.16746727E-08   0.85669921E-08   0.00000000E+00   0.54041993E-05
  14.017   2.017   0.12862807E+01   0.53998011E-05   0.16820532E-08   0.86081885E-08   0.00000000E+00   0.54100914E-05
  14.033   2.033   0.12822884E+01   0.54047251E-05   0.16898548E-08   0.86515843E-08   0.00000000E+00   0.54150665E-05
  14.050   2.050   0.12782275E+01   0.54087131E-05   0.16981323E-08   0.86974460E-08   0.00000000E+00   0.54191087E-05
  14.067   2.067   0.12740921E+01   0.54117684E-05   0.17068740E-08   0.87457024E-08   0.00000000E+00   0.54222210E-05
  14.083   2.083   0.12698768E+01   0.54139018E-05   0.17160604E-08   0.87962415E-08   0.00000000E+00   0.54244141E-05
  14.100   2.100   0.12655763E+01   0.54151274E-05   0.17256735E-08   0.88489599E-08   0.00000000E+00   0.54257020E-05
  14.117   2.117   0.12611856E+01   0.54154596E-05   0.17356977E-08   0.89037657E-08   0.00000000E+00   0.54260990E-05
  14.133   2.133   0.12567000E+01   0.54149128E-05   0.17461187E-08   0.89605759E-08   0.00000000E+00   0.54256195E-05
  14.150   2.150   0.12521150E+01   0.54135008E-05   0.17569238E-08   0.90193134E-08   0.00000000E+00   0.54242770E-05
  14.167   2.167   0.12474264E+01   0.54112364E-05   0.17681008E-08   0.90799055E-08   0.00000000E+00   0.54220844E-05
  14.183   2.183   0.12426302E+01   0.54081322E-05   0.17796383E-08   0.91422826E-08   0.00000000E+00   0.54190541E-05
  14.200   2.200   0.12377225E+01   0.54041997E-05   0.17915253E-08   0.92063772E-08   0.00000000E+00   0.54151976E-05
  14.217   2.217   0.12326995E+01   0.53994501E-05   0.18037511E-08   0.92721235E-08   0.00000000E+00   0.54105260E-05
  14.233   2.233   0.12275579E+01   0.53938944E-05   0.18163052E-08   0.93394566E-08   0.00000000E+00   0.54050502E-05
  14.250   2.250   0.12222943E+01   0.53875430E-05   0.18291773E-08   0.94083121E-08   0.00000000E+00   0.53987805E-05
  14.267   2.267   0.12169057E+01   0.53804063E-05   0.18423570E-08   0.94786252E-08   0.00000000E+00   0.53917273E-05
  14.283   2.283   0.12113890E+01   0.53724945E-05   0.18558340E-08   0.95503307E-08   0.00000000E+00   0.53839007E-05
  14.300   2.300   0.12057417E+01   0.53638179E-05   0.18695976E-08   0.96233621E-08   0.00000000E+00   0.53753108E-05
  14.317   2.317   0.11999612E+01   0.53543868E-05   0.18836371E-08   0.96976514E-08   0.00000000E+00   0.53659680E-05
  14.333   2.333   0.11940452E+01   0.53442117E-05   0.18979411E-08   0.97731282E-08   0.00000000E+00   0.53558828E-05
  14.350   2.350   0.11879918E+01   0.53333037E-05   0.19124979E-08   0.98497198E-08   0.00000000E+00   0.53450659E-05
  14.367   2.367   0.11817992E+01   0.53216737E-05   0.19272955E-08   0.99273502E-08   0.00000000E+00   0.53335284E-05
  14.383   2.383   0.11754658E+01   0.53093336E-05   0.19423208E-08   0.10005940E-07   0.00000000E+00   0.53212819E-05
  14.400   2.400   0.11689907E+01   0.52962957E-05   0.19575603E-08   0.10085406E-07   0.00000000E+00   0.53083386E-05
  14.417   2.417   0.11623730E+01   0.52825727E-05   0.19729995E-08   0.10165660E-07   0.00000000E+00   0.52947113E-05
  14.433   2.433   0.11556123E+01   0.52681783E-05   0.19886231E-08   0.10246609E-07   0.00000000E+00   0.52804135E-05
  14.450   2.450   0.11487086E+01   0.52531271E-05   0.20044146E-08   0.10328157E-07   0.00000000E+00   0.52654596E-05
  14.467   2.467   0.11416624E+01   0.52374342E-05   0.20203568E-08   0.10410199E-07   0.00000000E+00   0.52498648E-05
  14.483   2.483   0.11344746E+01   0.52211162E-05   0.20364308E-08   0.10492626E-07   0.00000000E+00   0.52336452E-05
  14.500   2.500   0.11271466E+01   0.52041902E-05   0.20526171E-08   0.10575325E-07   0.00000000E+00   0.52168182E-05
  14.517   2.517   0.11196805E+01   0.51866750E-05   0.20688944E-08   0.10658173E-07   0.00000000E+00   0.51994020E-05
  14.533   2.533   0.11120788E+01   0.51685900E-05   0.20852404E-08   0.10741043E-07   0.00000000E+00   0.51814163E-05
  14.550   2.550   0.11043449E+01   0.51499562E-05   0.21016313E-08   0.10823803E-07   0.00000000E+00   0.51628816E-05
  14.567   2.567   0.10964826E+01   0.51307957E-05   0.21180423E-08   0.10906312E-07   0.00000000E+00   0.51438200E-05
  14.583   2.583   0.10884966E+01   0.51111318E-05   0.21344469E-08   0.10988426E-07   0.00000000E+00   0.51242547E-05
  14.600   2.600   0.10803919E+01   0.50909894E-05   0.21508177E-08   0.11069995E-07   0.00000000E+00   0.51042102E-05
  14.617   2.617   0.10721748E+01   0.50703942E-05   0.21671260E-08   0.11150864E-07   0.00000000E+00   0.50837121E-05
  14.633   2.633   0.10638517E+01   0.50493733E-05   0.21833420E-08   0.11230875E-07   0.00000000E+00   0.50627875E-05
  14.650   2.650   0.10554302E+01   0.50279549E-05   0.21994351E-08   0.11309866E-07   0.00000000E+00   0.50414642E-05
  14.667   2.667   0.10469183E+01   0.50061684E-05   0.22153742E-08   0.11387674E-07   0.00000000E+00   0.50197715E-05
  14.683   2.683   0.10383247E+01   0.49840439E-05   0.22311273E-08   0.11464135E-07   0.00000000E+00   0.49977392E-05
  14.700   2.700   0.10296586E+01   0.49616123E-05   0.22466624E-08   0.11539086E-07   0.00000000E+00   0.49753981E-05
  14.717   2.717   0.10209299E+01   0.49389053E-05   0.22619475E-08   0.11612366E-07   0.00000000E+00   0.49527796E-05
  14.733   2.733   0.10121490E+01   0.49159547E-05   0.22769509E-08   0.11683818E-07   0.00000000E+00   0.49299155E-05
  14.750   2.750   0.10033264E+01   0.48927929E-05   0.22916415E-08   0.11753289E-07   0.00000000E+00   0.49068378E-05
  14.767   2.767   0.99447313E+00   0.48694520E-05   0.23059891E-08   0.11820634E-07   0.00000000E+00   0.48835786E-05
  14.783   2.783   0.98560038E+00   0.48459639E-05   0.23199645E-08   0.11885716E-07   0.00000000E+00   0.48601696E-05
  14.800   2.800   0.97671936E+00   0.48223603E-05   0.23335405E-08   0.11948407E-07   0.00000000E+00   0.48366422E-05
  14.817   2.817   0.96784131E+00   0.47986719E-05   0.23466911E-08   0.12008590E-07   0.00000000E+00   0.48130271E-05
  14.833   2.833   0.95897731E+00   0.47749286E-05   0.23593928E-08   0.12066162E-07   0.00000000E+00   0.47893541E-05
  14.850   2.850   0.95013823E+00   0.47511592E-05   0.23716241E-08   0.12121029E-07   0.00000000E+00   0.47656519E-05
  14.867   2.867   0.94133461E+00   0.47273913E-05   0.23833658E-08   0.12173115E-07   0.00000000E+00   0.47419478E-05
  14.883   2.883   0.93257659E+00   0.47036508E-05   0.23946015E-08   0.12222354E-07   0.00000000E+00   0.47182678E-05
  14.900   2.900   0.92387378E+00   0.46799623E-05   0.24053173E-08   0.12268696E-07   0.00000000E+00   0.46946363E-05
  14.917   2.917   0.91523527E+00   0.46563485E-05   0.24155019E-08   0.12312106E-07   0.00000000E+00   0.46710761E-05
  14.933   2.933   0.90666952E+00   0.46328303E-05   0.24251467E-08   0.12352562E-07   0.00000000E+00   0.46476080E-05
  14.950   2.950   0.89818433E+00   0.46094269E-05   0.24342456E-08   0.12390053E-07   0.00000000E+00   0.46242512E-05
  14.967   2.967   0.88978682E+00   0.45861556E-05   0.24427952E-08   0.12424585E-07   0.00000000E+00   0.46010230E-05
  14.983   2.983   0.88148343E+00   0.45630318E-05   0.24507943E-08   0.12456173E-07   0.00000000E+00   0.45779388E-05
  15.000   3.000   0.87327988E+00   0.45400693E-05   0.24582441E-08   0.12484843E-07   0.00000000E+00   0.45550124E-05
  15.017   3.017   0.86518119E+00   0.45172799E-05   0.24651478E-08   0.12510632E-07   0.00000000E+00   0.45322557E-05
  15.033   3.033   0.85719170E+00   0.44946739E-05   0.24715105E-08   0.12533587E-07   0.00000000E+00   0.45096790E-05
  15.050   3.050   0.84931511E+00   0.44722599E-05   0.24773389E-08   0.12553759E-07   0.00000000E+00   0.44872910E-05
  15.067   3.067   0.84155448E+00   0.44500450E-05   0.24826414E-08   0.12571210E-07   0.00000000E+00   0.44650989E-05
  15.083   3.083   0.83391228E+00   0.44280351E-05   0.24874278E-08   0.12586005E-07   0.00000000E+00   0.44431085E-05
  15.100   3.100   0.82639042E+00   0.44062344E-05   0.24917086E-08   0.12598216E-07   0.00000000E+00   0.44213244E-05
  15.117   3.117   0.81899030E+00   0.43846464E-05   0.24954957E-08   0.12607916E-07   0.00000000E+00   0.43997498E-05
  15.133   3.133   0.81171285E+00   0.43632732E-05   0.24988017E-08   0.12615183E-07   0.00000000E+00   0.43783872E-05
  15.150   3.150   0.80455856E+00   0.43421160E-05   0.25016396E-08   0.12620097E-07   0.00000000E+00   0.43572378E-05
  15.167   3.167   0.79752754E+00   0.43211753E-05   0.25040230E-08   0.12622739E-07   0.00000000E+00   0.43363020E-05
  15.183   3.183   0.79061954E+00   0.43004505E-05   0.25059660E-08   0.12623191E-07   0.00000000E+00   0.43155797E-05
  15.200   3.200   0.78383400E+00   0.42799407E-05   0.25074828E-08   0.12621534E-07   0.00000000E+00   0.42950697E-05
  15.217   3.217   0.77717011E+00   0.42596441E-05   0.25085875E-08   0.12617851E-07   0.00000000E+00   0.42747706E-05
  15.233   3.233   0.77062677E+00   0.42395587E-05   0.25092947E-08   0.12612222E-07   0.00000000E+00   0.42546802E-05
  15.250   3.250   0.76420272E+00   0.42196818E-05   0.25096185E-08   0.12604726E-07   0.00000000E+00   0.42347961E-05
  15.267   3.267   0.75789650E+00   0.42000104E-05   0.25095731E-08   0.12595443E-07   0.00000000E+00   0.42151154E-05
  15.283   3.283   0.75170649E+00   0.41805413E-05   0.25091725E-08   0.12584450E-07   0.00000000E+00   0.41956349E-05
  15.300   3.300   0.74563096E+00   0.41612710E-05   0.25084304E-08   0.12571820E-07   0.00000000E+00   0.41763512E-05
  15.317   3.317   0.73966808E+00   0.41421957E-05   0.25073603E-08   0.12557627E-07   0.00000000E+00   0.41572607E-05
  15.333   3.333   0.73381590E+00   0.41233116E-05   0.25059754E-08   0.12541942E-07   0.00000000E+00   0.41383595E-05
  15.350   3.350   0.72807244E+00   0.41046146E-05   0.25042884E-08   0.12524833E-07   0.00000000E+00   0.41196437E-05
  15.367   3.367   0.72243565E+00   0.40861007E-05   0.25023119E-08   0.12506366E-07   0.00000000E+00   0.41011094E-05
  15.383   3.383   0.71690345E+00   0.40677657E-05   0.25000579E-08   0.12486605E-07   0.00000000E+00   0.40827524E-05
  15.400   3.400   0.71147375E+00   0.40496056E-05   0.24975381E-08   0.12465612E-07   0.00000000E+00   0.40645687E-05
  15.417   3.417   0.70614441E+00   0.40316160E-05   0.24947640E-08   0.12443446E-07   0.00000000E+00   0.40465542E-05
  15.433   3.433   0.70091331E+00   0.40137928E-05   0.24917465E-08   0.12420164E-07   0.00000000E+00   0.40287047E-05
  15.450   3.450   0.69577835E+00   0.39961319E-05   0.24884961E-08   0.12395820E-07   0.00000000E+00   0.40110162E-05
  15.467   3.467   0.69073741E+00   0.39786292E-05   0.24850230E-08   0.12370468E-07   0.00000000E+00   0.39934847E-05
  15.483   3.483   0.68578840E+00   0.39612807E-05   0.24813371E-08   0.12344157E-07   0.00000000E+00   0.39761062E-05
  15.500   3.500   0.68092925E+00   0.39440823E-05   0.24774478E-08   0.12316935E-07   0.00000000E+00   0.39588767E-05
  15.517   3.517   0.67615793E+00   0.39270302E-05   0.24733642E-08   0.12288849E-07   0.00000000E+00   0.39417924E-05
  15.533   3.533   0.67147243E+00   0.39101204E-05   0.24690950E-08   0.12259943E-07   0.00000000E+00   0.39248495E-05
  15.550   3.550   0.66687078E+00   0.38933494E-05   0.24646486E-08   0.12230259E-07   0.00000000E+00   0.39080443E-05
  15.567   3.567   0.66235102E+00   0.38767134E-05   0.24600330E-08   0.12199837E-07   0.00000000E+00   0.38913733E-05
  15.583   3.583   0.65791126E+00   0.38602088E-05   0.24552560E-08   0.12168717E-07   0.00000000E+00   0.38748328E-05
  15.600   3.600   0.65354965E+00   0.38438322E-05   0.24503250E-08   0.12136934E-07   0.00000000E+00   0.38584194E-05
  15.617   3.617   0.64926434E+00   0.38275801E-05   0.24452471E-08   0.12104525E-07   0.00000000E+00   0.38421299E-05
  15.633   3.633   0.64505358E+00   0.38114494E-05   0.24400291E-08   0.12071522E-07   0.00000000E+00   0.38259609E-05
  15.650   3.650   0.64091560E+00   0.37954367E-05   0.24346775E-08   0.12037959E-07   0.00000000E+00   0.38099094E-05
  15.667   3.667   0.63684873E+00   0.37795391E-05   0.24291987E-08   0.12003866E-07   0.00000000E+00   0.37939721E-05
  15.683   3.683   0.63285129E+00   0.37637534E-05   0.24235986E-08   0.11969272E-07   0.00000000E+00   0.37781462E-05
  15.700   3.700   0.62892168E+00   0.37480768E-05   0.24178829E-08   0.11934206E-07   0.00000000E+00   0.37624288E-05
  15.717   3.717   0.62505833E+00   0.37325064E-05   0.24120573E-08   0.11898694E-07   0.00000000E+00   0.37468171E-05
  15.733   3.733   0.62125969E+00   0.37170395E-05   0.24061269E-08   0.11862762E-07   0.00000000E+00   0.37313084E-05
  15.750   3.750   0.61752429E+00   0.37016735E-05   0.24000970E-08   0.11826434E-07   0.00000000E+00   0.37159000E-05
  15.767   3.767   0.61385066E+00   0.36864058E-05   0.23939722E-08   0.11789734E-07   0.00000000E+00   0.37005895E-05
  15.783   3.783   0.61023741E+00   0.36712340E-05   0.23877574E-08   0.11752684E-07   0.00000000E+00   0.36853744E-05
  15.800   3.800   0.60668314E+00   0.36561556E-05   0.23814569E-08   0.11715306E-07   0.00000000E+00   0.36702523E-05
  15.817   3.817   0.60318653E+00   0.36411683E-05   0.23750751E-08   0.11677620E-07   0.00000000E+00   0.36552210E-05
  15.833   3.833   0.59974627E+00   0.36262700E-05   0.23686161E-08   0.11639646E-07   0.00000000E+00   0.36402782E-05
  15.850   3.850   0.59636110E+00   0.36114584E-05   0.23620837E-08   0.11601402E-07   0.00000000E+00   0.36254219E-05
  15.867   3.867   0.59302980E+00   0.35967315E-05   0.23554819E-08   0.11562906E-07   0.00000000E+00   0.36106498E-05
  15.883   3.883   0.58975116E+00   0.35820872E-05   0.23488143E-08   0.11524176E-07   0.00000000E+00   0.35959602E-05
  15.900   3.900   0.58652403E+00   0.35675237E-05   0.23420842E-08   0.11485227E-07   0.00000000E+00   0.35813510E-05
  15.917   3.917   0.58334728E+00   0.35530391E-05   0.23352951E-08   0.11446075E-07   0.00000000E+00   0.35668204E-05
  15.933   3.933   0.58021980E+00   0.35386315E-05   0.23284502E-08   0.11406736E-07   0.00000000E+00   0.35523667E-05
  15.950   3.950   0.57714053E+00   0.35242992E-05   0.23215526E-08   0.11367224E-07   0.00000000E+00   0.35379880E-05
  15.967   3.967   0.57410844E+00   0.35100406E-05   0.23146052E-08   0.11327552E-07   0.00000000E+00   0.35236828E-05
  15.983   3.983   0.57112251E+00   0.34958540E-05   0.23076108E-08   0.11287734E-07   0.00000000E+00   0.35094494E-05
  16.000   4.000   0.56818176E+00   0.34817379E-05   0.23005723E-08   0.11247782E-07   0.00000000E+00   0.34952863E-05
  16.017   4.017   0.56528528E+00   0.34676540E-05   0.22934347E-08   0.11207139E-07   0.00000000E+00   0.34811546E-05
  16.033   4.033   0.56243234E+00   0.34535679E-05   0.22861545E-08   0.11165356E-07   0.00000000E+00   0.34670194E-05
  16.050   4.050   0.55962223E+00   0.34394823E-05   0.22787441E-08   0.11122549E-07   0.00000000E+00   0.34528836E-05
  16.067   4.067   0.55685426E+00   0.34254012E-05   0.22712140E-08   0.11078819E-07   0.00000000E+00   0.34387512E-05
  16.083   4.083   0.55412768E+00   0.34113284E-05   0.22635742E-08   0.11034263E-07   0.00000000E+00   0.34246262E-05
  16.100   4.100   0.55144180E+00   0.33972678E-05   0.22558347E-08   0.10988970E-07   0.00000000E+00   0.34105126E-05
  16.117   4.117   0.54879587E+00   0.33832227E-05   0.22480047E-08   0.10943022E-07   0.00000000E+00   0.33964137E-05
  16.133   4.133   0.54618917E+00   0.33691961E-05   0.22400927E-08   0.10896495E-07   0.00000000E+00   0.33823327E-05
  16.150   4.150   0.54362100E+00   0.33551907E-05   0.22321067E-08   0.10849457E-07   0.00000000E+00   0.33682723E-05
  16.167   4.167   0.54120930E+00   0.33412418E-05   0.22236196E-08   0.10800483E-07   0.00000000E+00   0.33542659E-05
  16.183   4.183   0.53904722E+00   0.33275167E-05   0.22146244E-08   0.10750072E-07   0.00000000E+00   0.33404814E-05
  16.200   4.200   0.53707312E+00   0.33139925E-05   0.22055085E-08   0.10699823E-07   0.00000000E+00   0.33268979E-05
  16.217   4.217   0.53524683E+00   0.33006224E-05   0.21963494E-08   0.10649932E-07   0.00000000E+00   0.33134687E-05
  16.233   4.233   0.53354064E+00   0.32873744E-05   0.21871605E-08   0.10600343E-07   0.00000000E+00   0.33001619E-05
  16.250   4.250   0.53193450E+00   0.32742261E-05   0.21779449E-08   0.10550986E-07   0.00000000E+00   0.32869550E-05
  16.267   4.267   0.53041331E+00   0.32611606E-05   0.21687050E-08   0.10501812E-07   0.00000000E+00   0.32738312E-05
  16.283   4.283   0.52896542E+00   0.32481653E-05   0.21594439E-08   0.10452790E-07   0.00000000E+00   0.32607775E-05
  16.300   4.300   0.52758158E+00   0.32352302E-05   0.21501646E-08   0.10403900E-07   0.00000000E+00   0.32477843E-05
  16.317   4.317   0.52625431E+00   0.32223477E-05   0.21408707E-08   0.10355133E-07   0.00000000E+00   0.32348437E-05
  16.333   4.333   0.52497749E+00   0.32095118E-05   0.21315655E-08   0.10306484E-07   0.00000000E+00   0.32219499E-05
  16.350   4.350   0.52374600E+00   0.31967178E-05   0.21222523E-08   0.10257950E-07   0.00000000E+00   0.32090980E-05
  16.367   4.367   0.52255553E+00   0.31839616E-05   0.21129341E-08   0.10209533E-07   0.00000000E+00   0.31962841E-05
  16.383   4.383   0.52140240E+00   0.31712404E-05   0.21036141E-08   0.10161236E-07   0.00000000E+00   0.31835052E-05
  16.400   4.400   0.52028346E+00   0.31585515E-05   0.20942949E-08   0.10113063E-07   0.00000000E+00   0.31707588E-05
  16.417   4.417   0.51919595E+00   0.31458929E-05   0.20849791E-08   0.10065017E-07   0.00000000E+00   0.31580429E-05
  16.433   4.433   0.51813749E+00   0.31332629E-05   0.20756690E-08   0.10017103E-07   0.00000000E+00   0.31453556E-05
  16.450   4.450   0.51710595E+00   0.31206600E-05   0.20663670E-08   0.99693258E-08   0.00000000E+00   0.31326957E-05
  16.467   4.467   0.51609949E+00   0.31080833E-05   0.20570750E-08   0.99216891E-08   0.00000000E+00   0.31200621E-05
  16.483   4.483   0.51511643E+00   0.30955317E-05   0.20477948E-08   0.98741975E-08   0.00000000E+00   0.31074537E-05
  16.500   4.500   0.51415528E+00   0.30830045E-05   0.20385282E-08   0.98268550E-08   0.00000000E+00   0.30948699E-05
  16.517   4.517   0.51321472E+00   0.30705011E-05   0.20292769E-08   0.97796654E-08   0.00000000E+00   0.30823100E-05
  16.533   4.533   0.51229354E+00   0.30580209E-05   0.20200422E-08   0.97326325E-08   0.00000000E+00   0.30697735E-05
  16.550   4.550   0.51139065E+00   0.30455635E-05   0.20108255E-08   0.96857597E-08   0.00000000E+00   0.30572601E-05
  16.567   4.567   0.51050505E+00   0.30331287E-05   0.20016282E-08   0.96390500E-08   0.00000000E+00   0.30447694E-05
  16.583   4.583   0.50963585E+00   0.30207162E-05   0.19924513E-08   0.95925065E-08   0.00000000E+00   0.30323012E-05
  16.600   4.600   0.50878222E+00   0.30083259E-05   0.19832960E-08   0.95461318E-08   0.00000000E+00   0.30198553E-05
  16.617   4.617   0.50794340E+00   0.29959575E-05   0.19741632E-08   0.94999286E-08   0.00000000E+00   0.30074316E-05
  16.633   4.633   0.50711869E+00   0.29836112E-05   0.19650540E-08   0.94538991E-08   0.00000000E+00   0.29950301E-05
  16.650   4.650   0.50630745E+00   0.29712867E-05   0.19559691E-08   0.94080456E-08   0.00000000E+00   0.29826507E-05
  16.667   4.667   0.50550909E+00   0.29589842E-05   0.19469095E-08   0.93623699E-08   0.00000000E+00   0.29702934E-05
  16.683   4.683   0.50472305E+00   0.29467036E-05   0.19378759E-08   0.93168740E-08   0.00000000E+00   0.29579584E-05
  16.700   4.700   0.50394883E+00   0.29344451E-05   0.19288689E-08   0.92715596E-08   0.00000000E+00   0.29456455E-05
  16.717   4.717   0.50318595E+00   0.29222087E-05   0.19198893E-08   0.92264283E-08   0.00000000E+00   0.29333550E-05
  16.733   4.733   0.50243397E+00   0.29099945E-05   0.19109377E-08   0.91814814E-08   0.00000000E+00   0.29210869E-05
  16.750   4.750   0.50169248E+00   0.28978027E-05   0.19020147E-08   0.91367203E-08   0.00000000E+00   0.29088414E-05
  16.767   4.767   0.50096110E+00   0.28856334E-05   0.18931208E-08   0.90921463E-08   0.00000000E+00   0.28966187E-05
  16.783   4.783   0.50023945E+00   0.28734868E-05   0.18842565E-08   0.90477605E-08   0.00000000E+00   0.28844188E-05
  16.800   4.800   0.49952721E+00   0.28613630E-05   0.18754225E-08   0.90035640E-08   0.00000000E+00   0.28722420E-05
  16.817   4.817   0.49882405E+00   0.28492623E-05   0.18666190E-08   0.89595577E-08   0.00000000E+00   0.28600884E-05
  16.833   4.833   0.49812969E+00   0.28371847E-05   0.18578466E-08   0.89157425E-08   0.00000000E+00   0.28479583E-05
  16.850   4.850   0.49744382E+00   0.28251306E-05   0.18491056E-08   0.88721193E-08   0.00000000E+00   0.28358518E-05
  16.867   4.867   0.49676621E+00   0.28131001E-05   0.18403966E-08   0.88286888E-08   0.00000000E+00   0.28237692E-05
  16.883   4.883   0.49609658E+00   0.28010934E-05   0.18317197E-08   0.87854518E-08   0.00000000E+00   0.28117106E-05
  16.900   4.900   0.49543471E+00   0.27891107E-05   0.18230754E-08   0.87424088E-08   0.00000000E+00   0.27996762E-05
  16.917   4.917   0.49478038E+00   0.27771523E-05   0.18144640E-08   0.86995606E-08   0.00000000E+00   0.27876664E-05
  16.933   4.933   0.49413336E+00   0.27652184E-05   0.18058859E-08   0.86569076E-08   0.00000000E+00   0.27756812E-05
  16.950   4.950   0.49349348E+00   0.27533092E-05   0.17973412E-08   0.86144504E-08   0.00000000E+00   0.27637210E-05
  16.967   4.967   0.49286052E+00   0.27414249E-05   0.17888304E-08   0.85721895E-08   0.00000000E+00   0.27517859E-05
  16.983   4.983   0.49223432E+00   0.27295657E-05   0.17803536E-08   0.85301253E-08   0.00000000E+00   0.27398762E-05
  17.000   5.000   0.49161470E+00   0.27177319E-05   0.17719112E-08   0.84882581E-08   0.00000000E+00   0.27279921E-05
  17.017   5.017   0.49100150E+00   0.27059237E-05   0.17635033E-08   0.84465885E-08   0.00000000E+00   0.27161338E-05
  17.033   5.033   0.49039457E+00   0.26941414E-05   0.17551302E-08   0.84051167E-08   0.00000000E+00   0.27043016E-05
  17.050   5.050   0.48979375E+00   0.26823851E-05   0.17467921E-08   0.83638430E-08   0.00000000E+00   0.26924957E-05
  17.067   5.067   0.48919892E+00   0.26706550E-05   0.17384892E-08   0.83227677E-08   0.00000000E+00   0.26807163E-05
  17.083   5.083   0.48860992E+00   0.26589515E-05   0.17302217E-08   0.82818910E-08   0.00000000E+00   0.26689636E-05
  17.100   5.100   0.48802665E+00   0.26472746E-05   0.17219897E-08   0.82412133E-08   0.00000000E+00   0.26572378E-05
  17.117   5.117   0.48744897E+00   0.26356247E-05   0.17137936E-08   0.82007346E-08   0.00000000E+00   0.26455392E-05
  17.133   5.133   0.48687677E+00   0.26240019E-05   0.17056334E-08   0.81604553E-08   0.00000000E+00   0.26338680E-05
  17.150   5.150   0.48630993E+00   0.26124065E-05   0.16975092E-08   0.81203754E-08   0.00000000E+00   0.26222244E-05
  17.167   5.167   0.48574836E+00   0.26008386E-05   0.16894213E-08   0.80804950E-08   0.00000000E+00   0.26106085E-05
  17.183   5.183   0.48519194E+00   0.25892985E-05   0.16813697E-08   0.80408144E-08   0.00000000E+00   0.25990207E-05
  17.200   5.200   0.48464059E+00   0.25777864E-05   0.16733547E-08   0.80013335E-08   0.00000000E+00   0.25874611E-05
  17.217   5.217   0.48409420E+00   0.25663024E-05   0.16653763E-08   0.79620526E-08   0.00000000E+00   0.25759299E-05
  17.233   5.233   0.48355269E+00   0.25548468E-05   0.16574346E-08   0.79229716E-08   0.00000000E+00   0.25644272E-05
  17.250   5.250   0.48301597E+00   0.25434198E-05   0.16495297E-08   0.78840905E-08   0.00000000E+00   0.25529534E-05
  17.267   5.267   0.48248397E+00   0.25320215E-05   0.16416618E-08   0.78454095E-08   0.00000000E+00   0.25415085E-05
  17.283   5.283   0.48195659E+00   0.25206521E-05   0.16338309E-08   0.78069284E-08   0.00000000E+00   0.25300928E-05
  17.300   5.300   0.48143376E+00   0.25093118E-05   0.16260372E-08   0.77686474E-08   0.00000000E+00   0.25187065E-05
  17.317   5.317   0.48091541E+00   0.24980008E-05   0.16182807E-08   0.77305664E-08   0.00000000E+00   0.25073497E-05
  17.333   5.333   0.48040148E+00   0.24867193E-05   0.16105615E-08   0.76926853E-08   0.00000000E+00   0.24960225E-05
  17.350   5.350   0.47989188E+00   0.24754674E-05   0.16028796E-08   0.76550040E-08   0.00000000E+00   0.24847252E-05
  17.367   5.367   0.47938656E+00   0.24642452E-05   0.15952352E-08   0.76175226E-08   0.00000000E+00   0.24734580E-05
  17.383   5.383   0.47888546E+00   0.24530530E-05   0.15876282E-08   0.75802409E-08   0.00000000E+00   0.24622209E-05
  17.400   5.400   0.47838851E+00   0.24418909E-05   0.15800588E-08   0.75431588E-08   0.00000000E+00   0.24510141E-05
  17.417   5.417   0.47789565E+00   0.24307590E-05   0.15725269E-08   0.75062761E-08   0.00000000E+00   0.24398378E-05
  17.433   5.433   0.47740683E+00   0.24196575E-05   0.15650327E-08   0.74695928E-08   0.00000000E+00   0.24286922E-05
  17.450   5.450   0.47692200E+00   0.24085866E-05   0.15575762E-08   0.74331088E-08   0.00000000E+00   0.24175773E-05
  17.467   5.467   0.47644110E+00   0.23975463E-05   0.15501573E-08   0.73968237E-08   0.00000000E+00   0.24064933E-05
  17.483   5.483   0.47596408E+00   0.23865368E-05   0.15427762E-08   0.73607376E-08   0.00000000E+00   0.23954403E-05
  17.500   5.500   0.47549089E+00   0.23755582E-05   0.15354328E-08   0.73248501E-08   0.00000000E+00   0.23844185E-05
  17.517   5.517   0.47502149E+00   0.23646106E-05   0.15281272E-08   0.72891610E-08   0.00000000E+00   0.23734279E-05
  17.533   5.533   0.47455583E+00   0.23536942E-05   0.15208594E-08   0.72536702E-08   0.00000000E+00   0.23624688E-05
  17.550   5.550   0.47409387E+00   0.23428091E-05   0.15136294E-08   0.72183775E-08   0.00000000E+00   0.23515411E-05
  17.567   5.567   0.47363556E+00   0.23319553E-05   0.15064371E-08   0.71832825E-08   0.00000000E+00   0.23406451E-05
  17.583   5.583   0.47318086E+00   0.23211331E-05   0.14992827E-08   0.71483850E-08   0.00000000E+00   0.23297807E-05
  17.600   5.600   0.47272973E+00   0.23103424E-05   0.14921661E-08   0.71136848E-08   0.00000000E+00   0.23189482E-05
  17.617   5.617   0.47228214E+00   0.22995833E-05   0.14850872E-08   0.70791816E-08   0.00000000E+00   0.23081476E-05
  17.633   5.633   0.47183805E+00   0.22888561E-05   0.14780462E-08   0.70448750E-08   0.00000000E+00   0.22973790E-05
  17.650   5.650   0.47139741E+00   0.22781606E-05   0.14710429E-08   0.70107647E-08   0.00000000E+00   0.22866424E-05
  17.667   5.667   0.47096021E+00   0.22674971E-05   0.14640773E-08   0.69768506E-08   0.00000000E+00   0.22759380E-05
  17.683   5.683   0.47052639E+00   0.22568656E-05   0.14571495E-08   0.69431321E-08   0.00000000E+00   0.22652659E-05
  17.700   5.700   0.47009593E+00   0.22462661E-05   0.14502593E-08   0.69096090E-08   0.00000000E+00   0.22546260E-05
  17.717   5.717   0.46966881E+00   0.22356988E-05   0.14434069E-08   0.68762809E-08   0.00000000E+00   0.22440185E-05
  17.733   5.733   0.46924497E+00   0.22251637E-05   0.14365920E-08   0.68431475E-08   0.00000000E+00   0.22334435E-05
  17.750   5.750   0.46882441E+00   0.22146608E-05   0.14298148E-08   0.68102083E-08   0.00000000E+00   0.22229009E-05
  17.767   5.767   0.46840708E+00   0.22041903E-05   0.14230751E-08   0.67774630E-08   0.00000000E+00   0.22123908E-05
  17.783   5.783   0.46799296E+00   0.21937521E-05   0.14163730E-08   0.67449112E-08   0.00000000E+00   0.22019134E-05
  17.800   5.800   0.46758203E+00   0.21833463E-05   0.14097083E-08   0.67125525E-08   0.00000000E+00   0.21914685E-05
  17.817   5.817   0.46717425E+00   0.21729729E-05   0.14030810E-08   0.66803864E-08   0.00000000E+00   0.21810564E-05
  17.833   5.833   0.46676959E+00   0.21626320E-05   0.13964912E-08   0.66484125E-08   0.00000000E+00   0.21706769E-05
  17.850   5.850   0.46636805E+00   0.21523236E-05   0.13899386E-08   0.66166304E-08   0.00000000E+00   0.21603302E-05
  17.867   5.867   0.46596958E+00   0.21420478E-05   0.13834233E-08   0.65850397E-08   0.00000000E+00   0.21500163E-05
  17.883   5.883   0.46557417E+00   0.21318045E-05   0.13769452E-08   0.65536398E-08   0.00000000E+00   0.21397351E-05
  17.900   5.900   0.46518179E+00   0.21215938E-05   0.13705042E-08   0.65224303E-08   0.00000000E+00   0.21294867E-05
  17.917   5.917   0.46479242E+00   0.21114157E-05   0.13641003E-08   0.64914107E-08   0.00000000E+00   0.21192712E-05
  17.933   5.933   0.46440604E+00   0.21012701E-05   0.13577334E-08   0.64605805E-08   0.00000000E+00   0.21090885E-05
  17.950   5.950   0.46402263E+00   0.20911572E-05   0.13514034E-08   0.64299392E-08   0.00000000E+00   0.20989386E-05
  17.967   5.967   0.46364217E+00   0.20810770E-05   0.13451103E-08   0.63994864E-08   0.00000000E+00   0.20888216E-05
  17.983   5.983   0.46326463E+00   0.20710293E-05   0.13388540E-08   0.63692215E-08   0.00000000E+00   0.20787374E-05
  18.000   6.000   0.46289000E+00   0.20610142E-05   0.13326343E-08   0.63391439E-08   0.00000000E+00   0.20686860E-05
  18.017   6.017   0.46251825E+00   0.20510318E-05   0.13264513E-08   0.63092531E-08   0.00000000E+00   0.20586675E-05
  18.033   6.033   0.46214938E+00   0.20410819E-05   0.13203048E-08   0.62795487E-08   0.00000000E+00   0.20486818E-05
  18.050   6.050   0.46178336E+00   0.20311646E-05   0.13141948E-08   0.62500299E-08   0.00000000E+00   0.20387288E-05
  18.067   6.067   0.46142017E+00   0.20212799E-05   0.13081211E-08   0.62206964E-08   0.00000000E+00   0.20288087E-05
  18.083   6.083   0.46105979E+00   0.20114277E-05   0.13020837E-08   0.61915475E-08   0.00000000E+00   0.20189213E-05
  18.100   6.100   0.46070222E+00   0.20016080E-05   0.12960824E-08   0.61625826E-08   0.00000000E+00   0.20090667E-05
  18.117   6.117   0.46034742E+00   0.19918208E-05   0.12901173E-08   0.61338011E-08   0.00000000E+00   0.19992448E-05
  18.133   6.133   0.45999540E+00   0.19820661E-05   0.12841881E-08   0.61052025E-08   0.00000000E+00   0.19894555E-05
  18.150   6.150   0.45964612E+00   0.19723438E-05   0.12782948E-08   0.60767862E-08   0.00000000E+00   0.19796989E-05
  18.167   6.167   0.45929958E+00   0.19626538E-05   0.12724373E-08   0.60485515E-08   0.00000000E+00   0.19699748E-05
  18.183   6.183   0.45895576E+00   0.19529962E-05   0.12666155E-08   0.60204978E-08   0.00000000E+00   0.19602833E-05
  18.200   6.200   0.45861465E+00   0.19433709E-05   0.12608293E-08   0.59926246E-08   0.00000000E+00   0.19506244E-05
  18.217   6.217   0.45827622E+00   0.19337778E-05   0.12550785E-08   0.59649312E-08   0.00000000E+00   0.19409979E-05
  18.233   6.233   0.45794048E+00   0.19242170E-05   0.12493631E-08   0.59374170E-08   0.00000000E+00   0.19314037E-05
  18.250   6.250   0.45760740E+00   0.19146882E-05   0.12436830E-08   0.59100812E-08   0.00000000E+00   0.19218420E-05
  18.267   6.267   0.45727696E+00   0.19051916E-05   0.12380379E-08   0.58829234E-08   0.00000000E+00   0.19123125E-05
  18.283   6.283   0.45694917E+00   0.18957269E-05   0.12324280E-08   0.58559428E-08   0.00000000E+00   0.19028153E-05
  18.300   6.300   0.45662400E+00   0.18862942E-05   0.12268529E-08   0.58291387E-08   0.00000000E+00   0.18933502E-05
  18.317   6.317   0.45630144E+00   0.18768934E-05   0.12213127E-08   0.58025106E-08   0.00000000E+00   0.18839172E-05
  18.333   6.333   0.45598149E+00   0.18675244E-05   0.12158071E-08   0.57760577E-08   0.00000000E+00   0.18745163E-05
  18.350   6.350   0.45566411E+00   0.18581872E-05   0.12103361E-08   0.57497794E-08   0.00000000E+00   0.18651473E-05
  18.367   6.367   0.45534932E+00   0.18488817E-05   0.12048995E-08   0.57236750E-08   0.00000000E+00   0.18558103E-05
  18.383   6.383   0.45503709E+00   0.18396077E-05   0.11994973E-08   0.56977438E-08   0.00000000E+00   0.18465050E-05
  18.400   6.400   0.45472741E+00   0.18303653E-05   0.11941292E-08   0.56719851E-08   0.00000000E+00   0.18372314E-05
  18.417   6.417   0.45442028E+00   0.18211544E-05   0.11887953E-08   0.56463983E-08   0.00000000E+00   0.18279896E-05
  18.433   6.433   0.45411567E+00   0.18119747E-05   0.11834952E-08   0.56209826E-08   0.00000000E+00   0.18187792E-05
  18.450   6.450   0.45381359E+00   0.18028264E-05   0.11782290E-08   0.55957373E-08   0.00000000E+00   0.18096004E-05
  18.467   6.467   0.45351401E+00   0.17937092E-05   0.11729965E-08   0.55706617E-08   0.00000000E+00   0.18004529E-05
  18.483   6.483   0.45321694E+00   0.17846232E-05   0.11677976E-08   0.55457552E-08   0.00000000E+00   0.17913367E-05
  18.500   6.500   0.45292235E+00   0.17755681E-05   0.11626321E-08   0.55210169E-08   0.00000000E+00   0.17822518E-05
  18.517   6.517   0.45263025E+00   0.17665440E-05   0.11574999E-08   0.54964462E-08   0.00000000E+00   0.17731979E-05
  18.533   6.533   0.45234061E+00   0.17575506E-05   0.11524008E-08   0.54720424E-08   0.00000000E+00   0.17641750E-05
  18.550   6.550   0.45205343E+00   0.17485880E-05   0.11473348E-08   0.54478048E-08   0.00000000E+00   0.17551831E-05
  18.567   6.567   0.45176870E+00   0.17396559E-05   0.11423017E-08   0.54237325E-08   0.00000000E+00   0.17462220E-05
  18.583   6.583   0.45148642E+00   0.17307544E-05   0.11373014E-08   0.53998249E-08   0.00000000E+00   0.17372915E-05
  18.600   6.600   0.45120657E+00   0.17218833E-05   0.11323337E-08   0.53760812E-08   0.00000000E+00   0.17283917E-05
  18.617   6.617   0.45092914E+00   0.17130424E-05   0.11273985E-08   0.53525007E-08   0.00000000E+00   0.17195223E-05
  18.633   6.633   0.45065412E+00   0.17042318E-05   0.11224956E-08   0.53290827E-08   0.00000000E+00   0.17106833E-05
  18.650   6.650   0.45038151E+00   0.16954512E-05   0.11176250E-08   0.53058264E-08   0.00000000E+00   0.17018746E-05
  18.667   6.667   0.45011130E+00   0.16867005E-05   0.11127864E-08   0.52827311E-08   0.00000000E+00   0.16930961E-05
  18.683   6.683   0.44984347E+00   0.16779798E-05   0.11079798E-08   0.52597960E-08   0.00000000E+00   0.16843475E-05
  18.700   6.700   0.44957803E+00   0.16692887E-05   0.11032050E-08   0.52370203E-08   0.00000000E+00   0.16756289E-05
  18.717   6.717   0.44931496E+00   0.16606273E-05   0.10984618E-08   0.52144033E-08   0.00000000E+00   0.16669401E-05
  18.733   6.733   0.44905425E+00   0.16519953E-05   0.10937502E-08   0.51919443E-08   0.00000000E+00   0.16582810E-05
  18.750   6.750   0.44879590E+00   0.16433927E-05   0.10890699E-08   0.51696425E-08   0.00000000E+00   0.16496514E-05
  18.767   6.767   0.44853989E+00   0.16348194E-05   0.10844208E-08   0.51474971E-08   0.00000000E+00   0.16410513E-05
  18.783   6.783   0.44828623E+00   0.16262752E-05   0.10798029E-08   0.51255074E-08   0.00000000E+00   0.16324805E-05
  18.800   6.800   0.44803490E+00   0.16177600E-05   0.10752158E-08   0.51036726E-08   0.00000000E+00   0.16239389E-05
  18.817   6.817   0.44778589E+00   0.16092737E-05   0.10706596E-08   0.50819919E-08   0.00000000E+00   0.16154263E-05
  18.833   6.833   0.44753920E+00   0.16008161E-05   0.10661340E-08   0.50604646E-08   0.00000000E+00   0.16069427E-05
  18.850   6.850   0.44729482E+00   0.15923871E-05   0.10616389E-08   0.50390899E-08   0.00000000E+00   0.15984878E-05
  18.867   6.867   0.44705275E+00   0.15839866E-05   0.10571741E-08   0.50178670E-08   0.00000000E+00   0.15900617E-05
  18.883   6.883   0.44681297E+00   0.15756145E-05   0.10527396E-08   0.49967952E-08   0.00000000E+00   0.15816641E-05
  18.900   6.900   0.44657548E+00   0.15672706E-05   0.10483351E-08   0.49758737E-08   0.00000000E+00   0.15732948E-05
  18.917   6.917   0.44634027E+00   0.15589548E-05   0.10439606E-08   0.49551017E-08   0.00000000E+00   0.15649539E-05
  18.933   6.933   0.44610733E+00   0.15506670E-05   0.10396158E-08   0.49344784E-08   0.00000000E+00   0.15566411E-05
  18.950   6.950   0.44587666E+00   0.15424070E-05   0.10353006E-08   0.49140031E-08   0.00000000E+00   0.15483563E-05
  18.967   6.967   0.44564825E+00   0.15341746E-05   0.10310149E-08   0.48936750E-08   0.00000000E+00   0.15400993E-05
  18.983   6.983   0.44542210E+00   0.15259698E-05   0.10267586E-08   0.48734933E-08   0.00000000E+00   0.15318701E-05
  19.000   7.000   0.44519819E+00   0.15177925E-05   0.10225313E-08   0.48534573E-08   0.00000000E+00   0.15236685E-05
  19.017   7.017   0.44497652E+00   0.15096424E-05   0.10183332E-08   0.48335661E-08   0.00000000E+00   0.15154943E-05
  19.033   7.033   0.44475709E+00   0.15015194E-05   0.10141639E-08   0.48138190E-08   0.00000000E+00   0.15073474E-05
  19.050   7.050   0.44453988E+00   0.14934234E-05   0.10100233E-08   0.47942153E-08   0.00000000E+00   0.14992277E-05
  19.067   7.067   0.44432490E+00   0.14853543E-05   0.10059113E-08   0.47747540E-08   0.00000000E+00   0.14911350E-05
  19.083   7.083   0.44411212E+00   0.14773119E-05   0.10018277E-08   0.47554345E-08   0.00000000E+00   0.14830691E-05
  19.100   7.100   0.44390156E+00   0.14692960E-05   0.99777240E-09   0.47362560E-08   0.00000000E+00   0.14750301E-05
  19.117   7.117   0.44369319E+00   0.14613066E-05   0.99374523E-09   0.47172177E-08   0.00000000E+00   0.14670176E-05
  19.133   7.133   0.44348702E+00   0.14533434E-05   0.98974603E-09   0.46983188E-08   0.00000000E+00   0.14590315E-05
  19.150   7.150   0.44328304E+00   0.14454064E-05   0.98577466E-09   0.46795586E-08   0.00000000E+00   0.14510718E-05
  19.167   7.167   0.44308124E+00   0.14374954E-05   0.98183097E-09   0.46609362E-08   0.00000000E+00   0.14431382E-05
  19.183   7.183   0.44288162E+00   0.14296102E-05   0.97791481E-09   0.46424510E-08   0.00000000E+00   0.14352306E-05
  19.200   7.200   0.44268417E+00   0.14217508E-05   0.97402603E-09   0.46241021E-08   0.00000000E+00   0.14273489E-05
  19.217   7.217   0.44248887E+00   0.14139168E-05   0.97016447E-09   0.46058887E-08   0.00000000E+00   0.14194929E-05
  19.233   7.233   0.44229574E+00   0.14061083E-05   0.96633000E-09   0.45878101E-08   0.00000000E+00   0.14116625E-05
  19.250   7.250   0.44210476E+00   0.13983251E-05   0.96252245E-09   0.45698655E-08   0.00000000E+00   0.14038575E-05
  19.267   7.267   0.44191592E+00   0.13905670E-05   0.95874168E-09   0.45520541E-08   0.00000000E+00   0.13960778E-05
  19.283   7.283   0.44172922E+00   0.13828338E-05   0.95498754E-09   0.45343753E-08   0.00000000E+00   0.13883232E-05
  19.300   7.300   0.44154465E+00   0.13751255E-05   0.95125989E-09   0.45168281E-08   0.00000000E+00   0.13805936E-05
  19.317   7.317   0.44136221E+00   0.13674418E-05   0.94755857E-09   0.44994118E-08   0.00000000E+00   0.13728888E-05
  19.333   7.333   0.44118189E+00   0.13597827E-05   0.94388343E-09   0.44821257E-08   0.00000000E+00   0.13652087E-05
  19.350   7.350   0.44100368E+00   0.13521479E-05   0.94023432E-09   0.44649690E-08   0.00000000E+00   0.13575531E-05
  19.367   7.367   0.44082758E+00   0.13445374E-05   0.93661110E-09   0.44479409E-08   0.00000000E+00   0.13499220E-05
  19.383   7.383   0.44065358E+00   0.13369510E-05   0.93301362E-09   0.44310407E-08   0.00000000E+00   0.13423150E-05
  19.400   7.400   0.44048168E+00   0.13293885E-05   0.92944173E-09   0.44142676E-08   0.00000000E+00   0.13347322E-05
  19.417   7.417   0.44031187E+00   0.13218498E-05   0.92589528E-09   0.43976208E-08   0.00000000E+00   0.13271733E-05
  19.433   7.433   0.44014414E+00   0.13143348E-05   0.92237412E-09   0.43810996E-08   0.00000000E+00   0.13196382E-05
  19.450   7.450   0.43997849E+00   0.13068432E-05   0.91887811E-09   0.43647033E-08   0.00000000E+00   0.13121268E-05
  19.467   7.467   0.43981491E+00   0.12993750E-05   0.91540710E-09   0.43484310E-08   0.00000000E+00   0.13046389E-05
  19.483   7.483   0.43965340E+00   0.12919300E-05   0.91196094E-09   0.43322820E-08   0.00000000E+00   0.12971743E-05
  19.500   7.500   0.43949394E+00   0.12845081E-05   0.90853949E-09   0.43162557E-08   0.00000000E+00   0.12897329E-05
  19.517   7.517   0.43933654E+00   0.12771091E-05   0.90514261E-09   0.43003511E-08   0.00000000E+00   0.12823146E-05
  19.533   7.533   0.43918119E+00   0.12697329E-05   0.90177013E-09   0.42845676E-08   0.00000000E+00   0.12749192E-05
  19.550   7.550   0.43902788E+00   0.12623792E-05   0.89842193E-09   0.42689044E-08   0.00000000E+00   0.12675466E-05
  19.567   7.567   0.43887660E+00   0.12550481E-05   0.89509785E-09   0.42533608E-08   0.00000000E+00   0.12601966E-05
  19.583   7.583   0.43872735E+00   0.12477393E-05   0.89179775E-09   0.42379361E-08   0.00000000E+00   0.12528690E-05
  19.600   7.600   0.43858012E+00   0.12404527E-05   0.88852148E-09   0.42226294E-08   0.00000000E+00   0.12455639E-05
  19.617   7.617   0.43843491E+00   0.12331881E-05   0.88526891E-09   0.42074401E-08   0.00000000E+00   0.12382809E-05
  19.633   7.633   0.43829171E+00   0.12259455E-05   0.88203989E-09   0.41923674E-08   0.00000000E+00   0.12310199E-05
  19.650   7.650   0.43815052E+00   0.12187246E-05   0.87883427E-09   0.41774106E-08   0.00000000E+00   0.12237809E-05
  19.667   7.667   0.43801132E+00   0.12115253E-05   0.87565192E-09   0.41625690E-08   0.00000000E+00   0.12165636E-05
  19.683   7.683   0.43787411E+00   0.12043476E-05   0.87249268E-09   0.41478418E-08   0.00000000E+00   0.12093679E-05
  19.700   7.700   0.43773889E+00   0.11971911E-05   0.86935643E-09   0.41332283E-08   0.00000000E+00   0.12021937E-05
  19.717   7.717   0.43760565E+00   0.11900559E-05   0.86624301E-09   0.41187278E-08   0.00000000E+00   0.11950409E-05
  19.733   7.733   0.43747438E+00   0.11829417E-05   0.86315229E-09   0.41043396E-08   0.00000000E+00   0.11879092E-05
  19.750   7.750   0.43734507E+00   0.11758485E-05   0.86008413E-09   0.40900628E-08   0.00000000E+00   0.11807986E-05
  19.767   7.767   0.43721773E+00   0.11687760E-05   0.85703839E-09   0.40758969E-08   0.00000000E+00   0.11737090E-05
  19.783   7.783   0.43709233E+00   0.11617242E-05   0.85401493E-09   0.40618411E-08   0.00000000E+00   0.11666401E-05
  19.800   7.800   0.43696888E+00   0.11546929E-05   0.85101360E-09   0.40478947E-08   0.00000000E+00   0.11595918E-05
  19.817   7.817   0.43684738E+00   0.11476820E-05   0.84803428E-09   0.40340570E-08   0.00000000E+00   0.11525641E-05
  19.833   7.833   0.43672780E+00   0.11406914E-05   0.84507682E-09   0.40203273E-08   0.00000000E+00   0.11455568E-05
  19.850   7.850   0.43661015E+00   0.11337208E-05   0.84214109E-09   0.40067048E-08   0.00000000E+00   0.11385697E-05
  19.867   7.867   0.43649442E+00   0.11267703E-05   0.83922696E-09   0.39931889E-08   0.00000000E+00   0.11316027E-05
  19.883   7.883   0.43638060E+00   0.11198396E-05   0.83633427E-09   0.39797789E-08   0.00000000E+00   0.11246557E-05
  19.900   7.900   0.43626869E+00   0.11129286E-05   0.83346291E-09   0.39664741E-08   0.00000000E+00   0.11177285E-05
  19.917   7.917   0.43615868E+00   0.11060372E-05   0.83061273E-09   0.39532738E-08   0.00000000E+00   0.11108211E-05
  19.933   7.933   0.43605055E+00   0.10991653E-05   0.82778361E-09   0.39401772E-08   0.00000000E+00   0.11039333E-05
  19.950   7.950   0.43594432E+00   0.10923127E-05   0.82497540E-09   0.39271838E-08   0.00000000E+00   0.10970649E-05
  19.967   7.967   0.43583995E+00   0.10854794E-05   0.82218798E-09   0.39142928E-08   0.00000000E+00   0.10902159E-05
  19.983   7.983   0.43573746E+00   0.10786651E-05   0.81942121E-09   0.39015035E-08   0.00000000E+00   0.10833861E-05
  20.000   8.000   0.43563683E+00   0.10718699E-05   0.81667496E-09   0.38888153E-08   0.00000000E+00   0.10765753E-05
  20.017   8.017   0.43553806E+00   0.10650934E-05   0.81394911E-09   0.38762275E-08   0.00000000E+00   0.10697836E-05
  20.033   8.033   0.43544114E+00   0.10583357E-05   0.81124351E-09   0.38637394E-08   0.00000000E+00   0.10630107E-05
  20.050   8.050   0.43534605E+00   0.10515966E-05   0.80855805E-09   0.38513504E-08   0.00000000E+00   0.10562565E-05
  20.067   8.067   0.43525280E+00   0.10448760E-05   0.80589258E-09   0.38390598E-08   0.00000000E+00   0.10495210E-05
  20.083   8.083   0.43516137E+00   0.10381738E-05   0.80324700E-09   0.38268668E-08   0.00000000E+00   0.10428039E-05
  20.100   8.100   0.43507176E+00   0.10314899E-05   0.80062116E-09   0.38147710E-08   0.00000000E+00   0.10361053E-05
  20.117   8.117   0.43498396E+00   0.10248241E-05   0.79801493E-09   0.38027715E-08   0.00000000E+00   0.10294248E-05
  20.133   8.133   0.43489795E+00   0.10181763E-05   0.79542821E-09   0.37908678E-08   0.00000000E+00   0.10227626E-05
  20.150   8.150   0.43481375E+00   0.10115465E-05   0.79286085E-09   0.37790592E-08   0.00000000E+00   0.10161184E-05
  20.167   8.167   0.43473132E+00   0.10049345E-05   0.79031273E-09   0.37673451E-08   0.00000000E+00   0.10094921E-05
  20.183   8.183   0.43465068E+00   0.99834016E-06   0.78778373E-09   0.37557247E-08   0.00000000E+00   0.10028837E-05
  20.200   8.200   0.43457180E+00   0.99176348E-06   0.78527373E-09   0.37441976E-08   0.00000000E+00   0.99629295E-06
  20.217   8.217   0.43449468E+00   0.98520431E-06   0.78278261E-09   0.37327629E-08   0.00000000E+00   0.98971985E-06
  20.233   8.233   0.43441931E+00   0.97866253E-06   0.78031024E-09   0.37214202E-08   0.00000000E+00   0.98316427E-06
  20.250   8.250   0.43434569E+00   0.97213807E-06   0.77785649E-09   0.37101687E-08   0.00000000E+00   0.97662609E-06
  20.267   8.267   0.43427379E+00   0.96563081E-06   0.77542126E-09   0.36990079E-08   0.00000000E+00   0.97010524E-06
  20.283   8.283   0.43420363E+00   0.95914066E-06   0.77300443E-09   0.36879371E-08   0.00000000E+00   0.96360161E-06
  20.300   8.300   0.43413517E+00   0.95266753E-06   0.77060586E-09   0.36769557E-08   0.00000000E+00   0.95711509E-06
  20.317   8.317   0.43406842E+00   0.94621132E-06   0.76822545E-09   0.36660631E-08   0.00000000E+00   0.95064561E-06
  20.333   8.333   0.43400337E+00   0.93977195E-06   0.76586308E-09   0.36552586E-08   0.00000000E+00   0.94419307E-06
  20.350   8.350   0.43394001E+00   0.93334931E-06   0.76351863E-09   0.36445417E-08   0.00000000E+00   0.93775737E-06
  20.367   8.367   0.43387832E+00   0.92694334E-06   0.76119199E-09   0.36339117E-08   0.00000000E+00   0.93133844E-06
  20.383   8.383   0.43381830E+00   0.92055393E-06   0.75888304E-09   0.36233681E-08   0.00000000E+00   0.92493618E-06
  20.400   8.400   0.43375994E+00   0.91418101E-06   0.75659168E-09   0.36129103E-08   0.00000000E+00   0.91855051E-06
  20.417   8.417   0.43370323E+00   0.90782450E-06   0.75431777E-09   0.36025376E-08   0.00000000E+00   0.91218135E-06
  20.433   8.433   0.43364815E+00   0.90148431E-06   0.75206122E-09   0.35922494E-08   0.00000000E+00   0.90582862E-06
  20.450   8.450   0.43359470E+00   0.89516037E-06   0.74982192E-09   0.35820453E-08   0.00000000E+00   0.89949224E-06
  20.467   8.467   0.43354287E+00   0.88885261E-06   0.74759974E-09   0.35719245E-08   0.00000000E+00   0.89317213E-06
  20.483   8.483   0.43349264E+00   0.88256095E-06   0.74539459E-09   0.35618865E-08   0.00000000E+00   0.88686823E-06
  20.500   8.500   0.43344400E+00   0.87628532E-06   0.74320636E-09   0.35519307E-08   0.00000000E+00   0.88058046E-06
  20.517   8.517   0.43339695E+00   0.87002565E-06   0.74103493E-09   0.35420566E-08   0.00000000E+00   0.87430874E-06
  20.533   8.533   0.43335147E+00   0.86378188E-06   0.73888021E-09   0.35322636E-08   0.00000000E+00   0.86805302E-06
  20.550   8.550   0.43330755E+00   0.85755394E-06   0.73674208E-09   0.35225511E-08   0.00000000E+00   0.86181323E-06
  20.567   8.567   0.43326518E+00   0.85134177E-06   0.73462043E-09   0.35129186E-08   0.00000000E+00   0.85558931E-06
  20.583   8.583   0.43322435E+00   0.84514531E-06   0.73251518E-09   0.35033654E-08   0.00000000E+00   0.84938119E-06
  20.600   8.600   0.43318504E+00   0.83896451E-06   0.73042621E-09   0.34938911E-08   0.00000000E+00   0.84318883E-06
  20.617   8.617   0.43314725E+00   0.83279930E-06   0.72835342E-09   0.34844951E-08   0.00000000E+00   0.83701215E-06
  20.633   8.633   0.43311095E+00   0.82664964E-06   0.72629671E-09   0.34751768E-08   0.00000000E+00   0.83085112E-06
  20.650   8.650   0.43307615E+00   0.82051548E-06   0.72425598E-09   0.34659358E-08   0.00000000E+00   0.82470567E-06
  20.667   8.667   0.43304282E+00   0.81439676E-06   0.72223113E-09   0.34567714E-08   0.00000000E+00   0.81857576E-06
  20.683   8.683   0.43301095E+00   0.80829345E-06   0.72022206E-09   0.34476831E-08   0.00000000E+00   0.81246135E-06
  20.700   8.700   0.43298052E+00   0.80220550E-06   0.71822869E-09   0.34386704E-08   0.00000000E+00   0.80636239E-06
  20.717   8.717   0.43295154E+00   0.79613286E-06   0.71625090E-09   0.34297328E-08   0.00000000E+00   0.80027885E-06
  20.733   8.733   0.43292397E+00   0.79007551E-06   0.71428860E-09   0.34208697E-08   0.00000000E+00   0.79421067E-06
  20.750   8.750   0.43289781E+00   0.78403341E-06   0.71234171E-09   0.34120807E-08   0.00000000E+00   0.78815783E-06
  20.767   8.767   0.43287305E+00   0.77800652E-06   0.71041013E-09   0.34033651E-08   0.00000000E+00   0.78212030E-06
  20.783   8.783   0.43284966E+00   0.77199482E-06   0.70849376E-09   0.33947226E-08   0.00000000E+00   0.77609804E-06
  20.800   8.800   0.43282764E+00   0.76599828E-06   0.70659253E-09   0.33861526E-08   0.00000000E+00   0.77009102E-06
  20.817   8.817   0.43280696E+00   0.76001686E-06   0.70470632E-09   0.33776546E-08   0.00000000E+00   0.76409923E-06
  20.833   8.833   0.43278762E+00   0.75405057E-06   0.70283507E-09   0.33692281E-08   0.00000000E+00   0.75812263E-06
  20.850   8.850   0.43276960E+00   0.74809936E-06   0.70097868E-09   0.33608726E-08   0.00000000E+00   0.75216121E-06
  20.867   8.867   0.43275288E+00   0.74216323E-06   0.69913706E-09   0.33525876E-08   0.00000000E+00   0.74621495E-06
  20.883   8.883   0.43273745E+00   0.73624216E-06   0.69731013E-09   0.33443727E-08   0.00000000E+00   0.74028384E-06
  20.900   8.900   0.43272329E+00   0.73033614E-06   0.69549781E-09   0.33362273E-08   0.00000000E+00   0.73436787E-06
  20.917   8.917   0.43271038E+00   0.72444517E-06   0.69370001E-09   0.33281511E-08   0.00000000E+00   0.72846702E-06
  20.933   8.933   0.43269871E+00   0.71856924E-06   0.69191666E-09   0.33201435E-08   0.00000000E+00   0.72258130E-06
  20.950   8.950   0.43268826E+00   0.71270835E-06   0.69014767E-09   0.33122040E-08   0.00000000E+00   0.71671070E-06
  20.967   8.967   0.43267902E+00   0.70686249E-06   0.68839296E-09   0.33043323E-08   0.00000000E+00   0.71085521E-06
