        RT(hours)          [IEPOX]         L_R_32           L_R_34           P_R_30           tot_loss         tot_prod
  12.017   0.017   0.20154104E-10   0.21296515E-16   0.31037315E-14   0.16475154E-11   0.31250286E-14   0.16475154E-11
  12.033   0.033   0.57487668E-09   0.10292553E-14   0.88531004E-13   0.21685061E-10   0.89560263E-13   0.21685061E-10
  12.050   0.050   0.33680455E-08   0.77356068E-14   0.51867900E-12   0.77740717E-10   0.52641462E-12   0.77740717E-10
  12.067   0.067   0.10594483E-07   0.27995026E-13   0.16315504E-11   0.17024663E-09   0.16595454E-11   0.17024663E-09
  12.083   0.083   0.24169938E-07   0.69809285E-13   0.37221705E-11   0.29263230E-09   0.37919798E-11   0.29263230E-09
  12.100   0.100   0.45609254E-07   0.14038559E-12   0.70238250E-11   0.43961306E-09   0.71642106E-11   0.43961306E-09
  12.117   0.117   0.76182019E-07   0.24671117E-12   0.11732031E-10   0.60888936E-09   0.11978742E-10   0.60888936E-09
  12.133   0.133   0.11707510E-06   0.39626307E-12   0.18029565E-10   0.80038909E-09   0.18425828E-10   0.80038909E-09
  12.150   0.150   0.16949604E-06   0.59744452E-12   0.26102390E-10   0.10153097E-08   0.26699834E-10   0.10153097E-08
  12.167   0.167   0.23472767E-06   0.85980921E-12   0.36148062E-10   0.12554980E-08   0.37007871E-10   0.12554980E-08
  12.183   0.183   0.31415475E-06   0.11941906E-11   0.48379832E-10   0.15231319E-08   0.49574023E-10   0.15231319E-08
  12.200   0.200   0.40927726E-06   0.16128070E-11   0.63028698E-10   0.18205828E-08   0.64641506E-10   0.18205828E-08
  12.217   0.217   0.52171842E-06   0.21293719E-11   0.80344636E-10   0.21503681E-08   0.82474008E-10   0.21503681E-08
  12.233   0.233   0.65323113E-06   0.27592189E-11   0.10059759E-09   0.25151452E-08   0.10335681E-09   0.25151452E-08
  12.250   0.250   0.80570451E-06   0.35194418E-11   0.12407849E-09   0.29177197E-08   0.12759794E-09   0.29177197E-08
  12.267   0.267   0.98117103E-06   0.44290499E-11   0.15110034E-09   0.33610603E-08   0.15552939E-09   0.33610603E-08
  12.283   0.283   0.11818143E-05   0.55091356E-11   0.18199941E-09   0.38483130E-08   0.18750854E-09   0.38483130E-08
  12.300   0.300   0.14099779E-05   0.67830556E-11   0.21713660E-09   0.43828155E-08   0.22391965E-09   0.43828155E-08
  12.317   0.317   0.16681743E-05   0.82766244E-11   0.25689884E-09   0.49681103E-08   0.26517546E-09   0.49681103E-08
  12.333   0.333   0.19590950E-05   0.10018322E-10   0.30170063E-09   0.56079580E-08   0.31171896E-09   0.56079580E-08
  12.350   0.350   0.22856212E-05   0.12039513E-10   0.35198566E-09   0.63063496E-08   0.36402517E-09   0.63063496E-08
  12.367   0.367   0.26508343E-05   0.14374684E-10   0.40822848E-09   0.70675192E-08   0.42260316E-09   0.70675192E-08
  12.383   0.383   0.30580281E-05   0.17061693E-10   0.47093632E-09   0.78959571E-08   0.48799802E-09   0.78959571E-08
  12.400   0.400   0.35107207E-05   0.20142039E-10   0.54065099E-09   0.87964230E-08   0.56079303E-09   0.87964230E-08
  12.417   0.417   0.40126676E-05   0.23661142E-10   0.61795082E-09   0.97739596E-08   0.64161196E-09   0.97739596E-08
  12.433   0.433   0.45678748E-05   0.27668646E-10   0.70345272E-09   0.10833907E-07   0.73112136E-09   0.10833907E-07
  12.450   0.450   0.51806128E-05   0.32218744E-10   0.79781438E-09   0.11981915E-07   0.83003312E-09   0.11981915E-07
  12.467   0.467   0.58554318E-05   0.37370511E-10   0.90173650E-09   0.13223964E-07   0.93910701E-09   0.13223964E-07
  12.483   0.483   0.65971765E-05   0.43188270E-10   0.10159652E-08   0.14566372E-07   0.10591534E-08   0.14566372E-07
  12.500   0.500   0.74110022E-05   0.49741969E-10   0.11412943E-08   0.16015819E-07   0.11910363E-08   0.16015819E-07
  12.517   0.517   0.83023918E-05   0.57107588E-10   0.12785683E-08   0.17579358E-07   0.13356759E-08   0.17579358E-07
  12.533   0.533   0.92771729E-05   0.65367561E-10   0.14286846E-08   0.19264434E-07   0.14940522E-08   0.19264434E-07
  12.550   0.550   0.10341536E-04   0.74611230E-10   0.15925965E-08   0.21078900E-07   0.16672078E-08   0.21078900E-07
  12.567   0.567   0.11502053E-04   0.84935312E-10   0.17713162E-08   0.23031038E-07   0.18562515E-08   0.23031038E-07
  12.583   0.583   0.12765698E-04   0.96444405E-10   0.19659176E-08   0.25129574E-07   0.20623620E-08   0.25129574E-07
  12.600   0.600   0.14139867E-04   0.10925150E-09   0.21775395E-08   0.27383697E-07   0.22867910E-08   0.27383697E-07
  12.617   0.617   0.15632396E-04   0.12347855E-09   0.24073890E-08   0.29803082E-07   0.25308676E-08   0.29803082E-07
  12.633   0.633   0.17251590E-04   0.13925702E-09   0.26567448E-08   0.32397901E-07   0.27960019E-08   0.32397901E-07
  12.650   0.650   0.19006237E-04   0.15672851E-09   0.29269605E-08   0.35178853E-07   0.30836890E-08   0.35178853E-07
  12.667   0.667   0.20905639E-04   0.17604537E-09   0.32194684E-08   0.38157175E-07   0.33955137E-08   0.38157175E-07
  12.683   0.683   0.22959630E-04   0.19737137E-09   0.35357830E-08   0.41344667E-07   0.37331544E-08   0.41344667E-07
  12.700   0.700   0.25178606E-04   0.22088239E-09   0.38775053E-08   0.44753708E-07   0.40983877E-08   0.44753708E-07
  12.717   0.717   0.27573546E-04   0.24676710E-09   0.42463261E-08   0.48397282E-07   0.44930932E-08   0.48397282E-07
  12.733   0.733   0.30156043E-04   0.27522773E-09   0.46440306E-08   0.52288992E-07   0.49192583E-08   0.52288992E-07
  12.750   0.750   0.32938326E-04   0.30648082E-09   0.50725022E-08   0.56443082E-07   0.53789830E-08   0.56443082E-07
  12.767   0.767   0.35933292E-04   0.34075802E-09   0.55337270E-08   0.60874458E-07   0.58744850E-08   0.60874458E-07
  12.783   0.783   0.39154533E-04   0.37830691E-09   0.60297980E-08   0.65598708E-07   0.64081049E-08   0.65598708E-07
  12.800   0.800   0.42616362E-04   0.41939180E-09   0.65629197E-08   0.70632114E-07   0.69823115E-08   0.70632114E-07
  12.817   0.817   0.46333847E-04   0.46429466E-09   0.71354124E-08   0.75991682E-07   0.75997071E-08   0.75991682E-07
  12.833   0.833   0.50322839E-04   0.51331596E-09   0.77497172E-08   0.81695148E-07   0.82630332E-08   0.81695148E-07
  12.850   0.850   0.54600002E-04   0.56677558E-09   0.84084004E-08   0.87761004E-07   0.89751759E-08   0.87761004E-07
  12.867   0.867   0.59182845E-04   0.62501374E-09   0.91141581E-08   0.94208507E-07   0.97391718E-08   0.94208507E-07
  12.883   0.883   0.64089750E-04   0.68839192E-09   0.98698215E-08   0.10105770E-06   0.10558213E-07   0.10105770E-06
  12.900   0.900   0.69340009E-04   0.75729385E-09   0.10678361E-07   0.10832942E-06   0.11435655E-07   0.10832942E-06
  12.917   0.917   0.74953851E-04   0.83212641E-09   0.11542893E-07   0.11604532E-06   0.12375019E-07   0.11604532E-06
  12.933   0.933   0.80952473E-04   0.91332063E-09   0.12466681E-07   0.12422787E-06   0.13380001E-07   0.12422787E-06
  12.950   0.950   0.87358076E-04   0.10013327E-08   0.13453144E-07   0.13290036E-06   0.14454476E-07   0.13290036E-06
  12.967   0.967   0.94193892E-04   0.10966448E-08   0.14505859E-07   0.14208693E-06   0.15602504E-07   0.14208693E-06
  12.983   0.983   0.10148422E-03   0.11997661E-08   0.15628570E-07   0.15181257E-06   0.16828336E-07   0.15181257E-06
  13.000   1.000   0.10925445E-03   0.13112340E-08   0.16825185E-07   0.16210308E-06   0.18136419E-07   0.16210308E-06
  13.017   1.017   0.11753110E-03   0.14316145E-08   0.18099789E-07   0.17298516E-06   0.19531403E-07   0.17298516E-06
  13.033   1.033   0.12634183E-03   0.15615036E-08   0.19456642E-07   0.18448632E-06   0.21018146E-07   0.18448632E-06
  13.050   1.050   0.13571551E-03   0.17015280E-08   0.20900188E-07   0.19663492E-06   0.22601716E-07   0.19663492E-06
  13.067   1.067   0.14568219E-03   0.18523458E-08   0.22435057E-07   0.20946015E-06   0.24287403E-07   0.20946015E-06
  13.083   1.083   0.15627318E-03   0.20146476E-08   0.24066069E-07   0.22299204E-06   0.26080717E-07   0.22299204E-06
  13.100   1.100   0.16752103E-03   0.21891571E-08   0.25798239E-07   0.23726143E-06   0.27987396E-07   0.23726143E-06
  13.117   1.117   0.17945961E-03   0.23766318E-08   0.27636780E-07   0.25229995E-06   0.30013411E-07   0.25229995E-06
  13.133   1.133   0.19212406E-03   0.25778636E-08   0.29587105E-07   0.26814002E-06   0.32164969E-07   0.26814002E-06
  13.150   1.150   0.20555087E-03   0.27936795E-08   0.31654834E-07   0.28481481E-06   0.34448514E-07   0.28481481E-06
  13.167   1.167   0.21977788E-03   0.30249423E-08   0.33845794E-07   0.30235822E-06   0.36870736E-07   0.30235822E-06
  13.183   1.183   0.23484429E-03   0.32725504E-08   0.36166020E-07   0.32080486E-06   0.39438570E-07   0.32080486E-06
  13.200   1.200   0.25079065E-03   0.35374388E-08   0.38621761E-07   0.34019001E-06   0.42159199E-07   0.34019001E-06
  13.217   1.217   0.26765895E-03   0.38205790E-08   0.41219478E-07   0.36054958E-06   0.45040057E-07   0.36054958E-06
  13.233   1.233   0.28549253E-03   0.41229793E-08   0.43965849E-07   0.38192007E-06   0.48088828E-07   0.38192007E-06
  13.250   1.250   0.30433615E-03   0.44456845E-08   0.46867767E-07   0.40433856E-06   0.51313451E-07   0.40433856E-06
  13.267   1.267   0.32423598E-03   0.47897765E-08   0.49932340E-07   0.42784259E-06   0.54722117E-07   0.42784259E-06
  13.283   1.283   0.34523958E-03   0.51563734E-08   0.53166895E-07   0.45247021E-06   0.58323268E-07   0.45247021E-06
  13.300   1.300   0.36739592E-03   0.55466294E-08   0.56578972E-07   0.47825984E-06   0.62125602E-07   0.47825984E-06
  13.317   1.317   0.39075537E-03   0.59617345E-08   0.60176327E-07   0.50525025E-06   0.66138062E-07   0.50525025E-06
  13.333   1.333   0.41536966E-03   0.64029137E-08   0.63966928E-07   0.53348052E-06   0.70369842E-07   0.53348052E-06
  13.350   1.350   0.44129190E-03   0.68714266E-08   0.67958952E-07   0.56298992E-06   0.74830379E-07   0.56298992E-06
  13.367   1.367   0.46857654E-03   0.73685660E-08   0.72160786E-07   0.59381793E-06   0.79529352E-07   0.59381793E-06
  13.383   1.383   0.49727935E-03   0.78956572E-08   0.76581020E-07   0.62600409E-06   0.84476677E-07   0.62600409E-06
  13.400   1.400   0.52745741E-03   0.84540568E-08   0.81228441E-07   0.65958800E-06   0.89682498E-07   0.65958800E-06
  13.417   1.417   0.55916906E-03   0.90451514E-08   0.86112035E-07   0.69460918E-06   0.95157187E-07   0.69460918E-06
  13.433   1.433   0.59247386E-03   0.96703560E-08   0.91240975E-07   0.73110705E-06   0.10091133E-06   0.73110705E-06
  13.450   1.450   0.62743258E-03   0.10331112E-07   0.96624617E-07   0.76912087E-06   0.10695573E-06   0.76912087E-06
  13.467   1.467   0.66410711E-03   0.11028887E-07   0.10227249E-06   0.80868958E-06   0.11330138E-06   0.80868958E-06
  13.483   1.483   0.70256045E-03   0.11765171E-07   0.10819431E-06   0.84985183E-06   0.11995948E-06   0.84985183E-06
  13.500   1.500   0.74285666E-03   0.12541475E-07   0.11439993E-06   0.89264582E-06   0.12694140E-06   0.89264582E-06
  13.517   1.517   0.78506077E-03   0.13359329E-07   0.12089936E-06   0.93710928E-06   0.13425869E-06   0.93710928E-06
  13.533   1.533   0.82923873E-03   0.14220279E-07   0.12770276E-06   0.98327935E-06   0.14192304E-06   0.98327935E-06
  13.550   1.550   0.87545739E-03   0.15125887E-07   0.13482044E-06   0.10311925E-05   0.14994632E-06   0.10311925E-05
  13.567   1.567   0.92378434E-03   0.16077723E-07   0.14226279E-06   0.10808846E-05   0.15834051E-06   0.10808846E-05
  13.583   1.583   0.97428794E-03   0.17077370E-07   0.15004034E-06   0.11323906E-05   0.16711771E-06   0.11323906E-05
  13.600   1.600   0.10270372E-02   0.18126414E-07   0.15816372E-06   0.11857446E-05   0.17629014E-06   0.11857446E-05
  13.617   1.617   0.10821016E-02   0.19226445E-07   0.16664364E-06   0.12409798E-05   0.18587009E-06   0.12409798E-05
  13.633   1.633   0.11395512E-02   0.20379053E-07   0.17549088E-06   0.12981283E-05   0.19586993E-06   0.12981283E-05
  13.650   1.650   0.11994564E-02   0.21585825E-07   0.18471628E-06   0.13572214E-05   0.20630211E-06   0.13572214E-05
  13.667   1.667   0.12618880E-02   0.22848343E-07   0.19433075E-06   0.14182888E-05   0.21717909E-06   0.14182888E-05
  13.683   1.683   0.13269168E-02   0.24168178E-07   0.20434519E-06   0.14813595E-05   0.22851337E-06   0.14813595E-05
  13.700   1.700   0.13946140E-02   0.25546890E-07   0.21477055E-06   0.15464608E-05   0.24031744E-06   0.15464608E-05
  13.717   1.717   0.14650505E-02   0.26986022E-07   0.22561778E-06   0.16136191E-05   0.25260381E-06   0.16136191E-05
  13.733   1.733   0.15382975E-02   0.28487098E-07   0.23689781E-06   0.16828591E-05   0.26538491E-06   0.16828591E-05
  13.750   1.750   0.16144256E-02   0.30051621E-07   0.24862154E-06   0.17542043E-05   0.27867316E-06   0.17542043E-05
  13.767   1.767   0.16935053E-02   0.31681068E-07   0.26079982E-06   0.18276766E-05   0.29248089E-06   0.18276766E-05
  13.783   1.783   0.17756068E-02   0.33376887E-07   0.27344345E-06   0.19032965E-05   0.30682034E-06   0.19032965E-05
  13.800   1.800   0.18607997E-02   0.35140493E-07   0.28656315E-06   0.19810829E-05   0.32170365E-06   0.19810829E-05
  13.817   1.817   0.19491529E-02   0.36973268E-07   0.30016955E-06   0.20610532E-05   0.33714282E-06   0.20610532E-05
  13.833   1.833   0.20407348E-02   0.38876555E-07   0.31427316E-06   0.21432232E-05   0.35314971E-06   0.21432232E-05
  13.850   1.850   0.21356127E-02   0.40851654E-07   0.32888435E-06   0.22276071E-05   0.36973601E-06   0.22276071E-05
  13.867   1.867   0.22338532E-02   0.42899824E-07   0.34401339E-06   0.23142174E-05   0.38691321E-06   0.23142174E-05
  13.883   1.883   0.23355217E-02   0.45022275E-07   0.35967034E-06   0.24030649E-05   0.40469262E-06   0.24030649E-05
  13.900   1.900   0.24406826E-02   0.47220168E-07   0.37586511E-06   0.24941590E-05   0.42308528E-06   0.24941590E-05
  13.917   1.917   0.25493988E-02   0.49494612E-07   0.39260742E-06   0.25875072E-05   0.44210203E-06   0.25875072E-05
  13.933   1.933   0.26617321E-02   0.51846661E-07   0.40990675E-06   0.26831154E-05   0.46175341E-06   0.26831154E-05
  13.950   1.950   0.27777428E-02   0.54277313E-07   0.42777238E-06   0.27809879E-05   0.48204970E-06   0.27809879E-05
  13.967   1.967   0.28974893E-02   0.56787506E-07   0.44621335E-06   0.28811272E-05   0.50300086E-06   0.28811272E-05
  13.983   1.983   0.30210288E-02   0.59378119E-07   0.46523843E-06   0.29835345E-05   0.52461655E-06   0.29835345E-05
  14.000   2.000   0.31484164E-02   0.62049967E-07   0.48485612E-06   0.30882090E-05   0.54690609E-06   0.30882090E-05
  14.017   2.017   0.32797034E-02   0.64803436E-07   0.50507432E-06   0.31951728E-05   0.56987776E-06   0.31951728E-05
  14.033   2.033   0.34149301E-02   0.67638601E-07   0.52589924E-06   0.33044345E-05   0.59353784E-06   0.33044345E-05
  14.050   2.050   0.35541315E-02   0.70555873E-07   0.54733625E-06   0.34159797E-05   0.61789213E-06   0.34159797E-05
  14.067   2.067   0.36973390E-02   0.73555676E-07   0.56939020E-06   0.35297951E-05   0.64294588E-06   0.35297951E-05
  14.083   2.083   0.38445806E-02   0.76638408E-07   0.59206542E-06   0.36458681E-05   0.66870382E-06   0.36458681E-05
  14.100   2.100   0.39958811E-02   0.79804417E-07   0.61536569E-06   0.37641854E-05   0.69517011E-06   0.37641854E-05
  14.117   2.117   0.41512616E-02   0.83053993E-07   0.63929428E-06   0.38847335E-05   0.72234828E-06   0.38847335E-05
  14.133   2.133   0.43107396E-02   0.86387364E-07   0.66385390E-06   0.40074978E-05   0.75024126E-06   0.40074978E-05
  14.150   2.150   0.44743290E-02   0.89804693E-07   0.68904666E-06   0.41324632E-05   0.77885135E-06   0.41324632E-05
  14.167   2.167   0.46420398E-02   0.93306078E-07   0.71487412E-06   0.42596137E-05   0.80818020E-06   0.42596137E-05
  14.183   2.183   0.48138783E-02   0.96891554E-07   0.74133725E-06   0.43889327E-05   0.83822881E-06   0.43889327E-05
  14.200   2.200   0.49898467E-02   0.10056110E-06   0.76843639E-06   0.45204028E-05   0.86899749E-06   0.45204028E-05
  14.217   2.217   0.51699435E-02   0.10431462E-06   0.79617130E-06   0.46540063E-05   0.90048592E-06   0.46540063E-05
  14.233   2.233   0.53541630E-02   0.10815197E-06   0.82454110E-06   0.47897247E-05   0.93269307E-06   0.47897247E-05
  14.250   2.250   0.55424954E-02   0.11207298E-06   0.85354429E-06   0.49275392E-05   0.96561727E-06   0.49275392E-05
  14.267   2.267   0.57349272E-02   0.11607739E-06   0.88317878E-06   0.50674309E-05   0.99925617E-06   0.50674309E-05
  14.283   2.283   0.59314406E-02   0.12016492E-06   0.91344185E-06   0.52093806E-05   0.10336068E-05   0.52093806E-05
  14.300   2.300   0.61320140E-02   0.12433525E-06   0.94433016E-06   0.53533692E-05   0.10686654E-05   0.53533692E-05
  14.317   2.317   0.63366221E-02   0.12858803E-06   0.97583981E-06   0.54993777E-05   0.11044278E-05   0.54993777E-05
  14.333   2.333   0.65452358E-02   0.13292289E-06   0.10079663E-05   0.56473874E-05   0.11408892E-05   0.56473874E-05
  14.350   2.350   0.67578225E-02   0.13733943E-06   0.10407047E-05   0.57973804E-05   0.11780441E-05   0.57973804E-05
  14.367   2.367   0.69743464E-02   0.14183727E-06   0.10740493E-05   0.59493393E-05   0.12158866E-05   0.59493393E-05
  14.383   2.383   0.71947686E-02   0.14641600E-06   0.11079944E-05   0.61032479E-05   0.12544104E-05   0.61032479E-05
  14.400   2.400   0.74190476E-02   0.15107526E-06   0.11425333E-05   0.62590913E-05   0.12936086E-05   0.62590913E-05
  14.417   2.417   0.76471399E-02   0.15581470E-06   0.11776595E-05   0.64168559E-05   0.13334742E-05   0.64168559E-05
  14.433   2.433   0.78790000E-02   0.16063400E-06   0.12133660E-05   0.65765302E-05   0.13740000E-05   0.65765302E-05
  14.450   2.450   0.81145814E-02   0.16553293E-06   0.12496455E-05   0.67381048E-05   0.14151785E-05   0.67381048E-05
  14.467   2.467   0.83538372E-02   0.17051130E-06   0.12864909E-05   0.69015728E-05   0.14570022E-05   0.69015728E-05
  14.483   2.483   0.85967207E-02   0.17556903E-06   0.13238950E-05   0.70669302E-05   0.14994640E-05   0.70669302E-05
  14.500   2.500   0.88431861E-02   0.18070611E-06   0.13618507E-05   0.72341763E-05   0.15425568E-05   0.72341763E-05
  14.517   2.517   0.90931899E-02   0.18592270E-06   0.14003513E-05   0.74033138E-05   0.15862740E-05   0.74033138E-05
  14.533   2.533   0.93466916E-02   0.19121908E-06   0.14393905E-05   0.75743497E-05   0.16306096E-05   0.75743497E-05
  14.550   2.550   0.96036546E-02   0.19659568E-06   0.14789628E-05   0.77472950E-05   0.16755585E-05   0.77472950E-05
  14.567   2.567   0.98640477E-02   0.20205313E-06   0.15190634E-05   0.79221657E-05   0.17211165E-05   0.79221657E-05
  14.583   2.583   0.10127846E-01   0.20759227E-06   0.15596883E-05   0.80989828E-05   0.17672806E-05   0.80989828E-05
  14.600   2.600   0.10395033E-01   0.21321414E-06   0.16008351E-05   0.82777723E-05   0.18140492E-05   0.82777723E-05
  14.617   2.617   0.10665599E-01   0.21892003E-06   0.16425023E-05   0.84585663E-05   0.18614223E-05   0.84585663E-05
  14.633   2.633   0.10939548E-01   0.22471148E-06   0.16846904E-05   0.86414023E-05   0.19094019E-05   0.86414023E-05
  14.650   2.650   0.11216892E-01   0.23059031E-06   0.17274014E-05   0.88263238E-05   0.19579917E-05   0.88263238E-05
  14.667   2.667   0.11497658E-01   0.23655861E-06   0.17706393E-05   0.90133800E-05   0.20071979E-05   0.90133800E-05
  14.683   2.683   0.11781884E-01   0.24261878E-06   0.18144101E-05   0.92026263E-05   0.20570289E-05   0.92026263E-05
  14.700   2.700   0.12069624E-01   0.24877350E-06   0.18587221E-05   0.93941233E-05   0.21074956E-05   0.93941233E-05
  14.717   2.717   0.12360947E-01   0.25502577E-06   0.19035859E-05   0.95879374E-05   0.21586117E-05   0.95879374E-05
  14.733   2.733   0.12655938E-01   0.26137886E-06   0.19490144E-05   0.97841396E-05   0.22103933E-05   0.97841396E-05
  14.750   2.750   0.12954695E-01   0.26783636E-06   0.19950231E-05   0.99828054E-05   0.22628594E-05   0.99828054E-05
  14.767   2.767   0.13257335E-01   0.27440214E-06   0.20416297E-05   0.10184014E-04   0.23160318E-05   0.10184014E-04
  14.783   2.783   0.13563990E-01   0.28108032E-06   0.20888544E-05   0.10387849E-04   0.23699347E-05   0.10387849E-04
  14.800   2.800   0.13874804E-01   0.28787528E-06   0.21367198E-05   0.10594394E-04   0.24245950E-05   0.10594394E-04
  14.817   2.817   0.14189938E-01   0.29479163E-06   0.21852505E-05   0.10803735E-04   0.24800421E-05   0.10803735E-04
  14.833   2.833   0.14509567E-01   0.30183417E-06   0.22344733E-05   0.11015960E-04   0.25363074E-05   0.11015960E-04
  14.850   2.850   0.14833874E-01   0.30900788E-06   0.22844167E-05   0.11231155E-04   0.25934245E-05   0.11231155E-04
  14.867   2.867   0.15163058E-01   0.31631789E-06   0.23351109E-05   0.11449403E-04   0.26514288E-05   0.11449403E-04
  14.883   2.883   0.15497323E-01   0.32376942E-06   0.23865877E-05   0.11670789E-04   0.27103571E-05   0.11670789E-04
  14.900   2.900   0.15836881E-01   0.33136780E-06   0.24388797E-05   0.11895392E-04   0.27702475E-05   0.11895392E-04
  14.917   2.917   0.16181953E-01   0.33911839E-06   0.24920207E-05   0.12123287E-04   0.28311391E-05   0.12123287E-04
  14.933   2.933   0.16532760E-01   0.34702657E-06   0.25460450E-05   0.12354545E-04   0.28930716E-05   0.12354545E-04
  14.950   2.950   0.16889529E-01   0.35509772E-06   0.26009875E-05   0.12589232E-04   0.29560853E-05   0.12589232E-04
  14.967   2.967   0.17252488E-01   0.36333717E-06   0.26568831E-05   0.12827409E-04   0.30202203E-05   0.12827409E-04
  14.983   2.983   0.17621862E-01   0.37175019E-06   0.27137668E-05   0.13069128E-04   0.30855170E-05   0.13069128E-04
  15.000   3.000   0.17997877E-01   0.38034198E-06   0.27716731E-05   0.13314437E-04   0.31520151E-05   0.13314437E-04
  15.017   3.017   0.18380755E-01   0.38911763E-06   0.28306363E-05   0.13563376E-04   0.32197539E-05   0.13563376E-04
  15.033   3.033   0.18770714E-01   0.39808210E-06   0.28906900E-05   0.13815981E-04   0.32887721E-05   0.13815981E-04
  15.050   3.050   0.19167968E-01   0.40724022E-06   0.29518671E-05   0.14072277E-04   0.33591074E-05   0.14072277E-04
  15.067   3.067   0.19572725E-01   0.41659668E-06   0.30141996E-05   0.14332284E-04   0.34307963E-05   0.14332284E-04
  15.083   3.083   0.19985185E-01   0.42615599E-06   0.30777185E-05   0.14596017E-04   0.35038745E-05   0.14596017E-04
  15.100   3.100   0.20405543E-01   0.43592253E-06   0.31424537E-05   0.14863483E-04   0.35783762E-05   0.14863483E-04
  15.117   3.117   0.20833987E-01   0.44590049E-06   0.32084340E-05   0.15134683E-04   0.36543345E-05   0.15134683E-04
  15.133   3.133   0.21270695E-01   0.45609387E-06   0.32756871E-05   0.15409611E-04   0.37317810E-05   0.15409611E-04
  15.150   3.150   0.21715840E-01   0.46650653E-06   0.33442394E-05   0.15688258E-04   0.38107459E-05   0.15688258E-04
  15.167   3.167   0.22169586E-01   0.47714211E-06   0.34141162E-05   0.15970607E-04   0.38912583E-05   0.15970607E-04
  15.183   3.183   0.22632087E-01   0.48800410E-06   0.34853414E-05   0.16256637E-04   0.39733454E-05   0.16256637E-04
  15.200   3.200   0.23103491E-01   0.49909579E-06   0.35579377E-05   0.16546324E-04   0.40570335E-05   0.16546324E-04
  15.217   3.217   0.23583939E-01   0.51042033E-06   0.36319266E-05   0.16839636E-04   0.41423470E-05   0.16839636E-04
  15.233   3.233   0.24073562E-01   0.52198064E-06   0.37073286E-05   0.17136541E-04   0.42293092E-05   0.17136541E-04
  15.250   3.250   0.24572484E-01   0.53377952E-06   0.37841626E-05   0.17437001E-04   0.43179421E-05   0.17437001E-04
  15.267   3.267   0.25080822E-01   0.54581955E-06   0.38624466E-05   0.17740974E-04   0.44082661E-05   0.17740974E-04
  15.283   3.283   0.25598684E-01   0.55810319E-06   0.39421974E-05   0.18048417E-04   0.45003006E-05   0.18048417E-04
  15.300   3.300   0.26126173E-01   0.57063269E-06   0.40234306E-05   0.18359283E-04   0.45940633E-05   0.18359283E-04
  15.317   3.317   0.26663383E-01   0.58341016E-06   0.41061610E-05   0.18673521E-04   0.46895711E-05   0.18673521E-04
  15.333   3.333   0.27210402E-01   0.59643755E-06   0.41904019E-05   0.18991081E-04   0.47868395E-05   0.18991081E-04
  15.350   3.350   0.27767312E-01   0.60971666E-06   0.42761660E-05   0.19311909E-04   0.48858827E-05   0.19311909E-04
  15.367   3.367   0.28334187E-01   0.62324911E-06   0.43634648E-05   0.19635948E-04   0.49867139E-05   0.19635948E-04
  15.383   3.383   0.28911096E-01   0.63703638E-06   0.44523088E-05   0.19963142E-04   0.50893452E-05   0.19963142E-04
  15.400   3.400   0.29498103E-01   0.65107983E-06   0.45427078E-05   0.20293430E-04   0.51937877E-05   0.20293430E-04
  15.417   3.417   0.30095263E-01   0.66538063E-06   0.46346705E-05   0.20626754E-04   0.53000512E-05   0.20626754E-04
  15.433   3.433   0.30702629E-01   0.67993984E-06   0.47282048E-05   0.20963050E-04   0.54081447E-05   0.20963050E-04
  15.450   3.450   0.31320245E-01   0.69475836E-06   0.48233178E-05   0.21302258E-04   0.55180761E-05   0.21302258E-04
  15.467   3.467   0.31948154E-01   0.70983696E-06   0.49200157E-05   0.21644312E-04   0.56298526E-05   0.21644312E-04
  15.483   3.483   0.32586389E-01   0.72517626E-06   0.50183040E-05   0.21989150E-04   0.57434802E-05   0.21989150E-04
  15.500   3.500   0.33234983E-01   0.74077678E-06   0.51181874E-05   0.22336705E-04   0.58589642E-05   0.22336705E-04
  15.517   3.517   0.33893960E-01   0.75663887E-06   0.52196699E-05   0.22686913E-04   0.59763088E-05   0.22686913E-04
  15.533   3.533   0.34563343E-01   0.77276278E-06   0.53227548E-05   0.23039707E-04   0.60955176E-05   0.23039707E-04
  15.550   3.550   0.35243147E-01   0.78914861E-06   0.54274447E-05   0.23395020E-04   0.62165933E-05   0.23395020E-04
  15.567   3.567   0.35933386E-01   0.80579635E-06   0.55337415E-05   0.23752787E-04   0.63395378E-05   0.23752787E-04
  15.583   3.583   0.36634067E-01   0.82270586E-06   0.56416464E-05   0.24112939E-04   0.64643522E-05   0.24112939E-04
  15.600   3.600   0.37345196E-01   0.83987688E-06   0.57511601E-05   0.24475409E-04   0.65910370E-05   0.24475409E-04
  15.617   3.617   0.38066771E-01   0.85730902E-06   0.58622828E-05   0.24840130E-04   0.67195918E-05   0.24840130E-04
  15.633   3.633   0.38798790E-01   0.87500180E-06   0.59750137E-05   0.25207034E-04   0.68500155E-05   0.25207034E-04
  15.650   3.650   0.39541245E-01   0.89295458E-06   0.60893518E-05   0.25576053E-04   0.69823064E-05   0.25576053E-04
  15.667   3.667   0.40294126E-01   0.91116666E-06   0.62052954E-05   0.25947120E-04   0.71164621E-05   0.25947120E-04
  15.683   3.683   0.41057417E-01   0.92963717E-06   0.63228423E-05   0.26320167E-04   0.72524795E-05   0.26320167E-04
  15.700   3.700   0.41831102E-01   0.94836517E-06   0.64419897E-05   0.26695127E-04   0.73903549E-05   0.26695127E-04
  15.717   3.717   0.42615158E-01   0.96734959E-06   0.65627344E-05   0.27071931E-04   0.75300840E-05   0.27071931E-04
  15.733   3.733   0.43409562E-01   0.98658926E-06   0.66850726E-05   0.27450512E-04   0.76716618E-05   0.27450512E-04
  15.750   3.750   0.44214286E-01   0.10060829E-05   0.68090000E-05   0.27830804E-04   0.78150829E-05   0.27830804E-04
  15.767   3.767   0.45029299E-01   0.10258291E-05   0.69345120E-05   0.28212738E-04   0.79603411E-05   0.28212738E-04
  15.783   3.783   0.45854567E-01   0.10458264E-05   0.70616033E-05   0.28596248E-04   0.81074297E-05   0.28596248E-04
  15.800   3.800   0.46690054E-01   0.10660733E-05   0.71902683E-05   0.28981268E-04   0.82563416E-05   0.28981268E-04
  15.817   3.817   0.47535721E-01   0.10865679E-05   0.73205010E-05   0.29367731E-04   0.84070689E-05   0.29367731E-04
  15.833   3.833   0.48391525E-01   0.11073086E-05   0.74522948E-05   0.29755571E-04   0.85596033E-05   0.29755571E-04
  15.850   3.850   0.49257421E-01   0.11282934E-05   0.75856428E-05   0.30144721E-04   0.87139362E-05   0.30144721E-04
  15.867   3.867   0.50133362E-01   0.11495203E-05   0.77205377E-05   0.30535117E-04   0.88700580E-05   0.30535117E-04
  15.883   3.883   0.51019297E-01   0.11709873E-05   0.78569718E-05   0.30926692E-04   0.90279591E-05   0.30926692E-04
  15.900   3.900   0.51915175E-01   0.11926923E-05   0.79949370E-05   0.31319383E-04   0.91876292E-05   0.31319383E-04
  15.917   3.917   0.52820940E-01   0.12146329E-05   0.81344247E-05   0.31713124E-04   0.93490576E-05   0.31713124E-04
  15.933   3.933   0.53736534E-01   0.12368067E-05   0.82754262E-05   0.32107851E-04   0.95122329E-05   0.32107851E-04
  15.950   3.950   0.54661897E-01   0.12592115E-05   0.84179322E-05   0.32503501E-04   0.96771436E-05   0.32503501E-04
  15.967   3.967   0.55596969E-01   0.12818445E-05   0.85619332E-05   0.32900008E-04   0.98437777E-05   0.32900008E-04
  15.983   3.983   0.56541683E-01   0.13047033E-05   0.87074192E-05   0.33297312E-04   0.10012122E-04   0.33297312E-04
  16.000   4.000   0.57495974E-01   0.13277851E-05   0.88543801E-05   0.33695347E-04   0.10182165E-04   0.33695347E-04
  16.017   4.017   0.58459772E-01   0.13510728E-05   0.90028049E-05   0.34093695E-04   0.10353878E-04   0.34093695E-04
  16.033   4.033   0.59432995E-01   0.13745494E-05   0.91526812E-05   0.34491960E-04   0.10527231E-04   0.34491960E-04
  16.050   4.050   0.60415557E-01   0.13982117E-05   0.93039958E-05   0.34890097E-04   0.10702208E-04   0.34890097E-04
  16.067   4.067   0.61407370E-01   0.14220567E-05   0.94567350E-05   0.35288059E-04   0.10878792E-04   0.35288059E-04
  16.083   4.083   0.62408341E-01   0.14460810E-05   0.96108846E-05   0.35685802E-04   0.11056966E-04   0.35685802E-04
  16.100   4.100   0.63418376E-01   0.14702815E-05   0.97664299E-05   0.36083280E-04   0.11236711E-04   0.36083280E-04
  16.117   4.117   0.64437377E-01   0.14946546E-05   0.99233560E-05   0.36480445E-04   0.11418011E-04   0.36480445E-04
  16.133   4.133   0.65465243E-01   0.15191968E-05   0.10081647E-04   0.36877250E-04   0.11600844E-04   0.36877250E-04
  16.150   4.150   0.66501872E-01   0.15439046E-05   0.10241288E-04   0.37273647E-04   0.11785193E-04   0.37273647E-04
  16.167   4.167   0.67563644E-01   0.15689137E-05   0.10404801E-04   0.37672614E-04   0.11973715E-04   0.37672614E-04
  16.183   4.183   0.68664359E-01   0.15944108E-05   0.10574311E-04   0.38078392E-04   0.12168722E-04   0.38078392E-04
  16.200   4.200   0.69796450E-01   0.16203252E-05   0.10748653E-04   0.38489339E-04   0.12368978E-04   0.38489339E-04
  16.217   4.217   0.70954958E-01   0.16465876E-05   0.10927063E-04   0.38903806E-04   0.12573651E-04   0.38903806E-04
  16.233   4.233   0.72136416E-01   0.16731462E-05   0.11109008E-04   0.39320577E-04   0.12782154E-04   0.39320577E-04
  16.250   4.250   0.73338270E-01   0.16999613E-05   0.11294094E-04   0.39738753E-04   0.12994055E-04   0.39738753E-04
  16.267   4.267   0.74558551E-01   0.17270008E-05   0.11482017E-04   0.40157642E-04   0.13209018E-04   0.40157642E-04
  16.283   4.283   0.75795690E-01   0.17542381E-05   0.11672536E-04   0.40576699E-04   0.13426774E-04   0.40576699E-04
  16.300   4.300   0.77048402E-01   0.17816507E-05   0.11865454E-04   0.40995487E-04   0.13647105E-04   0.40995487E-04
  16.317   4.317   0.78315607E-01   0.18092187E-05   0.12060603E-04   0.41413646E-04   0.13869822E-04   0.41413646E-04
  16.333   4.333   0.79596375E-01   0.18369244E-05   0.12257842E-04   0.41830875E-04   0.14094766E-04   0.41830875E-04
  16.350   4.350   0.80889898E-01   0.18647519E-05   0.12457044E-04   0.42246919E-04   0.14321796E-04   0.42246919E-04
  16.367   4.367   0.82195457E-01   0.18926864E-05   0.12658100E-04   0.42661560E-04   0.14550787E-04   0.42661560E-04
  16.383   4.383   0.83512404E-01   0.19207144E-05   0.12860910E-04   0.43074609E-04   0.14781625E-04   0.43074609E-04
  16.400   4.400   0.84840154E-01   0.19488230E-05   0.13065384E-04   0.43485900E-04   0.15014207E-04   0.43485900E-04
  16.417   4.417   0.86178165E-01   0.19770001E-05   0.13271437E-04   0.43895289E-04   0.15248437E-04   0.43895289E-04
  16.433   4.433   0.87525937E-01   0.20052343E-05   0.13478994E-04   0.44302645E-04   0.15484229E-04   0.44302645E-04
  16.450   4.450   0.88883002E-01   0.20335146E-05   0.13687982E-04   0.44707852E-04   0.15721497E-04   0.44707852E-04
  16.467   4.467   0.90248921E-01   0.20618305E-05   0.13898334E-04   0.45110808E-04   0.15960164E-04   0.45110808E-04
  16.483   4.483   0.91623278E-01   0.20901719E-05   0.14109985E-04   0.45511418E-04   0.16200157E-04   0.45511418E-04
  16.500   4.500   0.93005679E-01   0.21185290E-05   0.14322875E-04   0.45909598E-04   0.16441404E-04   0.45909598E-04
  16.517   4.517   0.94395745E-01   0.21468924E-05   0.14536945E-04   0.46305270E-04   0.16683837E-04   0.46305270E-04
  16.533   4.533   0.95793117E-01   0.21752529E-05   0.14752140E-04   0.46698364E-04   0.16927393E-04   0.46698364E-04
  16.550   4.550   0.97197445E-01   0.22036016E-05   0.14968407E-04   0.47088815E-04   0.17172008E-04   0.47088815E-04
  16.567   4.567   0.98608396E-01   0.22319299E-05   0.15185693E-04   0.47476563E-04   0.17417623E-04   0.47476563E-04
  16.583   4.583   0.10002565E+00   0.22602292E-05   0.15403949E-04   0.47861555E-04   0.17664179E-04   0.47861555E-04
  16.600   4.600   0.10144888E+00   0.22884915E-05   0.15623128E-04   0.48243740E-04   0.17911619E-04   0.48243740E-04
  16.617   4.617   0.10287780E+00   0.23167087E-05   0.15843181E-04   0.48623071E-04   0.18159889E-04   0.48623071E-04
  16.633   4.633   0.10431210E+00   0.23448731E-05   0.16064063E-04   0.48999505E-04   0.18408936E-04   0.48999505E-04
  16.650   4.650   0.10575149E+00   0.23729769E-05   0.16285730E-04   0.49373002E-04   0.18658707E-04   0.49373002E-04
  16.667   4.667   0.10719570E+00   0.24010127E-05   0.16508138E-04   0.49743525E-04   0.18909151E-04   0.49743525E-04
  16.683   4.683   0.10864446E+00   0.24289733E-05   0.16731246E-04   0.50111040E-04   0.19160219E-04   0.50111040E-04
  16.700   4.700   0.11009748E+00   0.24568515E-05   0.16955012E-04   0.50475515E-04   0.19411863E-04   0.50475515E-04
  16.717   4.717   0.11155452E+00   0.24846404E-05   0.17179395E-04   0.50836919E-04   0.19664036E-04   0.50836919E-04
  16.733   4.733   0.11301530E+00   0.25123332E-05   0.17404357E-04   0.51195224E-04   0.19916690E-04   0.51195224E-04
  16.750   4.750   0.11447959E+00   0.25399233E-05   0.17629858E-04   0.51550406E-04   0.20169781E-04   0.51550406E-04
  16.767   4.767   0.11594714E+00   0.25674042E-05   0.17855860E-04   0.51902440E-04   0.20423264E-04   0.51902440E-04
  16.783   4.783   0.11741770E+00   0.25947694E-05   0.18082326E-04   0.52251302E-04   0.20677095E-04   0.52251302E-04
  16.800   4.800   0.11889104E+00   0.26220129E-05   0.18309220E-04   0.52596974E-04   0.20931233E-04   0.52596974E-04
  16.817   4.817   0.12036692E+00   0.26491286E-05   0.18536506E-04   0.52939433E-04   0.21185634E-04   0.52939433E-04
  16.833   4.833   0.12184511E+00   0.26761104E-05   0.18764148E-04   0.53278664E-04   0.21440258E-04   0.53278664E-04
  16.850   4.850   0.12332540E+00   0.27029528E-05   0.18992112E-04   0.53614647E-04   0.21695064E-04   0.53614647E-04
  16.867   4.867   0.12480756E+00   0.27296499E-05   0.19220364E-04   0.53947369E-04   0.21950013E-04   0.53947369E-04
  16.883   4.883   0.12629136E+00   0.27561963E-05   0.19448870E-04   0.54276813E-04   0.22205066E-04   0.54276813E-04
  16.900   4.900   0.12777661E+00   0.27825866E-05   0.19677598E-04   0.54602967E-04   0.22460185E-04   0.54602967E-04
  16.917   4.917   0.12926309E+00   0.28088155E-05   0.19906515E-04   0.54925818E-04   0.22715331E-04   0.54925818E-04
  16.933   4.933   0.13075059E+00   0.28348779E-05   0.20135590E-04   0.55245353E-04   0.22970468E-04   0.55245353E-04
  16.950   4.950   0.13223891E+00   0.28607688E-05   0.20364792E-04   0.55561563E-04   0.23225560E-04   0.55561563E-04
  16.967   4.967   0.13372785E+00   0.28864833E-05   0.20594088E-04   0.55874437E-04   0.23480572E-04   0.55874437E-04
  16.983   4.983   0.13521721E+00   0.29120166E-05   0.20823450E-04   0.56183967E-04   0.23735467E-04   0.56183967E-04
  17.000   5.000   0.13670680E+00   0.29373640E-05   0.21052848E-04   0.56490142E-04   0.23990212E-04   0.56490142E-04
  17.017   5.017   0.13819644E+00   0.29625211E-05   0.21282252E-04   0.56792956E-04   0.24244773E-04   0.56792956E-04
  17.033   5.033   0.13968593E+00   0.29874834E-05   0.21511632E-04   0.57092402E-04   0.24499116E-04   0.57092402E-04
  17.050   5.050   0.14117508E+00   0.30122466E-05   0.21740962E-04   0.57388474E-04   0.24753209E-04   0.57388474E-04
  17.067   5.067   0.14266372E+00   0.30368066E-05   0.21970213E-04   0.57681164E-04   0.25007020E-04   0.57681164E-04
  17.083   5.083   0.14415167E+00   0.30611592E-05   0.22199357E-04   0.57970469E-04   0.25260517E-04   0.57970469E-04
  17.100   5.100   0.14563875E+00   0.30853006E-05   0.22428368E-04   0.58256384E-04   0.25513669E-04   0.58256384E-04
  17.117   5.117   0.14712479E+00   0.31092268E-05   0.22657218E-04   0.58538904E-04   0.25766445E-04   0.58538904E-04
  17.133   5.133   0.14860962E+00   0.31329341E-05   0.22885882E-04   0.58818025E-04   0.26018816E-04   0.58818025E-04
  17.150   5.150   0.15009307E+00   0.31564189E-05   0.23114333E-04   0.59093746E-04   0.26270752E-04   0.59093746E-04
  17.167   5.167   0.15157498E+00   0.31796776E-05   0.23342546E-04   0.59366062E-04   0.26522224E-04   0.59366062E-04
  17.183   5.183   0.15305517E+00   0.32027069E-05   0.23570497E-04   0.59634972E-04   0.26773203E-04   0.59634972E-04
  17.200   5.200   0.15453350E+00   0.32255033E-05   0.23798159E-04   0.59900474E-04   0.27023662E-04   0.59900474E-04
  17.217   5.217   0.15600980E+00   0.32480637E-05   0.24025509E-04   0.60162566E-04   0.27273573E-04   0.60162566E-04
  17.233   5.233   0.15748392E+00   0.32703850E-05   0.24252524E-04   0.60421248E-04   0.27522909E-04   0.60421248E-04
  17.250   5.250   0.15895571E+00   0.32924641E-05   0.24479179E-04   0.60676519E-04   0.27771643E-04   0.60676519E-04
  17.267   5.267   0.16042501E+00   0.33142981E-05   0.24705451E-04   0.60928378E-04   0.28019749E-04   0.60928378E-04
  17.283   5.283   0.16189167E+00   0.33358842E-05   0.24931317E-04   0.61176826E-04   0.28267202E-04   0.61176826E-04
  17.300   5.300   0.16335556E+00   0.33572195E-05   0.25156756E-04   0.61421863E-04   0.28513975E-04   0.61421863E-04
  17.317   5.317   0.16481652E+00   0.33783016E-05   0.25381744E-04   0.61663490E-04   0.28760045E-04   0.61663490E-04
  17.333   5.333   0.16627441E+00   0.33991278E-05   0.25606260E-04   0.61901707E-04   0.29005388E-04   0.61901707E-04
  17.350   5.350   0.16772910E+00   0.34196957E-05   0.25830282E-04   0.62136517E-04   0.29249978E-04   0.62136517E-04
  17.367   5.367   0.16918045E+00   0.34400029E-05   0.26053790E-04   0.62367920E-04   0.29493793E-04   0.62367920E-04
  17.383   5.383   0.17062832E+00   0.34600471E-05   0.26276762E-04   0.62595918E-04   0.29736809E-04   0.62595918E-04
  17.400   5.400   0.17207258E+00   0.34798261E-05   0.26499178E-04   0.62820514E-04   0.29979004E-04   0.62820514E-04
  17.417   5.417   0.17351310E+00   0.34993378E-05   0.26721017E-04   0.63041710E-04   0.30220355E-04   0.63041710E-04
  17.433   5.433   0.17494974E+00   0.35185802E-05   0.26942261E-04   0.63259508E-04   0.30460841E-04   0.63259508E-04
  17.450   5.450   0.17638239E+00   0.35375513E-05   0.27162888E-04   0.63473911E-04   0.30700439E-04   0.63473911E-04
  17.467   5.467   0.17781091E+00   0.35562493E-05   0.27382881E-04   0.63684923E-04   0.30939130E-04   0.63684923E-04
  17.483   5.483   0.17923519E+00   0.35746724E-05   0.27602219E-04   0.63892546E-04   0.31176892E-04   0.63892546E-04
  17.500   5.500   0.18065510E+00   0.35928189E-05   0.27820885E-04   0.64096784E-04   0.31413704E-04   0.64096784E-04
  17.517   5.517   0.18207052E+00   0.36106872E-05   0.28038860E-04   0.64297641E-04   0.31649547E-04   0.64297641E-04
  17.533   5.533   0.18348134E+00   0.36282756E-05   0.28256126E-04   0.64495120E-04   0.31884401E-04   0.64495120E-04
  17.550   5.550   0.18488743E+00   0.36455828E-05   0.28472664E-04   0.64689225E-04   0.32118247E-04   0.64689225E-04
  17.567   5.567   0.18628869E+00   0.36626073E-05   0.28688458E-04   0.64879961E-04   0.32351066E-04   0.64879961E-04
  17.583   5.583   0.18768500E+00   0.36793479E-05   0.28903491E-04   0.65067332E-04   0.32582839E-04   0.65067332E-04
  17.600   5.600   0.18907626E+00   0.36958031E-05   0.29117744E-04   0.65251342E-04   0.32813547E-04   0.65251342E-04
  17.617   5.617   0.19046235E+00   0.37119720E-05   0.29331202E-04   0.65431996E-04   0.33043174E-04   0.65431996E-04
  17.633   5.633   0.19184317E+00   0.37278533E-05   0.29543848E-04   0.65609299E-04   0.33271701E-04   0.65609299E-04
  17.650   5.650   0.19321861E+00   0.37434459E-05   0.29755666E-04   0.65783255E-04   0.33499112E-04   0.65783255E-04
  17.667   5.667   0.19458857E+00   0.37587490E-05   0.29966639E-04   0.65953870E-04   0.33725388E-04   0.65953870E-04
  17.683   5.683   0.19595294E+00   0.37737616E-05   0.30176753E-04   0.66121149E-04   0.33950514E-04   0.66121149E-04
  17.700   5.700   0.19731163E+00   0.37884829E-05   0.30385991E-04   0.66285098E-04   0.34174474E-04   0.66285098E-04
  17.717   5.717   0.19866454E+00   0.38029120E-05   0.30594339E-04   0.66445721E-04   0.34397251E-04   0.66445721E-04
  17.733   5.733   0.20001156E+00   0.38170482E-05   0.30801781E-04   0.66603024E-04   0.34618829E-04   0.66603024E-04
  17.750   5.750   0.20135261E+00   0.38308909E-05   0.31008303E-04   0.66757013E-04   0.34839194E-04   0.66757013E-04
  17.767   5.767   0.20268760E+00   0.38444395E-05   0.31213890E-04   0.66907694E-04   0.35058329E-04   0.66907694E-04
  17.783   5.783   0.20401641E+00   0.38576933E-05   0.31418528E-04   0.67055072E-04   0.35276221E-04   0.67055072E-04
  17.800   5.800   0.20533898E+00   0.38706520E-05   0.31622203E-04   0.67199154E-04   0.35492855E-04   0.67199154E-04
  17.817   5.817   0.20665520E+00   0.38833151E-05   0.31824901E-04   0.67339946E-04   0.35708216E-04   0.67339946E-04
  17.833   5.833   0.20796499E+00   0.38956823E-05   0.32026609E-04   0.67477453E-04   0.35922291E-04   0.67477453E-04
  17.850   5.850   0.20926826E+00   0.39077531E-05   0.32227312E-04   0.67611682E-04   0.36135065E-04   0.67611682E-04
  17.867   5.867   0.21056493E+00   0.39195273E-05   0.32426999E-04   0.67742639E-04   0.36346526E-04   0.67742639E-04
  17.883   5.883   0.21185491E+00   0.39310047E-05   0.32625656E-04   0.67870332E-04   0.36556661E-04   0.67870332E-04
  17.900   5.900   0.21313812E+00   0.39421852E-05   0.32823270E-04   0.67994765E-04   0.36765455E-04   0.67994765E-04
  17.917   5.917   0.21441447E+00   0.39530687E-05   0.33019829E-04   0.68115946E-04   0.36972897E-04   0.68115946E-04
  17.933   5.933   0.21568389E+00   0.39636550E-05   0.33215320E-04   0.68233882E-04   0.37178975E-04   0.68233882E-04
  17.950   5.950   0.21694630E+00   0.39739441E-05   0.33409731E-04   0.68348579E-04   0.37383675E-04   0.68348579E-04
  17.967   5.967   0.21820163E+00   0.39839361E-05   0.33603050E-04   0.68460044E-04   0.37586987E-04   0.68460044E-04
  17.983   5.983   0.21944978E+00   0.39936311E-05   0.33795266E-04   0.68568283E-04   0.37788898E-04   0.68568283E-04
  18.000   6.000   0.22069070E+00   0.40030292E-05   0.33986368E-04   0.68673304E-04   0.37989397E-04   0.68673304E-04
  18.017   6.017   0.22192430E+00   0.40121305E-05   0.34176342E-04   0.68775114E-04   0.38188473E-04   0.68775114E-04
  18.033   6.033   0.22315051E+00   0.40209354E-05   0.34365179E-04   0.68873719E-04   0.38386114E-04   0.68873719E-04
  18.050   6.050   0.22436927E+00   0.40294439E-05   0.34552868E-04   0.68969128E-04   0.38582311E-04   0.68969128E-04
  18.067   6.067   0.22558050E+00   0.40376564E-05   0.34739396E-04   0.69061346E-04   0.38777053E-04   0.69061346E-04
  18.083   6.083   0.22678412E+00   0.40455733E-05   0.34924755E-04   0.69150381E-04   0.38970329E-04   0.69150381E-04
  18.100   6.100   0.22798009E+00   0.40531950E-05   0.35108933E-04   0.69236240E-04   0.39162128E-04   0.69236240E-04
  18.117   6.117   0.22916832E+00   0.40605218E-05   0.35291921E-04   0.69318931E-04   0.39352442E-04   0.69318931E-04
  18.133   6.133   0.23034875E+00   0.40675542E-05   0.35473707E-04   0.69398460E-04   0.39541261E-04   0.69398460E-04
  18.150   6.150   0.23152131E+00   0.40742927E-05   0.35654282E-04   0.69474836E-04   0.39728575E-04   0.69474836E-04
  18.167   6.167   0.23268595E+00   0.40807379E-05   0.35833636E-04   0.69548066E-04   0.39914374E-04   0.69548066E-04
  18.183   6.183   0.23384260E+00   0.40868903E-05   0.36011760E-04   0.69618157E-04   0.40098650E-04   0.69618157E-04
  18.200   6.200   0.23499119E+00   0.40927504E-05   0.36188644E-04   0.69685116E-04   0.40281394E-04   0.69685116E-04
  18.217   6.217   0.23613168E+00   0.40983191E-05   0.36364278E-04   0.69748951E-04   0.40462598E-04   0.69748951E-04
  18.233   6.233   0.23726399E+00   0.41035968E-05   0.36538654E-04   0.69809671E-04   0.40642251E-04   0.69809671E-04
  18.250   6.250   0.23838807E+00   0.41085844E-05   0.36711763E-04   0.69867281E-04   0.40820347E-04   0.69867281E-04
  18.267   6.267   0.23950386E+00   0.41132826E-05   0.36883594E-04   0.69921790E-04   0.40996877E-04   0.69921790E-04
  18.283   6.283   0.24061131E+00   0.41176920E-05   0.37054141E-04   0.69973206E-04   0.41171833E-04   0.69973206E-04
  18.300   6.300   0.24171035E+00   0.41218136E-05   0.37223394E-04   0.70021537E-04   0.41345208E-04   0.70021537E-04
  18.317   6.317   0.24280094E+00   0.41256482E-05   0.37391344E-04   0.70066789E-04   0.41516993E-04   0.70066789E-04
  18.333   6.333   0.24388301E+00   0.41291966E-05   0.37557984E-04   0.70108972E-04   0.41687181E-04   0.70108972E-04
  18.350   6.350   0.24495653E+00   0.41324597E-05   0.37723305E-04   0.70148092E-04   0.41855765E-04   0.70148092E-04
  18.367   6.367   0.24602143E+00   0.41354384E-05   0.37887300E-04   0.70184157E-04   0.42022738E-04   0.70184157E-04
  18.383   6.383   0.24707766E+00   0.41381337E-05   0.38049959E-04   0.70217176E-04   0.42188093E-04   0.70217176E-04
  18.400   6.400   0.24812517E+00   0.41405465E-05   0.38211276E-04   0.70247156E-04   0.42351823E-04   0.70247156E-04
  18.417   6.417   0.24916392E+00   0.41426779E-05   0.38371243E-04   0.70274105E-04   0.42513921E-04   0.70274105E-04
  18.433   6.433   0.25019385E+00   0.41445288E-05   0.38529852E-04   0.70298032E-04   0.42674381E-04   0.70298032E-04
  18.450   6.450   0.25121491E+00   0.41461004E-05   0.38687096E-04   0.70318943E-04   0.42833197E-04   0.70318943E-04
  18.467   6.467   0.25222707E+00   0.41473936E-05   0.38842968E-04   0.70336848E-04   0.42990362E-04   0.70336848E-04
  18.483   6.483   0.25323026E+00   0.41484097E-05   0.38997460E-04   0.70351754E-04   0.43145870E-04   0.70351754E-04
  18.500   6.500   0.25422445E+00   0.41491496E-05   0.39150566E-04   0.70363669E-04   0.43299715E-04   0.70363669E-04
  18.517   6.517   0.25520960E+00   0.41496146E-05   0.39302278E-04   0.70372602E-04   0.43451892E-04   0.70372602E-04
  18.533   6.533   0.25618565E+00   0.41498058E-05   0.39452589E-04   0.70378559E-04   0.43602395E-04   0.70378559E-04
  18.550   6.550   0.25715256E+00   0.41497243E-05   0.39601494E-04   0.70381551E-04   0.43751219E-04   0.70381551E-04
  18.567   6.567   0.25811029E+00   0.41493716E-05   0.39748985E-04   0.70381584E-04   0.43898357E-04   0.70381584E-04
  18.583   6.583   0.25905881E+00   0.41487486E-05   0.39895056E-04   0.70378667E-04   0.44043805E-04   0.70378667E-04
  18.600   6.600   0.25999806E+00   0.41478567E-05   0.40039701E-04   0.70372808E-04   0.44187558E-04   0.70372808E-04
  18.617   6.617   0.26092801E+00   0.41466972E-05   0.40182913E-04   0.70364016E-04   0.44329611E-04   0.70364016E-04
  18.633   6.633   0.26184861E+00   0.41452714E-05   0.40324687E-04   0.70352298E-04   0.44469958E-04   0.70352298E-04
  18.650   6.650   0.26275984E+00   0.41435805E-05   0.40465015E-04   0.70337663E-04   0.44608595E-04   0.70337663E-04
  18.667   6.667   0.26366164E+00   0.41416259E-05   0.40603893E-04   0.70320119E-04   0.44745519E-04   0.70320119E-04
  18.683   6.683   0.26455398E+00   0.41394089E-05   0.40741314E-04   0.70299675E-04   0.44880723E-04   0.70299675E-04
  18.700   6.700   0.26543683E+00   0.41369310E-05   0.40877272E-04   0.70276339E-04   0.45014203E-04   0.70276339E-04
  18.717   6.717   0.26631015E+00   0.41341934E-05   0.41011763E-04   0.70250119E-04   0.45145956E-04   0.70250119E-04
  18.733   6.733   0.26717390E+00   0.41311976E-05   0.41144780E-04   0.70221024E-04   0.45275978E-04   0.70221024E-04
  18.750   6.750   0.26802804E+00   0.41279449E-05   0.41276318E-04   0.70189062E-04   0.45404263E-04   0.70189062E-04
  18.767   6.767   0.26887254E+00   0.41244369E-05   0.41406372E-04   0.70154242E-04   0.45530809E-04   0.70154242E-04
  18.783   6.783   0.26970738E+00   0.41206750E-05   0.41534936E-04   0.70116572E-04   0.45655611E-04   0.70116572E-04
  18.800   6.800   0.27053250E+00   0.41166606E-05   0.41662005E-04   0.70076060E-04   0.45778666E-04   0.70076060E-04
  18.817   6.817   0.27134789E+00   0.41123951E-05   0.41787575E-04   0.70032717E-04   0.45899970E-04   0.70032717E-04
  18.833   6.833   0.27215350E+00   0.41078802E-05   0.41911639E-04   0.69986549E-04   0.46019519E-04   0.69986549E-04
  18.850   6.850   0.27294931E+00   0.41031172E-05   0.42034194E-04   0.69937565E-04   0.46137311E-04   0.69937565E-04
  18.867   6.867   0.27373529E+00   0.40981078E-05   0.42155234E-04   0.69885775E-04   0.46253342E-04   0.69885775E-04
  18.883   6.883   0.27451140E+00   0.40928534E-05   0.42274755E-04   0.69831186E-04   0.46367608E-04   0.69831186E-04
  18.900   6.900   0.27527761E+00   0.40873556E-05   0.42392752E-04   0.69773808E-04   0.46480107E-04   0.69773808E-04
  18.917   6.917   0.27603390E+00   0.40816159E-05   0.42509220E-04   0.69713649E-04   0.46590836E-04   0.69713649E-04
  18.933   6.933   0.27678023E+00   0.40756360E-05   0.42624155E-04   0.69650719E-04   0.46699791E-04   0.69650719E-04
  18.950   6.950   0.27751658E+00   0.40694173E-05   0.42737553E-04   0.69585025E-04   0.46806970E-04   0.69585025E-04
  18.967   6.967   0.27824291E+00   0.40629616E-05   0.42849409E-04   0.69516577E-04   0.46912370E-04   0.69516577E-04
  18.983   6.983   0.27895921E+00   0.40562704E-05   0.42959718E-04   0.69445384E-04   0.47015989E-04   0.69445384E-04
  19.000   7.000   0.27966544E+00   0.40493452E-05   0.43068478E-04   0.69371454E-04   0.47117823E-04   0.69371454E-04
  19.017   7.017   0.28036158E+00   0.40421879E-05   0.43175683E-04   0.69294797E-04   0.47217871E-04   0.69294797E-04
  19.033   7.033   0.28104760E+00   0.40347999E-05   0.43281330E-04   0.69215422E-04   0.47316130E-04   0.69215422E-04
  19.050   7.050   0.28172347E+00   0.40271830E-05   0.43385414E-04   0.69133337E-04   0.47412597E-04   0.69133337E-04
  19.067   7.067   0.28238917E+00   0.40193388E-05   0.43487933E-04   0.69048551E-04   0.47507271E-04   0.69048551E-04
  19.083   7.083   0.28304468E+00   0.40112690E-05   0.43588881E-04   0.68961074E-04   0.47600150E-04   0.68961074E-04
  19.100   7.100   0.28368997E+00   0.40029752E-05   0.43688255E-04   0.68870916E-04   0.47691231E-04   0.68870916E-04
  19.117   7.117   0.28432502E+00   0.39944592E-05   0.43786053E-04   0.68778084E-04   0.47780512E-04   0.68778084E-04
  19.133   7.133   0.28494980E+00   0.39857227E-05   0.43882269E-04   0.68682589E-04   0.47867992E-04   0.68682589E-04
  19.150   7.150   0.28556429E+00   0.39767674E-05   0.43976900E-04   0.68584439E-04   0.47953668E-04   0.68584439E-04
  19.167   7.167   0.28616847E+00   0.39675950E-05   0.44069944E-04   0.68483644E-04   0.48037539E-04   0.68483644E-04
  19.183   7.183   0.28676231E+00   0.39582072E-05   0.44161396E-04   0.68380214E-04   0.48119604E-04   0.68380214E-04
  19.200   7.200   0.28734581E+00   0.39486058E-05   0.44251254E-04   0.68274158E-04   0.48199860E-04   0.68274158E-04
  19.217   7.217   0.28791892E+00   0.39387925E-05   0.44339514E-04   0.68165485E-04   0.48278306E-04   0.68165485E-04
  19.233   7.233   0.28848164E+00   0.39287692E-05   0.44426172E-04   0.68054205E-04   0.48354941E-04   0.68054205E-04
  19.250   7.250   0.28903394E+00   0.39185375E-05   0.44511227E-04   0.67940327E-04   0.48429764E-04   0.67940327E-04
  19.267   7.267   0.28957580E+00   0.39080992E-05   0.44594674E-04   0.67823861E-04   0.48502773E-04   0.67823861E-04
  19.283   7.283   0.29010721E+00   0.38974562E-05   0.44676510E-04   0.67704817E-04   0.48573967E-04   0.67704817E-04
  19.300   7.300   0.29062814E+00   0.38866102E-05   0.44756734E-04   0.67583205E-04   0.48643344E-04   0.67583205E-04
  19.317   7.317   0.29113858E+00   0.38755630E-05   0.44835341E-04   0.67459034E-04   0.48710904E-04   0.67459034E-04
  19.333   7.333   0.29163851E+00   0.38643165E-05   0.44912330E-04   0.67332314E-04   0.48776646E-04   0.67332314E-04
  19.350   7.350   0.29212790E+00   0.38528724E-05   0.44987697E-04   0.67203056E-04   0.48840569E-04   0.67203056E-04
  19.367   7.367   0.29260675E+00   0.38412326E-05   0.45061439E-04   0.67071268E-04   0.48902672E-04   0.67071268E-04
  19.383   7.383   0.29307503E+00   0.38293989E-05   0.45133555E-04   0.66936962E-04   0.48962954E-04   0.66936962E-04
  19.400   7.400   0.29353274E+00   0.38173732E-05   0.45204041E-04   0.66800148E-04   0.49021414E-04   0.66800148E-04
  19.417   7.417   0.29397984E+00   0.38051573E-05   0.45272895E-04   0.66660834E-04   0.49078053E-04   0.66660834E-04
  19.433   7.433   0.29441633E+00   0.37927530E-05   0.45340115E-04   0.66519033E-04   0.49132868E-04   0.66519033E-04
  19.450   7.450   0.29484220E+00   0.37801623E-05   0.45405698E-04   0.66374754E-04   0.49185860E-04   0.66374754E-04
  19.467   7.467   0.29525742E+00   0.37673869E-05   0.45469642E-04   0.66228008E-04   0.49237029E-04   0.66228008E-04
  19.483   7.483   0.29566198E+00   0.37544289E-05   0.45531944E-04   0.66078804E-04   0.49286373E-04   0.66078804E-04
  19.500   7.500   0.29605586E+00   0.37412900E-05   0.45592603E-04   0.65927154E-04   0.49333893E-04   0.65927154E-04
  19.517   7.517   0.29643907E+00   0.37279722E-05   0.45651616E-04   0.65773069E-04   0.49379588E-04   0.65773069E-04
  19.533   7.533   0.29681157E+00   0.37144773E-05   0.45708982E-04   0.65616558E-04   0.49423459E-04   0.65616558E-04
  19.550   7.550   0.29717336E+00   0.37008073E-05   0.45764697E-04   0.65457633E-04   0.49465504E-04   0.65457633E-04
  19.567   7.567   0.29752442E+00   0.36869641E-05   0.45818761E-04   0.65296305E-04   0.49505725E-04   0.65296305E-04
  19.583   7.583   0.29786474E+00   0.36729496E-05   0.45871171E-04   0.65132584E-04   0.49544120E-04   0.65132584E-04
  19.600   7.600   0.29819432E+00   0.36587657E-05   0.45921925E-04   0.64966482E-04   0.49580691E-04   0.64966482E-04
  19.617   7.617   0.29851313E+00   0.36444144E-05   0.45971022E-04   0.64798010E-04   0.49615436E-04   0.64798010E-04
  19.633   7.633   0.29882117E+00   0.36298975E-05   0.46018460E-04   0.64627179E-04   0.49648357E-04   0.64627179E-04
  19.650   7.650   0.29911842E+00   0.36152172E-05   0.46064237E-04   0.64454000E-04   0.49679454E-04   0.64454000E-04
  19.667   7.667   0.29940488E+00   0.36003752E-05   0.46108352E-04   0.64278485E-04   0.49708727E-04   0.64278485E-04
  19.683   7.683   0.29968054E+00   0.35853736E-05   0.46150802E-04   0.64100645E-04   0.49736176E-04   0.64100645E-04
  19.700   7.700   0.29994537E+00   0.35702144E-05   0.46191588E-04   0.63920491E-04   0.49761802E-04   0.63920491E-04
  19.717   7.717   0.30019939E+00   0.35548994E-05   0.46230706E-04   0.63738037E-04   0.49785605E-04   0.63738037E-04
  19.733   7.733   0.30044257E+00   0.35394307E-05   0.46268156E-04   0.63553292E-04   0.49807587E-04   0.63553292E-04
  19.750   7.750   0.30067491E+00   0.35238103E-05   0.46303936E-04   0.63366270E-04   0.49827747E-04   0.63366270E-04
  19.767   7.767   0.30089640E+00   0.35080402E-05   0.46338046E-04   0.63176981E-04   0.49846086E-04   0.63176981E-04
  19.783   7.783   0.30110703E+00   0.34921224E-05   0.46370483E-04   0.62985439E-04   0.49862606E-04   0.62985439E-04
  19.800   7.800   0.30130680E+00   0.34760588E-05   0.46401247E-04   0.62791656E-04   0.49877306E-04   0.62791656E-04
  19.817   7.817   0.30149569E+00   0.34598515E-05   0.46430337E-04   0.62595643E-04   0.49890188E-04   0.62595643E-04
  19.833   7.833   0.30167371E+00   0.34435025E-05   0.46457751E-04   0.62397413E-04   0.49901254E-04   0.62397413E-04
  19.850   7.850   0.30184084E+00   0.34270139E-05   0.46483489E-04   0.62196980E-04   0.49910503E-04   0.62196980E-04
  19.867   7.867   0.30199707E+00   0.34103876E-05   0.46507549E-04   0.61994354E-04   0.49917937E-04   0.61994354E-04
  19.883   7.883   0.30214241E+00   0.33936257E-05   0.46529931E-04   0.61789550E-04   0.49923557E-04   0.61789550E-04
  19.900   7.900   0.30227685E+00   0.33767302E-05   0.46550634E-04   0.61582580E-04   0.49927364E-04   0.61582580E-04
  19.917   7.917   0.30240037E+00   0.33597033E-05   0.46569657E-04   0.61373457E-04   0.49929361E-04   0.61373457E-04
  19.933   7.933   0.30251299E+00   0.33425469E-05   0.46587000E-04   0.61162195E-04   0.49929547E-04   0.61162195E-04
  19.950   7.950   0.30261469E+00   0.33252630E-05   0.46602662E-04   0.60948806E-04   0.49927925E-04   0.60948806E-04
  19.967   7.967   0.30270547E+00   0.33078539E-05   0.46616642E-04   0.60733304E-04   0.49924496E-04   0.60733304E-04
  19.983   7.983   0.30278532E+00   0.32903215E-05   0.46628939E-04   0.60515702E-04   0.49919261E-04   0.60515702E-04
  20.000   8.000   0.30285425E+00   0.32726680E-05   0.46639555E-04   0.60296014E-04   0.49912223E-04   0.60296014E-04
  20.017   8.017   0.30291225E+00   0.32548954E-05   0.46648487E-04   0.60074255E-04   0.49903382E-04   0.60074255E-04
  20.033   8.033   0.30295932E+00   0.32370058E-05   0.46655735E-04   0.59850437E-04   0.49892741E-04   0.59850437E-04
  20.050   8.050   0.30299546E+00   0.32190013E-05   0.46661300E-04   0.59624575E-04   0.49880301E-04   0.59624575E-04
  20.067   8.067   0.30302066E+00   0.32008840E-05   0.46665181E-04   0.59396683E-04   0.49866065E-04   0.59396683E-04
  20.083   8.083   0.30303492E+00   0.31826560E-05   0.46667378E-04   0.59166776E-04   0.49850034E-04   0.59166776E-04
  20.100   8.100   0.30303826E+00   0.31643194E-05   0.46667891E-04   0.58934868E-04   0.49832211E-04   0.58934868E-04
  20.117   8.117   0.30303065E+00   0.31458765E-05   0.46666720E-04   0.58700973E-04   0.49812597E-04   0.58700973E-04
  20.133   8.133   0.30301211E+00   0.31273292E-05   0.46663865E-04   0.58465107E-04   0.49791195E-04   0.58465107E-04
  20.150   8.150   0.30298264E+00   0.31086797E-05   0.46659326E-04   0.58227284E-04   0.49768006E-04   0.58227284E-04
  20.167   8.167   0.30294223E+00   0.30899302E-05   0.46653104E-04   0.57987520E-04   0.49743034E-04   0.57987520E-04
  20.183   8.183   0.30289089E+00   0.30710828E-05   0.46645198E-04   0.57745829E-04   0.49716280E-04   0.57745829E-04
  20.200   8.200   0.30282862E+00   0.30521397E-05   0.46635608E-04   0.57502228E-04   0.49687748E-04   0.57502228E-04
  20.217   8.217   0.30275543E+00   0.30331030E-05   0.46624336E-04   0.57256731E-04   0.49657439E-04   0.57256731E-04
  20.233   8.233   0.30267131E+00   0.30139748E-05   0.46611381E-04   0.57009354E-04   0.49625356E-04   0.57009354E-04
  20.250   8.250   0.30257627E+00   0.29947574E-05   0.46596745E-04   0.56760114E-04   0.49591502E-04   0.56760114E-04
  20.267   8.267   0.30247031E+00   0.29754529E-05   0.46580427E-04   0.56509026E-04   0.49555880E-04   0.56509026E-04
  20.283   8.283   0.30235344E+00   0.29560635E-05   0.46562429E-04   0.56256106E-04   0.49518493E-04   0.56256106E-04
  20.300   8.300   0.30222566E+00   0.29365914E-05   0.46542751E-04   0.56001371E-04   0.49479342E-04   0.56001371E-04
  20.317   8.317   0.30208697E+00   0.29170387E-05   0.46521394E-04   0.55744838E-04   0.49438433E-04   0.55744838E-04
  20.333   8.333   0.30193739E+00   0.28974077E-05   0.46498358E-04   0.55486523E-04   0.49395766E-04   0.55486523E-04
  20.350   8.350   0.30177692E+00   0.28777006E-05   0.46473646E-04   0.55226443E-04   0.49351346E-04   0.55226443E-04
  20.367   8.367   0.30160556E+00   0.28579195E-05   0.46447257E-04   0.54964616E-04   0.49305176E-04   0.54964616E-04
  20.383   8.383   0.30142333E+00   0.28380667E-05   0.46419193E-04   0.54701057E-04   0.49257259E-04   0.54701057E-04
  20.400   8.400   0.30123022E+00   0.28181444E-05   0.46389454E-04   0.54435786E-04   0.49207599E-04   0.54435786E-04
  20.417   8.417   0.30102626E+00   0.27981548E-05   0.46358043E-04   0.54168819E-04   0.49156198E-04   0.54168819E-04
  20.433   8.433   0.30081143E+00   0.27781001E-05   0.46324961E-04   0.53900174E-04   0.49103061E-04   0.53900174E-04
  20.450   8.450   0.30058577E+00   0.27579826E-05   0.46290208E-04   0.53629870E-04   0.49048191E-04   0.53629870E-04
  20.467   8.467   0.30034927E+00   0.27378045E-05   0.46253787E-04   0.53357924E-04   0.48991592E-04   0.53357924E-04
  20.483   8.483   0.30010194E+00   0.27175680E-05   0.46215699E-04   0.53084354E-04   0.48933267E-04   0.53084354E-04
  20.500   8.500   0.29984380E+00   0.26972754E-05   0.46175945E-04   0.52809180E-04   0.48873220E-04   0.52809180E-04
  20.517   8.517   0.29957485E+00   0.26769289E-05   0.46134527E-04   0.52532421E-04   0.48811456E-04   0.52532421E-04
  20.533   8.533   0.29929511E+00   0.26565308E-05   0.46091448E-04   0.52254094E-04   0.48747979E-04   0.52254094E-04
  20.550   8.550   0.29900460E+00   0.26360834E-05   0.46046708E-04   0.51974219E-04   0.48682791E-04   0.51974219E-04
  20.567   8.567   0.29870331E+00   0.26155888E-05   0.46000310E-04   0.51692816E-04   0.48615899E-04   0.51692816E-04
  20.583   8.583   0.29839127E+00   0.25950493E-05   0.45952256E-04   0.51409904E-04   0.48547305E-04   0.51409904E-04
  20.600   8.600   0.29806849E+00   0.25744673E-05   0.45902548E-04   0.51125502E-04   0.48477015E-04   0.51125502E-04
  20.617   8.617   0.29773499E+00   0.25538450E-05   0.45851188E-04   0.50839632E-04   0.48405033E-04   0.50839632E-04
  20.633   8.633   0.29739077E+00   0.25331846E-05   0.45798179E-04   0.50552312E-04   0.48331363E-04   0.50552312E-04
  20.650   8.650   0.29703586E+00   0.25124885E-05   0.45743522E-04   0.50263563E-04   0.48256010E-04   0.50263563E-04
  20.667   8.667   0.29667026E+00   0.24917589E-05   0.45687221E-04   0.49973406E-04   0.48178980E-04   0.49973406E-04
  20.683   8.683   0.29629401E+00   0.24709980E-05   0.45629277E-04   0.49681861E-04   0.48100275E-04   0.49681861E-04
  20.700   8.700   0.29590711E+00   0.24502083E-05   0.45569694E-04   0.49388950E-04   0.48019903E-04   0.49388950E-04
  20.717   8.717   0.29550958E+00   0.24293919E-05   0.45508475E-04   0.49094694E-04   0.47937867E-04   0.49094694E-04
  20.733   8.733   0.29510144E+00   0.24085512E-05   0.45445621E-04   0.48799113E-04   0.47854172E-04   0.48799113E-04
  20.750   8.750   0.29468271E+00   0.23876885E-05   0.45381137E-04   0.48502230E-04   0.47768825E-04   0.48502230E-04
  20.767   8.767   0.29425340E+00   0.23668060E-05   0.45315024E-04   0.48204066E-04   0.47681830E-04   0.48204066E-04
  20.783   8.783   0.29381355E+00   0.23459060E-05   0.45247287E-04   0.47904644E-04   0.47593193E-04   0.47904644E-04
  20.800   8.800   0.29336317E+00   0.23249909E-05   0.45177928E-04   0.47603986E-04   0.47502919E-04   0.47603986E-04
  20.817   8.817   0.29290228E+00   0.23040630E-05   0.45106951E-04   0.47302113E-04   0.47411014E-04   0.47302113E-04
  20.833   8.833   0.29243090E+00   0.22831244E-05   0.45034359E-04   0.46999050E-04   0.47317483E-04   0.46999050E-04
  20.850   8.850   0.29194906E+00   0.22621777E-05   0.44960155E-04   0.46694818E-04   0.47222333E-04   0.46694818E-04
  20.867   8.867   0.29145678E+00   0.22412249E-05   0.44884344E-04   0.46389441E-04   0.47125569E-04   0.46389441E-04
  20.883   8.883   0.29095409E+00   0.22202685E-05   0.44806929E-04   0.46082942E-04   0.47027198E-04   0.46082942E-04
  20.900   8.900   0.29044100E+00   0.21993108E-05   0.44727914E-04   0.45775345E-04   0.46927225E-04   0.45775345E-04
  20.917   8.917   0.28991755E+00   0.21783540E-05   0.44647303E-04   0.45466674E-04   0.46825657E-04   0.45466674E-04
  20.933   8.933   0.28938376E+00   0.21574005E-05   0.44565100E-04   0.45156952E-04   0.46722500E-04   0.45156952E-04
  20.950   8.950   0.28883967E+00   0.21364525E-05   0.44481308E-04   0.44846203E-04   0.46617761E-04   0.44846203E-04
  20.967   8.967   0.28828528E+00   0.21155124E-05   0.44395934E-04   0.44534453E-04   0.46511446E-04   0.44534453E-04
