        RT(hours)         [IEPOXS]         P_R_34           tot_loss         tot_prod
  12.017   0.017   0.60000000E-01   0.34141053E-15   0.00000000E+00   0.34141053E-15
  12.033   0.033   0.60000000E-01   0.97384109E-14   0.00000000E+00   0.97384109E-14
  12.050   0.050   0.60000000E-01   0.57054691E-13   0.00000000E+00   0.57054691E-13
  12.067   0.067   0.60000000E-01   0.17947054E-12   0.00000000E+00   0.17947054E-12
  12.083   0.083   0.60000000E-01   0.40943875E-12   0.00000000E+00   0.40943875E-12
  12.100   0.100   0.60000000E-01   0.77262075E-12   0.00000000E+00   0.77262075E-12
  12.117   0.117   0.60000000E-01   0.12905234E-11   0.00000000E+00   0.12905234E-11
  12.133   0.133   0.60000000E-01   0.19832521E-11   0.00000000E+00   0.19832521E-11
  12.150   0.150   0.60000000E-01   0.28712629E-11   0.00000000E+00   0.28712629E-11
  12.167   0.167   0.60000001E-01   0.39762868E-11   0.00000000E+00   0.39762868E-11
  12.183   0.183   0.60000001E-01   0.53217815E-11   0.00000000E+00   0.53217815E-11
  12.200   0.200   0.60000001E-01   0.69331568E-11   0.00000000E+00   0.69331568E-11
  12.217   0.217   0.60000002E-01   0.88379100E-11   0.00000000E+00   0.88379100E-11
  12.233   0.233   0.60000002E-01   0.11065735E-10   0.00000000E+00   0.11065735E-10
  12.250   0.250   0.60000003E-01   0.13648634E-10   0.00000000E+00   0.13648634E-10
  12.267   0.267   0.60000004E-01   0.16621037E-10   0.00000000E+00   0.16621037E-10
  12.283   0.283   0.60000005E-01   0.20019935E-10   0.00000000E+00   0.20019935E-10
  12.300   0.300   0.60000006E-01   0.23885026E-10   0.00000000E+00   0.23885026E-10
  12.317   0.317   0.60000008E-01   0.28258872E-10   0.00000000E+00   0.28258872E-10
  12.333   0.333   0.60000010E-01   0.33187070E-10   0.00000000E+00   0.33187070E-10
  12.350   0.350   0.60000012E-01   0.38718423E-10   0.00000000E+00   0.38718423E-10
  12.367   0.367   0.60000014E-01   0.44905133E-10   0.00000000E+00   0.44905133E-10
  12.383   0.383   0.60000017E-01   0.51802996E-10   0.00000000E+00   0.51802996E-10
  12.400   0.400   0.60000021E-01   0.59471609E-10   0.00000000E+00   0.59471609E-10
  12.417   0.417   0.60000024E-01   0.67974590E-10   0.00000000E+00   0.67974590E-10
  12.433   0.433   0.60000029E-01   0.77379799E-10   0.00000000E+00   0.77379799E-10
  12.450   0.450   0.60000034E-01   0.87759581E-10   0.00000000E+00   0.87759581E-10
  12.467   0.467   0.60000039E-01   0.99191015E-10   0.00000000E+00   0.99191015E-10
  12.483   0.483   0.60000046E-01   0.11175617E-09   0.00000000E+00   0.11175617E-09
  12.500   0.500   0.60000053E-01   0.12554238E-09   0.00000000E+00   0.12554238E-09
  12.517   0.517   0.60000061E-01   0.14064252E-09   0.00000000E+00   0.14064252E-09
  12.533   0.533   0.60000070E-01   0.15715531E-09   0.00000000E+00   0.15715531E-09
  12.550   0.550   0.60000079E-01   0.17518562E-09   0.00000000E+00   0.17518562E-09
  12.567   0.567   0.60000090E-01   0.19484478E-09   0.00000000E+00   0.19484478E-09
  12.583   0.583   0.60000103E-01   0.21625093E-09   0.00000000E+00   0.21625093E-09
  12.600   0.600   0.60000116E-01   0.23952934E-09   0.00000000E+00   0.23952934E-09
  12.617   0.617   0.60000131E-01   0.26481279E-09   0.00000000E+00   0.26481279E-09
  12.633   0.633   0.60000148E-01   0.29224193E-09   0.00000000E+00   0.29224193E-09
  12.650   0.650   0.60000166E-01   0.32196566E-09   0.00000000E+00   0.32196566E-09
  12.667   0.667   0.60000186E-01   0.35414152E-09   0.00000000E+00   0.35414152E-09
  12.683   0.683   0.60000209E-01   0.38893613E-09   0.00000000E+00   0.38893613E-09
  12.700   0.700   0.60000233E-01   0.42652558E-09   0.00000000E+00   0.42652558E-09
  12.717   0.717   0.60000259E-01   0.46709587E-09   0.00000000E+00   0.46709587E-09
  12.733   0.733   0.60000288E-01   0.51084337E-09   0.00000000E+00   0.51084337E-09
  12.750   0.750   0.60000320E-01   0.55797524E-09   0.00000000E+00   0.55797524E-09
  12.767   0.767   0.60000355E-01   0.60870997E-09   0.00000000E+00   0.60870997E-09
  12.783   0.783   0.60000393E-01   0.66327778E-09   0.00000000E+00   0.66327778E-09
  12.800   0.800   0.60000434E-01   0.72192117E-09   0.00000000E+00   0.72192117E-09
  12.817   0.817   0.60000479E-01   0.78489537E-09   0.00000000E+00   0.78489537E-09
  12.833   0.833   0.60000527E-01   0.85246890E-09   0.00000000E+00   0.85246890E-09
  12.850   0.850   0.60000580E-01   0.92492404E-09   0.00000000E+00   0.92492404E-09
  12.867   0.867   0.60000637E-01   0.10025574E-08   0.00000000E+00   0.10025574E-08
  12.883   0.883   0.60000699E-01   0.10856804E-08   0.00000000E+00   0.10856804E-08
  12.900   0.900   0.60000766E-01   0.11746198E-08   0.00000000E+00   0.11746198E-08
  12.917   0.917   0.60000839E-01   0.12697182E-08   0.00000000E+00   0.12697182E-08
  12.933   0.933   0.60000917E-01   0.13713349E-08   0.00000000E+00   0.13713349E-08
  12.950   0.950   0.60001001E-01   0.14798458E-08   0.00000000E+00   0.14798458E-08
  12.967   0.967   0.60001092E-01   0.15956445E-08   0.00000000E+00   0.15956445E-08
  12.983   0.983   0.60001190E-01   0.17191427E-08   0.00000000E+00   0.17191427E-08
  13.000   1.000   0.60001296E-01   0.18507704E-08   0.00000000E+00   0.18507704E-08
  13.017   1.017   0.60001409E-01   0.19909768E-08   0.00000000E+00   0.19909768E-08
  13.033   1.033   0.60001531E-01   0.21402306E-08   0.00000000E+00   0.21402306E-08
  13.050   1.050   0.60001663E-01   0.22990207E-08   0.00000000E+00   0.22990207E-08
  13.067   1.067   0.60001803E-01   0.24678563E-08   0.00000000E+00   0.24678563E-08
  13.083   1.083   0.60001954E-01   0.26472676E-08   0.00000000E+00   0.26472676E-08
  13.100   1.100   0.60002116E-01   0.28378063E-08   0.00000000E+00   0.28378063E-08
  13.117   1.117   0.60002289E-01   0.30400457E-08   0.00000000E+00   0.30400457E-08
  13.133   1.133   0.60002475E-01   0.32545816E-08   0.00000000E+00   0.32545816E-08
  13.150   1.150   0.60002673E-01   0.34820318E-08   0.00000000E+00   0.34820318E-08
  13.167   1.167   0.60002885E-01   0.37230373E-08   0.00000000E+00   0.37230373E-08
  13.183   1.183   0.60003112E-01   0.39782622E-08   0.00000000E+00   0.39782622E-08
  13.200   1.200   0.60003354E-01   0.42483937E-08   0.00000000E+00   0.42483937E-08
  13.217   1.217   0.60003612E-01   0.45341426E-08   0.00000000E+00   0.45341426E-08
  13.233   1.233   0.60003887E-01   0.48362434E-08   0.00000000E+00   0.48362434E-08
  13.250   1.250   0.60004181E-01   0.51554543E-08   0.00000000E+00   0.51554543E-08
  13.267   1.267   0.60004493E-01   0.54925574E-08   0.00000000E+00   0.54925574E-08
  13.283   1.283   0.60004826E-01   0.58483585E-08   0.00000000E+00   0.58483585E-08
  13.300   1.300   0.60005180E-01   0.62236870E-08   0.00000000E+00   0.62236870E-08
  13.317   1.317   0.60005556E-01   0.66193960E-08   0.00000000E+00   0.66193960E-08
  13.333   1.333   0.60005956E-01   0.70363621E-08   0.00000000E+00   0.70363621E-08
  13.350   1.350   0.60006380E-01   0.74754848E-08   0.00000000E+00   0.74754848E-08
  13.367   1.367   0.60006831E-01   0.79376865E-08   0.00000000E+00   0.79376865E-08
  13.383   1.383   0.60007309E-01   0.84239122E-08   0.00000000E+00   0.84239122E-08
  13.400   1.400   0.60007816E-01   0.89351286E-08   0.00000000E+00   0.89351286E-08
  13.417   1.417   0.60008354E-01   0.94723239E-08   0.00000000E+00   0.94723239E-08
  13.433   1.433   0.60008922E-01   0.10036507E-07   0.00000000E+00   0.10036507E-07
  13.450   1.450   0.60009525E-01   0.10628708E-07   0.00000000E+00   0.10628708E-07
  13.467   1.467   0.60010162E-01   0.11249974E-07   0.00000000E+00   0.11249974E-07
  13.483   1.483   0.60010836E-01   0.11901374E-07   0.00000000E+00   0.11901374E-07
  13.500   1.500   0.60011548E-01   0.12583992E-07   0.00000000E+00   0.12583992E-07
  13.517   1.517   0.60012300E-01   0.13298929E-07   0.00000000E+00   0.13298929E-07
  13.533   1.533   0.60013094E-01   0.14047304E-07   0.00000000E+00   0.14047304E-07
  13.550   1.550   0.60013932E-01   0.14830248E-07   0.00000000E+00   0.14830248E-07
  13.567   1.567   0.60014815E-01   0.15648907E-07   0.00000000E+00   0.15648907E-07
  13.583   1.583   0.60015747E-01   0.16504438E-07   0.00000000E+00   0.16504438E-07
  13.600   1.600   0.60016728E-01   0.17398010E-07   0.00000000E+00   0.17398010E-07
  13.617   1.617   0.60017761E-01   0.18330801E-07   0.00000000E+00   0.18330801E-07
  13.633   1.633   0.60018848E-01   0.19303997E-07   0.00000000E+00   0.19303997E-07
  13.650   1.650   0.60019992E-01   0.20318791E-07   0.00000000E+00   0.20318791E-07
  13.667   1.667   0.60021194E-01   0.21376382E-07   0.00000000E+00   0.21376382E-07
  13.683   1.683   0.60022457E-01   0.22477971E-07   0.00000000E+00   0.22477971E-07
  13.700   1.700   0.60023784E-01   0.23624761E-07   0.00000000E+00   0.23624761E-07
  13.717   1.717   0.60025176E-01   0.24817956E-07   0.00000000E+00   0.24817956E-07
  13.733   1.733   0.60026638E-01   0.26058759E-07   0.00000000E+00   0.26058759E-07
  13.750   1.750   0.60028170E-01   0.27348369E-07   0.00000000E+00   0.27348369E-07
  13.767   1.767   0.60029775E-01   0.28687980E-07   0.00000000E+00   0.28687980E-07
  13.783   1.783   0.60031457E-01   0.30078780E-07   0.00000000E+00   0.30078780E-07
  13.800   1.800   0.60033219E-01   0.31521947E-07   0.00000000E+00   0.31521947E-07
  13.817   1.817   0.60035062E-01   0.33018651E-07   0.00000000E+00   0.33018651E-07
  13.833   1.833   0.60036989E-01   0.34570047E-07   0.00000000E+00   0.34570047E-07
  13.850   1.850   0.60039004E-01   0.36177279E-07   0.00000000E+00   0.36177279E-07
  13.867   1.867   0.60041110E-01   0.37841473E-07   0.00000000E+00   0.37841473E-07
  13.883   1.883   0.60043309E-01   0.39563738E-07   0.00000000E+00   0.39563738E-07
  13.900   1.900   0.60045605E-01   0.41345162E-07   0.00000000E+00   0.41345162E-07
  13.917   1.917   0.60047999E-01   0.43186816E-07   0.00000000E+00   0.43186816E-07
  13.933   1.933   0.60050497E-01   0.45089742E-07   0.00000000E+00   0.45089742E-07
  13.950   1.950   0.60053100E-01   0.47054962E-07   0.00000000E+00   0.47054962E-07
  13.967   1.967   0.60055812E-01   0.49083469E-07   0.00000000E+00   0.49083469E-07
  13.983   1.983   0.60058635E-01   0.51176228E-07   0.00000000E+00   0.51176228E-07
  14.000   2.000   0.60061574E-01   0.53334173E-07   0.00000000E+00   0.53334173E-07
  14.017   2.017   0.60064630E-01   0.55558175E-07   0.00000000E+00   0.55558175E-07
  14.033   2.033   0.60067808E-01   0.57848917E-07   0.00000000E+00   0.57848917E-07
  14.050   2.050   0.60071109E-01   0.60206988E-07   0.00000000E+00   0.60206988E-07
  14.067   2.067   0.60074538E-01   0.62632922E-07   0.00000000E+00   0.62632922E-07
  14.083   2.083   0.60078095E-01   0.65127196E-07   0.00000000E+00   0.65127196E-07
  14.100   2.100   0.60081785E-01   0.67690226E-07   0.00000000E+00   0.67690226E-07
  14.117   2.117   0.60085610E-01   0.70322371E-07   0.00000000E+00   0.70322371E-07
  14.133   2.133   0.60089572E-01   0.73023929E-07   0.00000000E+00   0.73023929E-07
  14.150   2.150   0.60093674E-01   0.75795132E-07   0.00000000E+00   0.75795132E-07
  14.167   2.167   0.60097918E-01   0.78636154E-07   0.00000000E+00   0.78636154E-07
  14.183   2.183   0.60102306E-01   0.81547098E-07   0.00000000E+00   0.81547098E-07
  14.200   2.200   0.60106842E-01   0.84528003E-07   0.00000000E+00   0.84528003E-07
  14.217   2.217   0.60111526E-01   0.87578843E-07   0.00000000E+00   0.87578843E-07
  14.233   2.233   0.60116361E-01   0.90699521E-07   0.00000000E+00   0.90699521E-07
  14.250   2.250   0.60121349E-01   0.93889872E-07   0.00000000E+00   0.93889872E-07
  14.267   2.267   0.60126492E-01   0.97149666E-07   0.00000000E+00   0.97149666E-07
  14.283   2.283   0.60131790E-01   0.10047860E-06   0.00000000E+00   0.10047860E-06
  14.300   2.300   0.60137247E-01   0.10387632E-06   0.00000000E+00   0.10387632E-06
  14.317   2.317   0.60142862E-01   0.10734238E-06   0.00000000E+00   0.10734238E-06
  14.333   2.333   0.60148636E-01   0.11087630E-06   0.00000000E+00   0.11087630E-06
  14.350   2.350   0.60154572E-01   0.11447751E-06   0.00000000E+00   0.11447751E-06
  14.367   2.367   0.60160670E-01   0.11814543E-06   0.00000000E+00   0.11814543E-06
  14.383   2.383   0.60166930E-01   0.12187938E-06   0.00000000E+00   0.12187938E-06
  14.400   2.400   0.60173353E-01   0.12567867E-06   0.00000000E+00   0.12567867E-06
  14.417   2.417   0.60179940E-01   0.12954255E-06   0.00000000E+00   0.12954255E-06
  14.433   2.433   0.60186689E-01   0.13347026E-06   0.00000000E+00   0.13347026E-06
  14.450   2.450   0.60193603E-01   0.13746101E-06   0.00000000E+00   0.13746101E-06
  14.467   2.467   0.60200680E-01   0.14151400E-06   0.00000000E+00   0.14151400E-06
  14.483   2.483   0.60207920E-01   0.14562845E-06   0.00000000E+00   0.14562845E-06
  14.500   2.500   0.60215324E-01   0.14980357E-06   0.00000000E+00   0.14980357E-06
  14.517   2.517   0.60222890E-01   0.15403864E-06   0.00000000E+00   0.15403864E-06
  14.533   2.533   0.60230618E-01   0.15833296E-06   0.00000000E+00   0.15833296E-06
  14.550   2.550   0.60238508E-01   0.16268591E-06   0.00000000E+00   0.16268591E-06
  14.567   2.567   0.60246560E-01   0.16709697E-06   0.00000000E+00   0.16709697E-06
  14.583   2.583   0.60254772E-01   0.17156571E-06   0.00000000E+00   0.17156571E-06
  14.600   2.600   0.60263146E-01   0.17609186E-06   0.00000000E+00   0.17609186E-06
  14.617   2.617   0.60271679E-01   0.18067526E-06   0.00000000E+00   0.18067526E-06
  14.633   2.633   0.60280374E-01   0.18531595E-06   0.00000000E+00   0.18531595E-06
  14.650   2.650   0.60289229E-01   0.19001416E-06   0.00000000E+00   0.19001416E-06
  14.667   2.667   0.60298245E-01   0.19477032E-06   0.00000000E+00   0.19477032E-06
  14.683   2.683   0.60307424E-01   0.19958511E-06   0.00000000E+00   0.19958511E-06
  14.700   2.700   0.60316765E-01   0.20445943E-06   0.00000000E+00   0.20445943E-06
  14.717   2.717   0.60326271E-01   0.20939445E-06   0.00000000E+00   0.20939445E-06
  14.733   2.733   0.60335944E-01   0.21439159E-06   0.00000000E+00   0.21439159E-06
  14.750   2.750   0.60345785E-01   0.21945254E-06   0.00000000E+00   0.21945254E-06
  14.767   2.767   0.60355798E-01   0.22457926E-06   0.00000000E+00   0.22457926E-06
  14.783   2.783   0.60365986E-01   0.22977398E-06   0.00000000E+00   0.22977398E-06
  14.800   2.800   0.60376352E-01   0.23503917E-06   0.00000000E+00   0.23503917E-06
  14.817   2.817   0.60386901E-01   0.24037755E-06   0.00000000E+00   0.24037755E-06
  14.833   2.833   0.60397638E-01   0.24579206E-06   0.00000000E+00   0.24579206E-06
  14.850   2.850   0.60408569E-01   0.25128583E-06   0.00000000E+00   0.25128583E-06
  14.867   2.867   0.60419698E-01   0.25686220E-06   0.00000000E+00   0.25686220E-06
  14.883   2.883   0.60431031E-01   0.26252464E-06   0.00000000E+00   0.26252464E-06
  14.900   2.900   0.60442577E-01   0.26827677E-06   0.00000000E+00   0.26827677E-06
  14.917   2.917   0.60454341E-01   0.27412228E-06   0.00000000E+00   0.27412228E-06
  14.933   2.933   0.60466331E-01   0.28006496E-06   0.00000000E+00   0.28006496E-06
  14.950   2.950   0.60478554E-01   0.28610863E-06   0.00000000E+00   0.28610863E-06
  14.967   2.967   0.60491019E-01   0.29225715E-06   0.00000000E+00   0.29225715E-06
  14.983   2.983   0.60503734E-01   0.29851434E-06   0.00000000E+00   0.29851434E-06
  15.000   3.000   0.60516707E-01   0.30488404E-06   0.00000000E+00   0.30488404E-06
  15.017   3.017   0.60529947E-01   0.31136999E-06   0.00000000E+00   0.31136999E-06
  15.033   3.033   0.60543463E-01   0.31797590E-06   0.00000000E+00   0.31797590E-06
  15.050   3.050   0.60557263E-01   0.32470539E-06   0.00000000E+00   0.32470539E-06
  15.067   3.067   0.60571357E-01   0.33156196E-06   0.00000000E+00   0.33156196E-06
  15.083   3.083   0.60585754E-01   0.33854903E-06   0.00000000E+00   0.33854903E-06
  15.100   3.100   0.60600463E-01   0.34566990E-06   0.00000000E+00   0.34566990E-06
  15.117   3.117   0.60615494E-01   0.35292774E-06   0.00000000E+00   0.35292774E-06
  15.133   3.133   0.60630855E-01   0.36032558E-06   0.00000000E+00   0.36032558E-06
  15.150   3.150   0.60646556E-01   0.36786634E-06   0.00000000E+00   0.36786634E-06
  15.167   3.167   0.60662606E-01   0.37555278E-06   0.00000000E+00   0.37555278E-06
  15.183   3.183   0.60679016E-01   0.38338755E-06   0.00000000E+00   0.38338755E-06
  15.200   3.200   0.60695793E-01   0.39137314E-06   0.00000000E+00   0.39137314E-06
  15.217   3.217   0.60712949E-01   0.39951193E-06   0.00000000E+00   0.39951193E-06
  15.233   3.233   0.60730491E-01   0.40780614E-06   0.00000000E+00   0.40780614E-06
  15.250   3.250   0.60748429E-01   0.41625788E-06   0.00000000E+00   0.41625788E-06
  15.267   3.267   0.60766773E-01   0.42486912E-06   0.00000000E+00   0.42486912E-06
  15.283   3.283   0.60785533E-01   0.43364171E-06   0.00000000E+00   0.43364171E-06
  15.300   3.300   0.60804716E-01   0.44257737E-06   0.00000000E+00   0.44257737E-06
  15.317   3.317   0.60824334E-01   0.45167771E-06   0.00000000E+00   0.45167771E-06
  15.333   3.333   0.60844394E-01   0.46094421E-06   0.00000000E+00   0.46094421E-06
  15.350   3.350   0.60864907E-01   0.47037826E-06   0.00000000E+00   0.47037826E-06
  15.367   3.367   0.60885882E-01   0.47998113E-06   0.00000000E+00   0.47998113E-06
  15.383   3.383   0.60907327E-01   0.48975397E-06   0.00000000E+00   0.48975397E-06
  15.400   3.400   0.60929253E-01   0.49969786E-06   0.00000000E+00   0.49969786E-06
  15.417   3.417   0.60951668E-01   0.50981376E-06   0.00000000E+00   0.50981376E-06
  15.433   3.433   0.60974582E-01   0.52010253E-06   0.00000000E+00   0.52010253E-06
  15.450   3.450   0.60998003E-01   0.53056496E-06   0.00000000E+00   0.53056496E-06
  15.467   3.467   0.61021942E-01   0.54120172E-06   0.00000000E+00   0.54120172E-06
  15.483   3.483   0.61046406E-01   0.55201344E-06   0.00000000E+00   0.55201344E-06
  15.500   3.500   0.61071406E-01   0.56300061E-06   0.00000000E+00   0.56300061E-06
  15.517   3.517   0.61096950E-01   0.57416369E-06   0.00000000E+00   0.57416369E-06
  15.533   3.533   0.61123047E-01   0.58550303E-06   0.00000000E+00   0.58550303E-06
  15.550   3.550   0.61149708E-01   0.59701892E-06   0.00000000E+00   0.59701892E-06
  15.567   3.567   0.61176939E-01   0.60871156E-06   0.00000000E+00   0.60871156E-06
  15.583   3.583   0.61204751E-01   0.62058110E-06   0.00000000E+00   0.62058110E-06
  15.600   3.600   0.61233153E-01   0.63262762E-06   0.00000000E+00   0.63262762E-06
  15.617   3.617   0.61262153E-01   0.64485110E-06   0.00000000E+00   0.64485110E-06
  15.633   3.633   0.61291760E-01   0.65725150E-06   0.00000000E+00   0.65725150E-06
  15.650   3.650   0.61321984E-01   0.66982870E-06   0.00000000E+00   0.66982870E-06
  15.667   3.667   0.61352833E-01   0.68258249E-06   0.00000000E+00   0.68258249E-06
  15.683   3.683   0.61384315E-01   0.69551265E-06   0.00000000E+00   0.69551265E-06
  15.700   3.700   0.61416441E-01   0.70861887E-06   0.00000000E+00   0.70861887E-06
  15.717   3.717   0.61449218E-01   0.72190078E-06   0.00000000E+00   0.72190078E-06
  15.733   3.733   0.61482655E-01   0.73535798E-06   0.00000000E+00   0.73535798E-06
  15.750   3.750   0.61516761E-01   0.74899000E-06   0.00000000E+00   0.74899000E-06
  15.767   3.767   0.61551545E-01   0.76279632E-06   0.00000000E+00   0.76279632E-06
  15.783   3.783   0.61587015E-01   0.77677636E-06   0.00000000E+00   0.77677636E-06
  15.800   3.800   0.61623179E-01   0.79092952E-06   0.00000000E+00   0.79092952E-06
  15.817   3.817   0.61660047E-01   0.80525511E-06   0.00000000E+00   0.80525511E-06
  15.833   3.833   0.61697626E-01   0.81975243E-06   0.00000000E+00   0.81975243E-06
  15.850   3.850   0.61735926E-01   0.83442071E-06   0.00000000E+00   0.83442071E-06
  15.867   3.867   0.61774953E-01   0.84925915E-06   0.00000000E+00   0.84925915E-06
  15.883   3.883   0.61814718E-01   0.86426690E-06   0.00000000E+00   0.86426690E-06
  15.900   3.900   0.61855227E-01   0.87944307E-06   0.00000000E+00   0.87944307E-06
  15.917   3.917   0.61896490E-01   0.89478672E-06   0.00000000E+00   0.89478672E-06
  15.933   3.933   0.61938514E-01   0.91029688E-06   0.00000000E+00   0.91029688E-06
  15.950   3.950   0.61981307E-01   0.92597254E-06   0.00000000E+00   0.92597254E-06
  15.967   3.967   0.62024878E-01   0.94181265E-06   0.00000000E+00   0.94181265E-06
  15.983   3.983   0.62069235E-01   0.95781611E-06   0.00000000E+00   0.95781611E-06
  16.000   4.000   0.62114385E-01   0.97398181E-06   0.00000000E+00   0.97398181E-06
  16.017   4.017   0.62160336E-01   0.99030854E-06   0.00000000E+00   0.99030854E-06
  16.033   4.033   0.62207097E-01   0.10067949E-05   0.00000000E+00   0.10067949E-05
  16.050   4.050   0.62254677E-01   0.10234395E-05   0.00000000E+00   0.10234395E-05
  16.067   4.067   0.62303084E-01   0.10402408E-05   0.00000000E+00   0.10402408E-05
  16.083   4.083   0.62352327E-01   0.10571973E-05   0.00000000E+00   0.10571973E-05
  16.100   4.100   0.62402414E-01   0.10743073E-05   0.00000000E+00   0.10743073E-05
  16.117   4.117   0.62453352E-01   0.10915692E-05   0.00000000E+00   0.10915692E-05
  16.133   4.133   0.62505151E-01   0.11089812E-05   0.00000000E+00   0.11089812E-05
  16.150   4.150   0.62557816E-01   0.11265417E-05   0.00000000E+00   0.11265417E-05
  16.167   4.167   0.62612000E-01   0.11445281E-05   0.00000000E+00   0.11445281E-05
  16.183   4.183   0.62668281E-01   0.11631742E-05   0.00000000E+00   0.11631742E-05
  16.200   4.200   0.62726413E-01   0.11823519E-05   0.00000000E+00   0.11823519E-05
  16.217   4.217   0.62786243E-01   0.12019770E-05   0.00000000E+00   0.12019770E-05
  16.233   4.233   0.62847670E-01   0.12219909E-05   0.00000000E+00   0.12219909E-05
  16.250   4.250   0.62910624E-01   0.12423503E-05   0.00000000E+00   0.12423503E-05
  16.267   4.267   0.62975058E-01   0.12630218E-05   0.00000000E+00   0.12630218E-05
  16.283   4.283   0.63040936E-01   0.12839790E-05   0.00000000E+00   0.12839790E-05
  16.300   4.300   0.63108234E-01   0.13051999E-05   0.00000000E+00   0.13051999E-05
  16.317   4.317   0.63176931E-01   0.13266664E-05   0.00000000E+00   0.13266664E-05
  16.333   4.333   0.63247015E-01   0.13483626E-05   0.00000000E+00   0.13483626E-05
  16.350   4.350   0.63318474E-01   0.13702749E-05   0.00000000E+00   0.13702749E-05
  16.367   4.367   0.63391303E-01   0.13923910E-05   0.00000000E+00   0.13923910E-05
  16.383   4.383   0.63465496E-01   0.14147001E-05   0.00000000E+00   0.14147001E-05
  16.400   4.400   0.63541049E-01   0.14371922E-05   0.00000000E+00   0.14371922E-05
  16.417   4.417   0.63617959E-01   0.14598581E-05   0.00000000E+00   0.14598581E-05
  16.433   4.433   0.63696226E-01   0.14826894E-05   0.00000000E+00   0.14826894E-05
  16.450   4.450   0.63775849E-01   0.15056781E-05   0.00000000E+00   0.15056781E-05
  16.467   4.467   0.63856828E-01   0.15288167E-05   0.00000000E+00   0.15288167E-05
  16.483   4.483   0.63939164E-01   0.15520983E-05   0.00000000E+00   0.15520983E-05
  16.500   4.500   0.64022857E-01   0.15755162E-05   0.00000000E+00   0.15755162E-05
  16.517   4.517   0.64107908E-01   0.15990639E-05   0.00000000E+00   0.15990639E-05
  16.533   4.533   0.64194320E-01   0.16227354E-05   0.00000000E+00   0.16227354E-05
  16.550   4.550   0.64282092E-01   0.16465247E-05   0.00000000E+00   0.16465247E-05
  16.567   4.567   0.64371228E-01   0.16704262E-05   0.00000000E+00   0.16704262E-05
  16.583   4.583   0.64461728E-01   0.16944344E-05   0.00000000E+00   0.16944344E-05
  16.600   4.600   0.64553593E-01   0.17185440E-05   0.00000000E+00   0.17185440E-05
  16.617   4.617   0.64646827E-01   0.17427499E-05   0.00000000E+00   0.17427499E-05
  16.633   4.633   0.64741429E-01   0.17670469E-05   0.00000000E+00   0.17670469E-05
  16.650   4.650   0.64837402E-01   0.17914303E-05   0.00000000E+00   0.17914303E-05
  16.667   4.667   0.64934748E-01   0.18158952E-05   0.00000000E+00   0.18158952E-05
  16.683   4.683   0.65033466E-01   0.18404371E-05   0.00000000E+00   0.18404371E-05
  16.700   4.700   0.65133560E-01   0.18650513E-05   0.00000000E+00   0.18650513E-05
  16.717   4.717   0.65235029E-01   0.18897335E-05   0.00000000E+00   0.18897335E-05
  16.733   4.733   0.65337875E-01   0.19144793E-05   0.00000000E+00   0.19144793E-05
  16.750   4.750   0.65442099E-01   0.19392843E-05   0.00000000E+00   0.19392843E-05
  16.767   4.767   0.65547701E-01   0.19641446E-05   0.00000000E+00   0.19641446E-05
  16.783   4.783   0.65654683E-01   0.19890559E-05   0.00000000E+00   0.19890559E-05
  16.800   4.800   0.65763044E-01   0.20140142E-05   0.00000000E+00   0.20140142E-05
  16.817   4.817   0.65872786E-01   0.20390156E-05   0.00000000E+00   0.20390156E-05
  16.833   4.833   0.65983908E-01   0.20640562E-05   0.00000000E+00   0.20640562E-05
  16.850   4.850   0.66096410E-01   0.20891323E-05   0.00000000E+00   0.20891323E-05
  16.867   4.867   0.66210293E-01   0.21142400E-05   0.00000000E+00   0.21142400E-05
  16.883   4.883   0.66325557E-01   0.21393757E-05   0.00000000E+00   0.21393757E-05
  16.900   4.900   0.66442200E-01   0.21645358E-05   0.00000000E+00   0.21645358E-05
  16.917   4.917   0.66560224E-01   0.21897167E-05   0.00000000E+00   0.21897167E-05
  16.933   4.933   0.66679626E-01   0.22149149E-05   0.00000000E+00   0.22149149E-05
  16.950   4.950   0.66800407E-01   0.22401271E-05   0.00000000E+00   0.22401271E-05
  16.967   4.967   0.66922565E-01   0.22653497E-05   0.00000000E+00   0.22653497E-05
  16.983   4.983   0.67046100E-01   0.22905795E-05   0.00000000E+00   0.22905795E-05
  17.000   5.000   0.67171011E-01   0.23158133E-05   0.00000000E+00   0.23158133E-05
  17.017   5.017   0.67297296E-01   0.23410477E-05   0.00000000E+00   0.23410477E-05
  17.033   5.033   0.67424953E-01   0.23662796E-05   0.00000000E+00   0.23662796E-05
  17.050   5.050   0.67553982E-01   0.23915059E-05   0.00000000E+00   0.23915059E-05
  17.067   5.067   0.67684380E-01   0.24167235E-05   0.00000000E+00   0.24167235E-05
  17.083   5.083   0.67816146E-01   0.24419293E-05   0.00000000E+00   0.24419293E-05
  17.100   5.100   0.67949278E-01   0.24671205E-05   0.00000000E+00   0.24671205E-05
  17.117   5.117   0.68083774E-01   0.24922940E-05   0.00000000E+00   0.24922940E-05
  17.133   5.133   0.68219632E-01   0.25174470E-05   0.00000000E+00   0.25174470E-05
  17.150   5.150   0.68356849E-01   0.25425766E-05   0.00000000E+00   0.25425766E-05
  17.167   5.167   0.68495423E-01   0.25676801E-05   0.00000000E+00   0.25676801E-05
  17.183   5.183   0.68635351E-01   0.25927546E-05   0.00000000E+00   0.25927546E-05
  17.200   5.200   0.68776632E-01   0.26177975E-05   0.00000000E+00   0.26177975E-05
  17.217   5.217   0.68919261E-01   0.26428060E-05   0.00000000E+00   0.26428060E-05
  17.233   5.233   0.69063237E-01   0.26677776E-05   0.00000000E+00   0.26677776E-05
  17.250   5.250   0.69208555E-01   0.26927097E-05   0.00000000E+00   0.26927097E-05
  17.267   5.267   0.69355214E-01   0.27175996E-05   0.00000000E+00   0.27175996E-05
  17.283   5.283   0.69503210E-01   0.27424449E-05   0.00000000E+00   0.27424449E-05
  17.300   5.300   0.69652539E-01   0.27672431E-05   0.00000000E+00   0.27672431E-05
  17.317   5.317   0.69803199E-01   0.27919918E-05   0.00000000E+00   0.27919918E-05
  17.333   5.333   0.69955185E-01   0.28166886E-05   0.00000000E+00   0.28166886E-05
  17.350   5.350   0.70108494E-01   0.28413310E-05   0.00000000E+00   0.28413310E-05
  17.367   5.367   0.70263122E-01   0.28659169E-05   0.00000000E+00   0.28659169E-05
  17.383   5.383   0.70419066E-01   0.28904438E-05   0.00000000E+00   0.28904438E-05
  17.400   5.400   0.70576321E-01   0.29149095E-05   0.00000000E+00   0.29149095E-05
  17.417   5.417   0.70734884E-01   0.29393119E-05   0.00000000E+00   0.29393119E-05
  17.433   5.433   0.70894750E-01   0.29636487E-05   0.00000000E+00   0.29636487E-05
  17.450   5.450   0.71055915E-01   0.29879177E-05   0.00000000E+00   0.29879177E-05
  17.467   5.467   0.71218376E-01   0.30121169E-05   0.00000000E+00   0.30121169E-05
  17.483   5.483   0.71382127E-01   0.30362441E-05   0.00000000E+00   0.30362441E-05
  17.500   5.500   0.71547164E-01   0.30602974E-05   0.00000000E+00   0.30602974E-05
  17.517   5.517   0.71713482E-01   0.30842746E-05   0.00000000E+00   0.30842746E-05
  17.533   5.533   0.71881078E-01   0.31081738E-05   0.00000000E+00   0.31081738E-05
  17.550   5.550   0.72049946E-01   0.31319931E-05   0.00000000E+00   0.31319931E-05
  17.567   5.567   0.72220082E-01   0.31557304E-05   0.00000000E+00   0.31557304E-05
  17.583   5.583   0.72391480E-01   0.31793840E-05   0.00000000E+00   0.31793840E-05
  17.600   5.600   0.72564136E-01   0.32029519E-05   0.00000000E+00   0.32029519E-05
  17.617   5.617   0.72738045E-01   0.32264322E-05   0.00000000E+00   0.32264322E-05
  17.633   5.633   0.72913202E-01   0.32498233E-05   0.00000000E+00   0.32498233E-05
  17.650   5.650   0.73089601E-01   0.32731232E-05   0.00000000E+00   0.32731232E-05
  17.667   5.667   0.73267238E-01   0.32963303E-05   0.00000000E+00   0.32963303E-05
  17.683   5.683   0.73446107E-01   0.33194428E-05   0.00000000E+00   0.33194428E-05
  17.700   5.700   0.73626202E-01   0.33424590E-05   0.00000000E+00   0.33424590E-05
  17.717   5.717   0.73807520E-01   0.33653772E-05   0.00000000E+00   0.33653772E-05
  17.733   5.733   0.73990053E-01   0.33881959E-05   0.00000000E+00   0.33881959E-05
  17.750   5.750   0.74173797E-01   0.34109133E-05   0.00000000E+00   0.34109133E-05
  17.767   5.767   0.74358745E-01   0.34335279E-05   0.00000000E+00   0.34335279E-05
  17.783   5.783   0.74544894E-01   0.34560381E-05   0.00000000E+00   0.34560381E-05
  17.800   5.800   0.74732235E-01   0.34784423E-05   0.00000000E+00   0.34784423E-05
  17.817   5.817   0.74920765E-01   0.35007391E-05   0.00000000E+00   0.35007391E-05
  17.833   5.833   0.75110477E-01   0.35229270E-05   0.00000000E+00   0.35229270E-05
  17.850   5.850   0.75301365E-01   0.35450044E-05   0.00000000E+00   0.35450044E-05
  17.867   5.867   0.75493423E-01   0.35669699E-05   0.00000000E+00   0.35669699E-05
  17.883   5.883   0.75686646E-01   0.35888221E-05   0.00000000E+00   0.35888221E-05
  17.900   5.900   0.75881028E-01   0.36105597E-05   0.00000000E+00   0.36105597E-05
  17.917   5.917   0.76076562E-01   0.36321811E-05   0.00000000E+00   0.36321811E-05
  17.933   5.933   0.76273242E-01   0.36536852E-05   0.00000000E+00   0.36536852E-05
  17.950   5.950   0.76471063E-01   0.36750704E-05   0.00000000E+00   0.36750704E-05
  17.967   5.967   0.76670018E-01   0.36963355E-05   0.00000000E+00   0.36963355E-05
  17.983   5.983   0.76870101E-01   0.37174793E-05   0.00000000E+00   0.37174793E-05
  18.000   6.000   0.77071305E-01   0.37385004E-05   0.00000000E+00   0.37385004E-05
  18.017   6.017   0.77273625E-01   0.37593976E-05   0.00000000E+00   0.37593976E-05
  18.033   6.033   0.77477054E-01   0.37801697E-05   0.00000000E+00   0.37801697E-05
  18.050   6.050   0.77681586E-01   0.38008154E-05   0.00000000E+00   0.38008154E-05
  18.067   6.067   0.77887214E-01   0.38213336E-05   0.00000000E+00   0.38213336E-05
  18.083   6.083   0.78093932E-01   0.38417231E-05   0.00000000E+00   0.38417231E-05
  18.100   6.100   0.78301733E-01   0.38619827E-05   0.00000000E+00   0.38619827E-05
  18.117   6.117   0.78510612E-01   0.38821113E-05   0.00000000E+00   0.38821113E-05
  18.133   6.133   0.78720561E-01   0.39021078E-05   0.00000000E+00   0.39021078E-05
  18.150   6.150   0.78931573E-01   0.39219710E-05   0.00000000E+00   0.39219710E-05
  18.167   6.167   0.79143643E-01   0.39417000E-05   0.00000000E+00   0.39417000E-05
  18.183   6.183   0.79356764E-01   0.39612936E-05   0.00000000E+00   0.39612936E-05
  18.200   6.200   0.79570929E-01   0.39807508E-05   0.00000000E+00   0.39807508E-05
  18.217   6.217   0.79786131E-01   0.40000706E-05   0.00000000E+00   0.40000706E-05
  18.233   6.233   0.80002363E-01   0.40192520E-05   0.00000000E+00   0.40192520E-05
  18.250   6.250   0.80219620E-01   0.40382939E-05   0.00000000E+00   0.40382939E-05
  18.267   6.267   0.80437893E-01   0.40571954E-05   0.00000000E+00   0.40571954E-05
  18.283   6.283   0.80657178E-01   0.40759555E-05   0.00000000E+00   0.40759555E-05
  18.300   6.300   0.80877465E-01   0.40945733E-05   0.00000000E+00   0.40945733E-05
  18.317   6.317   0.81098749E-01   0.41130479E-05   0.00000000E+00   0.41130479E-05
  18.333   6.333   0.81321024E-01   0.41313783E-05   0.00000000E+00   0.41313783E-05
  18.350   6.350   0.81544281E-01   0.41495636E-05   0.00000000E+00   0.41495636E-05
  18.367   6.367   0.81768514E-01   0.41676030E-05   0.00000000E+00   0.41676030E-05
  18.383   6.383   0.81993717E-01   0.41854955E-05   0.00000000E+00   0.41854955E-05
  18.400   6.400   0.82219882E-01   0.42032404E-05   0.00000000E+00   0.42032404E-05
  18.417   6.417   0.82447002E-01   0.42208368E-05   0.00000000E+00   0.42208368E-05
  18.433   6.433   0.82675071E-01   0.42382838E-05   0.00000000E+00   0.42382838E-05
  18.450   6.450   0.82904080E-01   0.42555806E-05   0.00000000E+00   0.42555806E-05
  18.467   6.467   0.83134025E-01   0.42727265E-05   0.00000000E+00   0.42727265E-05
  18.483   6.483   0.83364896E-01   0.42897206E-05   0.00000000E+00   0.42897206E-05
  18.500   6.500   0.83596688E-01   0.43065622E-05   0.00000000E+00   0.43065622E-05
  18.517   6.517   0.83829393E-01   0.43232506E-05   0.00000000E+00   0.43232506E-05
  18.533   6.533   0.84063004E-01   0.43397848E-05   0.00000000E+00   0.43397848E-05
  18.550   6.550   0.84297515E-01   0.43561644E-05   0.00000000E+00   0.43561644E-05
  18.567   6.567   0.84532917E-01   0.43723884E-05   0.00000000E+00   0.43723884E-05
  18.583   6.583   0.84769204E-01   0.43884562E-05   0.00000000E+00   0.43884562E-05
  18.600   6.600   0.85006369E-01   0.44043671E-05   0.00000000E+00   0.44043671E-05
  18.617   6.617   0.85244404E-01   0.44201205E-05   0.00000000E+00   0.44201205E-05
  18.633   6.633   0.85483303E-01   0.44357155E-05   0.00000000E+00   0.44357155E-05
  18.650   6.650   0.85723058E-01   0.44511516E-05   0.00000000E+00   0.44511516E-05
  18.667   6.667   0.85963662E-01   0.44664282E-05   0.00000000E+00   0.44664282E-05
  18.683   6.683   0.86205108E-01   0.44815445E-05   0.00000000E+00   0.44815445E-05
  18.700   6.700   0.86447388E-01   0.44964999E-05   0.00000000E+00   0.44964999E-05
  18.717   6.717   0.86690496E-01   0.45112939E-05   0.00000000E+00   0.45112939E-05
  18.733   6.733   0.86934424E-01   0.45259258E-05   0.00000000E+00   0.45259258E-05
  18.750   6.750   0.87179165E-01   0.45403950E-05   0.00000000E+00   0.45403950E-05
  18.767   6.767   0.87424712E-01   0.45547009E-05   0.00000000E+00   0.45547009E-05
  18.783   6.783   0.87671057E-01   0.45688430E-05   0.00000000E+00   0.45688430E-05
  18.800   6.800   0.87918193E-01   0.45828206E-05   0.00000000E+00   0.45828206E-05
  18.817   6.817   0.88166113E-01   0.45966332E-05   0.00000000E+00   0.45966332E-05
  18.833   6.833   0.88414810E-01   0.46102803E-05   0.00000000E+00   0.46102803E-05
  18.850   6.850   0.88664275E-01   0.46237613E-05   0.00000000E+00   0.46237613E-05
  18.867   6.867   0.88914503E-01   0.46370758E-05   0.00000000E+00   0.46370758E-05
  18.883   6.883   0.89165486E-01   0.46502230E-05   0.00000000E+00   0.46502230E-05
  18.900   6.900   0.89417215E-01   0.46632027E-05   0.00000000E+00   0.46632027E-05
  18.917   6.917   0.89669685E-01   0.46760142E-05   0.00000000E+00   0.46760142E-05
  18.933   6.933   0.89922888E-01   0.46886571E-05   0.00000000E+00   0.46886571E-05
  18.950   6.950   0.90176815E-01   0.47011308E-05   0.00000000E+00   0.47011308E-05
  18.967   6.967   0.90431461E-01   0.47134349E-05   0.00000000E+00   0.47134349E-05
  18.983   6.983   0.90686816E-01   0.47255690E-05   0.00000000E+00   0.47255690E-05
  19.000   7.000   0.90942876E-01   0.47375326E-05   0.00000000E+00   0.47375326E-05
  19.017   7.017   0.91199630E-01   0.47493251E-05   0.00000000E+00   0.47493251E-05
  19.033   7.033   0.91457073E-01   0.47609463E-05   0.00000000E+00   0.47609463E-05
  19.050   7.050   0.91715197E-01   0.47723956E-05   0.00000000E+00   0.47723956E-05
  19.067   7.067   0.91973995E-01   0.47836726E-05   0.00000000E+00   0.47836726E-05
  19.083   7.083   0.92233459E-01   0.47947769E-05   0.00000000E+00   0.47947769E-05
  19.100   7.100   0.92493581E-01   0.48057081E-05   0.00000000E+00   0.48057081E-05
  19.117   7.117   0.92754354E-01   0.48164658E-05   0.00000000E+00   0.48164658E-05
  19.133   7.133   0.93015772E-01   0.48270496E-05   0.00000000E+00   0.48270496E-05
  19.150   7.150   0.93277825E-01   0.48374590E-05   0.00000000E+00   0.48374590E-05
  19.167   7.167   0.93540507E-01   0.48476939E-05   0.00000000E+00   0.48476939E-05
  19.183   7.183   0.93803811E-01   0.48577536E-05   0.00000000E+00   0.48577536E-05
  19.200   7.200   0.94067729E-01   0.48676379E-05   0.00000000E+00   0.48676379E-05
  19.217   7.217   0.94332253E-01   0.48773465E-05   0.00000000E+00   0.48773465E-05
  19.233   7.233   0.94597375E-01   0.48868790E-05   0.00000000E+00   0.48868790E-05
  19.250   7.250   0.94863090E-01   0.48962349E-05   0.00000000E+00   0.48962349E-05
  19.267   7.267   0.95129388E-01   0.49054141E-05   0.00000000E+00   0.49054141E-05
  19.283   7.283   0.95396262E-01   0.49144161E-05   0.00000000E+00   0.49144161E-05
  19.300   7.300   0.95663705E-01   0.49232407E-05   0.00000000E+00   0.49232407E-05
  19.317   7.317   0.95931710E-01   0.49318876E-05   0.00000000E+00   0.49318876E-05
  19.333   7.333   0.96200268E-01   0.49403563E-05   0.00000000E+00   0.49403563E-05
  19.350   7.350   0.96469372E-01   0.49486467E-05   0.00000000E+00   0.49486467E-05
  19.367   7.367   0.96739014E-01   0.49567583E-05   0.00000000E+00   0.49567583E-05
  19.383   7.383   0.97009188E-01   0.49646911E-05   0.00000000E+00   0.49646911E-05
  19.400   7.400   0.97279885E-01   0.49724445E-05   0.00000000E+00   0.49724445E-05
  19.417   7.417   0.97551098E-01   0.49800185E-05   0.00000000E+00   0.49800185E-05
  19.433   7.433   0.97822819E-01   0.49874127E-05   0.00000000E+00   0.49874127E-05
  19.450   7.450   0.98095041E-01   0.49946268E-05   0.00000000E+00   0.49946268E-05
  19.467   7.467   0.98367755E-01   0.50016606E-05   0.00000000E+00   0.50016606E-05
  19.483   7.483   0.98640955E-01   0.50085139E-05   0.00000000E+00   0.50085139E-05
  19.500   7.500   0.98914632E-01   0.50151863E-05   0.00000000E+00   0.50151863E-05
  19.517   7.517   0.99188779E-01   0.50216778E-05   0.00000000E+00   0.50216778E-05
  19.533   7.533   0.99463388E-01   0.50279880E-05   0.00000000E+00   0.50279880E-05
  19.550   7.550   0.99738452E-01   0.50341167E-05   0.00000000E+00   0.50341167E-05
  19.567   7.567   0.10001396E+00   0.50400637E-05   0.00000000E+00   0.50400637E-05
  19.583   7.583   0.10028991E+00   0.50458288E-05   0.00000000E+00   0.50458288E-05
  19.600   7.600   0.10056629E+00   0.50514117E-05   0.00000000E+00   0.50514117E-05
  19.617   7.617   0.10084310E+00   0.50568124E-05   0.00000000E+00   0.50568124E-05
  19.633   7.633   0.10112032E+00   0.50620306E-05   0.00000000E+00   0.50620306E-05
  19.650   7.650   0.10139795E+00   0.50670661E-05   0.00000000E+00   0.50670661E-05
  19.667   7.667   0.10167598E+00   0.50719187E-05   0.00000000E+00   0.50719187E-05
  19.683   7.683   0.10195440E+00   0.50765883E-05   0.00000000E+00   0.50765883E-05
  19.700   7.700   0.10223320E+00   0.50810746E-05   0.00000000E+00   0.50810746E-05
  19.717   7.717   0.10251239E+00   0.50853777E-05   0.00000000E+00   0.50853777E-05
  19.733   7.733   0.10279194E+00   0.50894972E-05   0.00000000E+00   0.50894972E-05
  19.750   7.750   0.10307185E+00   0.50934330E-05   0.00000000E+00   0.50934330E-05
  19.767   7.767   0.10335212E+00   0.50971851E-05   0.00000000E+00   0.50971851E-05
  19.783   7.783   0.10363273E+00   0.51007532E-05   0.00000000E+00   0.51007532E-05
  19.800   7.800   0.10391368E+00   0.51041372E-05   0.00000000E+00   0.51041372E-05
  19.817   7.817   0.10419496E+00   0.51073371E-05   0.00000000E+00   0.51073371E-05
  19.833   7.833   0.10447656E+00   0.51103526E-05   0.00000000E+00   0.51103526E-05
  19.850   7.850   0.10475847E+00   0.51131838E-05   0.00000000E+00   0.51131838E-05
  19.867   7.867   0.10504069E+00   0.51158304E-05   0.00000000E+00   0.51158304E-05
  19.883   7.883   0.10532321E+00   0.51182924E-05   0.00000000E+00   0.51182924E-05
  19.900   7.900   0.10560602E+00   0.51205698E-05   0.00000000E+00   0.51205698E-05
  19.917   7.917   0.10588910E+00   0.51226623E-05   0.00000000E+00   0.51226623E-05
  19.933   7.933   0.10617246E+00   0.51245700E-05   0.00000000E+00   0.51245700E-05
  19.950   7.950   0.10645609E+00   0.51262928E-05   0.00000000E+00   0.51262928E-05
  19.967   7.967   0.10673997E+00   0.51278306E-05   0.00000000E+00   0.51278306E-05
  19.983   7.983   0.10702411E+00   0.51291833E-05   0.00000000E+00   0.51291833E-05
  20.000   8.000   0.10730848E+00   0.51303510E-05   0.00000000E+00   0.51303510E-05
  20.017   8.017   0.10759308E+00   0.51313335E-05   0.00000000E+00   0.51313335E-05
  20.033   8.033   0.10787791E+00   0.51321309E-05   0.00000000E+00   0.51321309E-05
  20.050   8.050   0.10816296E+00   0.51327430E-05   0.00000000E+00   0.51327430E-05
  20.067   8.067   0.10844821E+00   0.51331699E-05   0.00000000E+00   0.51331699E-05
  20.083   8.083   0.10873367E+00   0.51334116E-05   0.00000000E+00   0.51334116E-05
  20.100   8.100   0.10901931E+00   0.51334681E-05   0.00000000E+00   0.51334681E-05
  20.117   8.117   0.10930514E+00   0.51333392E-05   0.00000000E+00   0.51333392E-05
  20.133   8.133   0.10959114E+00   0.51330252E-05   0.00000000E+00   0.51330252E-05
  20.150   8.150   0.10987731E+00   0.51325259E-05   0.00000000E+00   0.51325259E-05
  20.167   8.167   0.11016364E+00   0.51318414E-05   0.00000000E+00   0.51318414E-05
  20.183   8.183   0.11045011E+00   0.51309717E-05   0.00000000E+00   0.51309717E-05
  20.200   8.200   0.11073673E+00   0.51299169E-05   0.00000000E+00   0.51299169E-05
  20.217   8.217   0.11102347E+00   0.51286770E-05   0.00000000E+00   0.51286770E-05
  20.233   8.233   0.11131034E+00   0.51272520E-05   0.00000000E+00   0.51272520E-05
  20.250   8.250   0.11159733E+00   0.51256420E-05   0.00000000E+00   0.51256420E-05
  20.267   8.267   0.11188442E+00   0.51238470E-05   0.00000000E+00   0.51238470E-05
  20.283   8.283   0.11217161E+00   0.51218672E-05   0.00000000E+00   0.51218672E-05
  20.300   8.300   0.11245889E+00   0.51197026E-05   0.00000000E+00   0.51197026E-05
  20.317   8.317   0.11274625E+00   0.51173533E-05   0.00000000E+00   0.51173533E-05
  20.333   8.333   0.11303368E+00   0.51148194E-05   0.00000000E+00   0.51148194E-05
  20.350   8.350   0.11332117E+00   0.51121010E-05   0.00000000E+00   0.51121010E-05
  20.367   8.367   0.11360871E+00   0.51091982E-05   0.00000000E+00   0.51091982E-05
  20.383   8.383   0.11389630E+00   0.51061112E-05   0.00000000E+00   0.51061112E-05
  20.400   8.400   0.11418393E+00   0.51028400E-05   0.00000000E+00   0.51028400E-05
  20.417   8.417   0.11447158E+00   0.50993848E-05   0.00000000E+00   0.50993848E-05
  20.433   8.433   0.11475925E+00   0.50957457E-05   0.00000000E+00   0.50957457E-05
  20.450   8.450   0.11504692E+00   0.50919229E-05   0.00000000E+00   0.50919229E-05
  20.467   8.467   0.11533460E+00   0.50879166E-05   0.00000000E+00   0.50879166E-05
  20.483   8.483   0.11562227E+00   0.50837269E-05   0.00000000E+00   0.50837269E-05
  20.500   8.500   0.11590991E+00   0.50793539E-05   0.00000000E+00   0.50793539E-05
  20.517   8.517   0.11619753E+00   0.50747980E-05   0.00000000E+00   0.50747980E-05
  20.533   8.533   0.11648511E+00   0.50700592E-05   0.00000000E+00   0.50700592E-05
  20.550   8.550   0.11677265E+00   0.50651379E-05   0.00000000E+00   0.50651379E-05
  20.567   8.567   0.11706012E+00   0.50600341E-05   0.00000000E+00   0.50600341E-05
  20.583   8.583   0.11734753E+00   0.50547482E-05   0.00000000E+00   0.50547482E-05
  20.600   8.600   0.11763487E+00   0.50492803E-05   0.00000000E+00   0.50492803E-05
  20.617   8.617   0.11792211E+00   0.50436307E-05   0.00000000E+00   0.50436307E-05
  20.633   8.633   0.11820927E+00   0.50377996E-05   0.00000000E+00   0.50377996E-05
  20.650   8.650   0.11849632E+00   0.50317874E-05   0.00000000E+00   0.50317874E-05
  20.667   8.667   0.11878325E+00   0.50255943E-05   0.00000000E+00   0.50255943E-05
  20.683   8.683   0.11907006E+00   0.50192205E-05   0.00000000E+00   0.50192205E-05
  20.700   8.700   0.11935673E+00   0.50126664E-05   0.00000000E+00   0.50126664E-05
  20.717   8.717   0.11964326E+00   0.50059322E-05   0.00000000E+00   0.50059322E-05
  20.733   8.733   0.11992964E+00   0.49990183E-05   0.00000000E+00   0.49990183E-05
  20.750   8.750   0.12021585E+00   0.49919250E-05   0.00000000E+00   0.49919250E-05
  20.767   8.767   0.12050188E+00   0.49846527E-05   0.00000000E+00   0.49846527E-05
  20.783   8.783   0.12078773E+00   0.49772015E-05   0.00000000E+00   0.49772015E-05
  20.800   8.800   0.12107339E+00   0.49695721E-05   0.00000000E+00   0.49695721E-05
  20.817   8.817   0.12135883E+00   0.49617646E-05   0.00000000E+00   0.49617646E-05
  20.833   8.833   0.12164407E+00   0.49537794E-05   0.00000000E+00   0.49537794E-05
  20.850   8.850   0.12192907E+00   0.49456171E-05   0.00000000E+00   0.49456171E-05
  20.867   8.867   0.12221384E+00   0.49372779E-05   0.00000000E+00   0.49372779E-05
  20.883   8.883   0.12249836E+00   0.49287622E-05   0.00000000E+00   0.49287622E-05
  20.900   8.900   0.12278262E+00   0.49200706E-05   0.00000000E+00   0.49200706E-05
  20.917   8.917   0.12306661E+00   0.49112033E-05   0.00000000E+00   0.49112033E-05
  20.933   8.933   0.12335032E+00   0.49021610E-05   0.00000000E+00   0.49021610E-05
  20.950   8.950   0.12363373E+00   0.48929439E-05   0.00000000E+00   0.48929439E-05
  20.967   8.967   0.12391685E+00   0.48835527E-05   0.00000000E+00   0.48835527E-05
