        RT(hours)           [IRO2]         L_R_15           L_R_19           P_R_09           tot_loss         tot_prod
  12.017   0.017   0.83262374E-04   0.25310161E-05   0.21180694E-07   0.44035617E-05   0.25522050E-05   0.44035617E-05
  12.033   0.033   0.18141033E-03   0.61731863E-05   0.71009404E-07   0.75972012E-05   0.62442024E-05   0.75972012E-05
  12.050   0.050   0.24589443E-03   0.89619113E-05   0.11623377E-06   0.99212945E-05   0.90781500E-05   0.99212945E-05
  12.067   0.067   0.28631776E-03   0.10926984E-04   0.14958327E-06   0.11618090E-04   0.11076571E-04   0.11618090E-04
  12.083   0.083   0.31329764E-03   0.12369687E-04   0.17379734E-06   0.12924397E-04   0.12543487E-04   0.12924397E-04
  12.100   0.100   0.33332127E-03   0.13523486E-04   0.19263612E-06   0.14016874E-04   0.13716124E-04   0.14016874E-04
  12.117   0.117   0.34998865E-03   0.14534406E-04   0.20881991E-06   0.15007321E-04   0.14743228E-04   0.15007321E-04
  12.133   0.133   0.36521406E-03   0.15486482E-04   0.22399621E-06   0.15960632E-04   0.15710480E-04   0.15960632E-04
  12.150   0.150   0.37998334E-03   0.16425874E-04   0.23908717E-06   0.16912694E-04   0.16664964E-04   0.16912694E-04
  12.167   0.167   0.39479009E-03   0.17377210E-04   0.25459037E-06   0.17882802E-04   0.17631803E-04   0.17882802E-04
  12.183   0.183   0.40987510E-03   0.18353395E-04   0.27077255E-06   0.18881182E-04   0.18624170E-04   0.18881182E-04
  12.200   0.200   0.42535338E-03   0.19361158E-04   0.28778138E-06   0.19913275E-04   0.19648942E-04   0.19913275E-04
  12.217   0.217   0.44127955E-03   0.20404068E-04   0.30570612E-06   0.20982065E-04   0.20709777E-04   0.20982065E-04
  12.233   0.233   0.45768059E-03   0.21484121E-04   0.32460931E-06   0.22089313E-04   0.21808733E-04   0.22089313E-04
  12.250   0.250   0.47457170E-03   0.22602558E-04   0.34454278E-06   0.23236192E-04   0.22947104E-04   0.23236192E-04
  12.267   0.267   0.49196368E-03   0.23760273E-04   0.36555534E-06   0.24423606E-04   0.24125832E-04   0.24423606E-04
  12.283   0.283   0.50986617E-03   0.24958008E-04   0.38769641E-06   0.25652341E-04   0.25345708E-04   0.25652341E-04
  12.300   0.300   0.52828890E-03   0.26196445E-04   0.41101755E-06   0.26923139E-04   0.26607467E-04   0.26923139E-04
  12.317   0.317   0.54724211E-03   0.27476244E-04   0.43557302E-06   0.28236724E-04   0.27911821E-04   0.28236724E-04
  12.333   0.333   0.56673663E-03   0.28798057E-04   0.46142001E-06   0.29593814E-04   0.29259482E-04   0.29593814E-04
  12.350   0.350   0.58678376E-03   0.30162535E-04   0.48861861E-06   0.30995129E-04   0.30651158E-04   0.30995129E-04
  12.367   0.367   0.60739521E-03   0.31570322E-04   0.51723184E-06   0.32441382E-04   0.32087559E-04   0.32441382E-04
  12.383   0.383   0.62858301E-03   0.33022058E-04   0.54732562E-06   0.33933285E-04   0.33569389E-04   0.33933285E-04
  12.400   0.400   0.65035941E-03   0.34518374E-04   0.57896881E-06   0.35471541E-04   0.35097349E-04   0.35471541E-04
  12.417   0.417   0.67273688E-03   0.36059891E-04   0.61223318E-06   0.37056848E-04   0.36672130E-04   0.37056848E-04
  12.433   0.433   0.69572803E-03   0.37647217E-04   0.64719353E-06   0.38689889E-04   0.38294417E-04   0.38689889E-04
  12.450   0.450   0.71934558E-03   0.39280945E-04   0.68392770E-06   0.40371340E-04   0.39964879E-04   0.40371340E-04
  12.467   0.467   0.74360239E-03   0.40961652E-04   0.72251668E-06   0.42101862E-04   0.41684175E-04   0.42101862E-04
  12.483   0.483   0.76851140E-03   0.42689899E-04   0.76304466E-06   0.43882100E-04   0.43452951E-04   0.43882100E-04
  12.500   0.500   0.79408564E-03   0.44466227E-04   0.80559915E-06   0.45712686E-04   0.45271834E-04   0.45712686E-04
  12.517   0.517   0.82033820E-03   0.46291157E-04   0.85027102E-06   0.47594234E-04   0.47141435E-04   0.47594234E-04
  12.533   0.533   0.84728223E-03   0.48165187E-04   0.89715463E-06   0.49527338E-04   0.49062349E-04   0.49527338E-04
  12.550   0.550   0.87493094E-03   0.50088793E-04   0.94634790E-06   0.51512575E-04   0.51035150E-04   0.51512575E-04
  12.567   0.567   0.90329759E-03   0.52062428E-04   0.99795237E-06   0.53550497E-04   0.53060389E-04   0.53550497E-04
  12.583   0.583   0.93239544E-03   0.54086515E-04   0.10520733E-05   0.55641638E-04   0.55138597E-04   0.55641638E-04
  12.600   0.600   0.96223779E-03   0.56161451E-04   0.11088199E-05   0.57786504E-04   0.57270280E-04   0.57786504E-04
  12.617   0.617   0.99283793E-03   0.58287606E-04   0.11683050E-05   0.59985578E-04   0.59455920E-04   0.59985578E-04
  12.633   0.633   0.10242091E-02   0.60465316E-04   0.12306456E-05   0.62239314E-04   0.61695971E-04   0.62239314E-04
  12.650   0.650   0.10563647E-02   0.62694885E-04   0.12959626E-05   0.64548139E-04   0.63990858E-04   0.64548139E-04
  12.667   0.667   0.10893178E-02   0.64976586E-04   0.13643812E-05   0.66912448E-04   0.66340978E-04   0.66912448E-04
  12.683   0.683   0.11230816E-02   0.67310652E-04   0.14360306E-05   0.69332607E-04   0.68746693E-04   0.69332607E-04
  12.700   0.700   0.11576691E-02   0.69697280E-04   0.15110440E-05   0.71808945E-04   0.71208336E-04   0.71808945E-04
  12.717   0.717   0.11930934E-02   0.72136630E-04   0.15895593E-05   0.74341757E-04   0.73726201E-04   0.74341757E-04
  12.733   0.733   0.12293674E-02   0.74628817E-04   0.16717183E-05   0.76931303E-04   0.76300547E-04   0.76931303E-04
  12.750   0.750   0.12665037E-02   0.77173917E-04   0.17576673E-05   0.79577800E-04   0.78931597E-04   0.79577800E-04
  12.767   0.767   0.13045149E-02   0.79771959E-04   0.18475568E-05   0.82281430E-04   0.81619528E-04   0.82281430E-04
  12.783   0.783   0.13434133E-02   0.82422927E-04   0.19415417E-05   0.85042327E-04   0.84364482E-04   0.85042327E-04
  12.800   0.800   0.13832113E-02   0.85126756E-04   0.20397811E-05   0.87860585E-04   0.87166551E-04   0.87860585E-04
  12.817   0.817   0.14239207E-02   0.87883334E-04   0.21424387E-05   0.90736251E-04   0.90025787E-04   0.90736251E-04
  12.833   0.833   0.14655531E-02   0.90692494E-04   0.22496821E-05   0.93669325E-04   0.92942191E-04   0.93669325E-04
  12.850   0.850   0.15081201E-02   0.93554019E-04   0.23616833E-05   0.96659757E-04   0.95915717E-04   0.96659757E-04
  12.867   0.867   0.15516327E-02   0.96467635E-04   0.24786185E-05   0.99707446E-04   0.98946268E-04   0.99707446E-04
  12.883   0.883   0.15961016E-02   0.99433014E-04   0.26006678E-05   0.10281224E-03   0.10203370E-03   0.10281224E-03
  12.900   0.900   0.16415372E-02   0.10244977E-03   0.27280155E-05   0.10597393E-03   0.10517780E-03   0.10597393E-03
  12.917   0.917   0.16879497E-02   0.10551746E-03   0.28608496E-05   0.10919226E-03   0.10837832E-03   0.10919226E-03
  12.933   0.933   0.17353484E-02   0.10863557E-03   0.29993621E-05   0.11246691E-03   0.11163495E-03   0.11246691E-03
  12.950   0.950   0.17837426E-02   0.11180355E-03   0.31437482E-05   0.11579749E-03   0.11494731E-03   0.11579749E-03
  12.967   0.967   0.18331409E-02   0.11502075E-03   0.32942070E-05   0.11918359E-03   0.11831498E-03   0.11918359E-03
  12.983   0.983   0.18835515E-02   0.11828650E-03   0.34509405E-05   0.12262469E-03   0.12173745E-03   0.12262469E-03
  13.000   1.000   0.19349820E-02   0.12160002E-03   0.36141540E-05   0.12612024E-03   0.12521420E-03   0.12612024E-03
  13.017   1.017   0.19874394E-02   0.12496051E-03   0.37840556E-05   0.12966961E-03   0.12874459E-03   0.12966961E-03
  13.033   1.033   0.20409303E-02   0.12836708E-03   0.39608559E-05   0.13327214E-03   0.13232795E-03   0.13327214E-03
  13.050   1.050   0.20954605E-02   0.13181877E-03   0.41447680E-05   0.13692707E-03   0.13596356E-03   0.13692707E-03
  13.067   1.067   0.21510352E-02   0.13531457E-03   0.43360070E-05   0.14063359E-03   0.13965060E-03   0.14063359E-03
  13.083   1.083   0.22076591E-02   0.13885340E-03   0.45347899E-05   0.14439082E-03   0.14338821E-03   0.14439082E-03
  13.100   1.100   0.22653359E-02   0.14243411E-03   0.47413351E-05   0.14819783E-03   0.14717546E-03   0.14819783E-03
  13.117   1.117   0.23240691E-02   0.14605548E-03   0.49558623E-05   0.15205362E-03   0.15101136E-03   0.15205362E-03
  13.133   1.133   0.23838609E-02   0.14971624E-03   0.51785919E-05   0.15595712E-03   0.15489486E-03   0.15595712E-03
  13.150   1.150   0.24447133E-02   0.15341506E-03   0.54097448E-05   0.15990720E-03   0.15882483E-03   0.15990720E-03
  13.167   1.167   0.25066272E-02   0.15715053E-03   0.56495421E-05   0.16390268E-03   0.16280009E-03   0.16390268E-03
  13.183   1.183   0.25696029E-02   0.16092119E-03   0.58982047E-05   0.16794230E-03   0.16681941E-03   0.16794230E-03
  13.200   1.200   0.26336399E-02   0.16472551E-03   0.61559528E-05   0.17202475E-03   0.17088148E-03   0.17202475E-03
  13.217   1.217   0.26987369E-02   0.16856192E-03   0.64230057E-05   0.17614866E-03   0.17498495E-03   0.17614866E-03
  13.233   1.233   0.27648918E-02   0.17242879E-03   0.66995812E-05   0.18031260E-03   0.17912839E-03   0.18031260E-03
  13.250   1.250   0.28321019E-02   0.17632443E-03   0.69858952E-05   0.18451510E-03   0.18331034E-03   0.18451510E-03
  13.267   1.267   0.29003635E-02   0.18024709E-03   0.72821616E-05   0.18875462E-03   0.18752927E-03   0.18875462E-03
  13.283   1.283   0.29696723E-02   0.18419499E-03   0.75885917E-05   0.19302956E-03   0.19178361E-03   0.19302956E-03
  13.300   1.300   0.30400230E-02   0.18816631E-03   0.79053937E-05   0.19733831E-03   0.19607172E-03   0.19733831E-03
  13.317   1.317   0.31114098E-02   0.19215915E-03   0.82327724E-05   0.20167916E-03   0.20039194E-03   0.20167916E-03
  13.333   1.333   0.31838260E-02   0.19617161E-03   0.85709288E-05   0.20605041E-03   0.20474256E-03   0.20605041E-03
  13.350   1.350   0.32572642E-02   0.20020173E-03   0.89200599E-05   0.21045029E-03   0.20912181E-03   0.21045029E-03
  13.367   1.367   0.33317163E-02   0.20424752E-03   0.92803580E-05   0.21487698E-03   0.21352790E-03   0.21487698E-03
  13.383   1.383   0.34071734E-02   0.20830697E-03   0.96520107E-05   0.21932866E-03   0.21795900E-03   0.21932866E-03
  13.400   1.400   0.34836261E-02   0.21237802E-03   0.10035200E-04   0.22380345E-03   0.22241325E-03   0.22380345E-03
  13.417   1.417   0.35610642E-02   0.21645862E-03   0.10430103E-04   0.22829945E-03   0.22688875E-03   0.22829945E-03
  13.433   1.433   0.36394769E-02   0.22054668E-03   0.10836890E-04   0.23281474E-03   0.23138359E-03   0.23281474E-03
  13.450   1.450   0.37188529E-02   0.22464008E-03   0.11255726E-04   0.23734737E-03   0.23589583E-03   0.23734737E-03
  13.467   1.467   0.37991802E-02   0.22873671E-03   0.11686769E-04   0.24189538E-03   0.24042350E-03   0.24189538E-03
  13.483   1.483   0.38804463E-02   0.23283444E-03   0.12130171E-04   0.24645678E-03   0.24496463E-03   0.24645678E-03
  13.500   1.500   0.39626383E-02   0.23693114E-03   0.12586076E-04   0.25102958E-03   0.24951724E-03   0.25102958E-03
  13.517   1.517   0.40457427E-02   0.24102467E-03   0.13054622E-04   0.25561178E-03   0.25407932E-03   0.25561178E-03
  13.533   1.533   0.41297455E-02   0.24511290E-03   0.13535939E-04   0.26020137E-03   0.25864886E-03   0.26020137E-03
  13.550   1.550   0.42146326E-02   0.24919369E-03   0.14030149E-04   0.26479634E-03   0.26322386E-03   0.26479634E-03
  13.567   1.567   0.43003892E-02   0.25326492E-03   0.14537368E-04   0.26939468E-03   0.26780232E-03   0.26939468E-03
  13.583   1.583   0.43870005E-02   0.25732449E-03   0.15057704E-04   0.27399439E-03   0.27238221E-03   0.27399439E-03
  13.600   1.600   0.44744510E-02   0.26137028E-03   0.15591255E-04   0.27859346E-03   0.27696155E-03   0.27859346E-03
  13.617   1.617   0.45627255E-02   0.26540021E-03   0.16138114E-04   0.28318990E-03   0.28153835E-03   0.28318990E-03
  13.633   1.633   0.46518081E-02   0.26941223E-03   0.16698365E-04   0.28778174E-03   0.28611062E-03   0.28778174E-03
  13.650   1.650   0.47416829E-02   0.27340429E-03   0.17272083E-04   0.29236701E-03   0.29067640E-03   0.29236701E-03
  13.667   1.667   0.48323340E-02   0.27737437E-03   0.17859336E-04   0.29694376E-03   0.29523373E-03   0.29694376E-03
  13.683   1.683   0.49237453E-02   0.28132049E-03   0.18460185E-04   0.30151008E-03   0.29978070E-03   0.30151008E-03
  13.700   1.700   0.50159006E-02   0.28524068E-03   0.19074681E-04   0.30606405E-03   0.30431538E-03   0.30606405E-03
  13.717   1.717   0.51087838E-02   0.28913300E-03   0.19702870E-04   0.31060379E-03   0.30883590E-03   0.31060379E-03
  13.733   1.733   0.52023786E-02   0.29299557E-03   0.20344788E-04   0.31512745E-03   0.31334038E-03   0.31512745E-03
  13.750   1.750   0.52966689E-02   0.29682652E-03   0.21000464E-04   0.31963320E-03   0.31782701E-03   0.31963320E-03
  13.767   1.767   0.53916388E-02   0.30062402E-03   0.21669920E-04   0.32411924E-03   0.32229397E-03   0.32411924E-03
  13.783   1.783   0.54872721E-02   0.30438628E-03   0.22353171E-04   0.32858381E-03   0.32673948E-03   0.32858381E-03
  13.800   1.800   0.55835532E-02   0.30811155E-03   0.23050223E-04   0.33302516E-03   0.33116180E-03   0.33302516E-03
  13.817   1.817   0.56804664E-02   0.31179812E-03   0.23761076E-04   0.33744159E-03   0.33555922E-03   0.33744159E-03
  13.833   1.833   0.57779962E-02   0.31544431E-03   0.24485723E-04   0.34183144E-03   0.33993006E-03   0.34183144E-03
  13.850   1.850   0.58761273E-02   0.31904850E-03   0.25224151E-04   0.34619307E-03   0.34427267E-03   0.34619307E-03
  13.867   1.867   0.59748448E-02   0.32260909E-03   0.25976338E-04   0.35052488E-03   0.34858545E-03   0.35052488E-03
  13.883   1.883   0.60741339E-02   0.32612455E-03   0.26742259E-04   0.35482531E-03   0.35286683E-03   0.35482531E-03
  13.900   1.900   0.61739801E-02   0.32959336E-03   0.27521881E-04   0.35909284E-03   0.35711526E-03   0.35909284E-03
  13.917   1.917   0.62743693E-02   0.33301408E-03   0.28315163E-04   0.36332598E-03   0.36132926E-03   0.36332598E-03
  13.933   1.933   0.63752874E-02   0.33638528E-03   0.29122060E-04   0.36752328E-03   0.36550736E-03   0.36752328E-03
  13.950   1.950   0.64767210E-02   0.33970561E-03   0.29942523E-04   0.37168334E-03   0.36964815E-03   0.37168334E-03
  13.967   1.967   0.65786569E-02   0.34297372E-03   0.30776494E-04   0.37580480E-03   0.37375023E-03   0.37580480E-03
  13.983   1.983   0.66810821E-02   0.34618835E-03   0.31623911E-04   0.37988630E-03   0.37781228E-03   0.37988630E-03
  14.000   2.000   0.67839842E-02   0.34934825E-03   0.32484708E-04   0.38392658E-03   0.38183298E-03   0.38392658E-03
  14.017   2.017   0.68873446E-02   0.35245417E-03   0.33359491E-04   0.38792682E-03   0.38581368E-03   0.38792682E-03
  14.033   2.033   0.69910897E-02   0.35550447E-03   0.34248210E-04   0.39188478E-03   0.38975270E-03   0.39188478E-03
  14.050   2.050   0.70951525E-02   0.35849423E-03   0.35150238E-04   0.39579561E-03   0.39364449E-03   0.39579561E-03
  14.067   2.067   0.71995018E-02   0.36141923E-03   0.36065283E-04   0.39965525E-03   0.39748453E-03   0.39965525E-03
  14.083   2.083   0.73041251E-02   0.36427578E-03   0.36993211E-04   0.40346008E-03   0.40126901E-03   0.40346008E-03
  14.100   2.100   0.74090182E-02   0.36706049E-03   0.37933963E-04   0.40720677E-03   0.40499448E-03   0.40720677E-03
  14.117   2.117   0.75141809E-02   0.36977024E-03   0.38887509E-04   0.41089220E-03   0.40865776E-03   0.41089220E-03
  14.133   2.133   0.76196148E-02   0.37240203E-03   0.39853833E-04   0.41451340E-03   0.41225588E-03   0.41451340E-03
  14.150   2.150   0.77253222E-02   0.37495305E-03   0.40832918E-04   0.41806757E-03   0.41578599E-03   0.41806757E-03
  14.167   2.167   0.78313059E-02   0.37742061E-03   0.41824748E-04   0.42155202E-03   0.41924537E-03   0.42155202E-03
  14.183   2.183   0.79375688E-02   0.37980214E-03   0.42829300E-04   0.42496417E-03   0.42263146E-03   0.42496417E-03
  14.200   2.200   0.80441136E-02   0.38209521E-03   0.43846547E-04   0.42830158E-03   0.42594177E-03   0.42830158E-03
  14.217   2.217   0.81509434E-02   0.38429749E-03   0.44876455E-04   0.43156191E-03   0.42917396E-03   0.43156191E-03
  14.233   2.233   0.82580612E-02   0.38640678E-03   0.45918985E-04   0.43474294E-03   0.43232578E-03   0.43474294E-03
  14.250   2.250   0.83654699E-02   0.38842101E-03   0.46974091E-04   0.43784256E-03   0.43539511E-03   0.43784256E-03
  14.267   2.267   0.84731725E-02   0.39033820E-03   0.48041718E-04   0.44085876E-03   0.43837993E-03   0.44085876E-03
  14.283   2.283   0.85811720E-02   0.39215653E-03   0.49121806E-04   0.44378968E-03   0.44127835E-03   0.44378968E-03
  14.300   2.300   0.86894712E-02   0.39387428E-03   0.50214286E-04   0.44663355E-03   0.44408858E-03   0.44663355E-03
  14.317   2.317   0.87980731E-02   0.39548989E-03   0.51319079E-04   0.44938873E-03   0.44680898E-03   0.44938873E-03
  14.333   2.333   0.89069803E-02   0.39700191E-03   0.52436099E-04   0.45205370E-03   0.44943802E-03   0.45205370E-03
  14.350   2.350   0.90161954E-02   0.39840907E-03   0.53565249E-04   0.45462710E-03   0.45197433E-03   0.45462710E-03
  14.367   2.367   0.91257209E-02   0.39971024E-03   0.54706421E-04   0.45710769E-03   0.45441667E-03   0.45710769E-03
  14.383   2.383   0.92355588E-02   0.40090446E-03   0.55859495E-04   0.45949438E-03   0.45676396E-03   0.45949438E-03
  14.400   2.400   0.93457110E-02   0.40199094E-03   0.57024341E-04   0.46178626E-03   0.45901529E-03   0.46178626E-03
  14.417   2.417   0.94561789E-02   0.40296910E-03   0.58200812E-04   0.46398257E-03   0.46116992E-03   0.46398257E-03
  14.433   2.433   0.95669635E-02   0.40383855E-03   0.59388749E-04   0.46608274E-03   0.46322731E-03   0.46608274E-03
  14.450   2.450   0.96780651E-02   0.40459913E-03   0.60587976E-04   0.46808640E-03   0.46518712E-03   0.46808640E-03
  14.467   2.467   0.97894834E-02   0.40525091E-03   0.61798300E-04   0.46999338E-03   0.46704922E-03   0.46999338E-03
  14.483   2.483   0.99012173E-02   0.40579420E-03   0.63019511E-04   0.47180374E-03   0.46881372E-03   0.47180374E-03
  14.500   2.500   0.10013265E-01   0.40622959E-03   0.64251379E-04   0.47351775E-03   0.47048098E-03   0.47351775E-03
  14.517   2.517   0.10125624E-01   0.40655794E-03   0.65493654E-04   0.47513596E-03   0.47205160E-03   0.47513596E-03
  14.533   2.533   0.10238289E-01   0.40678040E-03   0.66746063E-04   0.47665914E-03   0.47352647E-03   0.47665914E-03
  14.550   2.550   0.10351255E-01   0.40689844E-03   0.68008313E-04   0.47808837E-03   0.47490676E-03   0.47808837E-03
  14.567   2.567   0.10464517E-01   0.40691385E-03   0.69280086E-04   0.47942499E-03   0.47619394E-03   0.47942499E-03
  14.583   2.583   0.10578064E-01   0.40682872E-03   0.70561040E-04   0.48067061E-03   0.47738977E-03   0.48067061E-03
  14.600   2.600   0.10691889E-01   0.40664550E-03   0.71850810E-04   0.48182717E-03   0.47849631E-03   0.48182717E-03
  14.617   2.617   0.10805979E-01   0.40636696E-03   0.73149003E-04   0.48289689E-03   0.47951597E-03   0.48289689E-03
  14.633   2.633   0.10920322E-01   0.40599622E-03   0.74455204E-04   0.48388227E-03   0.48045143E-03   0.48388227E-03
  14.650   2.650   0.11034901E-01   0.40553669E-03   0.75768974E-04   0.48478613E-03   0.48130567E-03   0.48478613E-03
  14.667   2.667   0.11149701E-01   0.40499214E-03   0.77089849E-04   0.48561154E-03   0.48208199E-03   0.48561154E-03
  14.683   2.683   0.11264702E-01   0.40436659E-03   0.78417343E-04   0.48636186E-03   0.48278393E-03   0.48636186E-03
  14.700   2.700   0.11379884E-01   0.40366436E-03   0.79750951E-04   0.48704068E-03   0.48341531E-03   0.48704068E-03
  14.717   2.717   0.11495224E-01   0.40289000E-03   0.81090149E-04   0.48765183E-03   0.48398015E-03   0.48765183E-03
  14.733   2.733   0.11610698E-01   0.40204829E-03   0.82434395E-04   0.48819933E-03   0.48448269E-03   0.48819933E-03
  14.750   2.750   0.11726279E-01   0.40114416E-03   0.83783137E-04   0.48868737E-03   0.48492729E-03   0.48868737E-03
  14.767   2.767   0.11841941E-01   0.40018266E-03   0.85135811E-04   0.48912024E-03   0.48531848E-03   0.48912024E-03
  14.783   2.783   0.11957653E-01   0.39916897E-03   0.86491847E-04   0.48950236E-03   0.48566081E-03   0.48950236E-03
  14.800   2.800   0.12073386E-01   0.39810825E-03   0.87850671E-04   0.48983818E-03   0.48595892E-03   0.48983818E-03
  14.817   2.817   0.12189108E-01   0.39700569E-03   0.89211712E-04   0.49013216E-03   0.48621740E-03   0.49013216E-03
  14.833   2.833   0.12304788E-01   0.39586641E-03   0.90574399E-04   0.49038874E-03   0.48644081E-03   0.49038874E-03
  14.850   2.850   0.12420392E-01   0.39469542E-03   0.91938175E-04   0.49061226E-03   0.48663359E-03   0.49061226E-03
  14.867   2.867   0.12535889E-01   0.39349760E-03   0.93302488E-04   0.49080698E-03   0.48680009E-03   0.49080698E-03
  14.883   2.883   0.12651245E-01   0.39227764E-03   0.94666805E-04   0.49097702E-03   0.48694444E-03   0.49097702E-03
  14.900   2.900   0.12766428E-01   0.39104001E-03   0.96030609E-04   0.49112630E-03   0.48707062E-03   0.49112630E-03
  14.917   2.917   0.12881406E-01   0.38978896E-03   0.97393401E-04   0.49125856E-03   0.48718236E-03   0.49125856E-03
  14.933   2.933   0.12996148E-01   0.38852846E-03   0.98754708E-04   0.49137732E-03   0.48728316E-03   0.49137732E-03
  14.950   2.950   0.13110623E-01   0.38726219E-03   0.10011408E-03   0.49148586E-03   0.48737626E-03   0.49148586E-03
  14.967   2.967   0.13224802E-01   0.38599356E-03   0.10147108E-03   0.49158720E-03   0.48746463E-03   0.49158720E-03
  14.983   2.983   0.13338657E-01   0.38472567E-03   0.10282531E-03   0.49168413E-03   0.48755098E-03   0.49168413E-03
  15.000   3.000   0.13452162E-01   0.38346134E-03   0.10417641E-03   0.49177917E-03   0.48763774E-03   0.49177917E-03
  15.017   3.017   0.13565292E-01   0.38220307E-03   0.10552401E-03   0.49187457E-03   0.48772708E-03   0.49187457E-03
  15.033   3.033   0.13678022E-01   0.38095311E-03   0.10686779E-03   0.49197237E-03   0.48782090E-03   0.49197237E-03
  15.050   3.050   0.13790332E-01   0.37971341E-03   0.10820746E-03   0.49207432E-03   0.48792087E-03   0.49207432E-03
  15.067   3.067   0.13902200E-01   0.37848568E-03   0.10954275E-03   0.49218198E-03   0.48802842E-03   0.49218198E-03
  15.083   3.083   0.14013607E-01   0.37727136E-03   0.11087339E-03   0.49229666E-03   0.48814474E-03   0.49229666E-03
  15.100   3.100   0.14124537E-01   0.37607168E-03   0.11219916E-03   0.49241948E-03   0.48827084E-03   0.49241948E-03
  15.117   3.117   0.14234973E-01   0.37488767E-03   0.11351986E-03   0.49255136E-03   0.48840752E-03   0.49255136E-03
  15.133   3.133   0.14344902E-01   0.37372014E-03   0.11483529E-03   0.49269306E-03   0.48855543E-03   0.49269306E-03
  15.150   3.150   0.14454310E-01   0.37256974E-03   0.11614528E-03   0.49284515E-03   0.48871502E-03   0.49284515E-03
  15.167   3.167   0.14563186E-01   0.37143696E-03   0.11744968E-03   0.49300809E-03   0.48888664E-03   0.49300809E-03
  15.183   3.183   0.14671520E-01   0.37032214E-03   0.11874836E-03   0.49318217E-03   0.48907050E-03   0.49318217E-03
  15.200   3.200   0.14779302E-01   0.36922551E-03   0.12004118E-03   0.49336759E-03   0.48926668E-03   0.49336759E-03
  15.217   3.217   0.14886524E-01   0.36814716E-03   0.12132803E-03   0.49356443E-03   0.48947518E-03   0.49356443E-03
  15.233   3.233   0.14993179E-01   0.36708710E-03   0.12260881E-03   0.49377268E-03   0.48969590E-03   0.49377268E-03
  15.250   3.250   0.15099262E-01   0.36604525E-03   0.12388344E-03   0.49399226E-03   0.48992868E-03   0.49399226E-03
  15.267   3.267   0.15204766E-01   0.36502147E-03   0.12515183E-03   0.49422300E-03   0.49017329E-03   0.49422300E-03
  15.283   3.283   0.15309687E-01   0.36401553E-03   0.12641390E-03   0.49446469E-03   0.49042943E-03   0.49446469E-03
  15.300   3.300   0.15414022E-01   0.36302717E-03   0.12766960E-03   0.49471705E-03   0.49069677E-03   0.49471705E-03
  15.317   3.317   0.15517767E-01   0.36205608E-03   0.12891886E-03   0.49497977E-03   0.49097493E-03   0.49497977E-03
  15.333   3.333   0.15620920E-01   0.36110188E-03   0.13016163E-03   0.49525249E-03   0.49126351E-03   0.49525249E-03
  15.350   3.350   0.15723478E-01   0.36016422E-03   0.13139787E-03   0.49553484E-03   0.49156208E-03   0.49553484E-03
  15.367   3.367   0.15825440E-01   0.35924267E-03   0.13262752E-03   0.49582639E-03   0.49187018E-03   0.49582639E-03
  15.383   3.383   0.15926804E-01   0.35833682E-03   0.13385055E-03   0.49612674E-03   0.49218736E-03   0.49612674E-03
  15.400   3.400   0.16027569E-01   0.35744621E-03   0.13506692E-03   0.49643543E-03   0.49251312E-03   0.49643543E-03
  15.417   3.417   0.16127736E-01   0.35657041E-03   0.13627659E-03   0.49675202E-03   0.49284699E-03   0.49675202E-03
  15.433   3.433   0.16227303E-01   0.35570895E-03   0.13747954E-03   0.49707605E-03   0.49318848E-03   0.49707605E-03
  15.450   3.450   0.16326270E-01   0.35486137E-03   0.13867573E-03   0.49740706E-03   0.49353710E-03   0.49740706E-03
  15.467   3.467   0.16424638E-01   0.35402722E-03   0.13986515E-03   0.49774457E-03   0.49389235E-03   0.49774457E-03
  15.483   3.483   0.16522407E-01   0.35320602E-03   0.14104775E-03   0.49808813E-03   0.49425376E-03   0.49808813E-03
  15.500   3.500   0.16619577E-01   0.35239734E-03   0.14222352E-03   0.49843727E-03   0.49462085E-03   0.49843727E-03
  15.517   3.517   0.16716148E-01   0.35160071E-03   0.14339243E-03   0.49879155E-03   0.49499313E-03   0.49879155E-03
  15.533   3.533   0.16812122E-01   0.35081569E-03   0.14455446E-03   0.49915050E-03   0.49537014E-03   0.49915050E-03
  15.550   3.550   0.16907499E-01   0.35004184E-03   0.14570960E-03   0.49951368E-03   0.49575143E-03   0.49951368E-03
  15.567   3.567   0.17002281E-01   0.34927874E-03   0.14685780E-03   0.49988066E-03   0.49613654E-03   0.49988066E-03
  15.583   3.583   0.17096467E-01   0.34852597E-03   0.14799907E-03   0.50025100E-03   0.49652503E-03   0.50025100E-03
  15.600   3.600   0.17190059E-01   0.34778312E-03   0.14913337E-03   0.50062429E-03   0.49691648E-03   0.50062429E-03
  15.617   3.617   0.17283058E-01   0.34704979E-03   0.15026068E-03   0.50100011E-03   0.49731046E-03   0.50100011E-03
  15.633   3.633   0.17375464E-01   0.34632559E-03   0.15138099E-03   0.50137808E-03   0.49770657E-03   0.50137808E-03
  15.650   3.650   0.17467280E-01   0.34561015E-03   0.15249428E-03   0.50175778E-03   0.49810441E-03   0.50175778E-03
  15.667   3.667   0.17558506E-01   0.34490310E-03   0.15360052E-03   0.50213886E-03   0.49850360E-03   0.50213886E-03
  15.683   3.683   0.17649142E-01   0.34420408E-03   0.15469970E-03   0.50252094E-03   0.49890377E-03   0.50252094E-03
  15.700   3.700   0.17739191E-01   0.34351276E-03   0.15579180E-03   0.50290365E-03   0.49930454E-03   0.50290365E-03
  15.717   3.717   0.17828653E-01   0.34282880E-03   0.15687679E-03   0.50328666E-03   0.49970558E-03   0.50328666E-03
  15.733   3.733   0.17917529E-01   0.34215188E-03   0.15795467E-03   0.50366962E-03   0.50010654E-03   0.50366962E-03
  15.750   3.750   0.18005820E-01   0.34148168E-03   0.15902541E-03   0.50405221E-03   0.50050708E-03   0.50405221E-03
  15.767   3.767   0.18093528E-01   0.34081792E-03   0.16008899E-03   0.50443411E-03   0.50090690E-03   0.50443411E-03
  15.783   3.783   0.18180652E-01   0.34016030E-03   0.16114540E-03   0.50481502E-03   0.50130568E-03   0.50481502E-03
  15.800   3.800   0.18267195E-01   0.33950853E-03   0.16219461E-03   0.50519464E-03   0.50170313E-03   0.50519464E-03
  15.817   3.817   0.18353157E-01   0.33886236E-03   0.16323660E-03   0.50557268E-03   0.50209895E-03   0.50557268E-03
  15.833   3.833   0.18438540E-01   0.33822152E-03   0.16427137E-03   0.50594886E-03   0.50249288E-03   0.50594886E-03
  15.850   3.850   0.18523343E-01   0.33758577E-03   0.16529888E-03   0.50632293E-03   0.50288464E-03   0.50632293E-03
  15.867   3.867   0.18607568E-01   0.33695486E-03   0.16631913E-03   0.50669461E-03   0.50327398E-03   0.50669461E-03
  15.883   3.883   0.18691217E-01   0.33632856E-03   0.16733209E-03   0.50706367E-03   0.50366063E-03   0.50706367E-03
  15.900   3.900   0.18774288E-01   0.33570665E-03   0.16833774E-03   0.50742985E-03   0.50404438E-03   0.50742985E-03
  15.917   3.917   0.18856785E-01   0.33508892E-03   0.16933607E-03   0.50779293E-03   0.50442497E-03   0.50779293E-03
  15.933   3.933   0.18938707E-01   0.33447516E-03   0.17032706E-03   0.50815269E-03   0.50480220E-03   0.50815269E-03
  15.950   3.950   0.19020054E-01   0.33386516E-03   0.17131068E-03   0.50850890E-03   0.50517584E-03   0.50850890E-03
  15.967   3.967   0.19100829E-01   0.33325876E-03   0.17228693E-03   0.50886136E-03   0.50554568E-03   0.50886136E-03
  15.983   3.983   0.19181032E-01   0.33265575E-03   0.17325579E-03   0.50920987E-03   0.50591152E-03   0.50920987E-03
  16.000   4.000   0.19260662E-01   0.33205596E-03   0.17421724E-03   0.50955423E-03   0.50627318E-03   0.50955423E-03
  16.017   4.017   0.19339644E-01   0.33145799E-03   0.17517061E-03   0.50988891E-03   0.50662858E-03   0.50988891E-03
  16.033   4.033   0.19417755E-01   0.33085841E-03   0.17611381E-03   0.51020914E-03   0.50697221E-03   0.51020914E-03
  16.050   4.050   0.19494927E-01   0.33025649E-03   0.17704597E-03   0.51051556E-03   0.50730245E-03   0.51051556E-03
  16.067   4.067   0.19571162E-01   0.32965238E-03   0.17796703E-03   0.51080880E-03   0.50761939E-03   0.51080880E-03
  16.083   4.083   0.19646480E-01   0.32904643E-03   0.17887710E-03   0.51108948E-03   0.50792351E-03   0.51108948E-03
  16.100   4.100   0.19720901E-01   0.32843897E-03   0.17977638E-03   0.51135815E-03   0.50821534E-03   0.51135815E-03
  16.117   4.117   0.19794449E-01   0.32783031E-03   0.18066506E-03   0.51161531E-03   0.50849536E-03   0.51161531E-03
  16.133   4.133   0.19867144E-01   0.32722072E-03   0.18154332E-03   0.51186140E-03   0.50876403E-03   0.51186140E-03
  16.150   4.150   0.19939005E-01   0.32661043E-03   0.18241134E-03   0.51209682E-03   0.50902176E-03   0.51209682E-03
  16.167   4.167   0.20012967E-01   0.32610975E-03   0.18329053E-03   0.51236365E-03   0.50940027E-03   0.51236365E-03
  16.183   4.183   0.20087282E-01   0.32574744E-03   0.18417624E-03   0.51272241E-03   0.50992368E-03   0.51272241E-03
  16.200   4.200   0.20159317E-01   0.32545170E-03   0.18504803E-03   0.51315406E-03   0.51049972E-03   0.51315406E-03
  16.217   4.217   0.20229041E-01   0.32519997E-03   0.18590377E-03   0.51363948E-03   0.51110372E-03   0.51363948E-03
  16.233   4.233   0.20296804E-01   0.32498190E-03   0.18674528E-03   0.51416515E-03   0.51172716E-03   0.51416515E-03
  16.250   4.250   0.20362930E-01   0.32479101E-03   0.18757445E-03   0.51472130E-03   0.51236546E-03   0.51472130E-03
  16.267   4.267   0.20427658E-01   0.32462254E-03   0.18839269E-03   0.51530072E-03   0.51301522E-03   0.51530072E-03
  16.283   4.283   0.20491165E-01   0.32447271E-03   0.18920095E-03   0.51589788E-03   0.51367365E-03   0.51589788E-03
  16.300   4.300   0.20553583E-01   0.32433847E-03   0.18999991E-03   0.51650848E-03   0.51433837E-03   0.51650848E-03
  16.317   4.317   0.20615012E-01   0.32421731E-03   0.19079008E-03   0.51712910E-03   0.51500737E-03   0.51712910E-03
  16.333   4.333   0.20675533E-01   0.32410710E-03   0.19157184E-03   0.51775698E-03   0.51567893E-03   0.51775698E-03
  16.350   4.350   0.20735208E-01   0.32400609E-03   0.19234550E-03   0.51838985E-03   0.51635158E-03   0.51838985E-03
  16.367   4.367   0.20794089E-01   0.32391276E-03   0.19311129E-03   0.51902583E-03   0.51702405E-03   0.51902583E-03
  16.383   4.383   0.20852219E-01   0.32382584E-03   0.19386942E-03   0.51966333E-03   0.51769525E-03   0.51966333E-03
  16.400   4.400   0.20909634E-01   0.32374420E-03   0.19462005E-03   0.52030102E-03   0.51836424E-03   0.52030102E-03
  16.417   4.417   0.20966366E-01   0.32366689E-03   0.19536330E-03   0.52093774E-03   0.51903018E-03   0.52093774E-03
  16.433   4.433   0.21022440E-01   0.32359307E-03   0.19609930E-03   0.52157250E-03   0.51969236E-03   0.52157250E-03
  16.450   4.450   0.21077880E-01   0.32352201E-03   0.19682813E-03   0.52220444E-03   0.52035013E-03   0.52220444E-03
  16.467   4.467   0.21132704E-01   0.32345305E-03   0.19754987E-03   0.52283279E-03   0.52100291E-03   0.52283279E-03
  16.483   4.483   0.21186930E-01   0.32338561E-03   0.19826460E-03   0.52345689E-03   0.52165020E-03   0.52345689E-03
  16.500   4.500   0.21240574E-01   0.32331920E-03   0.19897236E-03   0.52407616E-03   0.52229155E-03   0.52407616E-03
  16.517   4.517   0.21293648E-01   0.32325335E-03   0.19967320E-03   0.52469005E-03   0.52292654E-03   0.52469005E-03
  16.533   4.533   0.21346164E-01   0.32318765E-03   0.20036716E-03   0.52529811E-03   0.52355480E-03   0.52529811E-03
  16.550   4.550   0.21398133E-01   0.32312174E-03   0.20105428E-03   0.52589991E-03   0.52417601E-03   0.52589991E-03
  16.567   4.567   0.21449564E-01   0.32305528E-03   0.20173457E-03   0.52649507E-03   0.52478985E-03   0.52649507E-03
  16.583   4.583   0.21500465E-01   0.32298799E-03   0.20240806E-03   0.52708324E-03   0.52539604E-03   0.52708324E-03
  16.600   4.600   0.21550844E-01   0.32291958E-03   0.20307477E-03   0.52766411E-03   0.52599434E-03   0.52766411E-03
  16.617   4.617   0.21600707E-01   0.32284981E-03   0.20373470E-03   0.52823738E-03   0.52658450E-03   0.52823738E-03
  16.633   4.633   0.21650060E-01   0.32277845E-03   0.20438788E-03   0.52880281E-03   0.52716632E-03   0.52880281E-03
  16.650   4.650   0.21698908E-01   0.32270531E-03   0.20503429E-03   0.52936014E-03   0.52773959E-03   0.52936014E-03
  16.667   4.667   0.21747256E-01   0.32263019E-03   0.20567396E-03   0.52990917E-03   0.52830414E-03   0.52990917E-03
  16.683   4.683   0.21795109E-01   0.32255293E-03   0.20630687E-03   0.53044967E-03   0.52885979E-03   0.53044967E-03
  16.700   4.700   0.21842470E-01   0.32247337E-03   0.20693303E-03   0.53098148E-03   0.52940639E-03   0.53098148E-03
  16.717   4.717   0.21889343E-01   0.32239136E-03   0.20755244E-03   0.53150440E-03   0.52994378E-03   0.53150440E-03
  16.733   4.733   0.21935730E-01   0.32230677E-03   0.20816509E-03   0.53201829E-03   0.53047184E-03   0.53201829E-03
  16.750   4.750   0.21981635E-01   0.32221948E-03   0.20877097E-03   0.53252298E-03   0.53099044E-03   0.53252298E-03
  16.767   4.767   0.22027059E-01   0.32212938E-03   0.20937008E-03   0.53301835E-03   0.53149946E-03   0.53301835E-03
  16.783   4.783   0.22072005E-01   0.32203637E-03   0.20996241E-03   0.53350426E-03   0.53199878E-03   0.53350426E-03
  16.800   4.800   0.22116475E-01   0.32194035E-03   0.21054796E-03   0.53398058E-03   0.53248830E-03   0.53398058E-03
  16.817   4.817   0.22160470E-01   0.32184124E-03   0.21112670E-03   0.53444721E-03   0.53296793E-03   0.53444721E-03
  16.833   4.833   0.22203992E-01   0.32173894E-03   0.21169864E-03   0.53490404E-03   0.53343758E-03   0.53490404E-03
  16.850   4.850   0.22247042E-01   0.32163340E-03   0.21226376E-03   0.53535097E-03   0.53389715E-03   0.53535097E-03
  16.867   4.867   0.22289622E-01   0.32152453E-03   0.21282205E-03   0.53578791E-03   0.53434657E-03   0.53578791E-03
  16.883   4.883   0.22331732E-01   0.32141228E-03   0.21337349E-03   0.53621476E-03   0.53478576E-03   0.53621476E-03
  16.900   4.900   0.22373373E-01   0.32129659E-03   0.21391807E-03   0.53663145E-03   0.53521465E-03   0.53663145E-03
  16.917   4.917   0.22414545E-01   0.32117740E-03   0.21445579E-03   0.53703790E-03   0.53563317E-03   0.53703790E-03
  16.933   4.933   0.22455250E-01   0.32105466E-03   0.21498662E-03   0.53743403E-03   0.53604126E-03   0.53743403E-03
  16.950   4.950   0.22495488E-01   0.32092832E-03   0.21551055E-03   0.53781978E-03   0.53643886E-03   0.53781978E-03
  16.967   4.967   0.22535258E-01   0.32079834E-03   0.21602757E-03   0.53819508E-03   0.53682591E-03   0.53819508E-03
  16.983   4.983   0.22574562E-01   0.32066469E-03   0.21653767E-03   0.53855986E-03   0.53720235E-03   0.53855986E-03
  17.000   5.000   0.22613399E-01   0.32052732E-03   0.21704082E-03   0.53891408E-03   0.53756814E-03   0.53891408E-03
  17.017   5.017   0.22651769E-01   0.32038621E-03   0.21753702E-03   0.53925767E-03   0.53792322E-03   0.53925767E-03
  17.033   5.033   0.22689673E-01   0.32024131E-03   0.21802626E-03   0.53959059E-03   0.53826756E-03   0.53959059E-03
  17.050   5.050   0.22727110E-01   0.32009261E-03   0.21850850E-03   0.53991279E-03   0.53860110E-03   0.53991279E-03
  17.067   5.067   0.22764081E-01   0.31994007E-03   0.21898375E-03   0.54022421E-03   0.53892381E-03   0.54022421E-03
  17.083   5.083   0.22800584E-01   0.31978367E-03   0.21945199E-03   0.54052482E-03   0.53923565E-03   0.54052482E-03
  17.100   5.100   0.22836619E-01   0.31962339E-03   0.21991320E-03   0.54081457E-03   0.53953658E-03   0.54081457E-03
  17.117   5.117   0.22872187E-01   0.31945920E-03   0.22036737E-03   0.54109342E-03   0.53982656E-03   0.54109342E-03
  17.133   5.133   0.22907287E-01   0.31929110E-03   0.22081448E-03   0.54136135E-03   0.54010557E-03   0.54136135E-03
  17.150   5.150   0.22941918E-01   0.31911906E-03   0.22125452E-03   0.54161830E-03   0.54037357E-03   0.54161830E-03
  17.167   5.167   0.22976080E-01   0.31894306E-03   0.22168748E-03   0.54186425E-03   0.54063053E-03   0.54186425E-03
  17.183   5.183   0.23009773E-01   0.31876310E-03   0.22211334E-03   0.54209917E-03   0.54087643E-03   0.54209917E-03
  17.200   5.200   0.23042995E-01   0.31857916E-03   0.22253208E-03   0.54232303E-03   0.54111123E-03   0.54232303E-03
  17.217   5.217   0.23075747E-01   0.31839123E-03   0.22294370E-03   0.54253579E-03   0.54133491E-03   0.54253579E-03
  17.233   5.233   0.23108027E-01   0.31819929E-03   0.22334817E-03   0.54273744E-03   0.54154745E-03   0.54273744E-03
  17.250   5.250   0.23139835E-01   0.31800335E-03   0.22374550E-03   0.54292794E-03   0.54174883E-03   0.54292794E-03
  17.267   5.267   0.23171170E-01   0.31780338E-03   0.22413565E-03   0.54310727E-03   0.54193902E-03   0.54310727E-03
  17.283   5.283   0.23202032E-01   0.31759939E-03   0.22451862E-03   0.54327541E-03   0.54211800E-03   0.54327541E-03
  17.300   5.300   0.23232419E-01   0.31739136E-03   0.22489440E-03   0.54343234E-03   0.54228575E-03   0.54343234E-03
  17.317   5.317   0.23262331E-01   0.31717930E-03   0.22526298E-03   0.54357803E-03   0.54244226E-03   0.54357803E-03
  17.333   5.333   0.23291768E-01   0.31696319E-03   0.22562433E-03   0.54371248E-03   0.54258751E-03   0.54371248E-03
  17.350   5.350   0.23320728E-01   0.31674304E-03   0.22597845E-03   0.54383565E-03   0.54272148E-03   0.54383565E-03
  17.367   5.367   0.23349210E-01   0.31651884E-03   0.22632533E-03   0.54394753E-03   0.54284416E-03   0.54394753E-03
  17.383   5.383   0.23377214E-01   0.31629058E-03   0.22666495E-03   0.54404811E-03   0.54295552E-03   0.54404811E-03
  17.400   5.400   0.23404738E-01   0.31605828E-03   0.22699731E-03   0.54413737E-03   0.54305557E-03   0.54413737E-03
  17.417   5.417   0.23431783E-01   0.31582191E-03   0.22732238E-03   0.54421530E-03   0.54314428E-03   0.54421530E-03
  17.433   5.433   0.23458347E-01   0.31558149E-03   0.22764017E-03   0.54428187E-03   0.54322164E-03   0.54428187E-03
  17.450   5.450   0.23484428E-01   0.31533701E-03   0.22795065E-03   0.54433709E-03   0.54328765E-03   0.54433709E-03
  17.467   5.467   0.23510027E-01   0.31508848E-03   0.22825382E-03   0.54438094E-03   0.54334229E-03   0.54438094E-03
  17.483   5.483   0.23535142E-01   0.31483589E-03   0.22854967E-03   0.54441340E-03   0.54338555E-03   0.54441340E-03
  17.500   5.500   0.23559772E-01   0.31457925E-03   0.22883818E-03   0.54443447E-03   0.54341742E-03   0.54443447E-03
  17.517   5.517   0.23583917E-01   0.31431855E-03   0.22911935E-03   0.54444413E-03   0.54343789E-03   0.54444413E-03
  17.533   5.533   0.23607575E-01   0.31405381E-03   0.22939317E-03   0.54444239E-03   0.54344696E-03   0.54444239E-03
  17.550   5.550   0.23630745E-01   0.31378501E-03   0.22965963E-03   0.54442922E-03   0.54344462E-03   0.54442922E-03
  17.567   5.567   0.23653427E-01   0.31351217E-03   0.22991871E-03   0.54440462E-03   0.54343086E-03   0.54440462E-03
  17.583   5.583   0.23675619E-01   0.31323529E-03   0.23017041E-03   0.54436859E-03   0.54340568E-03   0.54436859E-03
  17.600   5.600   0.23697321E-01   0.31295436E-03   0.23041472E-03   0.54432112E-03   0.54336907E-03   0.54432112E-03
  17.617   5.617   0.23718531E-01   0.31266940E-03   0.23065164E-03   0.54426220E-03   0.54332102E-03   0.54426220E-03
  17.633   5.633   0.23739248E-01   0.31238040E-03   0.23088114E-03   0.54419182E-03   0.54326153E-03   0.54419182E-03
  17.650   5.650   0.23759472E-01   0.31208738E-03   0.23110323E-03   0.54410999E-03   0.54319059E-03   0.54410999E-03
  17.667   5.667   0.23779202E-01   0.31179032E-03   0.23131790E-03   0.54401669E-03   0.54310821E-03   0.54401669E-03
  17.683   5.683   0.23798435E-01   0.31148925E-03   0.23152514E-03   0.54391193E-03   0.54301438E-03   0.54391193E-03
  17.700   5.700   0.23817173E-01   0.31118416E-03   0.23172494E-03   0.54379570E-03   0.54290909E-03   0.54379570E-03
  17.717   5.717   0.23835413E-01   0.31087506E-03   0.23191730E-03   0.54366799E-03   0.54279235E-03   0.54366799E-03
  17.733   5.733   0.23853154E-01   0.31056195E-03   0.23210221E-03   0.54352881E-03   0.54266414E-03   0.54352881E-03
  17.750   5.750   0.23870396E-01   0.31024484E-03   0.23227966E-03   0.54337815E-03   0.54252448E-03   0.54337815E-03
  17.767   5.767   0.23887137E-01   0.30992373E-03   0.23244965E-03   0.54321602E-03   0.54237336E-03   0.54321602E-03
  17.783   5.783   0.23903377E-01   0.30959863E-03   0.23261216E-03   0.54304240E-03   0.54221078E-03   0.54304240E-03
  17.800   5.800   0.23919114E-01   0.30926954E-03   0.23276721E-03   0.54285731E-03   0.54203673E-03   0.54285731E-03
  17.817   5.817   0.23934348E-01   0.30893647E-03   0.23291477E-03   0.54266073E-03   0.54185122E-03   0.54266073E-03
  17.833   5.833   0.23949077E-01   0.30859942E-03   0.23305485E-03   0.54245267E-03   0.54165425E-03   0.54245267E-03
  17.850   5.850   0.23963301E-01   0.30825840E-03   0.23318744E-03   0.54223313E-03   0.54144582E-03   0.54223313E-03
  17.867   5.867   0.23977019E-01   0.30791342E-03   0.23331254E-03   0.54200212E-03   0.54122593E-03   0.54200212E-03
  17.883   5.883   0.23990229E-01   0.30756447E-03   0.23343013E-03   0.54175962E-03   0.54099459E-03   0.54175962E-03
  17.900   5.900   0.24002930E-01   0.30721157E-03   0.23354023E-03   0.54150565E-03   0.54075178E-03   0.54150565E-03
  17.917   5.917   0.24015122E-01   0.30685472E-03   0.23364282E-03   0.54124021E-03   0.54049753E-03   0.54124021E-03
  17.933   5.933   0.24026804E-01   0.30649393E-03   0.23373790E-03   0.54096329E-03   0.54023182E-03   0.54096329E-03
  17.950   5.950   0.24037975E-01   0.30612920E-03   0.23382548E-03   0.54067490E-03   0.53995466E-03   0.54067490E-03
  17.967   5.967   0.24048634E-01   0.30576054E-03   0.23390553E-03   0.54037505E-03   0.53966606E-03   0.54037505E-03
  17.983   5.983   0.24058779E-01   0.30538796E-03   0.23397807E-03   0.54006373E-03   0.53936601E-03   0.54006373E-03
  18.000   6.000   0.24068410E-01   0.30501145E-03   0.23404309E-03   0.53974096E-03   0.53905453E-03   0.53974096E-03
  18.017   6.017   0.24077527E-01   0.30463103E-03   0.23410059E-03   0.53940672E-03   0.53873161E-03   0.53940672E-03
  18.033   6.033   0.24086127E-01   0.30424671E-03   0.23415057E-03   0.53906104E-03   0.53839726E-03   0.53906104E-03
  18.050   6.050   0.24094211E-01   0.30385848E-03   0.23419303E-03   0.53870391E-03   0.53805148E-03   0.53870391E-03
  18.067   6.067   0.24101777E-01   0.30346635E-03   0.23422796E-03   0.53833533E-03   0.53769429E-03   0.53833533E-03
  18.083   6.083   0.24108824E-01   0.30307033E-03   0.23425536E-03   0.53795532E-03   0.53732567E-03   0.53795532E-03
  18.100   6.100   0.24115352E-01   0.30267043E-03   0.23427524E-03   0.53756388E-03   0.53694565E-03   0.53756388E-03
  18.117   6.117   0.24121360E-01   0.30226664E-03   0.23428759E-03   0.53716101E-03   0.53655422E-03   0.53716101E-03
  18.133   6.133   0.24126847E-01   0.30185899E-03   0.23429242E-03   0.53674672E-03   0.53615139E-03   0.53674672E-03
  18.150   6.150   0.24131811E-01   0.30144746E-03   0.23428972E-03   0.53632102E-03   0.53573717E-03   0.53632102E-03
  18.167   6.167   0.24136253E-01   0.30103208E-03   0.23427950E-03   0.53588391E-03   0.53531156E-03   0.53588391E-03
  18.183   6.183   0.24140171E-01   0.30061283E-03   0.23426175E-03   0.53543539E-03   0.53487457E-03   0.53543539E-03
  18.200   6.200   0.24143564E-01   0.30018974E-03   0.23423649E-03   0.53497549E-03   0.53442621E-03   0.53497549E-03
  18.217   6.217   0.24146432E-01   0.29976280E-03   0.23420370E-03   0.53450420E-03   0.53396648E-03   0.53450420E-03
  18.233   6.233   0.24148774E-01   0.29933202E-03   0.23416339E-03   0.53402152E-03   0.53349539E-03   0.53402152E-03
  18.250   6.250   0.24150589E-01   0.29889740E-03   0.23411557E-03   0.53352748E-03   0.53301295E-03   0.53352748E-03
  18.267   6.267   0.24151877E-01   0.29845896E-03   0.23406023E-03   0.53302207E-03   0.53251917E-03   0.53302207E-03
  18.283   6.283   0.24152636E-01   0.29801669E-03   0.23399738E-03   0.53250531E-03   0.53201405E-03   0.53250531E-03
  18.300   6.300   0.24152865E-01   0.29757060E-03   0.23392702E-03   0.53197720E-03   0.53149760E-03   0.53197720E-03
  18.317   6.317   0.24152565E-01   0.29712070E-03   0.23384916E-03   0.53143775E-03   0.53096984E-03   0.53143775E-03
  18.333   6.333   0.24151735E-01   0.29666699E-03   0.23376379E-03   0.53088698E-03   0.53043076E-03   0.53088698E-03
  18.350   6.350   0.24150373E-01   0.29620948E-03   0.23367093E-03   0.53032488E-03   0.52988039E-03   0.53032488E-03
  18.367   6.367   0.24148479E-01   0.29574816E-03   0.23357058E-03   0.52975148E-03   0.52931872E-03   0.52975148E-03
  18.383   6.383   0.24146052E-01   0.29528306E-03   0.23346273E-03   0.52916677E-03   0.52874577E-03   0.52916677E-03
  18.400   6.400   0.24143093E-01   0.29481417E-03   0.23334740E-03   0.52857077E-03   0.52816155E-03   0.52857077E-03
  18.417   6.417   0.24139599E-01   0.29434149E-03   0.23322460E-03   0.52796349E-03   0.52756607E-03   0.52796349E-03
  18.433   6.433   0.24135570E-01   0.29386503E-03   0.23309431E-03   0.52734495E-03   0.52695933E-03   0.52734495E-03
  18.450   6.450   0.24131006E-01   0.29338480E-03   0.23295657E-03   0.52671514E-03   0.52634135E-03   0.52671514E-03
  18.467   6.467   0.24125907E-01   0.29290080E-03   0.23281135E-03   0.52607408E-03   0.52571214E-03   0.52607408E-03
  18.483   6.483   0.24120271E-01   0.29241304E-03   0.23265869E-03   0.52542179E-03   0.52507170E-03   0.52542179E-03
  18.500   6.500   0.24114098E-01   0.29192151E-03   0.23249857E-03   0.52475827E-03   0.52442006E-03   0.52475827E-03
  18.517   6.517   0.24107387E-01   0.29142623E-03   0.23233101E-03   0.52408353E-03   0.52375722E-03   0.52408353E-03
  18.533   6.533   0.24100138E-01   0.29092719E-03   0.23215602E-03   0.52339760E-03   0.52308319E-03   0.52339760E-03
  18.550   6.550   0.24092351E-01   0.29042441E-03   0.23197360E-03   0.52270047E-03   0.52239799E-03   0.52270047E-03
  18.567   6.567   0.24084024E-01   0.28991788E-03   0.23178376E-03   0.52199216E-03   0.52170162E-03   0.52199216E-03
  18.583   6.583   0.24075158E-01   0.28940762E-03   0.23158650E-03   0.52127268E-03   0.52099410E-03   0.52127268E-03
  18.600   6.600   0.24065751E-01   0.28889362E-03   0.23138184E-03   0.52054206E-03   0.52027544E-03   0.52054206E-03
  18.617   6.617   0.24055804E-01   0.28837588E-03   0.23116979E-03   0.51980029E-03   0.51954565E-03   0.51980029E-03
  18.633   6.633   0.24045316E-01   0.28785442E-03   0.23095035E-03   0.51904739E-03   0.51880475E-03   0.51904739E-03
  18.650   6.650   0.24034287E-01   0.28732923E-03   0.23072353E-03   0.51828338E-03   0.51805275E-03   0.51828338E-03
  18.667   6.667   0.24022715E-01   0.28680033E-03   0.23048935E-03   0.51750827E-03   0.51728966E-03   0.51750827E-03
  18.683   6.683   0.24010601E-01   0.28626770E-03   0.23024781E-03   0.51672207E-03   0.51651549E-03   0.51672207E-03
  18.700   6.700   0.23997945E-01   0.28573137E-03   0.22999891E-03   0.51592480E-03   0.51573026E-03   0.51592480E-03
  18.717   6.717   0.23984745E-01   0.28519132E-03   0.22974269E-03   0.51511646E-03   0.51493399E-03   0.51511646E-03
  18.733   6.733   0.23971002E-01   0.28464757E-03   0.22947913E-03   0.51429709E-03   0.51412668E-03   0.51429709E-03
  18.750   6.750   0.23956715E-01   0.28410011E-03   0.22920826E-03   0.51346668E-03   0.51330835E-03   0.51346668E-03
  18.767   6.767   0.23941884E-01   0.28354895E-03   0.22893008E-03   0.51262526E-03   0.51247901E-03   0.51262526E-03
  18.783   6.783   0.23926509E-01   0.28299409E-03   0.22864461E-03   0.51177284E-03   0.51163869E-03   0.51177284E-03
  18.800   6.800   0.23910589E-01   0.28243554E-03   0.22835186E-03   0.51090943E-03   0.51078739E-03   0.51090943E-03
  18.817   6.817   0.23894125E-01   0.28187330E-03   0.22805185E-03   0.51003505E-03   0.50992512E-03   0.51003505E-03
  18.833   6.833   0.23877115E-01   0.28130737E-03   0.22774457E-03   0.50914972E-03   0.50905192E-03   0.50914972E-03
  18.850   6.850   0.23859560E-01   0.28073775E-03   0.22743005E-03   0.50825346E-03   0.50816778E-03   0.50825346E-03
  18.867   6.867   0.23841459E-01   0.28016445E-03   0.22710830E-03   0.50734627E-03   0.50727273E-03   0.50734627E-03
  18.883   6.883   0.23822812E-01   0.27958747E-03   0.22677934E-03   0.50642818E-03   0.50636678E-03   0.50642818E-03
  18.900   6.900   0.23803620E-01   0.27900681E-03   0.22644317E-03   0.50549920E-03   0.50544995E-03   0.50549920E-03
  18.917   6.917   0.23783881E-01   0.27842247E-03   0.22609981E-03   0.50455934E-03   0.50452226E-03   0.50455934E-03
  18.933   6.933   0.23763597E-01   0.27783446E-03   0.22574927E-03   0.50360864E-03   0.50358371E-03   0.50360864E-03
  18.950   6.950   0.23742766E-01   0.27724278E-03   0.22539158E-03   0.50264709E-03   0.50263433E-03   0.50264709E-03
  18.967   6.967   0.23721389E-01   0.27664742E-03   0.22502674E-03   0.50167473E-03   0.50167414E-03   0.50167473E-03
  18.983   6.983   0.23699465E-01   0.27604840E-03   0.22465477E-03   0.50069157E-03   0.50070315E-03   0.50069157E-03
  19.000   7.000   0.23676995E-01   0.27544572E-03   0.22427568E-03   0.49969762E-03   0.49972138E-03   0.49969762E-03
  19.017   7.017   0.23653978E-01   0.27483937E-03   0.22388950E-03   0.49869291E-03   0.49872885E-03   0.49869291E-03
  19.033   7.033   0.23630414E-01   0.27422936E-03   0.22349624E-03   0.49767746E-03   0.49772558E-03   0.49767746E-03
  19.050   7.050   0.23606305E-01   0.27361569E-03   0.22309591E-03   0.49665127E-03   0.49671158E-03   0.49665127E-03
  19.067   7.067   0.23581648E-01   0.27299836E-03   0.22268853E-03   0.49561438E-03   0.49568687E-03   0.49561438E-03
  19.083   7.083   0.23556445E-01   0.27237737E-03   0.22227412E-03   0.49456680E-03   0.49465147E-03   0.49456680E-03
  19.100   7.100   0.23530696E-01   0.27175273E-03   0.22185269E-03   0.49350855E-03   0.49360541E-03   0.49350855E-03
  19.117   7.117   0.23504400E-01   0.27112444E-03   0.22142427E-03   0.49243965E-03   0.49254869E-03   0.49243965E-03
  19.133   7.133   0.23477559E-01   0.27049249E-03   0.22098887E-03   0.49136012E-03   0.49148134E-03   0.49136012E-03
  19.150   7.150   0.23450171E-01   0.26985689E-03   0.22054652E-03   0.49026998E-03   0.49040339E-03   0.49026998E-03
  19.167   7.167   0.23422237E-01   0.26921764E-03   0.22009722E-03   0.48916926E-03   0.48931484E-03   0.48916926E-03
  19.183   7.183   0.23393757E-01   0.26857475E-03   0.21964100E-03   0.48805796E-03   0.48821572E-03   0.48805796E-03
  19.200   7.200   0.23364732E-01   0.26792820E-03   0.21917787E-03   0.48693612E-03   0.48710605E-03   0.48693612E-03
  19.217   7.217   0.23335162E-01   0.26727801E-03   0.21870787E-03   0.48580376E-03   0.48598586E-03   0.48580376E-03
  19.233   7.233   0.23305046E-01   0.26662417E-03   0.21823100E-03   0.48466089E-03   0.48485515E-03   0.48466089E-03
  19.250   7.250   0.23274385E-01   0.26596669E-03   0.21774730E-03   0.48350754E-03   0.48371396E-03   0.48350754E-03
  19.267   7.267   0.23243180E-01   0.26530556E-03   0.21725677E-03   0.48234373E-03   0.48256231E-03   0.48234373E-03
  19.283   7.283   0.23211431E-01   0.26464079E-03   0.21675944E-03   0.48116949E-03   0.48140021E-03   0.48116949E-03
  19.300   7.300   0.23179138E-01   0.26397237E-03   0.21625534E-03   0.47998483E-03   0.48022769E-03   0.47998483E-03
  19.317   7.317   0.23146301E-01   0.26330032E-03   0.21574447E-03   0.47878978E-03   0.47904477E-03   0.47878978E-03
  19.333   7.333   0.23112920E-01   0.26262462E-03   0.21522688E-03   0.47758437E-03   0.47785148E-03   0.47758437E-03
  19.350   7.350   0.23078997E-01   0.26194528E-03   0.21470257E-03   0.47636861E-03   0.47664784E-03   0.47636861E-03
  19.367   7.367   0.23044531E-01   0.26126230E-03   0.21417158E-03   0.47514253E-03   0.47543386E-03   0.47514253E-03
  19.383   7.383   0.23009524E-01   0.26057568E-03   0.21363392E-03   0.47390616E-03   0.47420959E-03   0.47390616E-03
  19.400   7.400   0.22973974E-01   0.25988543E-03   0.21308962E-03   0.47265952E-03   0.47297503E-03   0.47265952E-03
  19.417   7.417   0.22937884E-01   0.25919153E-03   0.21253871E-03   0.47140263E-03   0.47173022E-03   0.47140263E-03
  19.433   7.433   0.22901253E-01   0.25849399E-03   0.21198120E-03   0.47013552E-03   0.47047517E-03   0.47013552E-03
  19.450   7.450   0.22864082E-01   0.25779281E-03   0.21141712E-03   0.46885822E-03   0.46920992E-03   0.46885822E-03
  19.467   7.467   0.22826371E-01   0.25708800E-03   0.21084650E-03   0.46757075E-03   0.46793448E-03   0.46757075E-03
  19.483   7.483   0.22788121E-01   0.25637954E-03   0.21026937E-03   0.46627314E-03   0.46664889E-03   0.46627314E-03
  19.500   7.500   0.22749333E-01   0.25566745E-03   0.20968574E-03   0.46496541E-03   0.46535317E-03   0.46496541E-03
  19.517   7.517   0.22710006E-01   0.25495172E-03   0.20909564E-03   0.46364760E-03   0.46404735E-03   0.46364760E-03
  19.533   7.533   0.22670143E-01   0.25423235E-03   0.20849911E-03   0.46231972E-03   0.46273145E-03   0.46231972E-03
  19.550   7.550   0.22629743E-01   0.25350934E-03   0.20789617E-03   0.46098181E-03   0.46140550E-03   0.46098181E-03
  19.567   7.567   0.22588807E-01   0.25278270E-03   0.20728684E-03   0.45963390E-03   0.46006952E-03   0.45963390E-03
  19.583   7.583   0.22547337E-01   0.25205241E-03   0.20667116E-03   0.45827600E-03   0.45872355E-03   0.45827600E-03
  19.600   7.600   0.22505331E-01   0.25131849E-03   0.20604915E-03   0.45690816E-03   0.45736762E-03   0.45690816E-03
  19.617   7.617   0.22462792E-01   0.25058093E-03   0.20542084E-03   0.45553040E-03   0.45600175E-03   0.45553040E-03
  19.633   7.633   0.22419720E-01   0.24983973E-03   0.20478625E-03   0.45414275E-03   0.45462596E-03   0.45414275E-03
  19.650   7.650   0.22376116E-01   0.24909489E-03   0.20414543E-03   0.45274524E-03   0.45324030E-03   0.45274524E-03
  19.667   7.667   0.22331981E-01   0.24834641E-03   0.20349840E-03   0.45133791E-03   0.45184479E-03   0.45133791E-03
  19.683   7.683   0.22287315E-01   0.24759429E-03   0.20284518E-03   0.44992077E-03   0.45043946E-03   0.44992077E-03
  19.700   7.700   0.22242120E-01   0.24683854E-03   0.20218581E-03   0.44849386E-03   0.44902433E-03   0.44849386E-03
  19.717   7.717   0.22196396E-01   0.24607914E-03   0.20152033E-03   0.44705722E-03   0.44759945E-03   0.44705722E-03
  19.733   7.733   0.22150144E-01   0.24531611E-03   0.20084875E-03   0.44561088E-03   0.44616484E-03   0.44561088E-03
  19.750   7.750   0.22103366E-01   0.24454943E-03   0.20017112E-03   0.44415486E-03   0.44472053E-03   0.44415486E-03
  19.767   7.767   0.22056061E-01   0.24377911E-03   0.19948746E-03   0.44268920E-03   0.44326656E-03   0.44268920E-03
  19.783   7.783   0.22008232E-01   0.24300516E-03   0.19879781E-03   0.44121394E-03   0.44180296E-03   0.44121394E-03
  19.800   7.800   0.21959879E-01   0.24222756E-03   0.19810221E-03   0.43972911E-03   0.44032975E-03   0.43972911E-03
  19.817   7.817   0.21911003E-01   0.24144633E-03   0.19740067E-03   0.43823473E-03   0.43884699E-03   0.43823473E-03
  19.833   7.833   0.21861606E-01   0.24066145E-03   0.19669325E-03   0.43673086E-03   0.43735469E-03   0.43673086E-03
  19.850   7.850   0.21811687E-01   0.23987294E-03   0.19597997E-03   0.43521751E-03   0.43585289E-03   0.43521751E-03
  19.867   7.867   0.21761250E-01   0.23908078E-03   0.19526087E-03   0.43369473E-03   0.43434163E-03   0.43369473E-03
  19.883   7.883   0.21710294E-01   0.23828498E-03   0.19453598E-03   0.43216256E-03   0.43282094E-03   0.43216256E-03
  19.900   7.900   0.21658821E-01   0.23748555E-03   0.19380534E-03   0.43062102E-03   0.43129087E-03   0.43062102E-03
  19.917   7.917   0.21606832E-01   0.23668247E-03   0.19306898E-03   0.42907016E-03   0.42975143E-03   0.42907016E-03
  19.933   7.933   0.21554328E-01   0.23587575E-03   0.19232695E-03   0.42751002E-03   0.42820268E-03   0.42751002E-03
  19.950   7.950   0.21501311E-01   0.23506540E-03   0.19157927E-03   0.42594062E-03   0.42664465E-03   0.42594062E-03
  19.967   7.967   0.21447781E-01   0.23425140E-03   0.19082599E-03   0.42436202E-03   0.42507737E-03   0.42436202E-03
  19.983   7.983   0.21393741E-01   0.23343376E-03   0.19006715E-03   0.42277425E-03   0.42350089E-03   0.42277425E-03
  20.000   8.000   0.21339192E-01   0.23261249E-03   0.18930277E-03   0.42117734E-03   0.42191524E-03   0.42117734E-03
  20.017   8.017   0.21284134E-01   0.23178757E-03   0.18853291E-03   0.41957135E-03   0.42032047E-03   0.41957135E-03
  20.033   8.033   0.21228569E-01   0.23095902E-03   0.18775760E-03   0.41795630E-03   0.41871660E-03   0.41795630E-03
  20.050   8.050   0.21172499E-01   0.23012683E-03   0.18697688E-03   0.41633224E-03   0.41710370E-03   0.41633224E-03
  20.067   8.067   0.21115925E-01   0.22929101E-03   0.18619079E-03   0.41469922E-03   0.41548178E-03   0.41469922E-03
  20.083   8.083   0.21058849E-01   0.22845154E-03   0.18539938E-03   0.41305727E-03   0.41385090E-03   0.41305727E-03
  20.100   8.100   0.21001272E-01   0.22760845E-03   0.18460267E-03   0.41140644E-03   0.41221110E-03   0.41140644E-03
  20.117   8.117   0.20943196E-01   0.22676171E-03   0.18380073E-03   0.40974678E-03   0.41056242E-03   0.40974678E-03
  20.133   8.133   0.20884621E-01   0.22591135E-03   0.18299358E-03   0.40807831E-03   0.40890491E-03   0.40807831E-03
  20.150   8.150   0.20825551E-01   0.22505735E-03   0.18218127E-03   0.40640110E-03   0.40723860E-03   0.40640110E-03
  20.167   8.167   0.20765986E-01   0.22419972E-03   0.18136385E-03   0.40471519E-03   0.40556355E-03   0.40471519E-03
  20.183   8.183   0.20705928E-01   0.22333846E-03   0.18054135E-03   0.40302061E-03   0.40387979E-03   0.40302061E-03
  20.200   8.200   0.20645379E-01   0.22247358E-03   0.17971382E-03   0.40131743E-03   0.40218738E-03   0.40131743E-03
  20.217   8.217   0.20584341E-01   0.22160506E-03   0.17888132E-03   0.39960568E-03   0.40048636E-03   0.39960568E-03
  20.233   8.233   0.20522815E-01   0.22073293E-03   0.17804387E-03   0.39788541E-03   0.39877678E-03   0.39788541E-03
  20.250   8.250   0.20460803E-01   0.21985717E-03   0.17720154E-03   0.39615668E-03   0.39705869E-03   0.39615668E-03
  20.267   8.267   0.20398306E-01   0.21897778E-03   0.17635436E-03   0.39441953E-03   0.39533212E-03   0.39441953E-03
  20.283   8.283   0.20335328E-01   0.21809479E-03   0.17550238E-03   0.39267401E-03   0.39359715E-03   0.39267401E-03
  20.300   8.300   0.20271869E-01   0.21720817E-03   0.17464565E-03   0.39092018E-03   0.39185380E-03   0.39092018E-03
  20.317   8.317   0.20207931E-01   0.21631794E-03   0.17378422E-03   0.38915808E-03   0.39010214E-03   0.38915808E-03
  20.333   8.333   0.20143517E-01   0.21542410E-03   0.17291814E-03   0.38738776E-03   0.38834222E-03   0.38738776E-03
  20.350   8.350   0.20078628E-01   0.21452665E-03   0.17204745E-03   0.38560929E-03   0.38657409E-03   0.38560929E-03
  20.367   8.367   0.20013267E-01   0.21362560E-03   0.17117221E-03   0.38382271E-03   0.38479779E-03   0.38382271E-03
  20.383   8.383   0.19947435E-01   0.21272094E-03   0.17029247E-03   0.38202808E-03   0.38301339E-03   0.38202808E-03
  20.400   8.400   0.19881135E-01   0.21181269E-03   0.16940827E-03   0.38022545E-03   0.38122094E-03   0.38022545E-03
  20.417   8.417   0.19814368E-01   0.21090085E-03   0.16851967E-03   0.37841488E-03   0.37942050E-03   0.37841488E-03
  20.433   8.433   0.19747137E-01   0.20998541E-03   0.16762672E-03   0.37659643E-03   0.37761212E-03   0.37659643E-03
  20.450   8.450   0.19679444E-01   0.20906638E-03   0.16672948E-03   0.37477015E-03   0.37579585E-03   0.37477015E-03
  20.467   8.467   0.19611292E-01   0.20814378E-03   0.16582799E-03   0.37293611E-03   0.37397176E-03   0.37293611E-03
  20.483   8.483   0.19542681E-01   0.20721760E-03   0.16492232E-03   0.37109436E-03   0.37213990E-03   0.37109436E-03
  20.500   8.500   0.19473615E-01   0.20628784E-03   0.16401251E-03   0.36924495E-03   0.37030033E-03   0.36924495E-03
  20.517   8.517   0.19404097E-01   0.20535452E-03   0.16309862E-03   0.36738797E-03   0.36845312E-03   0.36738797E-03
  20.533   8.533   0.19334127E-01   0.20441764E-03   0.16218070E-03   0.36552346E-03   0.36659832E-03   0.36552346E-03
  20.550   8.550   0.19263709E-01   0.20347720E-03   0.16125882E-03   0.36365148E-03   0.36473600E-03   0.36365148E-03
  20.567   8.567   0.19192846E-01   0.20253321E-03   0.16033303E-03   0.36177211E-03   0.36286622E-03   0.36177211E-03
  20.583   8.583   0.19121539E-01   0.20158568E-03   0.15940338E-03   0.35988541E-03   0.36098904E-03   0.35988541E-03
  20.600   8.600   0.19049791E-01   0.20063461E-03   0.15846994E-03   0.35799143E-03   0.35910453E-03   0.35799143E-03
  20.617   8.617   0.18977605E-01   0.19968001E-03   0.15753276E-03   0.35609026E-03   0.35721276E-03   0.35609026E-03
  20.633   8.633   0.18904983E-01   0.19872189E-03   0.15659190E-03   0.35418196E-03   0.35531378E-03   0.35418196E-03
  20.650   8.650   0.18831927E-01   0.19776026E-03   0.15564743E-03   0.35226658E-03   0.35340767E-03   0.35226658E-03
  20.667   8.667   0.18758442E-01   0.19679511E-03   0.15469940E-03   0.35034422E-03   0.35149450E-03   0.35034422E-03
  20.683   8.683   0.18684528E-01   0.19582647E-03   0.15374788E-03   0.34841492E-03   0.34957433E-03   0.34841492E-03
  20.700   8.700   0.18610190E-01   0.19485434E-03   0.15279292E-03   0.34647878E-03   0.34764724E-03   0.34647878E-03
  20.717   8.717   0.18535429E-01   0.19387873E-03   0.15183459E-03   0.34453585E-03   0.34571330E-03   0.34453585E-03
  20.733   8.733   0.18460249E-01   0.19289965E-03   0.15087295E-03   0.34258622E-03   0.34377258E-03   0.34258622E-03
  20.750   8.750   0.18384652E-01   0.19191711E-03   0.14990807E-03   0.34062995E-03   0.34182516E-03   0.34062995E-03
  20.767   8.767   0.18308641E-01   0.19093111E-03   0.14894001E-03   0.33866713E-03   0.33987110E-03   0.33866713E-03
  20.783   8.783   0.18232220E-01   0.18994168E-03   0.14796883E-03   0.33669783E-03   0.33791049E-03   0.33669783E-03
  20.800   8.800   0.18155390E-01   0.18894881E-03   0.14699461E-03   0.33472212E-03   0.33594340E-03   0.33472212E-03
  20.817   8.817   0.18078156E-01   0.18795253E-03   0.14601740E-03   0.33274009E-03   0.33396991E-03   0.33274009E-03
  20.833   8.833   0.18000520E-01   0.18695285E-03   0.14503728E-03   0.33075182E-03   0.33199011E-03   0.33075182E-03
  20.850   8.850   0.17922486E-01   0.18594977E-03   0.14405431E-03   0.32875739E-03   0.33000406E-03   0.32875739E-03
  20.867   8.867   0.17844056E-01   0.18494331E-03   0.14306856E-03   0.32675688E-03   0.32801185E-03   0.32675688E-03
  20.883   8.883   0.17765234E-01   0.18393349E-03   0.14208010E-03   0.32475037E-03   0.32601357E-03   0.32475037E-03
  20.900   8.900   0.17686023E-01   0.18292032E-03   0.14108900E-03   0.32273795E-03   0.32400930E-03   0.32273795E-03
  20.917   8.917   0.17606426E-01   0.18190381E-03   0.14009533E-03   0.32071971E-03   0.32199912E-03   0.32071971E-03
  20.933   8.933   0.17526447E-01   0.18088398E-03   0.13909916E-03   0.31869573E-03   0.31998312E-03   0.31869573E-03
  20.950   8.950   0.17446088E-01   0.17986084E-03   0.13810057E-03   0.31666610E-03   0.31796139E-03   0.31666610E-03
  20.967   8.967   0.17365354E-01   0.17883442E-03   0.13709962E-03   0.31463092E-03   0.31593402E-03   0.31463092E-03
