        RT(hours)          [ISNO3]         P_R_37           tot_loss         tot_prod
  12.017   0.017   0.36172036E-02   0.29924917E-06   0.00000000E+00   0.29924917E-06
  12.033   0.033   0.72352244E-02   0.28675640E-06   0.00000000E+00   0.28675640E-06
  12.050   0.050   0.10852766E-01   0.27918543E-06   0.00000000E+00   0.27918543E-06
  12.067   0.067   0.14469900E-01   0.27474245E-06   0.00000000E+00   0.27474245E-06
  12.083   0.083   0.18086607E-01   0.27219963E-06   0.00000000E+00   0.27219963E-06
  12.100   0.100   0.21702809E-01   0.27079383E-06   0.00000000E+00   0.27079383E-06
  12.117   0.117   0.25318390E-01   0.27007232E-06   0.00000000E+00   0.27007232E-06
  12.133   0.133   0.28933213E-01   0.26977345E-06   0.00000000E+00   0.26977345E-06
  12.150   0.150   0.32547131E-01   0.26974831E-06   0.00000000E+00   0.26974831E-06
  12.167   0.167   0.36159986E-01   0.26991283E-06   0.00000000E+00   0.26991283E-06
  12.183   0.183   0.39771618E-01   0.27021968E-06   0.00000000E+00   0.27021968E-06
  12.200   0.200   0.43381864E-01   0.27064220E-06   0.00000000E+00   0.27064220E-06
  12.217   0.217   0.46990557E-01   0.27116526E-06   0.00000000E+00   0.27116526E-06
  12.233   0.233   0.50597531E-01   0.27178026E-06   0.00000000E+00   0.27178026E-06
  12.250   0.250   0.54202619E-01   0.27248225E-06   0.00000000E+00   0.27248225E-06
  12.267   0.267   0.57805652E-01   0.27326836E-06   0.00000000E+00   0.27326836E-06
  12.283   0.283   0.61406461E-01   0.27413695E-06   0.00000000E+00   0.27413695E-06
  12.300   0.300   0.65004875E-01   0.27508708E-06   0.00000000E+00   0.27508708E-06
  12.317   0.317   0.68600724E-01   0.27611824E-06   0.00000000E+00   0.27611824E-06
  12.333   0.333   0.72193835E-01   0.27723020E-06   0.00000000E+00   0.27723020E-06
  12.350   0.350   0.75784037E-01   0.27842291E-06   0.00000000E+00   0.27842291E-06
  12.367   0.367   0.79371156E-01   0.27969646E-06   0.00000000E+00   0.27969646E-06
  12.383   0.383   0.82955017E-01   0.28105103E-06   0.00000000E+00   0.28105103E-06
  12.400   0.400   0.86535446E-01   0.28248690E-06   0.00000000E+00   0.28248690E-06
  12.417   0.417   0.90112266E-01   0.28400439E-06   0.00000000E+00   0.28400439E-06
  12.433   0.433   0.93685301E-01   0.28560394E-06   0.00000000E+00   0.28560394E-06
  12.450   0.450   0.97254372E-01   0.28728600E-06   0.00000000E+00   0.28728600E-06
  12.467   0.467   0.10081930E+00   0.28905111E-06   0.00000000E+00   0.28905111E-06
  12.483   0.483   0.10437990E+00   0.29089988E-06   0.00000000E+00   0.29089988E-06
  12.500   0.500   0.10793600E+00   0.29283297E-06   0.00000000E+00   0.29283297E-06
  12.517   0.517   0.11148742E+00   0.29485109E-06   0.00000000E+00   0.29485109E-06
  12.533   0.533   0.11503396E+00   0.29695502E-06   0.00000000E+00   0.29695502E-06
  12.550   0.550   0.11857544E+00   0.29914561E-06   0.00000000E+00   0.29914561E-06
  12.567   0.567   0.12211169E+00   0.30142376E-06   0.00000000E+00   0.30142376E-06
  12.583   0.583   0.12564250E+00   0.30379043E-06   0.00000000E+00   0.30379043E-06
  12.600   0.600   0.12916769E+00   0.30624663E-06   0.00000000E+00   0.30624663E-06
  12.617   0.617   0.13268707E+00   0.30879346E-06   0.00000000E+00   0.30879346E-06
  12.633   0.633   0.13620045E+00   0.31143204E-06   0.00000000E+00   0.31143204E-06
  12.650   0.650   0.13970763E+00   0.31416358E-06   0.00000000E+00   0.31416358E-06
  12.667   0.667   0.14320842E+00   0.31698933E-06   0.00000000E+00   0.31698933E-06
  12.683   0.683   0.14670263E+00   0.31991062E-06   0.00000000E+00   0.31991062E-06
  12.700   0.700   0.15019004E+00   0.32292881E-06   0.00000000E+00   0.32292881E-06
  12.717   0.717   0.15367046E+00   0.32604533E-06   0.00000000E+00   0.32604533E-06
  12.733   0.733   0.15714369E+00   0.32926167E-06   0.00000000E+00   0.32926167E-06
  12.750   0.750   0.16060953E+00   0.33257938E-06   0.00000000E+00   0.33257938E-06
  12.767   0.767   0.16406776E+00   0.33600006E-06   0.00000000E+00   0.33600006E-06
  12.783   0.783   0.16751818E+00   0.33952535E-06   0.00000000E+00   0.33952535E-06
  12.800   0.800   0.17096058E+00   0.34315698E-06   0.00000000E+00   0.34315698E-06
  12.817   0.817   0.17439474E+00   0.34689669E-06   0.00000000E+00   0.34689669E-06
  12.833   0.833   0.17782045E+00   0.35074632E-06   0.00000000E+00   0.35074632E-06
  12.850   0.850   0.18123749E+00   0.35470772E-06   0.00000000E+00   0.35470772E-06
  12.867   0.867   0.18464565E+00   0.35878281E-06   0.00000000E+00   0.35878281E-06
  12.883   0.883   0.18804469E+00   0.36297357E-06   0.00000000E+00   0.36297357E-06
  12.900   0.900   0.19143440E+00   0.36728202E-06   0.00000000E+00   0.36728202E-06
  12.917   0.917   0.19481454E+00   0.37171022E-06   0.00000000E+00   0.37171022E-06
  12.933   0.933   0.19818489E+00   0.37626029E-06   0.00000000E+00   0.37626029E-06
  12.950   0.950   0.20154522E+00   0.38093440E-06   0.00000000E+00   0.38093440E-06
  12.967   0.967   0.20489528E+00   0.38573474E-06   0.00000000E+00   0.38573474E-06
  12.983   0.983   0.20823484E+00   0.39066356E-06   0.00000000E+00   0.39066356E-06
  13.000   1.000   0.21156365E+00   0.39572317E-06   0.00000000E+00   0.39572317E-06
  13.017   1.017   0.21488148E+00   0.40091590E-06   0.00000000E+00   0.40091590E-06
  13.033   1.033   0.21818806E+00   0.40624412E-06   0.00000000E+00   0.40624412E-06
  13.050   1.050   0.22148316E+00   0.41171024E-06   0.00000000E+00   0.41171024E-06
  13.067   1.067   0.22476652E+00   0.41731671E-06   0.00000000E+00   0.41731671E-06
  13.083   1.083   0.22803787E+00   0.42306603E-06   0.00000000E+00   0.42306603E-06
  13.100   1.100   0.23129696E+00   0.42896071E-06   0.00000000E+00   0.42896071E-06
  13.117   1.117   0.23454352E+00   0.43500330E-06   0.00000000E+00   0.43500330E-06
  13.133   1.133   0.23777727E+00   0.44119638E-06   0.00000000E+00   0.44119638E-06
  13.150   1.150   0.24099796E+00   0.44754257E-06   0.00000000E+00   0.44754257E-06
  13.167   1.167   0.24420529E+00   0.45404450E-06   0.00000000E+00   0.45404450E-06
  13.183   1.183   0.24739900E+00   0.46070484E-06   0.00000000E+00   0.46070484E-06
  13.200   1.200   0.25057878E+00   0.46752628E-06   0.00000000E+00   0.46752628E-06
  13.217   1.217   0.25374436E+00   0.47451152E-06   0.00000000E+00   0.47451152E-06
  13.233   1.233   0.25689543E+00   0.48166331E-06   0.00000000E+00   0.48166331E-06
  13.250   1.250   0.26003171E+00   0.48898437E-06   0.00000000E+00   0.48898437E-06
  13.267   1.267   0.26315287E+00   0.49647749E-06   0.00000000E+00   0.49647749E-06
  13.283   1.283   0.26625863E+00   0.50414543E-06   0.00000000E+00   0.50414543E-06
  13.300   1.300   0.26934866E+00   0.51199099E-06   0.00000000E+00   0.51199099E-06
  13.317   1.317   0.27242264E+00   0.52001698E-06   0.00000000E+00   0.52001698E-06
  13.333   1.333   0.27548026E+00   0.52822620E-06   0.00000000E+00   0.52822620E-06
  13.350   1.350   0.27852117E+00   0.53662146E-06   0.00000000E+00   0.53662146E-06
  13.367   1.367   0.28154506E+00   0.54520560E-06   0.00000000E+00   0.54520560E-06
  13.383   1.383   0.28455157E+00   0.55398143E-06   0.00000000E+00   0.55398143E-06
  13.400   1.400   0.28754037E+00   0.56295178E-06   0.00000000E+00   0.56295178E-06
  13.417   1.417   0.29051110E+00   0.57211948E-06   0.00000000E+00   0.57211948E-06
  13.433   1.433   0.29346341E+00   0.58148734E-06   0.00000000E+00   0.58148734E-06
  13.450   1.450   0.29639692E+00   0.59105819E-06   0.00000000E+00   0.59105819E-06
  13.467   1.467   0.29931128E+00   0.60083481E-06   0.00000000E+00   0.60083481E-06
  13.483   1.483   0.30220610E+00   0.61082003E-06   0.00000000E+00   0.61082003E-06
  13.500   1.500   0.30508101E+00   0.62101661E-06   0.00000000E+00   0.62101661E-06
  13.517   1.517   0.30793561E+00   0.63142732E-06   0.00000000E+00   0.63142732E-06
  13.533   1.533   0.31076950E+00   0.64205493E-06   0.00000000E+00   0.64205493E-06
  13.550   1.550   0.31358230E+00   0.65290217E-06   0.00000000E+00   0.65290217E-06
  13.567   1.567   0.31637358E+00   0.66397175E-06   0.00000000E+00   0.66397175E-06
  13.583   1.583   0.31914293E+00   0.67526635E-06   0.00000000E+00   0.67526635E-06
  13.600   1.600   0.32188992E+00   0.68678864E-06   0.00000000E+00   0.68678864E-06
  13.617   1.617   0.32461413E+00   0.69854125E-06   0.00000000E+00   0.69854125E-06
  13.633   1.633   0.32731511E+00   0.71052678E-06   0.00000000E+00   0.71052678E-06
  13.650   1.650   0.32999241E+00   0.72274780E-06   0.00000000E+00   0.72274780E-06
  13.667   1.667   0.33264559E+00   0.73520682E-06   0.00000000E+00   0.73520682E-06
  13.683   1.683   0.33527418E+00   0.74790633E-06   0.00000000E+00   0.74790633E-06
  13.700   1.700   0.33787771E+00   0.76084876E-06   0.00000000E+00   0.76084876E-06
  13.717   1.717   0.34045569E+00   0.77403651E-06   0.00000000E+00   0.77403651E-06
  13.733   1.733   0.34300765E+00   0.78747190E-06   0.00000000E+00   0.78747190E-06
  13.750   1.750   0.34553309E+00   0.80115722E-06   0.00000000E+00   0.80115722E-06
  13.767   1.767   0.34803150E+00   0.81509466E-06   0.00000000E+00   0.81509466E-06
  13.783   1.783   0.35050237E+00   0.82928639E-06   0.00000000E+00   0.82928639E-06
  13.800   1.800   0.35294519E+00   0.84373448E-06   0.00000000E+00   0.84373448E-06
  13.817   1.817   0.35535942E+00   0.85844092E-06   0.00000000E+00   0.85844092E-06
  13.833   1.833   0.35774453E+00   0.87340764E-06   0.00000000E+00   0.87340764E-06
  13.850   1.850   0.36009997E+00   0.88863647E-06   0.00000000E+00   0.88863647E-06
  13.867   1.867   0.36242520E+00   0.90412913E-06   0.00000000E+00   0.90412913E-06
  13.883   1.883   0.36471964E+00   0.91988728E-06   0.00000000E+00   0.91988728E-06
  13.900   1.900   0.36698273E+00   0.93591245E-06   0.00000000E+00   0.93591245E-06
  13.917   1.917   0.36921389E+00   0.95220604E-06   0.00000000E+00   0.95220604E-06
  13.933   1.933   0.37141254E+00   0.96876936E-06   0.00000000E+00   0.96876936E-06
  13.950   1.950   0.37357809E+00   0.98560357E-06   0.00000000E+00   0.98560357E-06
  13.967   1.967   0.37570993E+00   0.10027097E-05   0.00000000E+00   0.10027097E-05
  13.983   1.983   0.37780747E+00   0.10200887E-05   0.00000000E+00   0.10200887E-05
  14.000   2.000   0.37987009E+00   0.10377411E-05   0.00000000E+00   0.10377411E-05
  14.017   2.017   0.38189687E+00   0.10556233E-05   0.00000000E+00   0.10556233E-05
  14.033   2.033   0.38388566E+00   0.10736836E-05   0.00000000E+00   0.10736836E-05
  14.050   2.050   0.38583409E+00   0.10919259E-05   0.00000000E+00   0.10919259E-05
  14.067   2.067   0.38773981E+00   0.11103566E-05   0.00000000E+00   0.11103566E-05
  14.083   2.083   0.38960053E+00   0.11289831E-05   0.00000000E+00   0.11289831E-05
  14.100   2.100   0.39141399E+00   0.11478126E-05   0.00000000E+00   0.11478126E-05
  14.117   2.117   0.39317797E+00   0.11668521E-05   0.00000000E+00   0.11668521E-05
  14.133   2.133   0.39489027E+00   0.11861077E-05   0.00000000E+00   0.11861077E-05
  14.150   2.150   0.39654873E+00   0.12055848E-05   0.00000000E+00   0.12055848E-05
  14.167   2.167   0.39815120E+00   0.12252882E-05   0.00000000E+00   0.12252882E-05
  14.183   2.183   0.39969555E+00   0.12452215E-05   0.00000000E+00   0.12452215E-05
  14.200   2.200   0.40117969E+00   0.12653878E-05   0.00000000E+00   0.12653878E-05
  14.217   2.217   0.40260152E+00   0.12857890E-05   0.00000000E+00   0.12857890E-05
  14.233   2.233   0.40395900E+00   0.13064265E-05   0.00000000E+00   0.13064265E-05
  14.250   2.250   0.40525008E+00   0.13273004E-05   0.00000000E+00   0.13273004E-05
  14.267   2.267   0.40647276E+00   0.13484101E-05   0.00000000E+00   0.13484101E-05
  14.283   2.283   0.40762508E+00   0.13697540E-05   0.00000000E+00   0.13697540E-05
  14.300   2.300   0.40870508E+00   0.13913293E-05   0.00000000E+00   0.13913293E-05
  14.317   2.317   0.40971088E+00   0.14131323E-05   0.00000000E+00   0.14131323E-05
  14.333   2.333   0.41064064E+00   0.14351582E-05   0.00000000E+00   0.14351582E-05
  14.350   2.350   0.41149258E+00   0.14574010E-05   0.00000000E+00   0.14574010E-05
  14.367   2.367   0.41226500E+00   0.14798534E-05   0.00000000E+00   0.14798534E-05
  14.383   2.383   0.41295627E+00   0.15025071E-05   0.00000000E+00   0.15025071E-05
  14.400   2.400   0.41356486E+00   0.15253522E-05   0.00000000E+00   0.15253522E-05
  14.417   2.417   0.41408936E+00   0.15483776E-05   0.00000000E+00   0.15483776E-05
  14.433   2.433   0.41452849E+00   0.15715709E-05   0.00000000E+00   0.15715709E-05
  14.450   2.450   0.41488110E+00   0.15949179E-05   0.00000000E+00   0.15949179E-05
  14.467   2.467   0.41514620E+00   0.16184034E-05   0.00000000E+00   0.16184034E-05
  14.483   2.483   0.41532300E+00   0.16420102E-05   0.00000000E+00   0.16420102E-05
  14.500   2.500   0.41541092E+00   0.16657199E-05   0.00000000E+00   0.16657199E-05
  14.517   2.517   0.41540956E+00   0.16895125E-05   0.00000000E+00   0.16895125E-05
  14.533   2.533   0.41531881E+00   0.17133665E-05   0.00000000E+00   0.17133665E-05
  14.550   2.550   0.41513881E+00   0.17372588E-05   0.00000000E+00   0.17372588E-05
  14.567   2.567   0.41486997E+00   0.17611649E-05   0.00000000E+00   0.17611649E-05
  14.583   2.583   0.41451302E+00   0.17850592E-05   0.00000000E+00   0.17850592E-05
  14.600   2.600   0.41406901E+00   0.18089144E-05   0.00000000E+00   0.18089144E-05
  14.617   2.617   0.41353929E+00   0.18327026E-05   0.00000000E+00   0.18327026E-05
  14.633   2.633   0.41292559E+00   0.18563946E-05   0.00000000E+00   0.18563946E-05
  14.650   2.650   0.41222997E+00   0.18799606E-05   0.00000000E+00   0.18799606E-05
  14.667   2.667   0.41145484E+00   0.19033701E-05   0.00000000E+00   0.19033701E-05
  14.683   2.683   0.41060294E+00   0.19265926E-05   0.00000000E+00   0.19265926E-05
  14.700   2.700   0.40967735E+00   0.19495972E-05   0.00000000E+00   0.19495972E-05
  14.717   2.717   0.40868148E+00   0.19723534E-05   0.00000000E+00   0.19723534E-05
  14.733   2.733   0.40761902E+00   0.19948314E-05   0.00000000E+00   0.19948314E-05
  14.750   2.750   0.40649393E+00   0.20170020E-05   0.00000000E+00   0.20170020E-05
  14.767   2.767   0.40531039E+00   0.20388371E-05   0.00000000E+00   0.20388371E-05
  14.783   2.783   0.40407280E+00   0.20603100E-05   0.00000000E+00   0.20603100E-05
  14.800   2.800   0.40278571E+00   0.20813959E-05   0.00000000E+00   0.20813959E-05
  14.817   2.817   0.40145376E+00   0.21020714E-05   0.00000000E+00   0.21020714E-05
  14.833   2.833   0.40008167E+00   0.21223155E-05   0.00000000E+00   0.21223155E-05
  14.850   2.850   0.39867419E+00   0.21421093E-05   0.00000000E+00   0.21421093E-05
  14.867   2.867   0.39723603E+00   0.21614362E-05   0.00000000E+00   0.21614362E-05
  14.883   2.883   0.39577183E+00   0.21802822E-05   0.00000000E+00   0.21802822E-05
  14.900   2.900   0.39428613E+00   0.21986354E-05   0.00000000E+00   0.21986354E-05
  14.917   2.917   0.39278333E+00   0.22164866E-05   0.00000000E+00   0.22164866E-05
  14.933   2.933   0.39126765E+00   0.22338290E-05   0.00000000E+00   0.22338290E-05
  14.950   2.950   0.38974311E+00   0.22506578E-05   0.00000000E+00   0.22506578E-05
  14.967   2.967   0.38821349E+00   0.22669708E-05   0.00000000E+00   0.22669708E-05
  14.983   2.983   0.38668237E+00   0.22827676E-05   0.00000000E+00   0.22827676E-05
  15.000   3.000   0.38515304E+00   0.22980496E-05   0.00000000E+00   0.22980496E-05
  15.017   3.017   0.38362857E+00   0.23128202E-05   0.00000000E+00   0.23128202E-05
  15.033   3.033   0.38211173E+00   0.23270842E-05   0.00000000E+00   0.23270842E-05
  15.050   3.050   0.38060506E+00   0.23408479E-05   0.00000000E+00   0.23408479E-05
  15.067   3.067   0.37911086E+00   0.23541185E-05   0.00000000E+00   0.23541185E-05
  15.083   3.083   0.37763116E+00   0.23669047E-05   0.00000000E+00   0.23669047E-05
  15.100   3.100   0.37616776E+00   0.23792157E-05   0.00000000E+00   0.23792157E-05
  15.117   3.117   0.37472225E+00   0.23910616E-05   0.00000000E+00   0.23910616E-05
  15.133   3.133   0.37329601E+00   0.24024528E-05   0.00000000E+00   0.24024528E-05
  15.150   3.150   0.37189021E+00   0.24134006E-05   0.00000000E+00   0.24134006E-05
  15.167   3.167   0.37050586E+00   0.24239162E-05   0.00000000E+00   0.24239162E-05
  15.183   3.183   0.36914378E+00   0.24340113E-05   0.00000000E+00   0.24340113E-05
  15.200   3.200   0.36780465E+00   0.24436974E-05   0.00000000E+00   0.24436974E-05
  15.217   3.217   0.36648902E+00   0.24529864E-05   0.00000000E+00   0.24529864E-05
  15.233   3.233   0.36519728E+00   0.24618900E-05   0.00000000E+00   0.24618900E-05
  15.250   3.250   0.36392975E+00   0.24704197E-05   0.00000000E+00   0.24704197E-05
  15.267   3.267   0.36268661E+00   0.24785870E-05   0.00000000E+00   0.24785870E-05
  15.283   3.283   0.36146798E+00   0.24864033E-05   0.00000000E+00   0.24864033E-05
  15.300   3.300   0.36027388E+00   0.24938795E-05   0.00000000E+00   0.24938795E-05
  15.317   3.317   0.35910428E+00   0.25010265E-05   0.00000000E+00   0.25010265E-05
  15.333   3.333   0.35795905E+00   0.25078548E-05   0.00000000E+00   0.25078548E-05
  15.350   3.350   0.35683804E+00   0.25143747E-05   0.00000000E+00   0.25143747E-05
  15.367   3.367   0.35574106E+00   0.25205962E-05   0.00000000E+00   0.25205962E-05
  15.383   3.383   0.35466785E+00   0.25265288E-05   0.00000000E+00   0.25265288E-05
  15.400   3.400   0.35361812E+00   0.25321821E-05   0.00000000E+00   0.25321821E-05
  15.417   3.417   0.35259159E+00   0.25375649E-05   0.00000000E+00   0.25375649E-05
  15.433   3.433   0.35158791E+00   0.25426861E-05   0.00000000E+00   0.25426861E-05
  15.450   3.450   0.35060672E+00   0.25475541E-05   0.00000000E+00   0.25475541E-05
  15.467   3.467   0.34964768E+00   0.25521770E-05   0.00000000E+00   0.25521770E-05
  15.483   3.483   0.34871039E+00   0.25565627E-05   0.00000000E+00   0.25565627E-05
  15.500   3.500   0.34779446E+00   0.25607187E-05   0.00000000E+00   0.25607187E-05
  15.517   3.517   0.34689951E+00   0.25646522E-05   0.00000000E+00   0.25646522E-05
  15.533   3.533   0.34602513E+00   0.25683704E-05   0.00000000E+00   0.25683704E-05
  15.550   3.550   0.34517092E+00   0.25718799E-05   0.00000000E+00   0.25718799E-05
  15.567   3.567   0.34433647E+00   0.25751873E-05   0.00000000E+00   0.25751873E-05
  15.583   3.583   0.34352138E+00   0.25782987E-05   0.00000000E+00   0.25782987E-05
  15.600   3.600   0.34272526E+00   0.25812202E-05   0.00000000E+00   0.25812202E-05
  15.617   3.617   0.34194770E+00   0.25839576E-05   0.00000000E+00   0.25839576E-05
  15.633   3.633   0.34118831E+00   0.25865164E-05   0.00000000E+00   0.25865164E-05
  15.650   3.650   0.34044671E+00   0.25889019E-05   0.00000000E+00   0.25889019E-05
  15.667   3.667   0.33972250E+00   0.25911195E-05   0.00000000E+00   0.25911195E-05
  15.683   3.683   0.33901532E+00   0.25931739E-05   0.00000000E+00   0.25931739E-05
  15.700   3.700   0.33832478E+00   0.25950701E-05   0.00000000E+00   0.25950701E-05
  15.717   3.717   0.33765054E+00   0.25968125E-05   0.00000000E+00   0.25968125E-05
  15.733   3.733   0.33699223E+00   0.25984057E-05   0.00000000E+00   0.25984057E-05
  15.750   3.750   0.33634950E+00   0.25998540E-05   0.00000000E+00   0.25998540E-05
  15.767   3.767   0.33572201E+00   0.26011614E-05   0.00000000E+00   0.26011614E-05
  15.783   3.783   0.33510942E+00   0.26023319E-05   0.00000000E+00   0.26023319E-05
  15.800   3.800   0.33451142E+00   0.26033695E-05   0.00000000E+00   0.26033695E-05
  15.817   3.817   0.33392769E+00   0.26042777E-05   0.00000000E+00   0.26042777E-05
  15.833   3.833   0.33335790E+00   0.26050602E-05   0.00000000E+00   0.26050602E-05
  15.850   3.850   0.33280177E+00   0.26057205E-05   0.00000000E+00   0.26057205E-05
  15.867   3.867   0.33225899E+00   0.26062618E-05   0.00000000E+00   0.26062618E-05
  15.883   3.883   0.33172928E+00   0.26066874E-05   0.00000000E+00   0.26066874E-05
  15.900   3.900   0.33121236E+00   0.26070005E-05   0.00000000E+00   0.26070005E-05
  15.917   3.917   0.33070795E+00   0.26072041E-05   0.00000000E+00   0.26072041E-05
  15.933   3.933   0.33021580E+00   0.26073010E-05   0.00000000E+00   0.26073010E-05
  15.950   3.950   0.32973564E+00   0.26072942E-05   0.00000000E+00   0.26072942E-05
  15.967   3.967   0.32926722E+00   0.26071863E-05   0.00000000E+00   0.26071863E-05
  15.983   3.983   0.32881030E+00   0.26069801E-05   0.00000000E+00   0.26069801E-05
  16.000   4.000   0.32836464E+00   0.26066780E-05   0.00000000E+00   0.26066780E-05
  16.017   4.017   0.32793005E+00   0.26062825E-05   0.00000000E+00   0.26062825E-05
  16.033   4.033   0.32750641E+00   0.26057946E-05   0.00000000E+00   0.26057946E-05
  16.050   4.050   0.32709366E+00   0.26052155E-05   0.00000000E+00   0.26052155E-05
  16.067   4.067   0.32669169E+00   0.26045477E-05   0.00000000E+00   0.26045477E-05
  16.083   4.083   0.32630040E+00   0.26037940E-05   0.00000000E+00   0.26037940E-05
  16.100   4.100   0.32591967E+00   0.26029573E-05   0.00000000E+00   0.26029573E-05
  16.117   4.117   0.32554936E+00   0.26020406E-05   0.00000000E+00   0.26020406E-05
  16.133   4.133   0.32518934E+00   0.26010467E-05   0.00000000E+00   0.26010467E-05
  16.150   4.150   0.32483948E+00   0.25999782E-05   0.00000000E+00   0.25999782E-05
  16.167   4.167   0.32457942E+00   0.25987986E-05   0.00000000E+00   0.25987986E-05
  16.183   4.183   0.32447352E+00   0.25981616E-05   0.00000000E+00   0.25981616E-05
  16.200   4.200   0.32448227E+00   0.25979573E-05   0.00000000E+00   0.25979573E-05
  16.217   4.217   0.32458001E+00   0.25980669E-05   0.00000000E+00   0.25980669E-05
  16.233   4.233   0.32474912E+00   0.25984162E-05   0.00000000E+00   0.25984162E-05
  16.250   4.250   0.32497691E+00   0.25989540E-05   0.00000000E+00   0.25989540E-05
  16.267   4.267   0.32525387E+00   0.25996425E-05   0.00000000E+00   0.25996425E-05
  16.283   4.283   0.32557268E+00   0.26004530E-05   0.00000000E+00   0.26004530E-05
  16.300   4.300   0.32592757E+00   0.26013631E-05   0.00000000E+00   0.26013631E-05
  16.317   4.317   0.32631388E+00   0.26023548E-05   0.00000000E+00   0.26023548E-05
  16.333   4.333   0.32672783E+00   0.26034138E-05   0.00000000E+00   0.26034138E-05
  16.350   4.350   0.32716625E+00   0.26045280E-05   0.00000000E+00   0.26045280E-05
  16.367   4.367   0.32762651E+00   0.26056877E-05   0.00000000E+00   0.26056877E-05
  16.383   4.383   0.32810636E+00   0.26068847E-05   0.00000000E+00   0.26068847E-05
  16.400   4.400   0.32860387E+00   0.26081118E-05   0.00000000E+00   0.26081118E-05
  16.417   4.417   0.32911739E+00   0.26093632E-05   0.00000000E+00   0.26093632E-05
  16.433   4.433   0.32964547E+00   0.26106335E-05   0.00000000E+00   0.26106335E-05
  16.450   4.450   0.33018685E+00   0.26119185E-05   0.00000000E+00   0.26119185E-05
  16.467   4.467   0.33074041E+00   0.26132141E-05   0.00000000E+00   0.26132141E-05
  16.483   4.483   0.33130516E+00   0.26145169E-05   0.00000000E+00   0.26145169E-05
  16.500   4.500   0.33188024E+00   0.26158239E-05   0.00000000E+00   0.26158239E-05
  16.517   4.517   0.33246485E+00   0.26171324E-05   0.00000000E+00   0.26171324E-05
  16.533   4.533   0.33305829E+00   0.26184401E-05   0.00000000E+00   0.26184401E-05
  16.550   4.550   0.33365992E+00   0.26197448E-05   0.00000000E+00   0.26197448E-05
  16.567   4.567   0.33426918E+00   0.26210445E-05   0.00000000E+00   0.26210445E-05
  16.583   4.583   0.33488554E+00   0.26223376E-05   0.00000000E+00   0.26223376E-05
  16.600   4.600   0.33550853E+00   0.26236226E-05   0.00000000E+00   0.26236226E-05
  16.617   4.617   0.33613772E+00   0.26248981E-05   0.00000000E+00   0.26248981E-05
  16.633   4.633   0.33677271E+00   0.26261627E-05   0.00000000E+00   0.26261627E-05
  16.650   4.650   0.33741316E+00   0.26274154E-05   0.00000000E+00   0.26274154E-05
  16.667   4.667   0.33805871E+00   0.26286551E-05   0.00000000E+00   0.26286551E-05
  16.683   4.683   0.33870908E+00   0.26298809E-05   0.00000000E+00   0.26298809E-05
  16.700   4.700   0.33936397E+00   0.26310920E-05   0.00000000E+00   0.26310920E-05
  16.717   4.717   0.34002313E+00   0.26322875E-05   0.00000000E+00   0.26322875E-05
  16.733   4.733   0.34068632E+00   0.26334668E-05   0.00000000E+00   0.26334668E-05
  16.750   4.750   0.34135332E+00   0.26346292E-05   0.00000000E+00   0.26346292E-05
  16.767   4.767   0.34202392E+00   0.26357741E-05   0.00000000E+00   0.26357741E-05
  16.783   4.783   0.34269794E+00   0.26369009E-05   0.00000000E+00   0.26369009E-05
  16.800   4.800   0.34337518E+00   0.26380093E-05   0.00000000E+00   0.26380093E-05
  16.817   4.817   0.34405549E+00   0.26390987E-05   0.00000000E+00   0.26390987E-05
  16.833   4.833   0.34473872E+00   0.26401688E-05   0.00000000E+00   0.26401688E-05
  16.850   4.850   0.34542472E+00   0.26412191E-05   0.00000000E+00   0.26412191E-05
  16.867   4.867   0.34611335E+00   0.26422494E-05   0.00000000E+00   0.26422494E-05
  16.883   4.883   0.34680450E+00   0.26432593E-05   0.00000000E+00   0.26432593E-05
  16.900   4.900   0.34749804E+00   0.26442485E-05   0.00000000E+00   0.26442485E-05
  16.917   4.917   0.34819386E+00   0.26452168E-05   0.00000000E+00   0.26452168E-05
  16.933   4.933   0.34889187E+00   0.26461640E-05   0.00000000E+00   0.26461640E-05
  16.950   4.950   0.34959197E+00   0.26470899E-05   0.00000000E+00   0.26470899E-05
  16.967   4.967   0.35029406E+00   0.26479943E-05   0.00000000E+00   0.26479943E-05
  16.983   4.983   0.35099807E+00   0.26488769E-05   0.00000000E+00   0.26488769E-05
  17.000   5.000   0.35170391E+00   0.26497378E-05   0.00000000E+00   0.26497378E-05
  17.017   5.017   0.35241152E+00   0.26505767E-05   0.00000000E+00   0.26505767E-05
  17.033   5.033   0.35312082E+00   0.26513935E-05   0.00000000E+00   0.26513935E-05
  17.050   5.050   0.35383174E+00   0.26521882E-05   0.00000000E+00   0.26521882E-05
  17.067   5.067   0.35454424E+00   0.26529607E-05   0.00000000E+00   0.26529607E-05
  17.083   5.083   0.35525824E+00   0.26537108E-05   0.00000000E+00   0.26537108E-05
  17.100   5.100   0.35597370E+00   0.26544386E-05   0.00000000E+00   0.26544386E-05
  17.117   5.117   0.35669057E+00   0.26551439E-05   0.00000000E+00   0.26551439E-05
  17.133   5.133   0.35740880E+00   0.26558268E-05   0.00000000E+00   0.26558268E-05
  17.150   5.150   0.35812835E+00   0.26564873E-05   0.00000000E+00   0.26564873E-05
  17.167   5.167   0.35884917E+00   0.26571252E-05   0.00000000E+00   0.26571252E-05
  17.183   5.183   0.35957123E+00   0.26577407E-05   0.00000000E+00   0.26577407E-05
  17.200   5.200   0.36029449E+00   0.26583337E-05   0.00000000E+00   0.26583337E-05
  17.217   5.217   0.36101892E+00   0.26589042E-05   0.00000000E+00   0.26589042E-05
  17.233   5.233   0.36174449E+00   0.26594523E-05   0.00000000E+00   0.26594523E-05
  17.250   5.250   0.36247116E+00   0.26599779E-05   0.00000000E+00   0.26599779E-05
  17.267   5.267   0.36319892E+00   0.26604812E-05   0.00000000E+00   0.26604812E-05
  17.283   5.283   0.36392773E+00   0.26609621E-05   0.00000000E+00   0.26609621E-05
  17.300   5.300   0.36465757E+00   0.26614207E-05   0.00000000E+00   0.26614207E-05
  17.317   5.317   0.36538843E+00   0.26618570E-05   0.00000000E+00   0.26618570E-05
  17.333   5.333   0.36612027E+00   0.26622712E-05   0.00000000E+00   0.26622712E-05
  17.350   5.350   0.36685309E+00   0.26626633E-05   0.00000000E+00   0.26626633E-05
  17.367   5.367   0.36758687E+00   0.26630332E-05   0.00000000E+00   0.26630332E-05
  17.383   5.383   0.36832158E+00   0.26633812E-05   0.00000000E+00   0.26633812E-05
  17.400   5.400   0.36905722E+00   0.26637073E-05   0.00000000E+00   0.26637073E-05
  17.417   5.417   0.36979378E+00   0.26640116E-05   0.00000000E+00   0.26640116E-05
  17.433   5.433   0.37053123E+00   0.26642941E-05   0.00000000E+00   0.26642941E-05
  17.450   5.450   0.37126957E+00   0.26645550E-05   0.00000000E+00   0.26645550E-05
  17.467   5.467   0.37200880E+00   0.26647944E-05   0.00000000E+00   0.26647944E-05
  17.483   5.483   0.37274890E+00   0.26650123E-05   0.00000000E+00   0.26650123E-05
  17.500   5.500   0.37348986E+00   0.26652088E-05   0.00000000E+00   0.26652088E-05
  17.517   5.517   0.37423169E+00   0.26653841E-05   0.00000000E+00   0.26653841E-05
  17.533   5.533   0.37497437E+00   0.26655383E-05   0.00000000E+00   0.26655383E-05
  17.550   5.550   0.37571789E+00   0.26656714E-05   0.00000000E+00   0.26656714E-05
  17.567   5.567   0.37646226E+00   0.26657837E-05   0.00000000E+00   0.26657837E-05
  17.583   5.583   0.37720748E+00   0.26658751E-05   0.00000000E+00   0.26658751E-05
  17.600   5.600   0.37795353E+00   0.26659459E-05   0.00000000E+00   0.26659459E-05
  17.617   5.617   0.37870042E+00   0.26659961E-05   0.00000000E+00   0.26659961E-05
  17.633   5.633   0.37944815E+00   0.26660258E-05   0.00000000E+00   0.26660258E-05
  17.650   5.650   0.38019672E+00   0.26660353E-05   0.00000000E+00   0.26660353E-05
  17.667   5.667   0.38094613E+00   0.26660246E-05   0.00000000E+00   0.26660246E-05
  17.683   5.683   0.38169638E+00   0.26659939E-05   0.00000000E+00   0.26659939E-05
  17.700   5.700   0.38244747E+00   0.26659432E-05   0.00000000E+00   0.26659432E-05
  17.717   5.717   0.38319940E+00   0.26658728E-05   0.00000000E+00   0.26658728E-05
  17.733   5.733   0.38395219E+00   0.26657827E-05   0.00000000E+00   0.26657827E-05
  17.750   5.750   0.38470582E+00   0.26656731E-05   0.00000000E+00   0.26656731E-05
  17.767   5.767   0.38546031E+00   0.26655441E-05   0.00000000E+00   0.26655441E-05
  17.783   5.783   0.38621566E+00   0.26653959E-05   0.00000000E+00   0.26653959E-05
  17.800   5.800   0.38697187E+00   0.26652286E-05   0.00000000E+00   0.26652286E-05
  17.817   5.817   0.38772896E+00   0.26650424E-05   0.00000000E+00   0.26650424E-05
  17.833   5.833   0.38848692E+00   0.26648373E-05   0.00000000E+00   0.26648373E-05
  17.850   5.850   0.38924576E+00   0.26646137E-05   0.00000000E+00   0.26646137E-05
  17.867   5.867   0.39000550E+00   0.26643715E-05   0.00000000E+00   0.26643715E-05
  17.883   5.883   0.39076613E+00   0.26641109E-05   0.00000000E+00   0.26641109E-05
  17.900   5.900   0.39152766E+00   0.26638321E-05   0.00000000E+00   0.26638321E-05
  17.917   5.917   0.39229011E+00   0.26635353E-05   0.00000000E+00   0.26635353E-05
  17.933   5.933   0.39305348E+00   0.26632205E-05   0.00000000E+00   0.26632205E-05
  17.950   5.950   0.39381778E+00   0.26628880E-05   0.00000000E+00   0.26628880E-05
  17.967   5.967   0.39458301E+00   0.26625378E-05   0.00000000E+00   0.26625378E-05
  17.983   5.983   0.39534920E+00   0.26621702E-05   0.00000000E+00   0.26621702E-05
  18.000   6.000   0.39611634E+00   0.26617853E-05   0.00000000E+00   0.26617853E-05
  18.017   6.017   0.39688445E+00   0.26613832E-05   0.00000000E+00   0.26613832E-05
  18.033   6.033   0.39765354E+00   0.26609641E-05   0.00000000E+00   0.26609641E-05
  18.050   6.050   0.39842362E+00   0.26605282E-05   0.00000000E+00   0.26605282E-05
  18.067   6.067   0.39919469E+00   0.26600756E-05   0.00000000E+00   0.26600756E-05
  18.083   6.083   0.39996678E+00   0.26596064E-05   0.00000000E+00   0.26596064E-05
  18.100   6.100   0.40073989E+00   0.26591208E-05   0.00000000E+00   0.26591208E-05
  18.117   6.117   0.40151403E+00   0.26586191E-05   0.00000000E+00   0.26586191E-05
  18.133   6.133   0.40228921E+00   0.26581012E-05   0.00000000E+00   0.26581012E-05
  18.150   6.150   0.40306545E+00   0.26575675E-05   0.00000000E+00   0.26575675E-05
  18.167   6.167   0.40384276E+00   0.26570179E-05   0.00000000E+00   0.26570179E-05
  18.183   6.183   0.40462115E+00   0.26564528E-05   0.00000000E+00   0.26564528E-05
  18.200   6.200   0.40540063E+00   0.26558722E-05   0.00000000E+00   0.26558722E-05
  18.217   6.217   0.40618122E+00   0.26552764E-05   0.00000000E+00   0.26552764E-05
  18.233   6.233   0.40696293E+00   0.26546654E-05   0.00000000E+00   0.26546654E-05
  18.250   6.250   0.40774577E+00   0.26540394E-05   0.00000000E+00   0.26540394E-05
  18.267   6.267   0.40852976E+00   0.26533986E-05   0.00000000E+00   0.26533986E-05
  18.283   6.283   0.40931490E+00   0.26527431E-05   0.00000000E+00   0.26527431E-05
  18.300   6.300   0.41010122E+00   0.26520732E-05   0.00000000E+00   0.26520732E-05
  18.317   6.317   0.41088873E+00   0.26513889E-05   0.00000000E+00   0.26513889E-05
  18.333   6.333   0.41167743E+00   0.26506904E-05   0.00000000E+00   0.26506904E-05
  18.350   6.350   0.41246735E+00   0.26499778E-05   0.00000000E+00   0.26499778E-05
  18.367   6.367   0.41325850E+00   0.26492514E-05   0.00000000E+00   0.26492514E-05
  18.383   6.383   0.41405089E+00   0.26485113E-05   0.00000000E+00   0.26485113E-05
  18.400   6.400   0.41484453E+00   0.26477576E-05   0.00000000E+00   0.26477576E-05
  18.417   6.417   0.41563945E+00   0.26469905E-05   0.00000000E+00   0.26469905E-05
  18.433   6.433   0.41643566E+00   0.26462101E-05   0.00000000E+00   0.26462101E-05
  18.450   6.450   0.41723317E+00   0.26454166E-05   0.00000000E+00   0.26454166E-05
  18.467   6.467   0.41803199E+00   0.26446102E-05   0.00000000E+00   0.26446102E-05
  18.483   6.483   0.41883214E+00   0.26437910E-05   0.00000000E+00   0.26437910E-05
  18.500   6.500   0.41963364E+00   0.26429592E-05   0.00000000E+00   0.26429592E-05
  18.517   6.517   0.42043651E+00   0.26421148E-05   0.00000000E+00   0.26421148E-05
  18.533   6.533   0.42124074E+00   0.26412582E-05   0.00000000E+00   0.26412582E-05
  18.550   6.550   0.42204638E+00   0.26403893E-05   0.00000000E+00   0.26403893E-05
  18.567   6.567   0.42285341E+00   0.26395085E-05   0.00000000E+00   0.26395085E-05
  18.583   6.583   0.42366188E+00   0.26386157E-05   0.00000000E+00   0.26386157E-05
  18.600   6.600   0.42447178E+00   0.26377113E-05   0.00000000E+00   0.26377113E-05
  18.617   6.617   0.42528313E+00   0.26367953E-05   0.00000000E+00   0.26367953E-05
  18.633   6.633   0.42609596E+00   0.26358678E-05   0.00000000E+00   0.26358678E-05
  18.650   6.650   0.42691027E+00   0.26349291E-05   0.00000000E+00   0.26349291E-05
  18.667   6.667   0.42772608E+00   0.26339793E-05   0.00000000E+00   0.26339793E-05
  18.683   6.683   0.42854341E+00   0.26330185E-05   0.00000000E+00   0.26330185E-05
  18.700   6.700   0.42936228E+00   0.26320468E-05   0.00000000E+00   0.26320468E-05
  18.717   6.717   0.43018269E+00   0.26310645E-05   0.00000000E+00   0.26310645E-05
  18.733   6.733   0.43100467E+00   0.26300717E-05   0.00000000E+00   0.26300717E-05
  18.750   6.750   0.43182824E+00   0.26290685E-05   0.00000000E+00   0.26290685E-05
  18.767   6.767   0.43265340E+00   0.26280550E-05   0.00000000E+00   0.26280550E-05
  18.783   6.783   0.43348017E+00   0.26270315E-05   0.00000000E+00   0.26270315E-05
  18.800   6.800   0.43430858E+00   0.26259980E-05   0.00000000E+00   0.26259980E-05
  18.817   6.817   0.43513863E+00   0.26249548E-05   0.00000000E+00   0.26249548E-05
  18.833   6.833   0.43597035E+00   0.26239018E-05   0.00000000E+00   0.26239018E-05
  18.850   6.850   0.43680375E+00   0.26228394E-05   0.00000000E+00   0.26228394E-05
  18.867   6.867   0.43763884E+00   0.26217676E-05   0.00000000E+00   0.26217676E-05
  18.883   6.883   0.43847565E+00   0.26206866E-05   0.00000000E+00   0.26206866E-05
  18.900   6.900   0.43931419E+00   0.26195964E-05   0.00000000E+00   0.26195964E-05
  18.917   6.917   0.44015447E+00   0.26184974E-05   0.00000000E+00   0.26184974E-05
  18.933   6.933   0.44099651E+00   0.26173895E-05   0.00000000E+00   0.26173895E-05
  18.950   6.950   0.44184033E+00   0.26162729E-05   0.00000000E+00   0.26162729E-05
  18.967   6.967   0.44268595E+00   0.26151479E-05   0.00000000E+00   0.26151479E-05
  18.983   6.983   0.44353338E+00   0.26140144E-05   0.00000000E+00   0.26140144E-05
  19.000   7.000   0.44438263E+00   0.26128727E-05   0.00000000E+00   0.26128727E-05
  19.017   7.017   0.44523373E+00   0.26117228E-05   0.00000000E+00   0.26117228E-05
  19.033   7.033   0.44608670E+00   0.26105650E-05   0.00000000E+00   0.26105650E-05
  19.050   7.050   0.44694154E+00   0.26093993E-05   0.00000000E+00   0.26093993E-05
  19.067   7.067   0.44779827E+00   0.26082259E-05   0.00000000E+00   0.26082259E-05
  19.083   7.083   0.44865691E+00   0.26070450E-05   0.00000000E+00   0.26070450E-05
  19.100   7.100   0.44951748E+00   0.26058565E-05   0.00000000E+00   0.26058565E-05
  19.117   7.117   0.45038000E+00   0.26046608E-05   0.00000000E+00   0.26046608E-05
  19.133   7.133   0.45124447E+00   0.26034579E-05   0.00000000E+00   0.26034579E-05
  19.150   7.150   0.45211092E+00   0.26022479E-05   0.00000000E+00   0.26022479E-05
  19.167   7.167   0.45297936E+00   0.26010310E-05   0.00000000E+00   0.26010310E-05
  19.183   7.183   0.45384982E+00   0.25998073E-05   0.00000000E+00   0.25998073E-05
  19.200   7.200   0.45472229E+00   0.25985769E-05   0.00000000E+00   0.25985769E-05
  19.217   7.217   0.45559681E+00   0.25973400E-05   0.00000000E+00   0.25973400E-05
  19.233   7.233   0.45647339E+00   0.25960966E-05   0.00000000E+00   0.25960966E-05
  19.250   7.250   0.45735204E+00   0.25948470E-05   0.00000000E+00   0.25948470E-05
  19.267   7.267   0.45823278E+00   0.25935912E-05   0.00000000E+00   0.25935912E-05
  19.283   7.283   0.45911563E+00   0.25923293E-05   0.00000000E+00   0.25923293E-05
  19.300   7.300   0.46000060E+00   0.25910616E-05   0.00000000E+00   0.25910616E-05
  19.317   7.317   0.46088771E+00   0.25897880E-05   0.00000000E+00   0.25897880E-05
  19.333   7.333   0.46177698E+00   0.25885088E-05   0.00000000E+00   0.25885088E-05
  19.350   7.350   0.46266841E+00   0.25872240E-05   0.00000000E+00   0.25872240E-05
  19.367   7.367   0.46356203E+00   0.25859338E-05   0.00000000E+00   0.25859338E-05
  19.383   7.383   0.46445786E+00   0.25846382E-05   0.00000000E+00   0.25846382E-05
  19.400   7.400   0.46535590E+00   0.25833375E-05   0.00000000E+00   0.25833375E-05
  19.417   7.417   0.46625618E+00   0.25820317E-05   0.00000000E+00   0.25820317E-05
  19.433   7.433   0.46715871E+00   0.25807209E-05   0.00000000E+00   0.25807209E-05
  19.450   7.450   0.46806351E+00   0.25794053E-05   0.00000000E+00   0.25794053E-05
  19.467   7.467   0.46897058E+00   0.25780850E-05   0.00000000E+00   0.25780850E-05
  19.483   7.483   0.46987995E+00   0.25767600E-05   0.00000000E+00   0.25767600E-05
  19.500   7.500   0.47079164E+00   0.25754306E-05   0.00000000E+00   0.25754306E-05
  19.517   7.517   0.47170565E+00   0.25740967E-05   0.00000000E+00   0.25740967E-05
  19.533   7.533   0.47262200E+00   0.25727586E-05   0.00000000E+00   0.25727586E-05
  19.550   7.550   0.47354072E+00   0.25714164E-05   0.00000000E+00   0.25714164E-05
  19.567   7.567   0.47446180E+00   0.25700700E-05   0.00000000E+00   0.25700700E-05
  19.583   7.583   0.47538528E+00   0.25687198E-05   0.00000000E+00   0.25687198E-05
  19.600   7.600   0.47631115E+00   0.25673657E-05   0.00000000E+00   0.25673657E-05
  19.617   7.617   0.47723945E+00   0.25660079E-05   0.00000000E+00   0.25660079E-05
  19.633   7.633   0.47817018E+00   0.25646465E-05   0.00000000E+00   0.25646465E-05
  19.650   7.650   0.47910335E+00   0.25632816E-05   0.00000000E+00   0.25632816E-05
  19.667   7.667   0.48003899E+00   0.25619133E-05   0.00000000E+00   0.25619133E-05
  19.683   7.683   0.48097710E+00   0.25605417E-05   0.00000000E+00   0.25605417E-05
  19.700   7.700   0.48191770E+00   0.25591670E-05   0.00000000E+00   0.25591670E-05
  19.717   7.717   0.48286081E+00   0.25577891E-05   0.00000000E+00   0.25577891E-05
  19.733   7.733   0.48380643E+00   0.25564083E-05   0.00000000E+00   0.25564083E-05
  19.750   7.750   0.48475459E+00   0.25550246E-05   0.00000000E+00   0.25550246E-05
  19.767   7.767   0.48570529E+00   0.25536382E-05   0.00000000E+00   0.25536382E-05
  19.783   7.783   0.48665856E+00   0.25522491E-05   0.00000000E+00   0.25522491E-05
  19.800   7.800   0.48761439E+00   0.25508574E-05   0.00000000E+00   0.25508574E-05
  19.817   7.817   0.48857281E+00   0.25494633E-05   0.00000000E+00   0.25494633E-05
  19.833   7.833   0.48953384E+00   0.25480669E-05   0.00000000E+00   0.25480669E-05
  19.850   7.850   0.49049747E+00   0.25466681E-05   0.00000000E+00   0.25466681E-05
  19.867   7.867   0.49146373E+00   0.25452672E-05   0.00000000E+00   0.25452672E-05
  19.883   7.883   0.49243263E+00   0.25438643E-05   0.00000000E+00   0.25438643E-05
  19.900   7.900   0.49340418E+00   0.25424594E-05   0.00000000E+00   0.25424594E-05
  19.917   7.917   0.49437839E+00   0.25410527E-05   0.00000000E+00   0.25410527E-05
  19.933   7.933   0.49535528E+00   0.25396441E-05   0.00000000E+00   0.25396441E-05
  19.950   7.950   0.49633486E+00   0.25382340E-05   0.00000000E+00   0.25382340E-05
  19.967   7.967   0.49731713E+00   0.25368222E-05   0.00000000E+00   0.25368222E-05
  19.983   7.983   0.49830212E+00   0.25354090E-05   0.00000000E+00   0.25354090E-05
  20.000   8.000   0.49928983E+00   0.25339944E-05   0.00000000E+00   0.25339944E-05
  20.017   8.017   0.50028027E+00   0.25325785E-05   0.00000000E+00   0.25325785E-05
  20.033   8.033   0.50127346E+00   0.25311614E-05   0.00000000E+00   0.25311614E-05
  20.050   8.050   0.50226940E+00   0.25297433E-05   0.00000000E+00   0.25297433E-05
  20.067   8.067   0.50326811E+00   0.25283241E-05   0.00000000E+00   0.25283241E-05
  20.083   8.083   0.50426960E+00   0.25269041E-05   0.00000000E+00   0.25269041E-05
  20.100   8.100   0.50527387E+00   0.25254832E-05   0.00000000E+00   0.25254832E-05
  20.117   8.117   0.50628094E+00   0.25240616E-05   0.00000000E+00   0.25240616E-05
  20.133   8.133   0.50729082E+00   0.25226394E-05   0.00000000E+00   0.25226394E-05
  20.150   8.150   0.50830351E+00   0.25212166E-05   0.00000000E+00   0.25212166E-05
  20.167   8.167   0.50931903E+00   0.25197934E-05   0.00000000E+00   0.25197934E-05
  20.183   8.183   0.51033738E+00   0.25183699E-05   0.00000000E+00   0.25183699E-05
  20.200   8.200   0.51135858E+00   0.25169460E-05   0.00000000E+00   0.25169460E-05
  20.217   8.217   0.51238262E+00   0.25155221E-05   0.00000000E+00   0.25155221E-05
  20.233   8.233   0.51340953E+00   0.25140980E-05   0.00000000E+00   0.25140980E-05
  20.250   8.250   0.51443930E+00   0.25126739E-05   0.00000000E+00   0.25126739E-05
  20.267   8.267   0.51547195E+00   0.25112500E-05   0.00000000E+00   0.25112500E-05
  20.283   8.283   0.51650748E+00   0.25098262E-05   0.00000000E+00   0.25098262E-05
  20.300   8.300   0.51754589E+00   0.25084027E-05   0.00000000E+00   0.25084027E-05
  20.317   8.317   0.51858721E+00   0.25069796E-05   0.00000000E+00   0.25069796E-05
  20.333   8.333   0.51963142E+00   0.25055569E-05   0.00000000E+00   0.25055569E-05
  20.350   8.350   0.52067854E+00   0.25041348E-05   0.00000000E+00   0.25041348E-05
  20.367   8.367   0.52172857E+00   0.25027133E-05   0.00000000E+00   0.25027133E-05
  20.383   8.383   0.52278153E+00   0.25012925E-05   0.00000000E+00   0.25012925E-05
  20.400   8.400   0.52383740E+00   0.24998725E-05   0.00000000E+00   0.24998725E-05
  20.417   8.417   0.52489621E+00   0.24984535E-05   0.00000000E+00   0.24984535E-05
  20.433   8.433   0.52595794E+00   0.24970354E-05   0.00000000E+00   0.24970354E-05
  20.450   8.450   0.52702261E+00   0.24956184E-05   0.00000000E+00   0.24956184E-05
  20.467   8.467   0.52809022E+00   0.24942026E-05   0.00000000E+00   0.24942026E-05
  20.483   8.483   0.52916077E+00   0.24927880E-05   0.00000000E+00   0.24927880E-05
  20.500   8.500   0.53023426E+00   0.24913747E-05   0.00000000E+00   0.24913747E-05
  20.517   8.517   0.53131070E+00   0.24899629E-05   0.00000000E+00   0.24899629E-05
  20.533   8.533   0.53239008E+00   0.24885526E-05   0.00000000E+00   0.24885526E-05
  20.550   8.550   0.53347242E+00   0.24871440E-05   0.00000000E+00   0.24871440E-05
  20.567   8.567   0.53455770E+00   0.24857370E-05   0.00000000E+00   0.24857370E-05
  20.583   8.583   0.53564594E+00   0.24843318E-05   0.00000000E+00   0.24843318E-05
  20.600   8.600   0.53673712E+00   0.24829285E-05   0.00000000E+00   0.24829285E-05
  20.617   8.617   0.53783125E+00   0.24815271E-05   0.00000000E+00   0.24815271E-05
  20.633   8.633   0.53892833E+00   0.24801278E-05   0.00000000E+00   0.24801278E-05
  20.650   8.650   0.54002835E+00   0.24787306E-05   0.00000000E+00   0.24787306E-05
  20.667   8.667   0.54113132E+00   0.24773357E-05   0.00000000E+00   0.24773357E-05
  20.683   8.683   0.54223723E+00   0.24759431E-05   0.00000000E+00   0.24759431E-05
  20.700   8.700   0.54334607E+00   0.24745529E-05   0.00000000E+00   0.24745529E-05
  20.717   8.717   0.54445785E+00   0.24731653E-05   0.00000000E+00   0.24731653E-05
  20.733   8.733   0.54557256E+00   0.24717802E-05   0.00000000E+00   0.24717802E-05
  20.750   8.750   0.54669019E+00   0.24703979E-05   0.00000000E+00   0.24703979E-05
  20.767   8.767   0.54781073E+00   0.24690183E-05   0.00000000E+00   0.24690183E-05
  20.783   8.783   0.54893419E+00   0.24676416E-05   0.00000000E+00   0.24676416E-05
  20.800   8.800   0.55006056E+00   0.24662679E-05   0.00000000E+00   0.24662679E-05
  20.817   8.817   0.55118982E+00   0.24648972E-05   0.00000000E+00   0.24648972E-05
  20.833   8.833   0.55232197E+00   0.24635298E-05   0.00000000E+00   0.24635298E-05
  20.850   8.850   0.55345700E+00   0.24621656E-05   0.00000000E+00   0.24621656E-05
  20.867   8.867   0.55459490E+00   0.24608047E-05   0.00000000E+00   0.24608047E-05
  20.883   8.883   0.55573566E+00   0.24594474E-05   0.00000000E+00   0.24594474E-05
  20.900   8.900   0.55687928E+00   0.24580936E-05   0.00000000E+00   0.24580936E-05
  20.917   8.917   0.55802573E+00   0.24567434E-05   0.00000000E+00   0.24567434E-05
  20.933   8.933   0.55917501E+00   0.24553971E-05   0.00000000E+00   0.24553971E-05
  20.950   8.950   0.56032710E+00   0.24540546E-05   0.00000000E+00   0.24540546E-05
  20.967   8.967   0.56148200E+00   0.24527161E-05   0.00000000E+00   0.24527161E-05
