        RT(hours)           [ISO3]         P_R_36           tot_loss         tot_prod
  12.017   0.017   0.37486176E-02   0.24955736E-05   0.00000000E+00   0.24955736E-05
  12.033   0.033   0.75001057E-02   0.25388084E-05   0.00000000E+00   0.25388084E-05
  12.050   0.050   0.11254244E-01   0.25815610E-05   0.00000000E+00   0.25815610E-05
  12.067   0.067   0.15010848E-01   0.26243364E-05   0.00000000E+00   0.26243364E-05
  12.083   0.083   0.18769759E-01   0.26674508E-05   0.00000000E+00   0.26674508E-05
  12.100   0.100   0.22530830E-01   0.27110932E-05   0.00000000E+00   0.27110932E-05
  12.117   0.117   0.26293923E-01   0.27553738E-05   0.00000000E+00   0.27553738E-05
  12.133   0.133   0.30058904E-01   0.28003567E-05   0.00000000E+00   0.28003567E-05
  12.150   0.150   0.33825642E-01   0.28460801E-05   0.00000000E+00   0.28460801E-05
  12.167   0.167   0.37594005E-01   0.28925680E-05   0.00000000E+00   0.28925680E-05
  12.183   0.183   0.41363865E-01   0.29398366E-05   0.00000000E+00   0.29398366E-05
  12.200   0.200   0.45135091E-01   0.29878983E-05   0.00000000E+00   0.29878983E-05
  12.217   0.217   0.48907552E-01   0.30367631E-05   0.00000000E+00   0.30367631E-05
  12.233   0.233   0.52681120E-01   0.30864401E-05   0.00000000E+00   0.30864401E-05
  12.250   0.250   0.56455662E-01   0.31369382E-05   0.00000000E+00   0.31369382E-05
  12.267   0.267   0.60231048E-01   0.31882657E-05   0.00000000E+00   0.31882657E-05
  12.283   0.283   0.64007147E-01   0.32404312E-05   0.00000000E+00   0.32404312E-05
  12.300   0.300   0.67783828E-01   0.32934435E-05   0.00000000E+00   0.32934435E-05
  12.317   0.317   0.71560958E-01   0.33473114E-05   0.00000000E+00   0.33473114E-05
  12.333   0.333   0.75338404E-01   0.34020439E-05   0.00000000E+00   0.34020439E-05
  12.350   0.350   0.79116034E-01   0.34576504E-05   0.00000000E+00   0.34576504E-05
  12.367   0.367   0.82893714E-01   0.35141405E-05   0.00000000E+00   0.35141405E-05
  12.383   0.383   0.86671311E-01   0.35715238E-05   0.00000000E+00   0.35715238E-05
  12.400   0.400   0.90448689E-01   0.36298105E-05   0.00000000E+00   0.36298105E-05
  12.417   0.417   0.94225714E-01   0.36890109E-05   0.00000000E+00   0.36890109E-05
  12.433   0.433   0.98002250E-01   0.37491355E-05   0.00000000E+00   0.37491355E-05
  12.450   0.450   0.10177816E+00   0.38101952E-05   0.00000000E+00   0.38101952E-05
  12.467   0.467   0.10555331E+00   0.38722011E-05   0.00000000E+00   0.38722011E-05
  12.483   0.483   0.10932756E+00   0.39351647E-05   0.00000000E+00   0.39351647E-05
  12.500   0.500   0.11310077E+00   0.39990977E-05   0.00000000E+00   0.39990977E-05
  12.517   0.517   0.11687280E+00   0.40640120E-05   0.00000000E+00   0.40640120E-05
  12.533   0.533   0.12064351E+00   0.41299201E-05   0.00000000E+00   0.41299201E-05
  12.550   0.550   0.12441277E+00   0.41968344E-05   0.00000000E+00   0.41968344E-05
  12.567   0.567   0.12818042E+00   0.42647680E-05   0.00000000E+00   0.42647680E-05
  12.583   0.583   0.13194633E+00   0.43337340E-05   0.00000000E+00   0.43337340E-05
  12.600   0.600   0.13571035E+00   0.44037460E-05   0.00000000E+00   0.44037460E-05
  12.617   0.617   0.13947234E+00   0.44748179E-05   0.00000000E+00   0.44748179E-05
  12.633   0.633   0.14323215E+00   0.45469639E-05   0.00000000E+00   0.45469639E-05
  12.650   0.650   0.14698963E+00   0.46201985E-05   0.00000000E+00   0.46201985E-05
  12.667   0.667   0.15074464E+00   0.46945366E-05   0.00000000E+00   0.46945366E-05
  12.683   0.683   0.15449702E+00   0.47699934E-05   0.00000000E+00   0.47699934E-05
  12.700   0.700   0.15824663E+00   0.48465845E-05   0.00000000E+00   0.48465845E-05
  12.717   0.717   0.16199331E+00   0.49243257E-05   0.00000000E+00   0.49243257E-05
  12.733   0.733   0.16573690E+00   0.50032334E-05   0.00000000E+00   0.50032334E-05
  12.750   0.750   0.16947727E+00   0.50833241E-05   0.00000000E+00   0.50833241E-05
  12.767   0.767   0.17321423E+00   0.51646148E-05   0.00000000E+00   0.51646148E-05
  12.783   0.783   0.17694765E+00   0.52471228E-05   0.00000000E+00   0.52471228E-05
  12.800   0.800   0.18067735E+00   0.53308659E-05   0.00000000E+00   0.53308659E-05
  12.817   0.817   0.18440318E+00   0.54158622E-05   0.00000000E+00   0.54158622E-05
  12.833   0.833   0.18812498E+00   0.55021299E-05   0.00000000E+00   0.55021299E-05
  12.850   0.850   0.19184257E+00   0.55896881E-05   0.00000000E+00   0.55896881E-05
  12.867   0.867   0.19555579E+00   0.56785559E-05   0.00000000E+00   0.56785559E-05
  12.883   0.883   0.19926447E+00   0.57687529E-05   0.00000000E+00   0.57687529E-05
  12.900   0.900   0.20296844E+00   0.58602991E-05   0.00000000E+00   0.58602991E-05
  12.917   0.917   0.20666753E+00   0.59532148E-05   0.00000000E+00   0.59532148E-05
  12.933   0.933   0.21036156E+00   0.60475208E-05   0.00000000E+00   0.60475208E-05
  12.950   0.950   0.21405036E+00   0.61432382E-05   0.00000000E+00   0.61432382E-05
  12.967   0.967   0.21773373E+00   0.62403885E-05   0.00000000E+00   0.62403885E-05
  12.983   0.983   0.22141151E+00   0.63389938E-05   0.00000000E+00   0.63389938E-05
  13.000   1.000   0.22508350E+00   0.64390762E-05   0.00000000E+00   0.64390762E-05
  13.017   1.017   0.22874953E+00   0.65406587E-05   0.00000000E+00   0.65406587E-05
  13.033   1.033   0.23240938E+00   0.66437641E-05   0.00000000E+00   0.66437641E-05
  13.050   1.050   0.23606288E+00   0.67484162E-05   0.00000000E+00   0.67484162E-05
  13.067   1.067   0.23970983E+00   0.68546387E-05   0.00000000E+00   0.68546387E-05
  13.083   1.083   0.24335003E+00   0.69624560E-05   0.00000000E+00   0.69624560E-05
  13.100   1.100   0.24698328E+00   0.70718928E-05   0.00000000E+00   0.70718928E-05
  13.117   1.117   0.25060936E+00   0.71829741E-05   0.00000000E+00   0.71829741E-05
  13.133   1.133   0.25422808E+00   0.72957256E-05   0.00000000E+00   0.72957256E-05
  13.150   1.150   0.25783922E+00   0.74101729E-05   0.00000000E+00   0.74101729E-05
  13.167   1.167   0.26144256E+00   0.75263424E-05   0.00000000E+00   0.75263424E-05
  13.183   1.183   0.26503789E+00   0.76442606E-05   0.00000000E+00   0.76442606E-05
  13.200   1.200   0.26862498E+00   0.77639547E-05   0.00000000E+00   0.77639547E-05
  13.217   1.217   0.27220361E+00   0.78854519E-05   0.00000000E+00   0.78854519E-05
  13.233   1.233   0.27577354E+00   0.80087800E-05   0.00000000E+00   0.80087800E-05
  13.250   1.250   0.27933454E+00   0.81339670E-05   0.00000000E+00   0.81339670E-05
  13.267   1.267   0.28288637E+00   0.82610414E-05   0.00000000E+00   0.82610414E-05
  13.283   1.283   0.28642879E+00   0.83900320E-05   0.00000000E+00   0.83900320E-05
  13.300   1.300   0.28996154E+00   0.85209678E-05   0.00000000E+00   0.85209678E-05
  13.317   1.317   0.29348438E+00   0.86538783E-05   0.00000000E+00   0.86538783E-05
  13.333   1.333   0.29699704E+00   0.87887931E-05   0.00000000E+00   0.87887931E-05
  13.350   1.350   0.30049927E+00   0.89257424E-05   0.00000000E+00   0.89257424E-05
  13.367   1.367   0.30399079E+00   0.90647563E-05   0.00000000E+00   0.90647563E-05
  13.383   1.383   0.30747134E+00   0.92058654E-05   0.00000000E+00   0.92058654E-05
  13.400   1.400   0.31094062E+00   0.93491006E-05   0.00000000E+00   0.93491006E-05
  13.417   1.417   0.31439837E+00   0.94944928E-05   0.00000000E+00   0.94944928E-05
  13.433   1.433   0.31784428E+00   0.96420734E-05   0.00000000E+00   0.96420734E-05
  13.450   1.450   0.32127806E+00   0.97918737E-05   0.00000000E+00   0.97918737E-05
  13.467   1.467   0.32469941E+00   0.99439254E-05   0.00000000E+00   0.99439254E-05
  13.483   1.483   0.32810802E+00   0.10098260E-04   0.00000000E+00   0.10098260E-04
  13.500   1.500   0.33150357E+00   0.10254910E-04   0.00000000E+00   0.10254910E-04
  13.517   1.517   0.33488574E+00   0.10413907E-04   0.00000000E+00   0.10413907E-04
  13.533   1.533   0.33825420E+00   0.10575284E-04   0.00000000E+00   0.10575284E-04
  13.550   1.550   0.34160862E+00   0.10739071E-04   0.00000000E+00   0.10739071E-04
  13.567   1.567   0.34494864E+00   0.10905302E-04   0.00000000E+00   0.10905302E-04
  13.583   1.583   0.34827392E+00   0.11074009E-04   0.00000000E+00   0.11074009E-04
  13.600   1.600   0.35158409E+00   0.11245223E-04   0.00000000E+00   0.11245223E-04
  13.617   1.617   0.35487880E+00   0.11418976E-04   0.00000000E+00   0.11418976E-04
  13.633   1.633   0.35815766E+00   0.11595302E-04   0.00000000E+00   0.11595302E-04
  13.650   1.650   0.36142029E+00   0.11774230E-04   0.00000000E+00   0.11774230E-04
  13.667   1.667   0.36466630E+00   0.11955793E-04   0.00000000E+00   0.11955793E-04
  13.683   1.683   0.36789528E+00   0.12140023E-04   0.00000000E+00   0.12140023E-04
  13.700   1.700   0.37110683E+00   0.12326949E-04   0.00000000E+00   0.12326949E-04
  13.717   1.717   0.37430052E+00   0.12516602E-04   0.00000000E+00   0.12516602E-04
  13.733   1.733   0.37747593E+00   0.12709014E-04   0.00000000E+00   0.12709014E-04
  13.750   1.750   0.38063262E+00   0.12904213E-04   0.00000000E+00   0.12904213E-04
  13.767   1.767   0.38377014E+00   0.13102228E-04   0.00000000E+00   0.13102228E-04
  13.783   1.783   0.38688803E+00   0.13303090E-04   0.00000000E+00   0.13303090E-04
  13.800   1.800   0.38998582E+00   0.13506824E-04   0.00000000E+00   0.13506824E-04
  13.817   1.817   0.39306303E+00   0.13713460E-04   0.00000000E+00   0.13713460E-04
  13.833   1.833   0.39611919E+00   0.13923023E-04   0.00000000E+00   0.13923023E-04
  13.850   1.850   0.39915378E+00   0.14135539E-04   0.00000000E+00   0.14135539E-04
  13.867   1.867   0.40216630E+00   0.14351034E-04   0.00000000E+00   0.14351034E-04
  13.883   1.883   0.40515623E+00   0.14569530E-04   0.00000000E+00   0.14569530E-04
  13.900   1.900   0.40812304E+00   0.14791051E-04   0.00000000E+00   0.14791051E-04
  13.917   1.917   0.41106618E+00   0.15015619E-04   0.00000000E+00   0.15015619E-04
  13.933   1.933   0.41398512E+00   0.15243253E-04   0.00000000E+00   0.15243253E-04
  13.950   1.950   0.41687929E+00   0.15473973E-04   0.00000000E+00   0.15473973E-04
  13.967   1.967   0.41974811E+00   0.15707796E-04   0.00000000E+00   0.15707796E-04
  13.983   1.983   0.42259101E+00   0.15944738E-04   0.00000000E+00   0.15944738E-04
  14.000   2.000   0.42540739E+00   0.16184814E-04   0.00000000E+00   0.16184814E-04
  14.017   2.017   0.42819631E+00   0.16427571E-04   0.00000000E+00   0.16427571E-04
  14.033   2.033   0.43095542E+00   0.16672589E-04   0.00000000E+00   0.16672589E-04
  14.050   2.050   0.43368207E+00   0.16919897E-04   0.00000000E+00   0.16919897E-04
  14.067   2.067   0.43637367E+00   0.17169517E-04   0.00000000E+00   0.17169517E-04
  14.083   2.083   0.43902766E+00   0.17421464E-04   0.00000000E+00   0.17421464E-04
  14.100   2.100   0.44164152E+00   0.17675746E-04   0.00000000E+00   0.17675746E-04
  14.117   2.117   0.44421275E+00   0.17932362E-04   0.00000000E+00   0.17932362E-04
  14.133   2.133   0.44673889E+00   0.18191307E-04   0.00000000E+00   0.18191307E-04
  14.150   2.150   0.44921747E+00   0.18452565E-04   0.00000000E+00   0.18452565E-04
  14.167   2.167   0.45164605E+00   0.18716113E-04   0.00000000E+00   0.18716113E-04
  14.183   2.183   0.45402222E+00   0.18981922E-04   0.00000000E+00   0.18981922E-04
  14.200   2.200   0.45634354E+00   0.19249951E-04   0.00000000E+00   0.19249951E-04
  14.217   2.217   0.45860760E+00   0.19520152E-04   0.00000000E+00   0.19520152E-04
  14.233   2.233   0.46081202E+00   0.19792468E-04   0.00000000E+00   0.19792468E-04
  14.250   2.250   0.46295441E+00   0.20066833E-04   0.00000000E+00   0.20066833E-04
  14.267   2.267   0.46503240E+00   0.20343168E-04   0.00000000E+00   0.20343168E-04
  14.283   2.283   0.46704365E+00   0.20621385E-04   0.00000000E+00   0.20621385E-04
  14.300   2.300   0.46898582E+00   0.20901387E-04   0.00000000E+00   0.20901387E-04
  14.317   2.317   0.47085663E+00   0.21183063E-04   0.00000000E+00   0.21183063E-04
  14.333   2.333   0.47265384E+00   0.21466290E-04   0.00000000E+00   0.21466290E-04
  14.350   2.350   0.47437524E+00   0.21750934E-04   0.00000000E+00   0.21750934E-04
  14.367   2.367   0.47601869E+00   0.22036849E-04   0.00000000E+00   0.22036849E-04
  14.383   2.383   0.47758214E+00   0.22323874E-04   0.00000000E+00   0.22323874E-04
  14.400   2.400   0.47906361E+00   0.22611836E-04   0.00000000E+00   0.22611836E-04
  14.417   2.417   0.48046123E+00   0.22900548E-04   0.00000000E+00   0.22900548E-04
  14.433   2.433   0.48177327E+00   0.23189810E-04   0.00000000E+00   0.23189810E-04
  14.450   2.450   0.48299813E+00   0.23479409E-04   0.00000000E+00   0.23479409E-04
  14.467   2.467   0.48413438E+00   0.23769117E-04   0.00000000E+00   0.23769117E-04
  14.483   2.483   0.48518076E+00   0.24058695E-04   0.00000000E+00   0.24058695E-04
  14.500   2.500   0.48613627E+00   0.24347889E-04   0.00000000E+00   0.24347889E-04
  14.517   2.517   0.48700010E+00   0.24636437E-04   0.00000000E+00   0.24636437E-04
  14.533   2.533   0.48777173E+00   0.24924062E-04   0.00000000E+00   0.24924062E-04
  14.550   2.550   0.48845091E+00   0.25210479E-04   0.00000000E+00   0.25210479E-04
  14.567   2.567   0.48903772E+00   0.25495396E-04   0.00000000E+00   0.25495396E-04
  14.583   2.583   0.48953256E+00   0.25778512E-04   0.00000000E+00   0.25778512E-04
  14.600   2.600   0.48993621E+00   0.26059522E-04   0.00000000E+00   0.26059522E-04
  14.617   2.617   0.49024980E+00   0.26338119E-04   0.00000000E+00   0.26338119E-04
  14.633   2.633   0.49047485E+00   0.26613996E-04   0.00000000E+00   0.26613996E-04
  14.650   2.650   0.49061330E+00   0.26886846E-04   0.00000000E+00   0.26886846E-04
  14.667   2.667   0.49066748E+00   0.27156371E-04   0.00000000E+00   0.27156371E-04
  14.683   2.683   0.49064012E+00   0.27422277E-04   0.00000000E+00   0.27422277E-04
  14.700   2.700   0.49053434E+00   0.27684284E-04   0.00000000E+00   0.27684284E-04
  14.717   2.717   0.49035365E+00   0.27942122E-04   0.00000000E+00   0.27942122E-04
  14.733   2.733   0.49010190E+00   0.28195542E-04   0.00000000E+00   0.28195542E-04
  14.750   2.750   0.48978328E+00   0.28444311E-04   0.00000000E+00   0.28444311E-04
  14.767   2.767   0.48940226E+00   0.28688217E-04   0.00000000E+00   0.28688217E-04
  14.783   2.783   0.48896358E+00   0.28927074E-04   0.00000000E+00   0.28927074E-04
  14.800   2.800   0.48847216E+00   0.29160718E-04   0.00000000E+00   0.29160718E-04
  14.817   2.817   0.48793310E+00   0.29389013E-04   0.00000000E+00   0.29389013E-04
  14.833   2.833   0.48735157E+00   0.29611849E-04   0.00000000E+00   0.29611849E-04
  14.850   2.850   0.48673283E+00   0.29829145E-04   0.00000000E+00   0.29829145E-04
  14.867   2.867   0.48608211E+00   0.30040845E-04   0.00000000E+00   0.30040845E-04
  14.883   2.883   0.48540459E+00   0.30246921E-04   0.00000000E+00   0.30246921E-04
  14.900   2.900   0.48470537E+00   0.30447368E-04   0.00000000E+00   0.30447368E-04
  14.917   2.917   0.48398939E+00   0.30642209E-04   0.00000000E+00   0.30642209E-04
  14.933   2.933   0.48326142E+00   0.30831485E-04   0.00000000E+00   0.30831485E-04
  14.950   2.950   0.48252602E+00   0.31015262E-04   0.00000000E+00   0.31015262E-04
  14.967   2.967   0.48178749E+00   0.31193619E-04   0.00000000E+00   0.31193619E-04
  14.983   2.983   0.48104990E+00   0.31366657E-04   0.00000000E+00   0.31366657E-04
  15.000   3.000   0.48031701E+00   0.31534487E-04   0.00000000E+00   0.31534487E-04
  15.017   3.017   0.47959234E+00   0.31697233E-04   0.00000000E+00   0.31697233E-04
  15.033   3.033   0.47887907E+00   0.31855030E-04   0.00000000E+00   0.31855030E-04
  15.050   3.050   0.47818013E+00   0.32008018E-04   0.00000000E+00   0.32008018E-04
  15.067   3.067   0.47749816E+00   0.32156345E-04   0.00000000E+00   0.32156345E-04
  15.083   3.083   0.47683550E+00   0.32300163E-04   0.00000000E+00   0.32300163E-04
  15.100   3.100   0.47619424E+00   0.32439626E-04   0.00000000E+00   0.32439626E-04
  15.117   3.117   0.47557622E+00   0.32574889E-04   0.00000000E+00   0.32574889E-04
  15.133   3.133   0.47498303E+00   0.32706106E-04   0.00000000E+00   0.32706106E-04
  15.150   3.150   0.47441604E+00   0.32833432E-04   0.00000000E+00   0.32833432E-04
  15.167   3.167   0.47387640E+00   0.32957018E-04   0.00000000E+00   0.32957018E-04
  15.183   3.183   0.47336508E+00   0.33077013E-04   0.00000000E+00   0.33077013E-04
  15.200   3.200   0.47288287E+00   0.33193563E-04   0.00000000E+00   0.33193563E-04
  15.217   3.217   0.47243038E+00   0.33306808E-04   0.00000000E+00   0.33306808E-04
  15.233   3.233   0.47200809E+00   0.33416886E-04   0.00000000E+00   0.33416886E-04
  15.250   3.250   0.47161634E+00   0.33523929E-04   0.00000000E+00   0.33523929E-04
  15.267   3.267   0.47125536E+00   0.33628066E-04   0.00000000E+00   0.33628066E-04
  15.283   3.283   0.47092526E+00   0.33729418E-04   0.00000000E+00   0.33729418E-04
  15.300   3.300   0.47062607E+00   0.33828104E-04   0.00000000E+00   0.33828104E-04
  15.317   3.317   0.47035772E+00   0.33924236E-04   0.00000000E+00   0.33924236E-04
  15.333   3.333   0.47012009E+00   0.34017923E-04   0.00000000E+00   0.34017923E-04
  15.350   3.350   0.46991297E+00   0.34109267E-04   0.00000000E+00   0.34109267E-04
  15.367   3.367   0.46973610E+00   0.34198366E-04   0.00000000E+00   0.34198366E-04
  15.383   3.383   0.46958920E+00   0.34285316E-04   0.00000000E+00   0.34285316E-04
  15.400   3.400   0.46947192E+00   0.34370204E-04   0.00000000E+00   0.34370204E-04
  15.417   3.417   0.46938389E+00   0.34453115E-04   0.00000000E+00   0.34453115E-04
  15.433   3.433   0.46932470E+00   0.34534132E-04   0.00000000E+00   0.34534132E-04
  15.450   3.450   0.46929392E+00   0.34613329E-04   0.00000000E+00   0.34613329E-04
  15.467   3.467   0.46929112E+00   0.34690781E-04   0.00000000E+00   0.34690781E-04
  15.483   3.483   0.46931584E+00   0.34766557E-04   0.00000000E+00   0.34766557E-04
  15.500   3.500   0.46936759E+00   0.34840723E-04   0.00000000E+00   0.34840723E-04
  15.517   3.517   0.46944591E+00   0.34913341E-04   0.00000000E+00   0.34913341E-04
  15.533   3.533   0.46955031E+00   0.34984472E-04   0.00000000E+00   0.34984472E-04
  15.550   3.550   0.46968030E+00   0.35054171E-04   0.00000000E+00   0.35054171E-04
  15.567   3.567   0.46983539E+00   0.35122493E-04   0.00000000E+00   0.35122493E-04
  15.583   3.583   0.47001510E+00   0.35189488E-04   0.00000000E+00   0.35189488E-04
  15.600   3.600   0.47021893E+00   0.35255206E-04   0.00000000E+00   0.35255206E-04
  15.617   3.617   0.47044642E+00   0.35319693E-04   0.00000000E+00   0.35319693E-04
  15.633   3.633   0.47069707E+00   0.35382993E-04   0.00000000E+00   0.35382993E-04
  15.650   3.650   0.47097043E+00   0.35445148E-04   0.00000000E+00   0.35445148E-04
  15.667   3.667   0.47126602E+00   0.35506197E-04   0.00000000E+00   0.35506197E-04
  15.683   3.683   0.47158339E+00   0.35566180E-04   0.00000000E+00   0.35566180E-04
  15.700   3.700   0.47192210E+00   0.35625132E-04   0.00000000E+00   0.35625132E-04
  15.717   3.717   0.47228169E+00   0.35683087E-04   0.00000000E+00   0.35683087E-04
  15.733   3.733   0.47266174E+00   0.35740080E-04   0.00000000E+00   0.35740080E-04
  15.750   3.750   0.47306183E+00   0.35796141E-04   0.00000000E+00   0.35796141E-04
  15.767   3.767   0.47348155E+00   0.35851301E-04   0.00000000E+00   0.35851301E-04
  15.783   3.783   0.47392048E+00   0.35905588E-04   0.00000000E+00   0.35905588E-04
  15.800   3.800   0.47437823E+00   0.35959031E-04   0.00000000E+00   0.35959031E-04
  15.817   3.817   0.47485443E+00   0.36011654E-04   0.00000000E+00   0.36011654E-04
  15.833   3.833   0.47534869E+00   0.36063485E-04   0.00000000E+00   0.36063485E-04
  15.850   3.850   0.47586064E+00   0.36114546E-04   0.00000000E+00   0.36114546E-04
  15.867   3.867   0.47638994E+00   0.36164861E-04   0.00000000E+00   0.36164861E-04
  15.883   3.883   0.47693624E+00   0.36214452E-04   0.00000000E+00   0.36214452E-04
  15.900   3.900   0.47749919E+00   0.36263341E-04   0.00000000E+00   0.36263341E-04
  15.917   3.917   0.47807847E+00   0.36311548E-04   0.00000000E+00   0.36311548E-04
  15.933   3.933   0.47867376E+00   0.36359092E-04   0.00000000E+00   0.36359092E-04
  15.950   3.950   0.47928475E+00   0.36405993E-04   0.00000000E+00   0.36405993E-04
  15.967   3.967   0.47991114E+00   0.36452269E-04   0.00000000E+00   0.36452269E-04
  15.983   3.983   0.48055263E+00   0.36497937E-04   0.00000000E+00   0.36497937E-04
  16.000   4.000   0.48120893E+00   0.36543014E-04   0.00000000E+00   0.36543014E-04
  16.017   4.017   0.48187982E+00   0.36587519E-04   0.00000000E+00   0.36587519E-04
  16.033   4.033   0.48256521E+00   0.36631485E-04   0.00000000E+00   0.36631485E-04
  16.050   4.050   0.48326505E+00   0.36674942E-04   0.00000000E+00   0.36674942E-04
  16.067   4.067   0.48397926E+00   0.36717920E-04   0.00000000E+00   0.36717920E-04
  16.083   4.083   0.48470773E+00   0.36760448E-04   0.00000000E+00   0.36760448E-04
  16.100   4.100   0.48545036E+00   0.36802549E-04   0.00000000E+00   0.36802549E-04
  16.117   4.117   0.48620702E+00   0.36844249E-04   0.00000000E+00   0.36844249E-04
  16.133   4.133   0.48697758E+00   0.36885568E-04   0.00000000E+00   0.36885568E-04
  16.150   4.150   0.48776188E+00   0.36926528E-04   0.00000000E+00   0.36926528E-04
  16.167   4.167   0.48867990E+00   0.36973631E-04   0.00000000E+00   0.36973631E-04
  16.183   4.183   0.48982966E+00   0.37032345E-04   0.00000000E+00   0.37032345E-04
  16.200   4.200   0.49115293E+00   0.37099712E-04   0.00000000E+00   0.37099712E-04
  16.217   4.217   0.49261202E+00   0.37173818E-04   0.00000000E+00   0.37173818E-04
  16.233   4.233   0.49418105E+00   0.37253350E-04   0.00000000E+00   0.37253350E-04
  16.250   4.250   0.49584141E+00   0.37337366E-04   0.00000000E+00   0.37337366E-04
  16.267   4.267   0.49757919E+00   0.37425165E-04   0.00000000E+00   0.37425165E-04
  16.283   4.283   0.49938368E+00   0.37516206E-04   0.00000000E+00   0.37516206E-04
  16.300   4.300   0.50124646E+00   0.37610065E-04   0.00000000E+00   0.37610065E-04
  16.317   4.317   0.50316075E+00   0.37706401E-04   0.00000000E+00   0.37706401E-04
  16.333   4.333   0.50512103E+00   0.37804936E-04   0.00000000E+00   0.37804936E-04
  16.350   4.350   0.50712271E+00   0.37905441E-04   0.00000000E+00   0.37905441E-04
  16.367   4.367   0.50916196E+00   0.38007721E-04   0.00000000E+00   0.38007721E-04
  16.383   4.383   0.51123552E+00   0.38111613E-04   0.00000000E+00   0.38111613E-04
  16.400   4.400   0.51334062E+00   0.38216977E-04   0.00000000E+00   0.38216977E-04
  16.417   4.417   0.51547485E+00   0.38323693E-04   0.00000000E+00   0.38323693E-04
  16.433   4.433   0.51763613E+00   0.38431654E-04   0.00000000E+00   0.38431654E-04
  16.450   4.450   0.51982263E+00   0.38540768E-04   0.00000000E+00   0.38540768E-04
  16.467   4.467   0.52203277E+00   0.38650954E-04   0.00000000E+00   0.38650954E-04
  16.483   4.483   0.52426511E+00   0.38762139E-04   0.00000000E+00   0.38762139E-04
  16.500   4.500   0.52651841E+00   0.38874259E-04   0.00000000E+00   0.38874259E-04
  16.517   4.517   0.52879153E+00   0.38987256E-04   0.00000000E+00   0.38987256E-04
  16.533   4.533   0.53108348E+00   0.39101077E-04   0.00000000E+00   0.39101077E-04
  16.550   4.550   0.53339335E+00   0.39215675E-04   0.00000000E+00   0.39215675E-04
  16.567   4.567   0.53572033E+00   0.39331007E-04   0.00000000E+00   0.39331007E-04
  16.583   4.583   0.53806367E+00   0.39447033E-04   0.00000000E+00   0.39447033E-04
  16.600   4.600   0.54042271E+00   0.39563718E-04   0.00000000E+00   0.39563718E-04
  16.617   4.617   0.54279683E+00   0.39681029E-04   0.00000000E+00   0.39681029E-04
  16.633   4.633   0.54518548E+00   0.39798935E-04   0.00000000E+00   0.39798935E-04
  16.650   4.650   0.54758816E+00   0.39917407E-04   0.00000000E+00   0.39917407E-04
  16.667   4.667   0.55000440E+00   0.40036419E-04   0.00000000E+00   0.40036419E-04
  16.683   4.683   0.55243376E+00   0.40155947E-04   0.00000000E+00   0.40155947E-04
  16.700   4.700   0.55487586E+00   0.40275969E-04   0.00000000E+00   0.40275969E-04
  16.717   4.717   0.55733034E+00   0.40396461E-04   0.00000000E+00   0.40396461E-04
  16.733   4.733   0.55979686E+00   0.40517406E-04   0.00000000E+00   0.40517406E-04
  16.750   4.750   0.56227511E+00   0.40638783E-04   0.00000000E+00   0.40638783E-04
  16.767   4.767   0.56476481E+00   0.40760575E-04   0.00000000E+00   0.40760575E-04
  16.783   4.783   0.56726570E+00   0.40882764E-04   0.00000000E+00   0.40882764E-04
  16.800   4.800   0.56977753E+00   0.41005336E-04   0.00000000E+00   0.41005336E-04
  16.817   4.817   0.57230007E+00   0.41128274E-04   0.00000000E+00   0.41128274E-04
  16.833   4.833   0.57483312E+00   0.41251565E-04   0.00000000E+00   0.41251565E-04
  16.850   4.850   0.57737648E+00   0.41375195E-04   0.00000000E+00   0.41375195E-04
  16.867   4.867   0.57992997E+00   0.41499150E-04   0.00000000E+00   0.41499150E-04
  16.883   4.883   0.58249341E+00   0.41623417E-04   0.00000000E+00   0.41623417E-04
  16.900   4.900   0.58506666E+00   0.41747986E-04   0.00000000E+00   0.41747986E-04
  16.917   4.917   0.58764956E+00   0.41872844E-04   0.00000000E+00   0.41872844E-04
  16.933   4.933   0.59024198E+00   0.41997981E-04   0.00000000E+00   0.41997981E-04
  16.950   4.950   0.59284380E+00   0.42123384E-04   0.00000000E+00   0.42123384E-04
  16.967   4.967   0.59545489E+00   0.42249045E-04   0.00000000E+00   0.42249045E-04
  16.983   4.983   0.59807514E+00   0.42374953E-04   0.00000000E+00   0.42374953E-04
  17.000   5.000   0.60070445E+00   0.42501098E-04   0.00000000E+00   0.42501098E-04
  17.017   5.017   0.60334273E+00   0.42627472E-04   0.00000000E+00   0.42627472E-04
  17.033   5.033   0.60598989E+00   0.42754064E-04   0.00000000E+00   0.42754064E-04
  17.050   5.050   0.60864585E+00   0.42880866E-04   0.00000000E+00   0.42880866E-04
  17.067   5.067   0.61131052E+00   0.43007870E-04   0.00000000E+00   0.43007870E-04
  17.083   5.083   0.61398383E+00   0.43135068E-04   0.00000000E+00   0.43135068E-04
  17.100   5.100   0.61666573E+00   0.43262450E-04   0.00000000E+00   0.43262450E-04
  17.117   5.117   0.61935614E+00   0.43390009E-04   0.00000000E+00   0.43390009E-04
  17.133   5.133   0.62205502E+00   0.43517737E-04   0.00000000E+00   0.43517737E-04
  17.150   5.150   0.62476230E+00   0.43645627E-04   0.00000000E+00   0.43645627E-04
  17.167   5.167   0.62747794E+00   0.43773671E-04   0.00000000E+00   0.43773671E-04
  17.183   5.183   0.63020189E+00   0.43901862E-04   0.00000000E+00   0.43901862E-04
  17.200   5.200   0.63293411E+00   0.44030193E-04   0.00000000E+00   0.44030193E-04
  17.217   5.217   0.63567457E+00   0.44158656E-04   0.00000000E+00   0.44158656E-04
  17.233   5.233   0.63842322E+00   0.44287246E-04   0.00000000E+00   0.44287246E-04
  17.250   5.250   0.64118003E+00   0.44415954E-04   0.00000000E+00   0.44415954E-04
  17.267   5.267   0.64394498E+00   0.44544774E-04   0.00000000E+00   0.44544774E-04
  17.283   5.283   0.64671804E+00   0.44673700E-04   0.00000000E+00   0.44673700E-04
  17.300   5.300   0.64949918E+00   0.44802725E-04   0.00000000E+00   0.44802725E-04
  17.317   5.317   0.65228838E+00   0.44931844E-04   0.00000000E+00   0.44931844E-04
  17.333   5.333   0.65508563E+00   0.45061048E-04   0.00000000E+00   0.45061048E-04
  17.350   5.350   0.65789089E+00   0.45190333E-04   0.00000000E+00   0.45190333E-04
  17.367   5.367   0.66070417E+00   0.45319693E-04   0.00000000E+00   0.45319693E-04
  17.383   5.383   0.66352544E+00   0.45449120E-04   0.00000000E+00   0.45449120E-04
  17.400   5.400   0.66635469E+00   0.45578610E-04   0.00000000E+00   0.45578610E-04
  17.417   5.417   0.66919192E+00   0.45708155E-04   0.00000000E+00   0.45708155E-04
  17.433   5.433   0.67203711E+00   0.45837752E-04   0.00000000E+00   0.45837752E-04
  17.450   5.450   0.67489026E+00   0.45967392E-04   0.00000000E+00   0.45967392E-04
  17.467   5.467   0.67775136E+00   0.46097072E-04   0.00000000E+00   0.46097072E-04
  17.483   5.483   0.68062042E+00   0.46226785E-04   0.00000000E+00   0.46226785E-04
  17.500   5.500   0.68349741E+00   0.46356525E-04   0.00000000E+00   0.46356525E-04
  17.517   5.517   0.68638236E+00   0.46486287E-04   0.00000000E+00   0.46486287E-04
  17.533   5.533   0.68927525E+00   0.46616066E-04   0.00000000E+00   0.46616066E-04
  17.550   5.550   0.69217609E+00   0.46745855E-04   0.00000000E+00   0.46745855E-04
  17.567   5.567   0.69508488E+00   0.46875650E-04   0.00000000E+00   0.46875650E-04
  17.583   5.583   0.69800162E+00   0.47005445E-04   0.00000000E+00   0.47005445E-04
  17.600   5.600   0.70092632E+00   0.47135235E-04   0.00000000E+00   0.47135235E-04
  17.617   5.617   0.70385899E+00   0.47265014E-04   0.00000000E+00   0.47265014E-04
  17.633   5.633   0.70679963E+00   0.47394778E-04   0.00000000E+00   0.47394778E-04
  17.650   5.650   0.70974824E+00   0.47524520E-04   0.00000000E+00   0.47524520E-04
  17.667   5.667   0.71270485E+00   0.47654236E-04   0.00000000E+00   0.47654236E-04
  17.683   5.683   0.71566945E+00   0.47783921E-04   0.00000000E+00   0.47783921E-04
  17.700   5.700   0.71864206E+00   0.47913569E-04   0.00000000E+00   0.47913569E-04
  17.717   5.717   0.72162269E+00   0.48043176E-04   0.00000000E+00   0.48043176E-04
  17.733   5.733   0.72461134E+00   0.48172736E-04   0.00000000E+00   0.48172736E-04
  17.750   5.750   0.72760804E+00   0.48302244E-04   0.00000000E+00   0.48302244E-04
  17.767   5.767   0.73061279E+00   0.48431695E-04   0.00000000E+00   0.48431695E-04
  17.783   5.783   0.73362562E+00   0.48561084E-04   0.00000000E+00   0.48561084E-04
  17.800   5.800   0.73664652E+00   0.48690407E-04   0.00000000E+00   0.48690407E-04
  17.817   5.817   0.73967553E+00   0.48819659E-04   0.00000000E+00   0.48819659E-04
  17.833   5.833   0.74271264E+00   0.48948833E-04   0.00000000E+00   0.48948833E-04
  17.850   5.850   0.74575789E+00   0.49077927E-04   0.00000000E+00   0.49077927E-04
  17.867   5.867   0.74881129E+00   0.49206934E-04   0.00000000E+00   0.49206934E-04
  17.883   5.883   0.75187284E+00   0.49335851E-04   0.00000000E+00   0.49335851E-04
  17.900   5.900   0.75494258E+00   0.49464672E-04   0.00000000E+00   0.49464672E-04
  17.917   5.917   0.75802052E+00   0.49593392E-04   0.00000000E+00   0.49593392E-04
  17.933   5.933   0.76110668E+00   0.49722007E-04   0.00000000E+00   0.49722007E-04
  17.950   5.950   0.76420107E+00   0.49850513E-04   0.00000000E+00   0.49850513E-04
  17.967   5.967   0.76730372E+00   0.49978904E-04   0.00000000E+00   0.49978904E-04
  17.983   5.983   0.77041465E+00   0.50107175E-04   0.00000000E+00   0.50107175E-04
  18.000   6.000   0.77353387E+00   0.50235323E-04   0.00000000E+00   0.50235323E-04
  18.017   6.017   0.77666140E+00   0.50363343E-04   0.00000000E+00   0.50363343E-04
  18.033   6.033   0.77979728E+00   0.50491230E-04   0.00000000E+00   0.50491230E-04
  18.050   6.050   0.78294151E+00   0.50618979E-04   0.00000000E+00   0.50618979E-04
  18.067   6.067   0.78609412E+00   0.50746586E-04   0.00000000E+00   0.50746586E-04
  18.083   6.083   0.78925514E+00   0.50874047E-04   0.00000000E+00   0.50874047E-04
  18.100   6.100   0.79242458E+00   0.51001357E-04   0.00000000E+00   0.51001357E-04
  18.117   6.117   0.79560246E+00   0.51128511E-04   0.00000000E+00   0.51128511E-04
  18.133   6.133   0.79878882E+00   0.51255506E-04   0.00000000E+00   0.51255506E-04
  18.150   6.150   0.80198366E+00   0.51382337E-04   0.00000000E+00   0.51382337E-04
  18.167   6.167   0.80518702E+00   0.51508999E-04   0.00000000E+00   0.51508999E-04
  18.183   6.183   0.80839892E+00   0.51635488E-04   0.00000000E+00   0.51635488E-04
  18.200   6.200   0.81161938E+00   0.51761801E-04   0.00000000E+00   0.51761801E-04
  18.217   6.217   0.81484842E+00   0.51887931E-04   0.00000000E+00   0.51887931E-04
  18.233   6.233   0.81808608E+00   0.52013877E-04   0.00000000E+00   0.52013877E-04
  18.250   6.250   0.82133236E+00   0.52139632E-04   0.00000000E+00   0.52139632E-04
  18.267   6.267   0.82458731E+00   0.52265193E-04   0.00000000E+00   0.52265193E-04
  18.283   6.283   0.82785094E+00   0.52390555E-04   0.00000000E+00   0.52390555E-04
  18.300   6.300   0.83112328E+00   0.52515716E-04   0.00000000E+00   0.52515716E-04
  18.317   6.317   0.83440435E+00   0.52640669E-04   0.00000000E+00   0.52640669E-04
  18.333   6.333   0.83769417E+00   0.52765412E-04   0.00000000E+00   0.52765412E-04
  18.350   6.350   0.84099278E+00   0.52889941E-04   0.00000000E+00   0.52889941E-04
  18.367   6.367   0.84430020E+00   0.53014250E-04   0.00000000E+00   0.53014250E-04
  18.383   6.383   0.84761645E+00   0.53138336E-04   0.00000000E+00   0.53138336E-04
  18.400   6.400   0.85094156E+00   0.53262196E-04   0.00000000E+00   0.53262196E-04
  18.417   6.417   0.85427555E+00   0.53385825E-04   0.00000000E+00   0.53385825E-04
  18.433   6.433   0.85761846E+00   0.53509219E-04   0.00000000E+00   0.53509219E-04
  18.450   6.450   0.86097030E+00   0.53632374E-04   0.00000000E+00   0.53632374E-04
  18.467   6.467   0.86433110E+00   0.53755287E-04   0.00000000E+00   0.53755287E-04
  18.483   6.483   0.86770090E+00   0.53877953E-04   0.00000000E+00   0.53877953E-04
  18.500   6.500   0.87107971E+00   0.54000369E-04   0.00000000E+00   0.54000369E-04
  18.517   6.517   0.87446756E+00   0.54122531E-04   0.00000000E+00   0.54122531E-04
  18.533   6.533   0.87786447E+00   0.54244435E-04   0.00000000E+00   0.54244435E-04
  18.550   6.550   0.88127049E+00   0.54366077E-04   0.00000000E+00   0.54366077E-04
  18.567   6.567   0.88468562E+00   0.54487454E-04   0.00000000E+00   0.54487454E-04
  18.583   6.583   0.88810990E+00   0.54608562E-04   0.00000000E+00   0.54608562E-04
  18.600   6.600   0.89154335E+00   0.54729398E-04   0.00000000E+00   0.54729398E-04
  18.617   6.617   0.89498601E+00   0.54849956E-04   0.00000000E+00   0.54849956E-04
  18.633   6.633   0.89843789E+00   0.54970235E-04   0.00000000E+00   0.54970235E-04
  18.650   6.650   0.90189903E+00   0.55090231E-04   0.00000000E+00   0.55090231E-04
  18.667   6.667   0.90536945E+00   0.55209939E-04   0.00000000E+00   0.55209939E-04
  18.683   6.683   0.90884917E+00   0.55329356E-04   0.00000000E+00   0.55329356E-04
  18.700   6.700   0.91233823E+00   0.55448480E-04   0.00000000E+00   0.55448480E-04
  18.717   6.717   0.91583665E+00   0.55567306E-04   0.00000000E+00   0.55567306E-04
  18.733   6.733   0.91934446E+00   0.55685830E-04   0.00000000E+00   0.55685830E-04
  18.750   6.750   0.92286169E+00   0.55804051E-04   0.00000000E+00   0.55804051E-04
  18.767   6.767   0.92638836E+00   0.55921963E-04   0.00000000E+00   0.55921963E-04
  18.783   6.783   0.92992449E+00   0.56039564E-04   0.00000000E+00   0.56039564E-04
  18.800   6.800   0.93347013E+00   0.56156851E-04   0.00000000E+00   0.56156851E-04
  18.817   6.817   0.93702528E+00   0.56273820E-04   0.00000000E+00   0.56273820E-04
  18.833   6.833   0.94058999E+00   0.56390468E-04   0.00000000E+00   0.56390468E-04
  18.850   6.850   0.94416427E+00   0.56506792E-04   0.00000000E+00   0.56506792E-04
  18.867   6.867   0.94774816E+00   0.56622788E-04   0.00000000E+00   0.56622788E-04
  18.883   6.883   0.95134168E+00   0.56738454E-04   0.00000000E+00   0.56738454E-04
  18.900   6.900   0.95494485E+00   0.56853786E-04   0.00000000E+00   0.56853786E-04
  18.917   6.917   0.95855771E+00   0.56968781E-04   0.00000000E+00   0.56968781E-04
  18.933   6.933   0.96218028E+00   0.57083436E-04   0.00000000E+00   0.57083436E-04
  18.950   6.950   0.96581259E+00   0.57197748E-04   0.00000000E+00   0.57197748E-04
  18.967   6.967   0.96945466E+00   0.57311714E-04   0.00000000E+00   0.57311714E-04
  18.983   6.983   0.97310652E+00   0.57425331E-04   0.00000000E+00   0.57425331E-04
  19.000   7.000   0.97676820E+00   0.57538596E-04   0.00000000E+00   0.57538596E-04
  19.017   7.017   0.98043973E+00   0.57651507E-04   0.00000000E+00   0.57651507E-04
  19.033   7.033   0.98412112E+00   0.57764060E-04   0.00000000E+00   0.57764060E-04
  19.050   7.050   0.98781241E+00   0.57876252E-04   0.00000000E+00   0.57876252E-04
  19.067   7.067   0.99151363E+00   0.57988080E-04   0.00000000E+00   0.57988080E-04
  19.083   7.083   0.99522479E+00   0.58099543E-04   0.00000000E+00   0.58099543E-04
  19.100   7.100   0.99894593E+00   0.58210637E-04   0.00000000E+00   0.58210637E-04
  19.117   7.117   0.10026771E+01   0.58321359E-04   0.00000000E+00   0.58321359E-04
  19.133   7.133   0.10064182E+01   0.58431706E-04   0.00000000E+00   0.58431706E-04
  19.150   7.150   0.10101695E+01   0.58541677E-04   0.00000000E+00   0.58541677E-04
  19.167   7.167   0.10139308E+01   0.58651268E-04   0.00000000E+00   0.58651268E-04
  19.183   7.183   0.10177022E+01   0.58760477E-04   0.00000000E+00   0.58760477E-04
  19.200   7.200   0.10214837E+01   0.58869300E-04   0.00000000E+00   0.58869300E-04
  19.217   7.217   0.10252754E+01   0.58977737E-04   0.00000000E+00   0.58977737E-04
  19.233   7.233   0.10290773E+01   0.59085784E-04   0.00000000E+00   0.59085784E-04
  19.250   7.250   0.10328893E+01   0.59193438E-04   0.00000000E+00   0.59193438E-04
  19.267   7.267   0.10367117E+01   0.59300697E-04   0.00000000E+00   0.59300697E-04
  19.283   7.283   0.10405442E+01   0.59407560E-04   0.00000000E+00   0.59407560E-04
  19.300   7.300   0.10443871E+01   0.59514023E-04   0.00000000E+00   0.59514023E-04
  19.317   7.317   0.10482402E+01   0.59620083E-04   0.00000000E+00   0.59620083E-04
  19.333   7.333   0.10521037E+01   0.59725740E-04   0.00000000E+00   0.59725740E-04
  19.350   7.350   0.10559775E+01   0.59830990E-04   0.00000000E+00   0.59830990E-04
  19.367   7.367   0.10598618E+01   0.59935832E-04   0.00000000E+00   0.59935832E-04
  19.383   7.383   0.10637564E+01   0.60040262E-04   0.00000000E+00   0.60040262E-04
  19.400   7.400   0.10676614E+01   0.60144279E-04   0.00000000E+00   0.60144279E-04
  19.417   7.417   0.10715769E+01   0.60247881E-04   0.00000000E+00   0.60247881E-04
  19.433   7.433   0.10755029E+01   0.60351065E-04   0.00000000E+00   0.60351065E-04
  19.450   7.450   0.10794394E+01   0.60453830E-04   0.00000000E+00   0.60453830E-04
  19.467   7.467   0.10833864E+01   0.60556173E-04   0.00000000E+00   0.60556173E-04
  19.483   7.483   0.10873439E+01   0.60658092E-04   0.00000000E+00   0.60658092E-04
  19.500   7.500   0.10913120E+01   0.60759586E-04   0.00000000E+00   0.60759586E-04
  19.517   7.517   0.10952907E+01   0.60860652E-04   0.00000000E+00   0.60860652E-04
  19.533   7.533   0.10992800E+01   0.60961288E-04   0.00000000E+00   0.60961288E-04
  19.550   7.550   0.11032799E+01   0.61061493E-04   0.00000000E+00   0.61061493E-04
  19.567   7.567   0.11072905E+01   0.61161264E-04   0.00000000E+00   0.61161264E-04
  19.583   7.583   0.11113117E+01   0.61260600E-04   0.00000000E+00   0.61260600E-04
  19.600   7.600   0.11153437E+01   0.61359499E-04   0.00000000E+00   0.61359499E-04
  19.617   7.617   0.11193864E+01   0.61457958E-04   0.00000000E+00   0.61457958E-04
  19.633   7.633   0.11234398E+01   0.61555977E-04   0.00000000E+00   0.61555977E-04
  19.650   7.650   0.11275040E+01   0.61653554E-04   0.00000000E+00   0.61653554E-04
  19.667   7.667   0.11315789E+01   0.61750686E-04   0.00000000E+00   0.61750686E-04
  19.683   7.683   0.11356647E+01   0.61847372E-04   0.00000000E+00   0.61847372E-04
  19.700   7.700   0.11397612E+01   0.61943611E-04   0.00000000E+00   0.61943611E-04
  19.717   7.717   0.11438687E+01   0.62039401E-04   0.00000000E+00   0.62039401E-04
  19.733   7.733   0.11479869E+01   0.62134739E-04   0.00000000E+00   0.62134739E-04
  19.750   7.750   0.11521161E+01   0.62229625E-04   0.00000000E+00   0.62229625E-04
  19.767   7.767   0.11562561E+01   0.62324057E-04   0.00000000E+00   0.62324057E-04
  19.783   7.783   0.11604070E+01   0.62418034E-04   0.00000000E+00   0.62418034E-04
  19.800   7.800   0.11645689E+01   0.62511553E-04   0.00000000E+00   0.62511553E-04
  19.817   7.817   0.11687417E+01   0.62604614E-04   0.00000000E+00   0.62604614E-04
  19.833   7.833   0.11729255E+01   0.62697215E-04   0.00000000E+00   0.62697215E-04
  19.850   7.850   0.11771203E+01   0.62789354E-04   0.00000000E+00   0.62789354E-04
  19.867   7.867   0.11813260E+01   0.62881030E-04   0.00000000E+00   0.62881030E-04
  19.883   7.883   0.11855428E+01   0.62972242E-04   0.00000000E+00   0.62972242E-04
  19.900   7.900   0.11897706E+01   0.63062988E-04   0.00000000E+00   0.63062988E-04
  19.917   7.917   0.11940094E+01   0.63153267E-04   0.00000000E+00   0.63153267E-04
  19.933   7.933   0.11982593E+01   0.63243078E-04   0.00000000E+00   0.63243078E-04
  19.950   7.950   0.12025203E+01   0.63332419E-04   0.00000000E+00   0.63332419E-04
  19.967   7.967   0.12067923E+01   0.63421288E-04   0.00000000E+00   0.63421288E-04
  19.983   7.983   0.12110754E+01   0.63509686E-04   0.00000000E+00   0.63509686E-04
  20.000   8.000   0.12153697E+01   0.63597610E-04   0.00000000E+00   0.63597610E-04
  20.017   8.017   0.12196750E+01   0.63685059E-04   0.00000000E+00   0.63685059E-04
  20.033   8.033   0.12239915E+01   0.63772031E-04   0.00000000E+00   0.63772031E-04
  20.050   8.050   0.12283191E+01   0.63858527E-04   0.00000000E+00   0.63858527E-04
  20.067   8.067   0.12326579E+01   0.63944544E-04   0.00000000E+00   0.63944544E-04
  20.083   8.083   0.12370078E+01   0.64030082E-04   0.00000000E+00   0.64030082E-04
  20.100   8.100   0.12413689E+01   0.64115138E-04   0.00000000E+00   0.64115138E-04
  20.117   8.117   0.12457411E+01   0.64199713E-04   0.00000000E+00   0.64199713E-04
  20.133   8.133   0.12501245E+01   0.64283805E-04   0.00000000E+00   0.64283805E-04
  20.150   8.150   0.12545192E+01   0.64367412E-04   0.00000000E+00   0.64367412E-04
  20.167   8.167   0.12589250E+01   0.64450534E-04   0.00000000E+00   0.64450534E-04
  20.183   8.183   0.12633420E+01   0.64533170E-04   0.00000000E+00   0.64533170E-04
  20.200   8.200   0.12677702E+01   0.64615318E-04   0.00000000E+00   0.64615318E-04
  20.217   8.217   0.12722096E+01   0.64696977E-04   0.00000000E+00   0.64696977E-04
  20.233   8.233   0.12766602E+01   0.64778147E-04   0.00000000E+00   0.64778147E-04
  20.250   8.250   0.12811221E+01   0.64858825E-04   0.00000000E+00   0.64858825E-04
  20.267   8.267   0.12855951E+01   0.64939013E-04   0.00000000E+00   0.64939013E-04
  20.283   8.283   0.12900794E+01   0.65018707E-04   0.00000000E+00   0.65018707E-04
  20.300   8.300   0.12945749E+01   0.65097907E-04   0.00000000E+00   0.65097907E-04
  20.317   8.317   0.12990815E+01   0.65176612E-04   0.00000000E+00   0.65176612E-04
  20.333   8.333   0.13035994E+01   0.65254822E-04   0.00000000E+00   0.65254822E-04
  20.350   8.350   0.13081285E+01   0.65332534E-04   0.00000000E+00   0.65332534E-04
  20.367   8.367   0.13126688E+01   0.65409749E-04   0.00000000E+00   0.65409749E-04
  20.383   8.383   0.13172203E+01   0.65486464E-04   0.00000000E+00   0.65486464E-04
  20.400   8.400   0.13217830E+01   0.65562679E-04   0.00000000E+00   0.65562679E-04
  20.417   8.417   0.13263569E+01   0.65638393E-04   0.00000000E+00   0.65638393E-04
  20.433   8.433   0.13309419E+01   0.65713605E-04   0.00000000E+00   0.65713605E-04
  20.450   8.450   0.13355381E+01   0.65788313E-04   0.00000000E+00   0.65788313E-04
  20.467   8.467   0.13401455E+01   0.65862518E-04   0.00000000E+00   0.65862518E-04
  20.483   8.483   0.13447639E+01   0.65936217E-04   0.00000000E+00   0.65936217E-04
  20.500   8.500   0.13493936E+01   0.66009409E-04   0.00000000E+00   0.66009409E-04
  20.517   8.517   0.13540343E+01   0.66082095E-04   0.00000000E+00   0.66082095E-04
  20.533   8.533   0.13586861E+01   0.66154272E-04   0.00000000E+00   0.66154272E-04
  20.550   8.550   0.13633491E+01   0.66225939E-04   0.00000000E+00   0.66225939E-04
  20.567   8.567   0.13680230E+01   0.66297096E-04   0.00000000E+00   0.66297096E-04
  20.583   8.583   0.13727081E+01   0.66367741E-04   0.00000000E+00   0.66367741E-04
  20.600   8.600   0.13774041E+01   0.66437874E-04   0.00000000E+00   0.66437874E-04
  20.617   8.617   0.13821112E+01   0.66507492E-04   0.00000000E+00   0.66507492E-04
  20.633   8.633   0.13868292E+01   0.66576596E-04   0.00000000E+00   0.66576596E-04
  20.650   8.650   0.13915582E+01   0.66645183E-04   0.00000000E+00   0.66645183E-04
  20.667   8.667   0.13962981E+01   0.66713253E-04   0.00000000E+00   0.66713253E-04
  20.683   8.683   0.14010489E+01   0.66780805E-04   0.00000000E+00   0.66780805E-04
  20.700   8.700   0.14058105E+01   0.66847837E-04   0.00000000E+00   0.66847837E-04
  20.717   8.717   0.14105830E+01   0.66914348E-04   0.00000000E+00   0.66914348E-04
  20.733   8.733   0.14153664E+01   0.66980336E-04   0.00000000E+00   0.66980336E-04
  20.750   8.750   0.14201604E+01   0.67045802E-04   0.00000000E+00   0.67045802E-04
  20.767   8.767   0.14249652E+01   0.67110743E-04   0.00000000E+00   0.67110743E-04
  20.783   8.783   0.14297807E+01   0.67175158E-04   0.00000000E+00   0.67175158E-04
  20.800   8.800   0.14346069E+01   0.67239046E-04   0.00000000E+00   0.67239046E-04
  20.817   8.817   0.14394437E+01   0.67302405E-04   0.00000000E+00   0.67302405E-04
  20.833   8.833   0.14442910E+01   0.67365234E-04   0.00000000E+00   0.67365234E-04
  20.850   8.850   0.14491489E+01   0.67427532E-04   0.00000000E+00   0.67427532E-04
  20.867   8.867   0.14540172E+01   0.67489297E-04   0.00000000E+00   0.67489297E-04
  20.883   8.883   0.14588960E+01   0.67550528E-04   0.00000000E+00   0.67550528E-04
  20.900   8.900   0.14637851E+01   0.67611224E-04   0.00000000E+00   0.67611224E-04
  20.917   8.917   0.14686845E+01   0.67671382E-04   0.00000000E+00   0.67671382E-04
  20.933   8.933   0.14735942E+01   0.67731001E-04   0.00000000E+00   0.67731001E-04
  20.950   8.950   0.14785142E+01   0.67790081E-04   0.00000000E+00   0.67790081E-04
  20.967   8.967   0.14834442E+01   0.67848618E-04   0.00000000E+00   0.67848618E-04
