        RT(hours)         [ISPSOA]         P_R_33           tot_loss         tot_prod
  12.017   0.017   0.10000000E-01   0.12375583E-14   0.00000000E+00   0.12375583E-14
  12.033   0.033   0.10000000E-01   0.33035480E-13   0.00000000E+00   0.33035480E-13
  12.050   0.050   0.10000000E-01   0.18018314E-12   0.00000000E+00   0.18018314E-12
  12.067   0.067   0.10000000E-01   0.52600076E-12   0.00000000E+00   0.52600076E-12
  12.083   0.083   0.10000000E-01   0.11125152E-11   0.00000000E+00   0.11125152E-11
  12.100   0.100   0.10000000E-01   0.19479374E-11   0.00000000E+00   0.19479374E-11
  12.117   0.117   0.10000000E-01   0.30260008E-11   0.00000000E+00   0.30260008E-11
  12.133   0.133   0.10000001E-01   0.43392480E-11   0.00000000E+00   0.43392480E-11
  12.150   0.150   0.10000001E-01   0.58848835E-11   0.00000000E+00   0.58848835E-11
  12.167   0.167   0.10000001E-01   0.76661820E-11   0.00000000E+00   0.76661820E-11
  12.183   0.183   0.10000002E-01   0.96919916E-11   0.00000000E+00   0.96919916E-11
  12.200   0.200   0.10000002E-01   0.11975715E-10   0.00000000E+00   0.11975715E-10
  12.217   0.217   0.10000003E-01   0.14534357E-10   0.00000000E+00   0.14534357E-10
  12.233   0.233   0.10000004E-01   0.17387804E-10   0.00000000E+00   0.17387804E-10
  12.250   0.250   0.10000005E-01   0.20558357E-10   0.00000000E+00   0.20558357E-10
  12.267   0.267   0.10000007E-01   0.24070452E-10   0.00000000E+00   0.24070452E-10
  12.283   0.283   0.10000008E-01   0.27950520E-10   0.00000000E+00   0.27950520E-10
  12.300   0.300   0.10000010E-01   0.32226941E-10   0.00000000E+00   0.32226941E-10
  12.317   0.317   0.10000012E-01   0.36930058E-10   0.00000000E+00   0.36930058E-10
  12.333   0.333   0.10000014E-01   0.42092229E-10   0.00000000E+00   0.42092229E-10
  12.350   0.350   0.10000017E-01   0.47747900E-10   0.00000000E+00   0.47747900E-10
  12.367   0.367   0.10000020E-01   0.53933701E-10   0.00000000E+00   0.53933701E-10
  12.383   0.383   0.10000024E-01   0.60688550E-10   0.00000000E+00   0.60688550E-10
  12.400   0.400   0.10000027E-01   0.68053768E-10   0.00000000E+00   0.68053768E-10
  12.417   0.417   0.10000032E-01   0.76073194E-10   0.00000000E+00   0.76073194E-10
  12.433   0.433   0.10000037E-01   0.84793317E-10   0.00000000E+00   0.84793317E-10
  12.450   0.450   0.10000042E-01   0.94263407E-10   0.00000000E+00   0.94263407E-10
  12.467   0.467   0.10000048E-01   0.10453565E-09   0.00000000E+00   0.10453565E-09
  12.483   0.483   0.10000054E-01   0.11566529E-09   0.00000000E+00   0.11566529E-09
  12.500   0.500   0.10000062E-01   0.12771079E-09   0.00000000E+00   0.12771079E-09
  12.517   0.517   0.10000070E-01   0.14073397E-09   0.00000000E+00   0.14073397E-09
  12.533   0.533   0.10000078E-01   0.15480016E-09   0.00000000E+00   0.15480016E-09
  12.550   0.550   0.10000088E-01   0.16997839E-09   0.00000000E+00   0.16997839E-09
  12.567   0.567   0.10000099E-01   0.18634154E-09   0.00000000E+00   0.18634154E-09
  12.583   0.583   0.10000110E-01   0.20396648E-09   0.00000000E+00   0.20396648E-09
  12.600   0.600   0.10000123E-01   0.22293434E-09   0.00000000E+00   0.22293434E-09
  12.617   0.617   0.10000137E-01   0.24333057E-09   0.00000000E+00   0.24333057E-09
  12.633   0.633   0.10000152E-01   0.26524523E-09   0.00000000E+00   0.26524523E-09
  12.650   0.650   0.10000169E-01   0.28877311E-09   0.00000000E+00   0.28877311E-09
  12.667   0.667   0.10000187E-01   0.31401395E-09   0.00000000E+00   0.31401395E-09
  12.683   0.683   0.10000206E-01   0.34107263E-09   0.00000000E+00   0.34107263E-09
  12.700   0.700   0.10000227E-01   0.37005938E-09   0.00000000E+00   0.37005938E-09
  12.717   0.717   0.10000250E-01   0.40108994E-09   0.00000000E+00   0.40108994E-09
  12.733   0.733   0.10000275E-01   0.43428580E-09   0.00000000E+00   0.43428580E-09
  12.750   0.750   0.10000302E-01   0.46977439E-09   0.00000000E+00   0.46977439E-09
  12.767   0.767   0.10000331E-01   0.50768924E-09   0.00000000E+00   0.50768924E-09
  12.783   0.783   0.10000362E-01   0.54817027E-09   0.00000000E+00   0.54817027E-09
  12.800   0.800   0.10000396E-01   0.59136387E-09   0.00000000E+00   0.59136387E-09
  12.817   0.817   0.10000432E-01   0.63742319E-09   0.00000000E+00   0.63742319E-09
  12.833   0.833   0.10000472E-01   0.68650829E-09   0.00000000E+00   0.68650829E-09
  12.850   0.850   0.10000514E-01   0.73878632E-09   0.00000000E+00   0.73878632E-09
  12.867   0.867   0.10000559E-01   0.79443171E-09   0.00000000E+00   0.79443171E-09
  12.883   0.883   0.10000608E-01   0.85362635E-09   0.00000000E+00   0.85362635E-09
  12.900   0.900   0.10000661E-01   0.91655973E-09   0.00000000E+00   0.91655973E-09
  12.917   0.917   0.10000717E-01   0.98342912E-09   0.00000000E+00   0.98342912E-09
  12.933   0.933   0.10000777E-01   0.10544397E-08   0.00000000E+00   0.10544397E-08
  12.950   0.950   0.10000842E-01   0.11298046E-08   0.00000000E+00   0.11298046E-08
  12.967   0.967   0.10000911E-01   0.12097453E-08   0.00000000E+00   0.12097453E-08
  12.983   0.983   0.10000985E-01   0.12944914E-08   0.00000000E+00   0.12944914E-08
  13.000   1.000   0.10001064E-01   0.13842808E-08   0.00000000E+00   0.13842808E-08
  13.017   1.017   0.10001148E-01   0.14793598E-08   0.00000000E+00   0.14793598E-08
  13.033   1.033   0.10001239E-01   0.15799833E-08   0.00000000E+00   0.15799833E-08
  13.050   1.050   0.10001335E-01   0.16864145E-08   0.00000000E+00   0.16864145E-08
  13.067   1.067   0.10001438E-01   0.17989251E-08   0.00000000E+00   0.17989251E-08
  13.083   1.083   0.10001547E-01   0.19177951E-08   0.00000000E+00   0.19177951E-08
  13.100   1.100   0.10001664E-01   0.20433132E-08   0.00000000E+00   0.20433132E-08
  13.117   1.117   0.10001788E-01   0.21757760E-08   0.00000000E+00   0.21757760E-08
  13.133   1.133   0.10001920E-01   0.23154886E-08   0.00000000E+00   0.23154886E-08
  13.150   1.150   0.10002061E-01   0.24627638E-08   0.00000000E+00   0.24627638E-08
  13.167   1.167   0.10002210E-01   0.26179227E-08   0.00000000E+00   0.26179227E-08
  13.183   1.183   0.10002369E-01   0.27812935E-08   0.00000000E+00   0.27812935E-08
  13.200   1.200   0.10002537E-01   0.29532123E-08   0.00000000E+00   0.29532123E-08
  13.217   1.217   0.10002716E-01   0.31340221E-08   0.00000000E+00   0.31340221E-08
  13.233   1.233   0.10002905E-01   0.33240727E-08   0.00000000E+00   0.33240727E-08
  13.250   1.250   0.10003106E-01   0.35237205E-08   0.00000000E+00   0.35237205E-08
  13.267   1.267   0.10003318E-01   0.37333278E-08   0.00000000E+00   0.37333278E-08
  13.283   1.283   0.10003543E-01   0.39532629E-08   0.00000000E+00   0.39532629E-08
  13.300   1.300   0.10003781E-01   0.41838991E-08   0.00000000E+00   0.41838991E-08
  13.317   1.317   0.10004033E-01   0.44256145E-08   0.00000000E+00   0.44256145E-08
  13.333   1.333   0.10004299E-01   0.46787915E-08   0.00000000E+00   0.46787915E-08
  13.350   1.350   0.10004580E-01   0.49438161E-08   0.00000000E+00   0.49438161E-08
  13.367   1.367   0.10004877E-01   0.52210777E-08   0.00000000E+00   0.52210777E-08
  13.383   1.383   0.10005189E-01   0.55109678E-08   0.00000000E+00   0.55109678E-08
  13.400   1.400   0.10005519E-01   0.58138801E-08   0.00000000E+00   0.58138801E-08
  13.417   1.417   0.10005867E-01   0.61302095E-08   0.00000000E+00   0.61302095E-08
  13.433   1.433   0.10006233E-01   0.64603513E-08   0.00000000E+00   0.64603513E-08
  13.450   1.450   0.10006619E-01   0.68047007E-08   0.00000000E+00   0.68047007E-08
  13.467   1.467   0.10007025E-01   0.71636522E-08   0.00000000E+00   0.71636522E-08
  13.483   1.483   0.10007452E-01   0.75375984E-08   0.00000000E+00   0.75375984E-08
  13.500   1.500   0.10007900E-01   0.79269298E-08   0.00000000E+00   0.79269298E-08
  13.517   1.517   0.10008371E-01   0.83320336E-08   0.00000000E+00   0.83320336E-08
  13.533   1.533   0.10008866E-01   0.87532932E-08   0.00000000E+00   0.87532932E-08
  13.550   1.550   0.10009385E-01   0.91910874E-08   0.00000000E+00   0.91910874E-08
  13.567   1.567   0.10009929E-01   0.96457895E-08   0.00000000E+00   0.96457895E-08
  13.583   1.583   0.10010500E-01   0.10117767E-07   0.00000000E+00   0.10117767E-07
  13.600   1.600   0.10011098E-01   0.10607379E-07   0.00000000E+00   0.10607379E-07
  13.617   1.617   0.10011724E-01   0.11114979E-07   0.00000000E+00   0.11114979E-07
  13.633   1.633   0.10012379E-01   0.11640910E-07   0.00000000E+00   0.11640910E-07
  13.650   1.650   0.10013064E-01   0.12185508E-07   0.00000000E+00   0.12185508E-07
  13.667   1.667   0.10013780E-01   0.12749097E-07   0.00000000E+00   0.12749097E-07
  13.683   1.683   0.10014529E-01   0.13331992E-07   0.00000000E+00   0.13331992E-07
  13.700   1.700   0.10015311E-01   0.13934496E-07   0.00000000E+00   0.13934496E-07
  13.717   1.717   0.10016126E-01   0.14556900E-07   0.00000000E+00   0.14556900E-07
  13.733   1.733   0.10016977E-01   0.15199483E-07   0.00000000E+00   0.15199483E-07
  13.750   1.750   0.10017865E-01   0.15862511E-07   0.00000000E+00   0.15862511E-07
  13.767   1.767   0.10018789E-01   0.16546235E-07   0.00000000E+00   0.16546235E-07
  13.783   1.783   0.10019752E-01   0.17250894E-07   0.00000000E+00   0.17250894E-07
  13.800   1.800   0.10020754E-01   0.17976711E-07   0.00000000E+00   0.17976711E-07
  13.817   1.817   0.10021797E-01   0.18723894E-07   0.00000000E+00   0.18723894E-07
  13.833   1.833   0.10022882E-01   0.19492636E-07   0.00000000E+00   0.19492636E-07
  13.850   1.850   0.10024009E-01   0.20283114E-07   0.00000000E+00   0.20283114E-07
  13.867   1.867   0.10025180E-01   0.21095489E-07   0.00000000E+00   0.21095489E-07
  13.883   1.883   0.10026395E-01   0.21929906E-07   0.00000000E+00   0.21929906E-07
  13.900   1.900   0.10027656E-01   0.22786492E-07   0.00000000E+00   0.22786492E-07
  13.917   1.917   0.10028965E-01   0.23665360E-07   0.00000000E+00   0.23665360E-07
  13.933   1.933   0.10030321E-01   0.24566602E-07   0.00000000E+00   0.24566602E-07
  13.950   1.950   0.10031726E-01   0.25490297E-07   0.00000000E+00   0.25490297E-07
  13.967   1.967   0.10033181E-01   0.26436505E-07   0.00000000E+00   0.26436505E-07
  13.983   1.983   0.10034687E-01   0.27405269E-07   0.00000000E+00   0.27405269E-07
  14.000   2.000   0.10036244E-01   0.28396615E-07   0.00000000E+00   0.28396615E-07
  14.017   2.017   0.10037855E-01   0.29410538E-07   0.00000000E+00   0.29410538E-07
  14.033   2.033   0.10039520E-01   0.30446938E-07   0.00000000E+00   0.30446938E-07
  14.050   2.050   0.10041239E-01   0.31505675E-07   0.00000000E+00   0.31505675E-07
  14.067   2.067   0.10043013E-01   0.32586597E-07   0.00000000E+00   0.32586597E-07
  14.083   2.083   0.10044842E-01   0.33689551E-07   0.00000000E+00   0.33689551E-07
  14.100   2.100   0.10046729E-01   0.34814379E-07   0.00000000E+00   0.34814379E-07
  14.117   2.117   0.10048672E-01   0.35960918E-07   0.00000000E+00   0.35960918E-07
  14.133   2.133   0.10050673E-01   0.37128998E-07   0.00000000E+00   0.37128998E-07
  14.150   2.150   0.10052731E-01   0.38318444E-07   0.00000000E+00   0.38318444E-07
  14.167   2.167   0.10054848E-01   0.39529070E-07   0.00000000E+00   0.39529070E-07
  14.183   2.183   0.10057024E-01   0.40760682E-07   0.00000000E+00   0.40760682E-07
  14.200   2.200   0.10059258E-01   0.42013079E-07   0.00000000E+00   0.42013079E-07
  14.217   2.217   0.10061552E-01   0.43286051E-07   0.00000000E+00   0.43286051E-07
  14.233   2.233   0.10063906E-01   0.44579380E-07   0.00000000E+00   0.44579380E-07
  14.250   2.250   0.10066319E-01   0.45892839E-07   0.00000000E+00   0.45892839E-07
  14.267   2.267   0.10068791E-01   0.47226197E-07   0.00000000E+00   0.47226197E-07
  14.283   2.283   0.10071323E-01   0.48579219E-07   0.00000000E+00   0.48579219E-07
  14.300   2.300   0.10073915E-01   0.49951663E-07   0.00000000E+00   0.49951663E-07
  14.317   2.317   0.10076566E-01   0.51343288E-07   0.00000000E+00   0.51343288E-07
  14.333   2.333   0.10079276E-01   0.52753851E-07   0.00000000E+00   0.52753851E-07
  14.350   2.350   0.10082045E-01   0.54183111E-07   0.00000000E+00   0.54183111E-07
  14.367   2.367   0.10084873E-01   0.55630833E-07   0.00000000E+00   0.55630833E-07
  14.383   2.383   0.10087759E-01   0.57096787E-07   0.00000000E+00   0.57096787E-07
  14.400   2.400   0.10090703E-01   0.58580753E-07   0.00000000E+00   0.58580753E-07
  14.417   2.417   0.10093704E-01   0.60082524E-07   0.00000000E+00   0.60082524E-07
  14.433   2.433   0.10096761E-01   0.61601909E-07   0.00000000E+00   0.61601909E-07
  14.450   2.450   0.10099876E-01   0.63138736E-07   0.00000000E+00   0.63138736E-07
  14.467   2.467   0.10103045E-01   0.64692860E-07   0.00000000E+00   0.64692860E-07
  14.483   2.483   0.10106270E-01   0.66264162E-07   0.00000000E+00   0.66264162E-07
  14.500   2.500   0.10109549E-01   0.67852555E-07   0.00000000E+00   0.67852555E-07
  14.517   2.517   0.10112882E-01   0.69457991E-07   0.00000000E+00   0.69457991E-07
  14.533   2.533   0.10116267E-01   0.71080465E-07   0.00000000E+00   0.71080465E-07
  14.550   2.550   0.10119706E-01   0.72720016E-07   0.00000000E+00   0.72720016E-07
  14.567   2.567   0.10123196E-01   0.74376737E-07   0.00000000E+00   0.74376737E-07
  14.583   2.583   0.10126738E-01   0.76050777E-07   0.00000000E+00   0.76050777E-07
  14.600   2.600   0.10130331E-01   0.77742347E-07   0.00000000E+00   0.77742347E-07
  14.617   2.617   0.10133974E-01   0.79451720E-07   0.00000000E+00   0.79451720E-07
  14.633   2.633   0.10137668E-01   0.81179239E-07   0.00000000E+00   0.81179239E-07
  14.650   2.650   0.10141413E-01   0.82925316E-07   0.00000000E+00   0.82925316E-07
  14.667   2.667   0.10145208E-01   0.84690435E-07   0.00000000E+00   0.84690435E-07
  14.683   2.683   0.10149054E-01   0.86475152E-07   0.00000000E+00   0.86475152E-07
  14.700   2.700   0.10152951E-01   0.88280095E-07   0.00000000E+00   0.88280095E-07
  14.717   2.717   0.10156901E-01   0.90105960E-07   0.00000000E+00   0.90105960E-07
  14.733   2.733   0.10160903E-01   0.91953509E-07   0.00000000E+00   0.91953509E-07
  14.750   2.750   0.10164959E-01   0.93823563E-07   0.00000000E+00   0.93823563E-07
  14.767   2.767   0.10169070E-01   0.95716999E-07   0.00000000E+00   0.95716999E-07
  14.783   2.783   0.10173237E-01   0.97634740E-07   0.00000000E+00   0.97634740E-07
  14.800   2.800   0.10177463E-01   0.99577744E-07   0.00000000E+00   0.99577744E-07
  14.817   2.817   0.10181749E-01   0.10154700E-06   0.00000000E+00   0.10154700E-06
  14.833   2.833   0.10186097E-01   0.10354351E-06   0.00000000E+00   0.10354351E-06
  14.850   2.850   0.10190510E-01   0.10556828E-06   0.00000000E+00   0.10556828E-06
  14.867   2.867   0.10194990E-01   0.10762232E-06   0.00000000E+00   0.10762232E-06
  14.883   2.883   0.10199539E-01   0.10970662E-06   0.00000000E+00   0.10970662E-06
  14.900   2.900   0.10204162E-01   0.11182213E-06   0.00000000E+00   0.11182213E-06
  14.917   2.917   0.10208859E-01   0.11396978E-06   0.00000000E+00   0.11396978E-06
  14.933   2.933   0.10213635E-01   0.11615046E-06   0.00000000E+00   0.11615046E-06
  14.950   2.950   0.10218493E-01   0.11836497E-06   0.00000000E+00   0.11836497E-06
  14.967   2.967   0.10223435E-01   0.12061409E-06   0.00000000E+00   0.12061409E-06
  14.983   2.983   0.10228465E-01   0.12289850E-06   0.00000000E+00   0.12289850E-06
  15.000   3.000   0.10233586E-01   0.12521885E-06   0.00000000E+00   0.12521885E-06
  15.017   3.017   0.10238801E-01   0.12757567E-06   0.00000000E+00   0.12757567E-06
  15.033   3.033   0.10244113E-01   0.12996945E-06   0.00000000E+00   0.12996945E-06
  15.050   3.050   0.10249526E-01   0.13240058E-06   0.00000000E+00   0.13240058E-06
  15.067   3.067   0.10255043E-01   0.13486938E-06   0.00000000E+00   0.13486938E-06
  15.083   3.083   0.10260667E-01   0.13737612E-06   0.00000000E+00   0.13737612E-06
  15.100   3.100   0.10266401E-01   0.13992095E-06   0.00000000E+00   0.13992095E-06
  15.117   3.117   0.10272248E-01   0.14250399E-06   0.00000000E+00   0.14250399E-06
  15.133   3.133   0.10278210E-01   0.14512526E-06   0.00000000E+00   0.14512526E-06
  15.150   3.150   0.10284291E-01   0.14778475E-06   0.00000000E+00   0.14778475E-06
  15.167   3.167   0.10290494E-01   0.15048237E-06   0.00000000E+00   0.15048237E-06
  15.183   3.183   0.10296821E-01   0.15321795E-06   0.00000000E+00   0.15321795E-06
  15.200   3.200   0.10303275E-01   0.15599132E-06   0.00000000E+00   0.15599132E-06
  15.217   3.217   0.10309858E-01   0.15880221E-06   0.00000000E+00   0.15880221E-06
  15.233   3.233   0.10316574E-01   0.16165033E-06   0.00000000E+00   0.16165033E-06
  15.250   3.250   0.10323423E-01   0.16453534E-06   0.00000000E+00   0.16453534E-06
  15.267   3.267   0.10330410E-01   0.16745687E-06   0.00000000E+00   0.16745687E-06
  15.283   3.283   0.10337535E-01   0.17041449E-06   0.00000000E+00   0.17041449E-06
  15.300   3.300   0.10344802E-01   0.17340778E-06   0.00000000E+00   0.17340778E-06
  15.317   3.317   0.10352212E-01   0.17643624E-06   0.00000000E+00   0.17643624E-06
  15.333   3.333   0.10359767E-01   0.17949938E-06   0.00000000E+00   0.17949938E-06
  15.350   3.350   0.10367470E-01   0.18259669E-06   0.00000000E+00   0.18259669E-06
  15.367   3.367   0.10375322E-01   0.18572760E-06   0.00000000E+00   0.18572760E-06
  15.383   3.383   0.10383325E-01   0.18889155E-06   0.00000000E+00   0.18889155E-06
  15.400   3.400   0.10391481E-01   0.19208797E-06   0.00000000E+00   0.19208797E-06
  15.417   3.417   0.10399792E-01   0.19531626E-06   0.00000000E+00   0.19531626E-06
  15.433   3.433   0.10408259E-01   0.19857579E-06   0.00000000E+00   0.19857579E-06
  15.450   3.450   0.10416884E-01   0.20186596E-06   0.00000000E+00   0.20186596E-06
  15.467   3.467   0.10425669E-01   0.20518613E-06   0.00000000E+00   0.20518613E-06
  15.483   3.483   0.10434615E-01   0.20853565E-06   0.00000000E+00   0.20853565E-06
  15.500   3.500   0.10443723E-01   0.21191388E-06   0.00000000E+00   0.21191388E-06
  15.517   3.517   0.10452995E-01   0.21532015E-06   0.00000000E+00   0.21532015E-06
  15.533   3.533   0.10462432E-01   0.21875381E-06   0.00000000E+00   0.21875381E-06
  15.550   3.550   0.10472036E-01   0.22221419E-06   0.00000000E+00   0.22221419E-06
  15.567   3.567   0.10481808E-01   0.22570062E-06   0.00000000E+00   0.22570062E-06
  15.583   3.583   0.10491748E-01   0.22921242E-06   0.00000000E+00   0.22921242E-06
  15.600   3.600   0.10501859E-01   0.23274891E-06   0.00000000E+00   0.23274891E-06
  15.617   3.617   0.10512141E-01   0.23630942E-06   0.00000000E+00   0.23630942E-06
  15.633   3.633   0.10522596E-01   0.23989327E-06   0.00000000E+00   0.23989327E-06
  15.650   3.650   0.10533223E-01   0.24349977E-06   0.00000000E+00   0.24349977E-06
  15.667   3.667   0.10544026E-01   0.24712824E-06   0.00000000E+00   0.24712824E-06
  15.683   3.683   0.10555003E-01   0.25077800E-06   0.00000000E+00   0.25077800E-06
  15.700   3.700   0.10566157E-01   0.25444837E-06   0.00000000E+00   0.25444837E-06
  15.717   3.717   0.10577487E-01   0.25813867E-06   0.00000000E+00   0.25813867E-06
  15.733   3.733   0.10588996E-01   0.26184822E-06   0.00000000E+00   0.26184822E-06
  15.750   3.750   0.10600683E-01   0.26557634E-06   0.00000000E+00   0.26557634E-06
  15.767   3.767   0.10612550E-01   0.26932235E-06   0.00000000E+00   0.26932235E-06
  15.783   3.783   0.10624597E-01   0.27308558E-06   0.00000000E+00   0.27308558E-06
  15.800   3.800   0.10636825E-01   0.27686536E-06   0.00000000E+00   0.27686536E-06
  15.817   3.817   0.10649234E-01   0.28066101E-06   0.00000000E+00   0.28066101E-06
  15.833   3.833   0.10661825E-01   0.28447188E-06   0.00000000E+00   0.28447188E-06
  15.850   3.850   0.10674599E-01   0.28829729E-06   0.00000000E+00   0.28829729E-06
  15.867   3.867   0.10687556E-01   0.29213658E-06   0.00000000E+00   0.29213658E-06
  15.883   3.883   0.10700697E-01   0.29598909E-06   0.00000000E+00   0.29598909E-06
  15.900   3.900   0.10714022E-01   0.29985417E-06   0.00000000E+00   0.29985417E-06
  15.917   3.917   0.10727531E-01   0.30373117E-06   0.00000000E+00   0.30373117E-06
  15.933   3.933   0.10741226E-01   0.30761943E-06   0.00000000E+00   0.30761943E-06
  15.950   3.950   0.10755106E-01   0.31151832E-06   0.00000000E+00   0.31151832E-06
  15.967   3.967   0.10769171E-01   0.31542718E-06   0.00000000E+00   0.31542718E-06
  15.983   3.983   0.10783423E-01   0.31934538E-06   0.00000000E+00   0.31934538E-06
  16.000   4.000   0.10797861E-01   0.32327229E-06   0.00000000E+00   0.32327229E-06
  16.017   4.017   0.10812485E-01   0.32720685E-06   0.00000000E+00   0.32720685E-06
  16.033   4.033   0.10827297E-01   0.33114675E-06   0.00000000E+00   0.33114675E-06
  16.050   4.050   0.10842296E-01   0.33508994E-06   0.00000000E+00   0.33508994E-06
  16.067   4.067   0.10857483E-01   0.33903491E-06   0.00000000E+00   0.33903491E-06
  16.083   4.083   0.10872857E-01   0.34298047E-06   0.00000000E+00   0.34298047E-06
  16.100   4.100   0.10888420E-01   0.34692567E-06   0.00000000E+00   0.34692567E-06
  16.117   4.117   0.10904170E-01   0.35086972E-06   0.00000000E+00   0.35086972E-06
  16.133   4.133   0.10920109E-01   0.35481191E-06   0.00000000E+00   0.35481191E-06
  16.150   4.150   0.10936235E-01   0.35875162E-06   0.00000000E+00   0.35875162E-06
  16.167   4.167   0.10952782E-01   0.36276999E-06   0.00000000E+00   0.36276999E-06
  16.183   4.183   0.10969956E-01   0.36691491E-06   0.00000000E+00   0.36691491E-06
  16.200   4.200   0.10987657E-01   0.37113216E-06   0.00000000E+00   0.37113216E-06
  16.217   4.217   0.11005821E-01   0.37539097E-06   0.00000000E+00   0.37539097E-06
  16.233   4.233   0.11024403E-01   0.37967268E-06   0.00000000E+00   0.37967268E-06
  16.250   4.250   0.11043369E-01   0.38396539E-06   0.00000000E+00   0.38396539E-06
  16.267   4.267   0.11062696E-01   0.38826118E-06   0.00000000E+00   0.38826118E-06
  16.283   4.283   0.11082364E-01   0.39255451E-06   0.00000000E+00   0.39255451E-06
  16.300   4.300   0.11102358E-01   0.39684134E-06   0.00000000E+00   0.39684134E-06
  16.317   4.317   0.11122663E-01   0.40111857E-06   0.00000000E+00   0.40111857E-06
  16.333   4.333   0.11143271E-01   0.40538374E-06   0.00000000E+00   0.40538374E-06
  16.350   4.350   0.11164170E-01   0.40963483E-06   0.00000000E+00   0.40963483E-06
  16.367   4.367   0.11185355E-01   0.41387012E-06   0.00000000E+00   0.41387012E-06
  16.383   4.383   0.11206816E-01   0.41808810E-06   0.00000000E+00   0.41808810E-06
  16.400   4.400   0.11228548E-01   0.42228746E-06   0.00000000E+00   0.42228746E-06
  16.417   4.417   0.11250546E-01   0.42646701E-06   0.00000000E+00   0.42646701E-06
  16.433   4.433   0.11272804E-01   0.43062569E-06   0.00000000E+00   0.43062569E-06
  16.450   4.450   0.11295318E-01   0.43476251E-06   0.00000000E+00   0.43476251E-06
  16.467   4.467   0.11318082E-01   0.43887661E-06   0.00000000E+00   0.43887661E-06
  16.483   4.483   0.11341093E-01   0.44296714E-06   0.00000000E+00   0.44296714E-06
  16.500   4.500   0.11364348E-01   0.44703336E-06   0.00000000E+00   0.44703336E-06
  16.517   4.517   0.11387841E-01   0.45107457E-06   0.00000000E+00   0.45107457E-06
  16.533   4.533   0.11411571E-01   0.45509013E-06   0.00000000E+00   0.45509013E-06
  16.550   4.550   0.11435532E-01   0.45907944E-06   0.00000000E+00   0.45907944E-06
  16.567   4.567   0.11459723E-01   0.46304194E-06   0.00000000E+00   0.46304194E-06
  16.583   4.583   0.11484141E-01   0.46697712E-06   0.00000000E+00   0.46697712E-06
  16.600   4.600   0.11508781E-01   0.47088449E-06   0.00000000E+00   0.47088449E-06
  16.617   4.617   0.11533641E-01   0.47476361E-06   0.00000000E+00   0.47476361E-06
  16.633   4.633   0.11558719E-01   0.47861406E-06   0.00000000E+00   0.47861406E-06
  16.650   4.650   0.11584012E-01   0.48243544E-06   0.00000000E+00   0.48243544E-06
  16.667   4.667   0.11609516E-01   0.48622739E-06   0.00000000E+00   0.48622739E-06
  16.683   4.683   0.11635229E-01   0.48998957E-06   0.00000000E+00   0.48998957E-06
  16.700   4.700   0.11661149E-01   0.49372167E-06   0.00000000E+00   0.49372167E-06
  16.717   4.717   0.11687272E-01   0.49742338E-06   0.00000000E+00   0.49742338E-06
  16.733   4.733   0.11713597E-01   0.50109442E-06   0.00000000E+00   0.50109442E-06
  16.750   4.750   0.11740121E-01   0.50473453E-06   0.00000000E+00   0.50473453E-06
  16.767   4.767   0.11766842E-01   0.50834347E-06   0.00000000E+00   0.50834347E-06
  16.783   4.783   0.11793756E-01   0.51192101E-06   0.00000000E+00   0.51192101E-06
  16.800   4.800   0.11820862E-01   0.51546693E-06   0.00000000E+00   0.51546693E-06
  16.817   4.817   0.11848157E-01   0.51898103E-06   0.00000000E+00   0.51898103E-06
  16.833   4.833   0.11875638E-01   0.52246313E-06   0.00000000E+00   0.52246313E-06
  16.850   4.850   0.11903305E-01   0.52591305E-06   0.00000000E+00   0.52591305E-06
  16.867   4.867   0.11931153E-01   0.52933062E-06   0.00000000E+00   0.52933062E-06
  16.883   4.883   0.11959181E-01   0.53271570E-06   0.00000000E+00   0.53271570E-06
  16.900   4.900   0.11987387E-01   0.53606813E-06   0.00000000E+00   0.53606813E-06
  16.917   4.917   0.12015767E-01   0.53938779E-06   0.00000000E+00   0.53938779E-06
  16.933   4.933   0.12044321E-01   0.54267456E-06   0.00000000E+00   0.54267456E-06
  16.950   4.950   0.12073046E-01   0.54592831E-06   0.00000000E+00   0.54592831E-06
  16.967   4.967   0.12101939E-01   0.54914894E-06   0.00000000E+00   0.54914894E-06
  16.983   4.983   0.12130999E-01   0.55233636E-06   0.00000000E+00   0.55233636E-06
  17.000   5.000   0.12160223E-01   0.55549046E-06   0.00000000E+00   0.55549046E-06
  17.017   5.017   0.12189609E-01   0.55861118E-06   0.00000000E+00   0.55861118E-06
  17.033   5.033   0.12219154E-01   0.56169842E-06   0.00000000E+00   0.56169842E-06
  17.050   5.050   0.12248857E-01   0.56475213E-06   0.00000000E+00   0.56475213E-06
  17.067   5.067   0.12278716E-01   0.56777222E-06   0.00000000E+00   0.56777222E-06
  17.083   5.083   0.12308729E-01   0.57075866E-06   0.00000000E+00   0.57075866E-06
  17.100   5.100   0.12338892E-01   0.57371138E-06   0.00000000E+00   0.57371138E-06
  17.117   5.117   0.12369205E-01   0.57663033E-06   0.00000000E+00   0.57663033E-06
  17.133   5.133   0.12399665E-01   0.57951548E-06   0.00000000E+00   0.57951548E-06
  17.150   5.150   0.12430270E-01   0.58236678E-06   0.00000000E+00   0.58236678E-06
  17.167   5.167   0.12461017E-01   0.58518421E-06   0.00000000E+00   0.58518421E-06
  17.183   5.183   0.12491906E-01   0.58796774E-06   0.00000000E+00   0.58796774E-06
  17.200   5.200   0.12522934E-01   0.59071733E-06   0.00000000E+00   0.59071733E-06
  17.217   5.217   0.12554098E-01   0.59343298E-06   0.00000000E+00   0.59343298E-06
  17.233   5.233   0.12585398E-01   0.59611466E-06   0.00000000E+00   0.59611466E-06
  17.250   5.250   0.12616830E-01   0.59876237E-06   0.00000000E+00   0.59876237E-06
  17.267   5.267   0.12648393E-01   0.60137610E-06   0.00000000E+00   0.60137610E-06
  17.283   5.283   0.12680085E-01   0.60395584E-06   0.00000000E+00   0.60395584E-06
  17.300   5.300   0.12711903E-01   0.60650158E-06   0.00000000E+00   0.60650158E-06
  17.317   5.317   0.12743847E-01   0.60901335E-06   0.00000000E+00   0.60901335E-06
  17.333   5.333   0.12775913E-01   0.61149112E-06   0.00000000E+00   0.61149112E-06
  17.350   5.350   0.12808100E-01   0.61393493E-06   0.00000000E+00   0.61393493E-06
  17.367   5.367   0.12840407E-01   0.61634477E-06   0.00000000E+00   0.61634477E-06
  17.383   5.383   0.12872830E-01   0.61872066E-06   0.00000000E+00   0.61872066E-06
  17.400   5.400   0.12905369E-01   0.62106262E-06   0.00000000E+00   0.62106262E-06
  17.417   5.417   0.12938021E-01   0.62337067E-06   0.00000000E+00   0.62337067E-06
  17.433   5.433   0.12970784E-01   0.62564482E-06   0.00000000E+00   0.62564482E-06
  17.450   5.450   0.13003657E-01   0.62788510E-06   0.00000000E+00   0.62788510E-06
  17.467   5.467   0.13036637E-01   0.63009154E-06   0.00000000E+00   0.63009154E-06
  17.483   5.483   0.13069723E-01   0.63226416E-06   0.00000000E+00   0.63226416E-06
  17.500   5.500   0.13102913E-01   0.63440300E-06   0.00000000E+00   0.63440300E-06
  17.517   5.517   0.13136205E-01   0.63650808E-06   0.00000000E+00   0.63650808E-06
  17.533   5.533   0.13169597E-01   0.63857945E-06   0.00000000E+00   0.63857945E-06
  17.550   5.550   0.13203088E-01   0.64061713E-06   0.00000000E+00   0.64061713E-06
  17.567   5.567   0.13236675E-01   0.64262116E-06   0.00000000E+00   0.64262116E-06
  17.583   5.583   0.13270357E-01   0.64459159E-06   0.00000000E+00   0.64459159E-06
  17.600   5.600   0.13304132E-01   0.64652845E-06   0.00000000E+00   0.64652845E-06
  17.617   5.617   0.13337998E-01   0.64843179E-06   0.00000000E+00   0.64843179E-06
  17.633   5.633   0.13371953E-01   0.65030166E-06   0.00000000E+00   0.65030166E-06
  17.650   5.650   0.13405996E-01   0.65213808E-06   0.00000000E+00   0.65213808E-06
  17.667   5.667   0.13440125E-01   0.65394112E-06   0.00000000E+00   0.65394112E-06
  17.683   5.683   0.13474338E-01   0.65571083E-06   0.00000000E+00   0.65571083E-06
  17.700   5.700   0.13508633E-01   0.65744724E-06   0.00000000E+00   0.65744724E-06
  17.717   5.717   0.13543009E-01   0.65915042E-06   0.00000000E+00   0.65915042E-06
  17.733   5.733   0.13577464E-01   0.66082041E-06   0.00000000E+00   0.66082041E-06
  17.750   5.750   0.13611996E-01   0.66245726E-06   0.00000000E+00   0.66245726E-06
  17.767   5.767   0.13646604E-01   0.66406104E-06   0.00000000E+00   0.66406104E-06
  17.783   5.783   0.13681285E-01   0.66563180E-06   0.00000000E+00   0.66563180E-06
  17.800   5.800   0.13716039E-01   0.66716959E-06   0.00000000E+00   0.66716959E-06
  17.817   5.817   0.13750863E-01   0.66867447E-06   0.00000000E+00   0.66867447E-06
  17.833   5.833   0.13785755E-01   0.67014650E-06   0.00000000E+00   0.67014650E-06
  17.850   5.850   0.13820715E-01   0.67158573E-06   0.00000000E+00   0.67158573E-06
  17.867   5.867   0.13855741E-01   0.67299224E-06   0.00000000E+00   0.67299224E-06
  17.883   5.883   0.13890830E-01   0.67436607E-06   0.00000000E+00   0.67436607E-06
  17.900   5.900   0.13925981E-01   0.67570729E-06   0.00000000E+00   0.67570729E-06
  17.917   5.917   0.13961193E-01   0.67701597E-06   0.00000000E+00   0.67701597E-06
  17.933   5.933   0.13996464E-01   0.67829216E-06   0.00000000E+00   0.67829216E-06
  17.950   5.950   0.14031793E-01   0.67953593E-06   0.00000000E+00   0.67953593E-06
  17.967   5.967   0.14067177E-01   0.68074735E-06   0.00000000E+00   0.68074735E-06
  17.983   5.983   0.14102615E-01   0.68192648E-06   0.00000000E+00   0.68192648E-06
  18.000   6.000   0.14138107E-01   0.68307338E-06   0.00000000E+00   0.68307338E-06
  18.017   6.017   0.14173649E-01   0.68418812E-06   0.00000000E+00   0.68418812E-06
  18.033   6.033   0.14209240E-01   0.68527078E-06   0.00000000E+00   0.68527078E-06
  18.050   6.050   0.14244880E-01   0.68632141E-06   0.00000000E+00   0.68632141E-06
  18.067   6.067   0.14280566E-01   0.68734008E-06   0.00000000E+00   0.68734008E-06
  18.083   6.083   0.14316297E-01   0.68832687E-06   0.00000000E+00   0.68832687E-06
  18.100   6.100   0.14352072E-01   0.68928184E-06   0.00000000E+00   0.68928184E-06
  18.117   6.117   0.14387888E-01   0.69020507E-06   0.00000000E+00   0.69020507E-06
  18.133   6.133   0.14423745E-01   0.69109662E-06   0.00000000E+00   0.69109662E-06
  18.150   6.150   0.14459641E-01   0.69195656E-06   0.00000000E+00   0.69195656E-06
  18.167   6.167   0.14495574E-01   0.69278497E-06   0.00000000E+00   0.69278497E-06
  18.183   6.183   0.14531542E-01   0.69358191E-06   0.00000000E+00   0.69358191E-06
  18.200   6.200   0.14567546E-01   0.69434746E-06   0.00000000E+00   0.69434746E-06
  18.217   6.217   0.14603582E-01   0.69508169E-06   0.00000000E+00   0.69508169E-06
  18.233   6.233   0.14639650E-01   0.69578467E-06   0.00000000E+00   0.69578467E-06
  18.250   6.250   0.14675748E-01   0.69645648E-06   0.00000000E+00   0.69645648E-06
  18.267   6.267   0.14711875E-01   0.69709719E-06   0.00000000E+00   0.69709719E-06
  18.283   6.283   0.14748029E-01   0.69770688E-06   0.00000000E+00   0.69770688E-06
  18.300   6.300   0.14784208E-01   0.69828561E-06   0.00000000E+00   0.69828561E-06
  18.317   6.317   0.14820412E-01   0.69883346E-06   0.00000000E+00   0.69883346E-06
  18.333   6.333   0.14856639E-01   0.69935050E-06   0.00000000E+00   0.69935050E-06
  18.350   6.350   0.14892888E-01   0.69983682E-06   0.00000000E+00   0.69983682E-06
  18.367   6.367   0.14929157E-01   0.70029249E-06   0.00000000E+00   0.70029249E-06
  18.383   6.383   0.14965444E-01   0.70071757E-06   0.00000000E+00   0.70071757E-06
  18.400   6.400   0.15001749E-01   0.70111216E-06   0.00000000E+00   0.70111216E-06
  18.417   6.417   0.15038070E-01   0.70147632E-06   0.00000000E+00   0.70147632E-06
  18.433   6.433   0.15074406E-01   0.70181013E-06   0.00000000E+00   0.70181013E-06
  18.450   6.450   0.15110755E-01   0.70211366E-06   0.00000000E+00   0.70211366E-06
  18.467   6.467   0.15147116E-01   0.70238700E-06   0.00000000E+00   0.70238700E-06
  18.483   6.483   0.15183488E-01   0.70263022E-06   0.00000000E+00   0.70263022E-06
  18.500   6.500   0.15219869E-01   0.70284340E-06   0.00000000E+00   0.70284340E-06
  18.517   6.517   0.15256258E-01   0.70302662E-06   0.00000000E+00   0.70302662E-06
  18.533   6.533   0.15292654E-01   0.70317995E-06   0.00000000E+00   0.70317995E-06
  18.550   6.550   0.15329055E-01   0.70330347E-06   0.00000000E+00   0.70330347E-06
  18.567   6.567   0.15365460E-01   0.70339727E-06   0.00000000E+00   0.70339727E-06
  18.583   6.583   0.15401868E-01   0.70346141E-06   0.00000000E+00   0.70346141E-06
  18.600   6.600   0.15438278E-01   0.70349598E-06   0.00000000E+00   0.70349598E-06
  18.617   6.617   0.15474688E-01   0.70350106E-06   0.00000000E+00   0.70350106E-06
  18.633   6.633   0.15511096E-01   0.70347673E-06   0.00000000E+00   0.70347673E-06
  18.650   6.650   0.15547503E-01   0.70342306E-06   0.00000000E+00   0.70342306E-06
  18.667   6.667   0.15583905E-01   0.70334014E-06   0.00000000E+00   0.70334014E-06
  18.683   6.683   0.15620303E-01   0.70322805E-06   0.00000000E+00   0.70322805E-06
  18.700   6.700   0.15656695E-01   0.70308686E-06   0.00000000E+00   0.70308686E-06
  18.717   6.717   0.15693079E-01   0.70291667E-06   0.00000000E+00   0.70291667E-06
  18.733   6.733   0.15729455E-01   0.70271754E-06   0.00000000E+00   0.70271754E-06
  18.750   6.750   0.15765821E-01   0.70248956E-06   0.00000000E+00   0.70248956E-06
  18.767   6.767   0.15802176E-01   0.70223281E-06   0.00000000E+00   0.70223281E-06
  18.783   6.783   0.15838519E-01   0.70194737E-06   0.00000000E+00   0.70194737E-06
  18.800   6.800   0.15874848E-01   0.70163333E-06   0.00000000E+00   0.70163333E-06
  18.817   6.817   0.15911162E-01   0.70129076E-06   0.00000000E+00   0.70129076E-06
  18.833   6.833   0.15947461E-01   0.70091976E-06   0.00000000E+00   0.70091976E-06
  18.850   6.850   0.15983743E-01   0.70052039E-06   0.00000000E+00   0.70052039E-06
  18.867   6.867   0.16020006E-01   0.70009275E-06   0.00000000E+00   0.70009275E-06
  18.883   6.883   0.16056250E-01   0.69963692E-06   0.00000000E+00   0.69963692E-06
  18.900   6.900   0.16092473E-01   0.69915298E-06   0.00000000E+00   0.69915298E-06
  18.917   6.917   0.16128674E-01   0.69864102E-06   0.00000000E+00   0.69864102E-06
  18.933   6.933   0.16164853E-01   0.69810111E-06   0.00000000E+00   0.69810111E-06
  18.950   6.950   0.16201007E-01   0.69753335E-06   0.00000000E+00   0.69753335E-06
  18.967   6.967   0.16237136E-01   0.69693782E-06   0.00000000E+00   0.69693782E-06
  18.983   6.983   0.16273238E-01   0.69631461E-06   0.00000000E+00   0.69631461E-06
  19.000   7.000   0.16309313E-01   0.69566379E-06   0.00000000E+00   0.69566379E-06
  19.017   7.017   0.16345359E-01   0.69498546E-06   0.00000000E+00   0.69498546E-06
  19.033   7.033   0.16381376E-01   0.69427970E-06   0.00000000E+00   0.69427970E-06
  19.050   7.050   0.16417361E-01   0.69354660E-06   0.00000000E+00   0.69354660E-06
  19.067   7.067   0.16453314E-01   0.69278625E-06   0.00000000E+00   0.69278625E-06
  19.083   7.083   0.16489234E-01   0.69199873E-06   0.00000000E+00   0.69199873E-06
  19.100   7.100   0.16525120E-01   0.69118413E-06   0.00000000E+00   0.69118413E-06
  19.117   7.117   0.16560970E-01   0.69034253E-06   0.00000000E+00   0.69034253E-06
  19.133   7.133   0.16596784E-01   0.68947404E-06   0.00000000E+00   0.68947404E-06
  19.150   7.150   0.16632560E-01   0.68857873E-06   0.00000000E+00   0.68857873E-06
  19.167   7.167   0.16668297E-01   0.68765670E-06   0.00000000E+00   0.68765670E-06
  19.183   7.183   0.16703994E-01   0.68670803E-06   0.00000000E+00   0.68670803E-06
  19.200   7.200   0.16739651E-01   0.68573282E-06   0.00000000E+00   0.68573282E-06
  19.217   7.217   0.16775265E-01   0.68473115E-06   0.00000000E+00   0.68473115E-06
  19.233   7.233   0.16810836E-01   0.68370313E-06   0.00000000E+00   0.68370313E-06
  19.250   7.250   0.16846363E-01   0.68264883E-06   0.00000000E+00   0.68264883E-06
  19.267   7.267   0.16881845E-01   0.68156836E-06   0.00000000E+00   0.68156836E-06
  19.283   7.283   0.16917280E-01   0.68046180E-06   0.00000000E+00   0.68046180E-06
  19.300   7.300   0.16952668E-01   0.67932925E-06   0.00000000E+00   0.67932925E-06
  19.317   7.317   0.16988008E-01   0.67817080E-06   0.00000000E+00   0.67817080E-06
  19.333   7.333   0.17023298E-01   0.67698655E-06   0.00000000E+00   0.67698655E-06
  19.350   7.350   0.17058538E-01   0.67577659E-06   0.00000000E+00   0.67577659E-06
  19.367   7.367   0.17093726E-01   0.67454102E-06   0.00000000E+00   0.67454102E-06
  19.383   7.383   0.17128861E-01   0.67327993E-06   0.00000000E+00   0.67327993E-06
  19.400   7.400   0.17163943E-01   0.67199343E-06   0.00000000E+00   0.67199343E-06
  19.417   7.417   0.17198970E-01   0.67068160E-06   0.00000000E+00   0.67068160E-06
  19.433   7.433   0.17233942E-01   0.66934455E-06   0.00000000E+00   0.66934455E-06
  19.450   7.450   0.17268856E-01   0.66798237E-06   0.00000000E+00   0.66798237E-06
  19.467   7.467   0.17303713E-01   0.66659517E-06   0.00000000E+00   0.66659517E-06
  19.483   7.483   0.17338511E-01   0.66518304E-06   0.00000000E+00   0.66518304E-06
  19.500   7.500   0.17373249E-01   0.66374609E-06   0.00000000E+00   0.66374609E-06
  19.517   7.517   0.17407927E-01   0.66228442E-06   0.00000000E+00   0.66228442E-06
  19.533   7.533   0.17442542E-01   0.66079813E-06   0.00000000E+00   0.66079813E-06
  19.550   7.550   0.17477095E-01   0.65928733E-06   0.00000000E+00   0.65928733E-06
  19.567   7.567   0.17511584E-01   0.65775211E-06   0.00000000E+00   0.65775211E-06
  19.583   7.583   0.17546008E-01   0.65619258E-06   0.00000000E+00   0.65619258E-06
  19.600   7.600   0.17580366E-01   0.65460886E-06   0.00000000E+00   0.65460886E-06
  19.617   7.617   0.17614658E-01   0.65300103E-06   0.00000000E+00   0.65300103E-06
  19.633   7.633   0.17648881E-01   0.65136922E-06   0.00000000E+00   0.65136922E-06
  19.650   7.650   0.17683036E-01   0.64971353E-06   0.00000000E+00   0.64971353E-06
  19.667   7.667   0.17717121E-01   0.64803407E-06   0.00000000E+00   0.64803407E-06
  19.683   7.683   0.17751136E-01   0.64633095E-06   0.00000000E+00   0.64633095E-06
  19.700   7.700   0.17785078E-01   0.64460428E-06   0.00000000E+00   0.64460428E-06
  19.717   7.717   0.17818948E-01   0.64285417E-06   0.00000000E+00   0.64285417E-06
  19.733   7.733   0.17852744E-01   0.64108074E-06   0.00000000E+00   0.64108074E-06
  19.750   7.750   0.17886466E-01   0.63928410E-06   0.00000000E+00   0.63928410E-06
  19.767   7.767   0.17920112E-01   0.63746436E-06   0.00000000E+00   0.63746436E-06
  19.783   7.783   0.17953681E-01   0.63562164E-06   0.00000000E+00   0.63562164E-06
  19.800   7.800   0.17987173E-01   0.63375606E-06   0.00000000E+00   0.63375606E-06
  19.817   7.817   0.18020586E-01   0.63186773E-06   0.00000000E+00   0.63186773E-06
  19.833   7.833   0.18053920E-01   0.62995678E-06   0.00000000E+00   0.62995678E-06
  19.850   7.850   0.18087174E-01   0.62802332E-06   0.00000000E+00   0.62802332E-06
  19.867   7.867   0.18120346E-01   0.62606748E-06   0.00000000E+00   0.62606748E-06
  19.883   7.883   0.18153436E-01   0.62408937E-06   0.00000000E+00   0.62408937E-06
  19.900   7.900   0.18186442E-01   0.62208913E-06   0.00000000E+00   0.62208913E-06
  19.917   7.917   0.18219365E-01   0.62006688E-06   0.00000000E+00   0.62006688E-06
  19.933   7.933   0.18252202E-01   0.61802273E-06   0.00000000E+00   0.61802273E-06
  19.950   7.950   0.18284953E-01   0.61595683E-06   0.00000000E+00   0.61595683E-06
  19.967   7.967   0.18317618E-01   0.61386930E-06   0.00000000E+00   0.61386930E-06
  19.983   7.983   0.18350194E-01   0.61176026E-06   0.00000000E+00   0.61176026E-06
  20.000   8.000   0.18382681E-01   0.60962986E-06   0.00000000E+00   0.60962986E-06
  20.017   8.017   0.18415079E-01   0.60747821E-06   0.00000000E+00   0.60747821E-06
  20.033   8.033   0.18447385E-01   0.60530546E-06   0.00000000E+00   0.60530546E-06
  20.050   8.050   0.18479601E-01   0.60311175E-06   0.00000000E+00   0.60311175E-06
  20.067   8.067   0.18511723E-01   0.60089720E-06   0.00000000E+00   0.60089720E-06
  20.083   8.083   0.18543752E-01   0.59866195E-06   0.00000000E+00   0.59866195E-06
  20.100   8.100   0.18575687E-01   0.59640615E-06   0.00000000E+00   0.59640615E-06
  20.117   8.117   0.18607526E-01   0.59412993E-06   0.00000000E+00   0.59412993E-06
  20.133   8.133   0.18639269E-01   0.59183344E-06   0.00000000E+00   0.59183344E-06
  20.150   8.150   0.18670915E-01   0.58951682E-06   0.00000000E+00   0.58951682E-06
  20.167   8.167   0.18702462E-01   0.58718022E-06   0.00000000E+00   0.58718022E-06
  20.183   8.183   0.18733911E-01   0.58482378E-06   0.00000000E+00   0.58482378E-06
  20.200   8.200   0.18765260E-01   0.58244765E-06   0.00000000E+00   0.58244765E-06
  20.217   8.217   0.18796507E-01   0.58005198E-06   0.00000000E+00   0.58005198E-06
  20.233   8.233   0.18827653E-01   0.57763693E-06   0.00000000E+00   0.57763693E-06
  20.250   8.250   0.18858697E-01   0.57520264E-06   0.00000000E+00   0.57520264E-06
  20.267   8.267   0.18889636E-01   0.57274926E-06   0.00000000E+00   0.57274926E-06
  20.283   8.283   0.18920472E-01   0.57027697E-06   0.00000000E+00   0.57027697E-06
  20.300   8.300   0.18951201E-01   0.56778590E-06   0.00000000E+00   0.56778590E-06
  20.317   8.317   0.18981825E-01   0.56527623E-06   0.00000000E+00   0.56527623E-06
  20.333   8.333   0.19012341E-01   0.56274812E-06   0.00000000E+00   0.56274812E-06
  20.350   8.350   0.19042749E-01   0.56020172E-06   0.00000000E+00   0.56020172E-06
  20.367   8.367   0.19073048E-01   0.55763720E-06   0.00000000E+00   0.55763720E-06
  20.383   8.383   0.19103238E-01   0.55505474E-06   0.00000000E+00   0.55505474E-06
  20.400   8.400   0.19133316E-01   0.55245449E-06   0.00000000E+00   0.55245449E-06
  20.417   8.417   0.19163283E-01   0.54983662E-06   0.00000000E+00   0.54983662E-06
  20.433   8.433   0.19193137E-01   0.54720132E-06   0.00000000E+00   0.54720132E-06
  20.450   8.450   0.19222877E-01   0.54454875E-06   0.00000000E+00   0.54454875E-06
  20.467   8.467   0.19252503E-01   0.54187908E-06   0.00000000E+00   0.54187908E-06
  20.483   8.483   0.19282014E-01   0.53919251E-06   0.00000000E+00   0.53919251E-06
  20.500   8.500   0.19311408E-01   0.53648920E-06   0.00000000E+00   0.53648920E-06
  20.517   8.517   0.19340685E-01   0.53376933E-06   0.00000000E+00   0.53376933E-06
  20.533   8.533   0.19369844E-01   0.53103310E-06   0.00000000E+00   0.53103310E-06
  20.550   8.550   0.19398884E-01   0.52828068E-06   0.00000000E+00   0.52828068E-06
  20.567   8.567   0.19427805E-01   0.52551226E-06   0.00000000E+00   0.52551226E-06
  20.583   8.583   0.19456604E-01   0.52272803E-06   0.00000000E+00   0.52272803E-06
  20.600   8.600   0.19485282E-01   0.51992819E-06   0.00000000E+00   0.51992819E-06
  20.617   8.617   0.19513838E-01   0.51711292E-06   0.00000000E+00   0.51711292E-06
  20.633   8.633   0.19542270E-01   0.51428243E-06   0.00000000E+00   0.51428243E-06
  20.650   8.650   0.19570577E-01   0.51143690E-06   0.00000000E+00   0.51143690E-06
  20.667   8.667   0.19598759E-01   0.50857654E-06   0.00000000E+00   0.50857654E-06
  20.683   8.683   0.19626815E-01   0.50570155E-06   0.00000000E+00   0.50570155E-06
  20.700   8.700   0.19654744E-01   0.50281214E-06   0.00000000E+00   0.50281214E-06
  20.717   8.717   0.19682545E-01   0.49990850E-06   0.00000000E+00   0.49990850E-06
  20.733   8.733   0.19710217E-01   0.49699085E-06   0.00000000E+00   0.49699085E-06
  20.750   8.750   0.19737760E-01   0.49405940E-06   0.00000000E+00   0.49405940E-06
  20.767   8.767   0.19765171E-01   0.49111435E-06   0.00000000E+00   0.49111435E-06
  20.783   8.783   0.19792451E-01   0.48815593E-06   0.00000000E+00   0.48815593E-06
  20.800   8.800   0.19819599E-01   0.48518435E-06   0.00000000E+00   0.48518435E-06
  20.817   8.817   0.19846613E-01   0.48219983E-06   0.00000000E+00   0.48219983E-06
  20.833   8.833   0.19873492E-01   0.47920258E-06   0.00000000E+00   0.47920258E-06
  20.850   8.850   0.19900237E-01   0.47619284E-06   0.00000000E+00   0.47619284E-06
  20.867   8.867   0.19926845E-01   0.47317083E-06   0.00000000E+00   0.47317083E-06
  20.883   8.883   0.19953316E-01   0.47013677E-06   0.00000000E+00   0.47013677E-06
  20.900   8.900   0.19979649E-01   0.46709090E-06   0.00000000E+00   0.46709090E-06
  20.917   8.917   0.20005843E-01   0.46403344E-06   0.00000000E+00   0.46403344E-06
  20.933   8.933   0.20031897E-01   0.46096464E-06   0.00000000E+00   0.46096464E-06
  20.950   8.950   0.20057811E-01   0.45788473E-06   0.00000000E+00   0.45788473E-06
  20.967   8.967   0.20083583E-01   0.45479394E-06   0.00000000E+00   0.45479394E-06
