        RT(hours)           [LIMO]         L_R_44           L_R_45           L_R_46           tot_loss         tot_prod
  12.017   0.017   0.99806102E-01   0.11833795E-05   0.71353637E-05   0.87159572E-06   0.91903389E-05   0.00000000E+00
  12.033   0.033   0.99554441E-01   0.19994219E-05   0.71058718E-05   0.81781917E-06   0.99231129E-05   0.00000000E+00
  12.050   0.050   0.99266768E-01   0.25567546E-05   0.70721273E-05   0.77953856E-06   0.10408420E-04   0.00000000E+00
  12.067   0.067   0.98955752E-01   0.29314609E-05   0.70360006E-05   0.75098266E-06   0.10718444E-04   0.00000000E+00
  12.083   0.083   0.98629818E-01   0.31927207E-05   0.69986425E-05   0.72832202E-06   0.10919685E-04   0.00000000E+00
  12.100   0.100   0.98293944E-01   0.33898800E-05   0.69607159E-05   0.70923083E-06   0.11059827E-04   0.00000000E+00
  12.117   0.117   0.97950835E-01   0.35530826E-05   0.69225846E-05   0.69235396E-06   0.11168021E-04   0.00000000E+00
  12.133   0.133   0.97601868E-01   0.36992247E-05   0.68844416E-05   0.67691797E-06   0.11260584E-04   0.00000000E+00
  12.150   0.150   0.97247699E-01   0.38372794E-05   0.68463860E-05   0.66248448E-06   0.11346150E-04   0.00000000E+00
  12.167   0.167   0.96888606E-01   0.39718147E-05   0.68084669E-05   0.64880379E-06   0.11429085E-04   0.00000000E+00
  12.183   0.183   0.96524684E-01   0.41050568E-05   0.67707071E-05   0.63573102E-06   0.11511495E-04   0.00000000E+00
  12.200   0.200   0.96155940E-01   0.42380280E-05   0.67331160E-05   0.62317928E-06   0.11594323E-04   0.00000000E+00
  12.217   0.217   0.95782345E-01   0.43711506E-05   0.66956961E-05   0.61109371E-06   0.11677940E-04   0.00000000E+00
  12.233   0.233   0.95403857E-01   0.45045567E-05   0.66584467E-05   0.59943733E-06   0.11762441E-04   0.00000000E+00
  12.250   0.250   0.95020431E-01   0.46382442E-05   0.66213658E-05   0.58818320E-06   0.11847793E-04   0.00000000E+00
  12.267   0.267   0.94632030E-01   0.47721522E-05   0.65844504E-05   0.57731024E-06   0.11933913E-04   0.00000000E+00
  12.283   0.283   0.94238619E-01   0.49061965E-05   0.65476979E-05   0.56680086E-06   0.12020695E-04   0.00000000E+00
  12.300   0.300   0.93840173E-01   0.50402850E-05   0.65111053E-05   0.55663961E-06   0.12108030E-04   0.00000000E+00
  12.317   0.317   0.93436669E-01   0.51743250E-05   0.64746700E-05   0.54681255E-06   0.12195808E-04   0.00000000E+00
  12.333   0.333   0.93028097E-01   0.53082249E-05   0.64383897E-05   0.53730673E-06   0.12283921E-04   0.00000000E+00
  12.350   0.350   0.92614447E-01   0.54418952E-05   0.64022624E-05   0.52811002E-06   0.12372268E-04   0.00000000E+00
  12.367   0.367   0.92195719E-01   0.55752483E-05   0.63662861E-05   0.51921092E-06   0.12460745E-04   0.00000000E+00
  12.383   0.383   0.91771919E-01   0.57081984E-05   0.63304594E-05   0.51059850E-06   0.12549256E-04   0.00000000E+00
  12.400   0.400   0.91343057E-01   0.58406612E-05   0.62947809E-05   0.50226234E-06   0.12637705E-04   0.00000000E+00
  12.417   0.417   0.90909150E-01   0.59725537E-05   0.62592496E-05   0.49419244E-06   0.12725996E-04   0.00000000E+00
  12.433   0.433   0.90470220E-01   0.61037940E-05   0.62238646E-05   0.48637927E-06   0.12814038E-04   0.00000000E+00
  12.450   0.450   0.90026296E-01   0.62343012E-05   0.61886253E-05   0.47881368E-06   0.12901740E-04   0.00000000E+00
  12.467   0.467   0.89577410E-01   0.63639957E-05   0.61535313E-05   0.47148690E-06   0.12989014E-04   0.00000000E+00
  12.483   0.483   0.89123600E-01   0.64927986E-05   0.61185824E-05   0.46439055E-06   0.13075772E-04   0.00000000E+00
  12.500   0.500   0.88664912E-01   0.66206323E-05   0.60837787E-05   0.45751656E-06   0.13161928E-04   0.00000000E+00
  12.517   0.517   0.88201392E-01   0.67474199E-05   0.60491202E-05   0.45085722E-06   0.13247397E-04   0.00000000E+00
  12.533   0.533   0.87733096E-01   0.68730857E-05   0.60146074E-05   0.44440515E-06   0.13332098E-04   0.00000000E+00
  12.550   0.550   0.87260081E-01   0.69975549E-05   0.59802407E-05   0.43815323E-06   0.13415949E-04   0.00000000E+00
  12.567   0.567   0.86782411E-01   0.71207539E-05   0.59460208E-05   0.43209467E-06   0.13498869E-04   0.00000000E+00
  12.583   0.583   0.86300154E-01   0.72426100E-05   0.59119485E-05   0.42622295E-06   0.13580781E-04   0.00000000E+00
  12.600   0.600   0.85813383E-01   0.73630515E-05   0.58780248E-05   0.42053180E-06   0.13661608E-04   0.00000000E+00
  12.617   0.617   0.85322175E-01   0.74820078E-05   0.58442509E-05   0.41501522E-06   0.13741274E-04   0.00000000E+00
  12.633   0.633   0.84826611E-01   0.75994097E-05   0.58106278E-05   0.40966743E-06   0.13819705E-04   0.00000000E+00
  12.650   0.650   0.84326778E-01   0.77151886E-05   0.57771569E-05   0.40448292E-06   0.13896828E-04   0.00000000E+00
  12.667   0.667   0.83822765E-01   0.78292775E-05   0.57438397E-05   0.39945636E-06   0.13972574E-04   0.00000000E+00
  12.683   0.683   0.83314667E-01   0.79416103E-05   0.57106778E-05   0.39458265E-06   0.14046871E-04   0.00000000E+00
  12.700   0.700   0.82802581E-01   0.80521222E-05   0.56776727E-05   0.38985689E-06   0.14119652E-04   0.00000000E+00
  12.717   0.717   0.82286611E-01   0.81607495E-05   0.56448263E-05   0.38527436E-06   0.14190850E-04   0.00000000E+00
  12.733   0.733   0.81766861E-01   0.82674297E-05   0.56121405E-05   0.38083055E-06   0.14260401E-04   0.00000000E+00
  12.750   0.750   0.81243441E-01   0.83721019E-05   0.55796170E-05   0.37652109E-06   0.14328240E-04   0.00000000E+00
  12.767   0.767   0.80716465E-01   0.84747061E-05   0.55472581E-05   0.37234179E-06   0.14394306E-04   0.00000000E+00
  12.783   0.783   0.80186050E-01   0.85751839E-05   0.55150657E-05   0.36828863E-06   0.14458538E-04   0.00000000E+00
  12.800   0.800   0.79652315E-01   0.86734781E-05   0.54830420E-05   0.36435773E-06   0.14520878E-04   0.00000000E+00
  12.817   0.817   0.79115383E-01   0.87695331E-05   0.54511893E-05   0.36054535E-06   0.14581268E-04   0.00000000E+00
  12.833   0.833   0.78575382E-01   0.88632946E-05   0.54195099E-05   0.35684789E-06   0.14639652E-04   0.00000000E+00
  12.850   0.850   0.78032441E-01   0.89547100E-05   0.53880062E-05   0.35326189E-06   0.14695978E-04   0.00000000E+00
  12.867   0.867   0.77486693E-01   0.90437281E-05   0.53566806E-05   0.34978400E-06   0.14750193E-04   0.00000000E+00
  12.883   0.883   0.76938272E-01   0.91302994E-05   0.53255355E-05   0.34641100E-06   0.14802246E-04   0.00000000E+00
  12.900   0.900   0.76387318E-01   0.92143761E-05   0.52945737E-05   0.34313979E-06   0.14852090E-04   0.00000000E+00
  12.917   0.917   0.75833971E-01   0.92959120E-05   0.52637975E-05   0.33996736E-06   0.14899677E-04   0.00000000E+00
  12.933   0.933   0.75278373E-01   0.93748629E-05   0.52332098E-05   0.33689082E-06   0.14944964E-04   0.00000000E+00
  12.950   0.950   0.74720671E-01   0.94511864E-05   0.52028132E-05   0.33390736E-06   0.14987907E-04   0.00000000E+00
  12.967   0.967   0.74161013E-01   0.95248420E-05   0.51726104E-05   0.33101429E-06   0.15028467E-04   0.00000000E+00
  12.983   0.983   0.73599547E-01   0.95957912E-05   0.51426042E-05   0.32820899E-06   0.15066604E-04   0.00000000E+00
  13.000   1.000   0.73036425E-01   0.96639977E-05   0.51127975E-05   0.32548894E-06   0.15102284E-04   0.00000000E+00
  13.017   1.017   0.72471802E-01   0.97294272E-05   0.50831930E-05   0.32285169E-06   0.15135472E-04   0.00000000E+00
  13.033   1.033   0.71905831E-01   0.97920478E-05   0.50537938E-05   0.32029488E-06   0.15166136E-04   0.00000000E+00
  13.050   1.050   0.71338669E-01   0.98518298E-05   0.50246026E-05   0.31781621E-06   0.15194249E-04   0.00000000E+00
  13.067   1.067   0.70770475E-01   0.99087458E-05   0.49956225E-05   0.31541348E-06   0.15219782E-04   0.00000000E+00
  13.083   1.083   0.70201406E-01   0.99627712E-05   0.49668564E-05   0.31308453E-06   0.15242712E-04   0.00000000E+00
  13.100   1.100   0.69631623E-01   0.10013884E-04   0.49383072E-05   0.31082729E-06   0.15263018E-04   0.00000000E+00
  13.117   1.117   0.69061286E-01   0.10062063E-04   0.49099781E-05   0.30863973E-06   0.15280681E-04   0.00000000E+00
  13.133   1.133   0.68490556E-01   0.10107293E-04   0.48818721E-05   0.30651991E-06   0.15295685E-04   0.00000000E+00
  13.150   1.150   0.67919596E-01   0.10149559E-04   0.48539921E-05   0.30446593E-06   0.15308017E-04   0.00000000E+00
  13.167   1.167   0.67348565E-01   0.10188849E-04   0.48263413E-05   0.30247595E-06   0.15317667E-04   0.00000000E+00
  13.183   1.183   0.66777628E-01   0.10225156E-04   0.47989226E-05   0.30054819E-06   0.15324626E-04   0.00000000E+00
  13.200   1.200   0.66206944E-01   0.10258472E-04   0.47717392E-05   0.29868091E-06   0.15328892E-04   0.00000000E+00
  13.217   1.217   0.65636676E-01   0.10288796E-04   0.47447940E-05   0.29687245E-06   0.15330463E-04   0.00000000E+00
  13.233   1.233   0.65066983E-01   0.10316128E-04   0.47180902E-05   0.29512116E-06   0.15329339E-04   0.00000000E+00
  13.250   1.250   0.64498028E-01   0.10340471E-04   0.46916308E-05   0.29342546E-06   0.15325527E-04   0.00000000E+00
  13.267   1.267   0.63929967E-01   0.10361831E-04   0.46654188E-05   0.29178383E-06   0.15319034E-04   0.00000000E+00
  13.283   1.283   0.63362960E-01   0.10380218E-04   0.46394572E-05   0.29019477E-06   0.15309870E-04   0.00000000E+00
  13.300   1.300   0.62797162E-01   0.10395645E-04   0.46137490E-05   0.28865683E-06   0.15298051E-04   0.00000000E+00
  13.317   1.317   0.62232730E-01   0.10408126E-04   0.45882971E-05   0.28716861E-06   0.15283592E-04   0.00000000E+00
  13.333   1.333   0.61669815E-01   0.10417681E-04   0.45631045E-05   0.28572875E-06   0.15266515E-04   0.00000000E+00
  13.350   1.350   0.61108570E-01   0.10424332E-04   0.45381741E-05   0.28433591E-06   0.15246842E-04   0.00000000E+00
  13.367   1.367   0.60549143E-01   0.10428103E-04   0.45135087E-05   0.28298882E-06   0.15224601E-04   0.00000000E+00
  13.383   1.383   0.59991682E-01   0.10429022E-04   0.44891112E-05   0.28168622E-06   0.15199819E-04   0.00000000E+00
  13.400   1.400   0.59436331E-01   0.10427120E-04   0.44649842E-05   0.28042692E-06   0.15172531E-04   0.00000000E+00
  13.417   1.417   0.58883230E-01   0.10422430E-04   0.44411304E-05   0.27920972E-06   0.15142770E-04   0.00000000E+00
  13.433   1.433   0.58332520E-01   0.10414989E-04   0.44175526E-05   0.27803350E-06   0.15110575E-04   0.00000000E+00
  13.450   1.450   0.57784334E-01   0.10404836E-04   0.43942532E-05   0.27689714E-06   0.15075986E-04   0.00000000E+00
  13.467   1.467   0.57238806E-01   0.10392012E-04   0.43712348E-05   0.27579958E-06   0.15039047E-04   0.00000000E+00
  13.483   1.483   0.56696065E-01   0.10376563E-04   0.43484998E-05   0.27473976E-06   0.14999803E-04   0.00000000E+00
  13.500   1.500   0.56156235E-01   0.10358535E-04   0.43260504E-05   0.27371669E-06   0.14958303E-04   0.00000000E+00
  13.517   1.517   0.55619438E-01   0.10337978E-04   0.43038890E-05   0.27272939E-06   0.14914596E-04   0.00000000E+00
  13.533   1.533   0.55085791E-01   0.10314942E-04   0.42820176E-05   0.27177690E-06   0.14868736E-04   0.00000000E+00
  13.550   1.550   0.54555409E-01   0.10289481E-04   0.42604383E-05   0.27085830E-06   0.14820778E-04   0.00000000E+00
  13.567   1.567   0.54028399E-01   0.10261651E-04   0.42391531E-05   0.26997270E-06   0.14770777E-04   0.00000000E+00
  13.583   1.583   0.53504868E-01   0.10231509E-04   0.42181638E-05   0.26911924E-06   0.14718792E-04   0.00000000E+00
  13.600   1.600   0.52984916E-01   0.10199113E-04   0.41974720E-05   0.26829708E-06   0.14664882E-04   0.00000000E+00
  13.617   1.617   0.52468639E-01   0.10164526E-04   0.41770794E-05   0.26750540E-06   0.14609110E-04   0.00000000E+00
  13.633   1.633   0.51956129E-01   0.10127807E-04   0.41569873E-05   0.26674341E-06   0.14551538E-04   0.00000000E+00
  13.650   1.650   0.51447472E-01   0.10089021E-04   0.41371972E-05   0.26601035E-06   0.14492229E-04   0.00000000E+00
  13.667   1.667   0.50942751E-01   0.10048232E-04   0.41177101E-05   0.26530547E-06   0.14431248E-04   0.00000000E+00
  13.683   1.683   0.50442043E-01   0.10005505E-04   0.40985272E-05   0.26462805E-06   0.14368660E-04   0.00000000E+00
  13.700   1.700   0.49945420E-01   0.99609052E-05   0.40796493E-05   0.26397739E-06   0.14304532E-04   0.00000000E+00
  13.717   1.717   0.49452950E-01   0.99145001E-05   0.40610770E-05   0.26335281E-06   0.14238930E-04   0.00000000E+00
  13.733   1.733   0.48964696E-01   0.98663565E-05   0.40428110E-05   0.26275364E-06   0.14171921E-04   0.00000000E+00
  13.750   1.750   0.48480715E-01   0.98165416E-05   0.40248517E-05   0.26217924E-06   0.14103573E-04   0.00000000E+00
  13.767   1.767   0.48001060E-01   0.97651231E-05   0.40071993E-05   0.26162897E-06   0.14033951E-04   0.00000000E+00
  13.783   1.783   0.47525778E-01   0.97121685E-05   0.39898537E-05   0.26110223E-06   0.13963124E-04   0.00000000E+00
  13.800   1.800   0.47054914E-01   0.96577454E-05   0.39728149E-05   0.26059842E-06   0.13891159E-04   0.00000000E+00
  13.817   1.817   0.46588504E-01   0.96019209E-05   0.39560825E-05   0.26011693E-06   0.13818120E-04   0.00000000E+00
  13.833   1.833   0.46126582E-01   0.95447621E-05   0.39396560E-05   0.25965721E-06   0.13744075E-04   0.00000000E+00
  13.850   1.850   0.45669176E-01   0.94863353E-05   0.39235347E-05   0.25921869E-06   0.13669089E-04   0.00000000E+00
  13.867   1.867   0.45216309E-01   0.94267064E-05   0.39077176E-05   0.25880081E-06   0.13593225E-04   0.00000000E+00
  13.883   1.883   0.44768001E-01   0.93659405E-05   0.38922036E-05   0.25840302E-06   0.13516547E-04   0.00000000E+00
  13.900   1.900   0.44324265E-01   0.93041019E-05   0.38769914E-05   0.25802480E-06   0.13439118E-04   0.00000000E+00
  13.917   1.917   0.43885110E-01   0.92412543E-05   0.38620793E-05   0.25766559E-06   0.13360999E-04   0.00000000E+00
  13.933   1.933   0.43450543E-01   0.91774598E-05   0.38474655E-05   0.25732489E-06   0.13282250E-04   0.00000000E+00
  13.950   1.950   0.43020563E-01   0.91127801E-05   0.38331482E-05   0.25700215E-06   0.13202930E-04   0.00000000E+00
  13.967   1.967   0.42595168E-01   0.90472754E-05   0.38191249E-05   0.25669687E-06   0.13123097E-04   0.00000000E+00
  13.983   1.983   0.42174348E-01   0.89810046E-05   0.38053932E-05   0.25640852E-06   0.13042806E-04   0.00000000E+00
  14.000   2.000   0.41758093E-01   0.89140257E-05   0.37919504E-05   0.25613657E-06   0.12962113E-04   0.00000000E+00
  14.017   2.017   0.41346337E-01   0.88464573E-05   0.37787646E-05   0.25587179E-06   0.12881094E-04   0.00000000E+00
  14.033   2.033   0.40938820E-01   0.87783536E-05   0.37658134E-05   0.25560415E-06   0.12799771E-04   0.00000000E+00
  14.050   2.050   0.40535254E-01   0.87097086E-05   0.37531044E-05   0.25533553E-06   0.12718149E-04   0.00000000E+00
  14.067   2.067   0.40135372E-01   0.86405318E-05   0.37406423E-05   0.25506825E-06   0.12636242E-04   0.00000000E+00
  14.083   2.083   0.39738922E-01   0.85708394E-05   0.37284293E-05   0.25480460E-06   0.12554073E-04   0.00000000E+00
  14.100   2.100   0.39345670E-01   0.85006506E-05   0.37164652E-05   0.25454669E-06   0.12471662E-04   0.00000000E+00
  14.117   2.117   0.38955393E-01   0.84299861E-05   0.37047478E-05   0.25429632E-06   0.12389030E-04   0.00000000E+00
  14.133   2.133   0.38567883E-01   0.83588668E-05   0.36932730E-05   0.25405499E-06   0.12306195E-04   0.00000000E+00
  14.150   2.150   0.38182942E-01   0.82873138E-05   0.36820350E-05   0.25382390E-06   0.12223173E-04   0.00000000E+00
  14.167   2.167   0.37800380E-01   0.82153476E-05   0.36710263E-05   0.25360396E-06   0.12139978E-04   0.00000000E+00
  14.183   2.183   0.37420019E-01   0.81429890E-05   0.36602376E-05   0.25339581E-06   0.12056622E-04   0.00000000E+00
  14.200   2.200   0.37041687E-01   0.80702582E-05   0.36496585E-05   0.25319982E-06   0.11973117E-04   0.00000000E+00
  14.217   2.217   0.36665223E-01   0.79971751E-05   0.36392771E-05   0.25301616E-06   0.11889468E-04   0.00000000E+00
  14.233   2.233   0.36290471E-01   0.79237598E-05   0.36290800E-05   0.25284475E-06   0.11805685E-04   0.00000000E+00
  14.250   2.250   0.35917284E-01   0.78500319E-05   0.36190528E-05   0.25268532E-06   0.11721770E-04   0.00000000E+00
  14.267   2.267   0.35545519E-01   0.77760111E-05   0.36091797E-05   0.25253742E-06   0.11637728E-04   0.00000000E+00
  14.283   2.283   0.35175045E-01   0.77017172E-05   0.35994439E-05   0.25240038E-06   0.11553561E-04   0.00000000E+00
  14.300   2.300   0.34805732E-01   0.76271697E-05   0.35898273E-05   0.25227340E-06   0.11469270E-04   0.00000000E+00
  14.317   2.317   0.34437463E-01   0.75523889E-05   0.35803109E-05   0.25215548E-06   0.11384855E-04   0.00000000E+00
  14.333   2.333   0.34070124E-01   0.74773947E-05   0.35708746E-05   0.25204547E-06   0.11300315E-04   0.00000000E+00
  14.350   2.350   0.33703611E-01   0.74022079E-05   0.35614972E-05   0.25194208E-06   0.11215647E-04   0.00000000E+00
  14.367   2.367   0.33337828E-01   0.73268496E-05   0.35521567E-05   0.25184387E-06   0.11130850E-04   0.00000000E+00
  14.383   2.383   0.32972687E-01   0.72513415E-05   0.35428301E-05   0.25174923E-06   0.11045921E-04   0.00000000E+00
  14.400   2.400   0.32608110E-01   0.71757060E-05   0.35334938E-05   0.25165645E-06   0.10960856E-04   0.00000000E+00
  14.417   2.417   0.32244028E-01   0.70999664E-05   0.35241232E-05   0.25156366E-06   0.10875653E-04   0.00000000E+00
  14.433   2.433   0.31880384E-01   0.70241470E-05   0.35146931E-05   0.25146888E-06   0.10790309E-04   0.00000000E+00
  14.450   2.450   0.31517132E-01   0.69482731E-05   0.35051776E-05   0.25136999E-06   0.10704821E-04   0.00000000E+00
  14.467   2.467   0.31154237E-01   0.68723715E-05   0.34955505E-05   0.25126477E-06   0.10619187E-04   0.00000000E+00
  14.483   2.483   0.30791680E-01   0.67964699E-05   0.34857851E-05   0.25115088E-06   0.10533406E-04   0.00000000E+00
  14.500   2.500   0.30429455E-01   0.67205979E-05   0.34758545E-05   0.25102591E-06   0.10447478E-04   0.00000000E+00
  14.517   2.517   0.30067569E-01   0.66447863E-05   0.34657317E-05   0.25088732E-06   0.10361405E-04   0.00000000E+00
  14.533   2.533   0.29706049E-01   0.65690677E-05   0.34553900E-05   0.25073252E-06   0.10275190E-04   0.00000000E+00
  14.550   2.550   0.29344934E-01   0.64934764E-05   0.34448025E-05   0.25055887E-06   0.10188838E-04   0.00000000E+00
  14.567   2.567   0.28984284E-01   0.64180483E-05   0.34339434E-05   0.25036366E-06   0.10102355E-04   0.00000000E+00
  14.583   2.583   0.28624174E-01   0.63428210E-05   0.34227873E-05   0.25014417E-06   0.10015752E-04   0.00000000E+00
  14.600   2.600   0.28264699E-01   0.62678339E-05   0.34113097E-05   0.24989767E-06   0.99290413E-05   0.00000000E+00
  14.617   2.617   0.27905971E-01   0.61931279E-05   0.33994876E-05   0.24962146E-06   0.98422370E-05   0.00000000E+00
  14.633   2.633   0.27548121E-01   0.61187455E-05   0.33872994E-05   0.24931288E-06   0.97553577E-05   0.00000000E+00
  14.650   2.650   0.27191296E-01   0.60447303E-05   0.33747251E-05   0.24896933E-06   0.96684248E-05   0.00000000E+00
  14.667   2.667   0.26835661E-01   0.59711273E-05   0.33617470E-05   0.24858834E-06   0.95814626E-05   0.00000000E+00
  14.683   2.683   0.26481396E-01   0.58979822E-05   0.33483494E-05   0.24816753E-06   0.94944991E-05   0.00000000E+00
  14.700   2.700   0.26128697E-01   0.58253414E-05   0.33345193E-05   0.24770471E-06   0.94075654E-05   0.00000000E+00
  14.717   2.717   0.25777771E-01   0.57532514E-05   0.33202464E-05   0.24719787E-06   0.93206957E-05   0.00000000E+00
  14.733   2.733   0.25428837E-01   0.56817589E-05   0.33055232E-05   0.24664522E-06   0.92339274E-05   0.00000000E+00
  14.750   2.750   0.25082122E-01   0.56109100E-05   0.32903453E-05   0.24604519E-06   0.91473005E-05   0.00000000E+00
  14.767   2.767   0.24737859E-01   0.55407497E-05   0.32747115E-05   0.24539650E-06   0.90608577E-05   0.00000000E+00
  14.783   2.783   0.24396284E-01   0.54713222E-05   0.32586236E-05   0.24469814E-06   0.89746439E-05   0.00000000E+00
  14.800   2.800   0.24057636E-01   0.54026696E-05   0.32420867E-05   0.24394938E-06   0.88887056E-05   0.00000000E+00
  14.817   2.817   0.23722150E-01   0.53348322E-05   0.32251090E-05   0.24314983E-06   0.88030910E-05   0.00000000E+00
  14.833   2.833   0.23390057E-01   0.52678480E-05   0.32077015E-05   0.24229937E-06   0.87178489E-05   0.00000000E+00
  14.850   2.850   0.23061582E-01   0.52017521E-05   0.31898783E-05   0.24139821E-06   0.86330286E-05   0.00000000E+00
  14.867   2.867   0.22736938E-01   0.51365768E-05   0.31716561E-05   0.24044686E-06   0.85486797E-05   0.00000000E+00
  14.883   2.883   0.22416329E-01   0.50723511E-05   0.31530537E-05   0.23944612E-06   0.84648509E-05   0.00000000E+00
  14.900   2.900   0.22099945E-01   0.50091009E-05   0.31340923E-05   0.23839706E-06   0.83815903E-05   0.00000000E+00
  14.917   2.917   0.21787960E-01   0.49468484E-05   0.31147949E-05   0.23730101E-06   0.82989443E-05   0.00000000E+00
  14.933   2.933   0.21480532E-01   0.48856125E-05   0.30951859E-05   0.23615952E-06   0.82169579E-05   0.00000000E+00
  14.950   2.950   0.21177803E-01   0.48254086E-05   0.30752910E-05   0.23497436E-06   0.81356740E-05   0.00000000E+00
  14.967   2.967   0.20879897E-01   0.47662487E-05   0.30551367E-05   0.23374747E-06   0.80551329E-05   0.00000000E+00
  14.983   2.983   0.20586920E-01   0.47081414E-05   0.30347503E-05   0.23248096E-06   0.79753727E-05   0.00000000E+00
  15.000   3.000   0.20298959E-01   0.46510922E-05   0.30141593E-05   0.23117704E-06   0.78964285E-05   0.00000000E+00
  15.017   3.017   0.20016086E-01   0.45951038E-05   0.29933911E-05   0.22983802E-06   0.78183329E-05   0.00000000E+00
  15.033   3.033   0.19738355E-01   0.45401757E-05   0.29724732E-05   0.22846630E-06   0.77411152E-05   0.00000000E+00
  15.050   3.050   0.19465804E-01   0.44863051E-05   0.29514326E-05   0.22706431E-06   0.76648020E-05   0.00000000E+00
  15.067   3.067   0.19198456E-01   0.44334868E-05   0.29302956E-05   0.22563449E-06   0.75894169E-05   0.00000000E+00
  15.083   3.083   0.18936318E-01   0.43817133E-05   0.29090879E-05   0.22417930E-06   0.75149805E-05   0.00000000E+00
  15.100   3.100   0.18679387E-01   0.43309754E-05   0.28878343E-05   0.22270117E-06   0.74415109E-05   0.00000000E+00
  15.117   3.117   0.18427645E-01   0.42812620E-05   0.28665586E-05   0.22120251E-06   0.73690232E-05   0.00000000E+00
  15.133   3.133   0.18181064E-01   0.42325607E-05   0.28452835E-05   0.21968566E-06   0.72975299E-05   0.00000000E+00
  15.150   3.150   0.17939607E-01   0.41848577E-05   0.28240307E-05   0.21815290E-06   0.72270413E-05   0.00000000E+00
  15.167   3.167   0.17703227E-01   0.41381382E-05   0.28028204E-05   0.21660646E-06   0.71575651E-05   0.00000000E+00
  15.183   3.183   0.17471869E-01   0.40923864E-05   0.27816721E-05   0.21504847E-06   0.70891069E-05   0.00000000E+00
  15.200   3.200   0.17245472E-01   0.40475857E-05   0.27606037E-05   0.21348098E-06   0.70216704E-05   0.00000000E+00
  15.217   3.217   0.17023969E-01   0.40037192E-05   0.27396320E-05   0.21190595E-06   0.69552572E-05   0.00000000E+00
  15.233   3.233   0.16807288E-01   0.39607692E-05   0.27187728E-05   0.21032524E-06   0.68898672E-05   0.00000000E+00
  15.250   3.250   0.16595351E-01   0.39187179E-05   0.26980404E-05   0.20874063E-06   0.68254990E-05   0.00000000E+00
  15.267   3.267   0.16388080E-01   0.38775472E-05   0.26774483E-05   0.20715379E-06   0.67621492E-05   0.00000000E+00
  15.283   3.283   0.16185392E-01   0.38372386E-05   0.26570087E-05   0.20556629E-06   0.66998137E-05   0.00000000E+00
  15.300   3.300   0.15987201E-01   0.37977741E-05   0.26367329E-05   0.20397962E-06   0.66384866E-05   0.00000000E+00
  15.317   3.317   0.15793420E-01   0.37591351E-05   0.26166310E-05   0.20239517E-06   0.65781613E-05   0.00000000E+00
  15.333   3.333   0.15603963E-01   0.37213036E-05   0.25967124E-05   0.20081423E-06   0.65188302E-05   0.00000000E+00
  15.350   3.350   0.15418739E-01   0.36842613E-05   0.25769853E-05   0.19923800E-06   0.64604847E-05   0.00000000E+00
  15.367   3.367   0.15237661E-01   0.36479905E-05   0.25574573E-05   0.19766762E-06   0.64031154E-05   0.00000000E+00
  15.383   3.383   0.15060639E-01   0.36124733E-05   0.25381350E-05   0.19610413E-06   0.63467124E-05   0.00000000E+00
  15.400   3.400   0.14887585E-01   0.35776923E-05   0.25190242E-05   0.19454847E-06   0.62912650E-05   0.00000000E+00
  15.417   3.417   0.14718409E-01   0.35436303E-05   0.25001303E-05   0.19300153E-06   0.62367621E-05   0.00000000E+00
  15.433   3.433   0.14553025E-01   0.35102703E-05   0.24814577E-05   0.19146414E-06   0.61831922E-05   0.00000000E+00
  15.450   3.450   0.14391345E-01   0.34775959E-05   0.24630103E-05   0.18993702E-06   0.61305432E-05   0.00000000E+00
  15.467   3.467   0.14233284E-01   0.34455907E-05   0.24447914E-05   0.18842085E-06   0.60788029E-05   0.00000000E+00
  15.483   3.483   0.14078757E-01   0.34142387E-05   0.24268037E-05   0.18691626E-06   0.60279586E-05   0.00000000E+00
  15.500   3.500   0.13927682E-01   0.33835244E-05   0.24090494E-05   0.18542379E-06   0.59779976E-05   0.00000000E+00
  15.517   3.517   0.13779976E-01   0.33534324E-05   0.23915303E-05   0.18394395E-06   0.59289067E-05   0.00000000E+00
  15.533   3.533   0.13635558E-01   0.33239479E-05   0.23742478E-05   0.18247719E-06   0.58806729E-05   0.00000000E+00
  15.550   3.550   0.13494351E-01   0.32950561E-05   0.23572028E-05   0.18102391E-06   0.58332828E-05   0.00000000E+00
  15.567   3.567   0.13356276E-01   0.32667429E-05   0.23403957E-05   0.17958447E-06   0.57867232E-05   0.00000000E+00
  15.583   3.583   0.13221258E-01   0.32389944E-05   0.23238269E-05   0.17815917E-06   0.57409805E-05   0.00000000E+00
  15.600   3.600   0.13089223E-01   0.32117969E-05   0.23074962E-05   0.17674830E-06   0.56960415E-05   0.00000000E+00
  15.617   3.617   0.12960099E-01   0.31851372E-05   0.22914033E-05   0.17535208E-06   0.56518926E-05   0.00000000E+00
  15.633   3.633   0.12833814E-01   0.31590024E-05   0.22755473E-05   0.17397072E-06   0.56085205E-05   0.00000000E+00
  15.650   3.650   0.12710299E-01   0.31333798E-05   0.22599276E-05   0.17260438E-06   0.55659118E-05   0.00000000E+00
  15.667   3.667   0.12589488E-01   0.31082572E-05   0.22445428E-05   0.17125320E-06   0.55240532E-05   0.00000000E+00
  15.683   3.683   0.12471313E-01   0.30836225E-05   0.22293918E-05   0.16991730E-06   0.54829315E-05   0.00000000E+00
  15.700   3.700   0.12355711E-01   0.30594640E-05   0.22144729E-05   0.16859676E-06   0.54425336E-05   0.00000000E+00
  15.717   3.717   0.12242618E-01   0.30357704E-05   0.21997845E-05   0.16729162E-06   0.54028465E-05   0.00000000E+00
  15.733   3.733   0.12131974E-01   0.30125306E-05   0.21853247E-05   0.16600195E-06   0.53638573E-05   0.00000000E+00
  15.750   3.750   0.12023719E-01   0.29897336E-05   0.21710917E-05   0.16472773E-06   0.53255531E-05   0.00000000E+00
  15.767   3.767   0.11917794E-01   0.29673690E-05   0.21570833E-05   0.16346899E-06   0.52879213E-05   0.00000000E+00
  15.783   3.783   0.11814144E-01   0.29454265E-05   0.21432973E-05   0.16222569E-06   0.52509494E-05   0.00000000E+00
  15.800   3.800   0.11712712E-01   0.29238959E-05   0.21297314E-05   0.16099780E-06   0.52146251E-05   0.00000000E+00
  15.817   3.817   0.11613445E-01   0.29027676E-05   0.21163833E-05   0.15978526E-06   0.51789362E-05   0.00000000E+00
  15.833   3.833   0.11516291E-01   0.28820319E-05   0.21032505E-05   0.15858802E-06   0.51438705E-05   0.00000000E+00
  15.850   3.850   0.11421199E-01   0.28616797E-05   0.20903305E-05   0.15740599E-06   0.51094162E-05   0.00000000E+00
  15.867   3.867   0.11328118E-01   0.28417018E-05   0.20776207E-05   0.15623908E-06   0.50755616E-05   0.00000000E+00
  15.883   3.883   0.11237001E-01   0.28220894E-05   0.20651185E-05   0.15508720E-06   0.50422951E-05   0.00000000E+00
  15.900   3.900   0.11147800E-01   0.28028339E-05   0.20528212E-05   0.15395024E-06   0.50096054E-05   0.00000000E+00
  15.917   3.917   0.11060469E-01   0.27839269E-05   0.20407262E-05   0.15282808E-06   0.49774811E-05   0.00000000E+00
  15.933   3.933   0.10974964E-01   0.27653602E-05   0.20288306E-05   0.15172059E-06   0.49459114E-05   0.00000000E+00
  15.950   3.950   0.10891242E-01   0.27471257E-05   0.20171318E-05   0.15062765E-06   0.49148852E-05   0.00000000E+00
  15.967   3.967   0.10809259E-01   0.27292159E-05   0.20056271E-05   0.14954911E-06   0.48843920E-05   0.00000000E+00
  15.983   3.983   0.10728975E-01   0.27116229E-05   0.19943135E-05   0.14848483E-06   0.48544213E-05   0.00000000E+00
  16.000   4.000   0.10650349E-01   0.26943395E-05   0.19831884E-05   0.14743466E-06   0.48249626E-05   0.00000000E+00
  16.017   4.017   0.10573344E-01   0.26773303E-05   0.19722491E-05   0.14639844E-06   0.47959778E-05   0.00000000E+00
  16.033   4.033   0.10497925E-01   0.26605643E-05   0.19614932E-05   0.14537590E-06   0.47674334E-05   0.00000000E+00
  16.050   4.050   0.10424059E-01   0.26440395E-05   0.19509186E-05   0.14436680E-06   0.47393249E-05   0.00000000E+00
  16.067   4.067   0.10351714E-01   0.26277539E-05   0.19405228E-05   0.14337097E-06   0.47116476E-05   0.00000000E+00
  16.083   4.083   0.10280858E-01   0.26117054E-05   0.19303035E-05   0.14238826E-06   0.46843971E-05   0.00000000E+00
  16.100   4.100   0.10211459E-01   0.25958916E-05   0.19202583E-05   0.14141853E-06   0.46575684E-05   0.00000000E+00
  16.117   4.117   0.10143485E-01   0.25803100E-05   0.19103848E-05   0.14046165E-06   0.46311564E-05   0.00000000E+00
  16.133   4.133   0.10076906E-01   0.25649578E-05   0.19006806E-05   0.13951748E-06   0.46051559E-05   0.00000000E+00
  16.150   4.150   0.10011692E-01   0.25498321E-05   0.18911431E-05   0.13858588E-06   0.45795612E-05   0.00000000E+00
  16.167   4.167   0.99502719E-02   0.25351379E-05   0.18820730E-05   0.13766396E-06   0.45548748E-05   0.00000000E+00
  16.183   4.183   0.98945987E-02   0.25211726E-05   0.18737207E-05   0.13678576E-06   0.45316791E-05   0.00000000E+00
  16.200   4.200   0.98434247E-02   0.25078368E-05   0.18659430E-05   0.13594543E-06   0.45097252E-05   0.00000000E+00
  16.217   4.217   0.97959344E-02   0.24950308E-05   0.18586457E-05   0.13513658E-06   0.44888130E-05   0.00000000E+00
  16.233   4.233   0.97515620E-02   0.24826829E-05   0.18517634E-05   0.13435512E-06   0.44688014E-05   0.00000000E+00
  16.250   4.250   0.97098951E-02   0.24707401E-05   0.18452482E-05   0.13359813E-06   0.44495865E-05   0.00000000E+00
  16.267   4.267   0.96706206E-02   0.24591623E-05   0.18390636E-05   0.13286339E-06   0.44310892E-05   0.00000000E+00
  16.283   4.283   0.96334934E-02   0.24479174E-05   0.18331805E-05   0.13214915E-06   0.44132471E-05   0.00000000E+00
  16.300   4.300   0.95983168E-02   0.24369799E-05   0.18275758E-05   0.13145398E-06   0.43960096E-05   0.00000000E+00
  16.317   4.317   0.95649291E-02   0.24263283E-05   0.18222298E-05   0.13077665E-06   0.43793347E-05   0.00000000E+00
  16.333   4.333   0.95331951E-02   0.24159445E-05   0.18171263E-05   0.13011616E-06   0.43631870E-05   0.00000000E+00
  16.350   4.350   0.95029999E-02   0.24058131E-05   0.18122511E-05   0.12947162E-06   0.43475358E-05   0.00000000E+00
  16.367   4.367   0.94742447E-02   0.23959202E-05   0.18075920E-05   0.12884223E-06   0.43323544E-05   0.00000000E+00
  16.383   4.383   0.94468431E-02   0.23862539E-05   0.18031380E-05   0.12822731E-06   0.43176193E-05   0.00000000E+00
  16.400   4.400   0.94207192E-02   0.23768033E-05   0.17988795E-05   0.12762623E-06   0.43033091E-05   0.00000000E+00
  16.417   4.417   0.93958054E-02   0.23675586E-05   0.17948078E-05   0.12703840E-06   0.42894048E-05   0.00000000E+00
  16.433   4.433   0.93720411E-02   0.23585107E-05   0.17909150E-05   0.12646331E-06   0.42758889E-05   0.00000000E+00
  16.450   4.450   0.93493715E-02   0.23496513E-05   0.17871937E-05   0.12590046E-06   0.42627454E-05   0.00000000E+00
  16.467   4.467   0.93277470E-02   0.23409728E-05   0.17836373E-05   0.12534941E-06   0.42499595E-05   0.00000000E+00
  16.483   4.483   0.93071219E-02   0.23324680E-05   0.17802395E-05   0.12480973E-06   0.42375173E-05   0.00000000E+00
  16.500   4.500   0.92874544E-02   0.23241302E-05   0.17769947E-05   0.12428103E-06   0.42254060E-05   0.00000000E+00
  16.517   4.517   0.92687058E-02   0.23159531E-05   0.17738975E-05   0.12376292E-06   0.42136134E-05   0.00000000E+00
  16.533   4.533   0.92508403E-02   0.23079306E-05   0.17709427E-05   0.12325506E-06   0.42021283E-05   0.00000000E+00
  16.550   4.550   0.92338244E-02   0.23000571E-05   0.17681256E-05   0.12275712E-06   0.41909398E-05   0.00000000E+00
  16.567   4.567   0.92176269E-02   0.22923273E-05   0.17654417E-05   0.12226876E-06   0.41800378E-05   0.00000000E+00
  16.583   4.583   0.92022186E-02   0.22847360E-05   0.17628868E-05   0.12178969E-06   0.41694125E-05   0.00000000E+00
  16.600   4.600   0.91875719E-02   0.22772784E-05   0.17604567E-05   0.12131962E-06   0.41590547E-05   0.00000000E+00
  16.617   4.617   0.91736608E-02   0.22699497E-05   0.17581477E-05   0.12085827E-06   0.41489557E-05   0.00000000E+00
  16.633   4.633   0.91604608E-02   0.22627454E-05   0.17559561E-05   0.12040537E-06   0.41391069E-05   0.00000000E+00
  16.650   4.650   0.91479487E-02   0.22556614E-05   0.17538783E-05   0.11996067E-06   0.41295003E-05   0.00000000E+00
  16.667   4.667   0.91361025E-02   0.22486934E-05   0.17519109E-05   0.11952392E-06   0.41201283E-05   0.00000000E+00
  16.683   4.683   0.91249013E-02   0.22418375E-05   0.17500509E-05   0.11909490E-06   0.41109833E-05   0.00000000E+00
  16.700   4.700   0.91143250E-02   0.22350899E-05   0.17482950E-05   0.11867336E-06   0.41020583E-05   0.00000000E+00
  16.717   4.717   0.91043547E-02   0.22284469E-05   0.17466403E-05   0.11825911E-06   0.40933463E-05   0.00000000E+00
  16.733   4.733   0.90949722E-02   0.22219049E-05   0.17450840E-05   0.11785192E-06   0.40848408E-05   0.00000000E+00
  16.750   4.750   0.90861603E-02   0.22154605E-05   0.17436233E-05   0.11745159E-06   0.40765354E-05   0.00000000E+00
  16.767   4.767   0.90779022E-02   0.22091105E-05   0.17422555E-05   0.11705793E-06   0.40684240E-05   0.00000000E+00
  16.783   4.783   0.90701821E-02   0.22028516E-05   0.17409782E-05   0.11667075E-06   0.40605006E-05   0.00000000E+00
  16.800   4.800   0.90629847E-02   0.21966808E-05   0.17397888E-05   0.11628988E-06   0.40527595E-05   0.00000000E+00
  16.817   4.817   0.90562954E-02   0.21905951E-05   0.17386849E-05   0.11591513E-06   0.40451952E-05   0.00000000E+00
  16.833   4.833   0.90501001E-02   0.21845916E-05   0.17376644E-05   0.11554634E-06   0.40378023E-05   0.00000000E+00
  16.850   4.850   0.90443852E-02   0.21786675E-05   0.17367249E-05   0.11518334E-06   0.40305757E-05   0.00000000E+00
  16.867   4.867   0.90391378E-02   0.21728202E-05   0.17358643E-05   0.11482597E-06   0.40235104E-05   0.00000000E+00
  16.883   4.883   0.90343453E-02   0.21670469E-05   0.17350805E-05   0.11447409E-06   0.40166015E-05   0.00000000E+00
  16.900   4.900   0.90299956E-02   0.21613453E-05   0.17343715E-05   0.11412754E-06   0.40098444E-05   0.00000000E+00
  16.917   4.917   0.90260771E-02   0.21557129E-05   0.17337355E-05   0.11378619E-06   0.40032345E-05   0.00000000E+00
  16.933   4.933   0.90225786E-02   0.21501472E-05   0.17331704E-05   0.11344988E-06   0.39967675E-05   0.00000000E+00
  16.950   4.950   0.90194892E-02   0.21446460E-05   0.17326745E-05   0.11311850E-06   0.39904390E-05   0.00000000E+00
  16.967   4.967   0.90167984E-02   0.21392071E-05   0.17322459E-05   0.11279192E-06   0.39842450E-05   0.00000000E+00
  16.983   4.983   0.90144961E-02   0.21338283E-05   0.17318831E-05   0.11246999E-06   0.39781814E-05   0.00000000E+00
  17.000   5.000   0.90125727E-02   0.21285076E-05   0.17315842E-05   0.11215262E-06   0.39722445E-05   0.00000000E+00
  17.017   5.017   0.90110185E-02   0.21232429E-05   0.17313478E-05   0.11183967E-06   0.39664303E-05   0.00000000E+00
  17.033   5.033   0.90098245E-02   0.21180322E-05   0.17311722E-05   0.11153103E-06   0.39607354E-05   0.00000000E+00
  17.050   5.050   0.90089819E-02   0.21128736E-05   0.17310558E-05   0.11122660E-06   0.39551561E-05   0.00000000E+00
  17.067   5.067   0.90084820E-02   0.21077654E-05   0.17309973E-05   0.11092627E-06   0.39496890E-05   0.00000000E+00
  17.083   5.083   0.90083166E-02   0.21027057E-05   0.17309952E-05   0.11062994E-06   0.39443308E-05   0.00000000E+00
  17.100   5.100   0.90084778E-02   0.20976927E-05   0.17310480E-05   0.11033749E-06   0.39390782E-05   0.00000000E+00
  17.117   5.117   0.90089576E-02   0.20927249E-05   0.17311545E-05   0.11004885E-06   0.39339282E-05   0.00000000E+00
  17.133   5.133   0.90097486E-02   0.20878005E-05   0.17313133E-05   0.10976391E-06   0.39288776E-05   0.00000000E+00
  17.150   5.150   0.90108435E-02   0.20829180E-05   0.17315231E-05   0.10948259E-06   0.39239236E-05   0.00000000E+00
  17.167   5.167   0.90122352E-02   0.20780758E-05   0.17317827E-05   0.10920479E-06   0.39190632E-05   0.00000000E+00
  17.183   5.183   0.90139169E-02   0.20732725E-05   0.17320908E-05   0.10893043E-06   0.39142937E-05   0.00000000E+00
  17.200   5.200   0.90158818E-02   0.20685065E-05   0.17324464E-05   0.10865943E-06   0.39096123E-05   0.00000000E+00
  17.217   5.217   0.90181236E-02   0.20637766E-05   0.17328482E-05   0.10839171E-06   0.39050165E-05   0.00000000E+00
  17.233   5.233   0.90206360E-02   0.20590813E-05   0.17332951E-05   0.10812719E-06   0.39005036E-05   0.00000000E+00
  17.250   5.250   0.90234128E-02   0.20544193E-05   0.17337861E-05   0.10786580E-06   0.38960712E-05   0.00000000E+00
  17.267   5.267   0.90264482E-02   0.20497894E-05   0.17343201E-05   0.10760746E-06   0.38917169E-05   0.00000000E+00
  17.283   5.283   0.90297365E-02   0.20451902E-05   0.17348960E-05   0.10735210E-06   0.38874383E-05   0.00000000E+00
  17.300   5.300   0.90332721E-02   0.20406206E-05   0.17355129E-05   0.10709965E-06   0.38832332E-05   0.00000000E+00
  17.317   5.317   0.90370495E-02   0.20360794E-05   0.17361698E-05   0.10685005E-06   0.38790993E-05   0.00000000E+00
  17.333   5.333   0.90410636E-02   0.20315654E-05   0.17368658E-05   0.10660323E-06   0.38750345E-05   0.00000000E+00
  17.350   5.350   0.90453093E-02   0.20270776E-05   0.17375998E-05   0.10635914E-06   0.38710366E-05   0.00000000E+00
  17.367   5.367   0.90497815E-02   0.20226149E-05   0.17383711E-05   0.10611770E-06   0.38671037E-05   0.00000000E+00
  17.383   5.383   0.90544754E-02   0.20181762E-05   0.17391788E-05   0.10587887E-06   0.38632338E-05   0.00000000E+00
  17.400   5.400   0.90593865E-02   0.20137605E-05   0.17400219E-05   0.10564258E-06   0.38594250E-05   0.00000000E+00
  17.417   5.417   0.90645100E-02   0.20093668E-05   0.17408997E-05   0.10540879E-06   0.38556753E-05   0.00000000E+00
  17.433   5.433   0.90698417E-02   0.20049942E-05   0.17418113E-05   0.10517743E-06   0.38519830E-05   0.00000000E+00
  17.450   5.450   0.90753771E-02   0.20006418E-05   0.17427560E-05   0.10494845E-06   0.38483462E-05   0.00000000E+00
  17.467   5.467   0.90811122E-02   0.19963086E-05   0.17437330E-05   0.10472181E-06   0.38447634E-05   0.00000000E+00
  17.483   5.483   0.90870428E-02   0.19919937E-05   0.17447416E-05   0.10449746E-06   0.38412327E-05   0.00000000E+00
  17.500   5.500   0.90931649E-02   0.19876964E-05   0.17457809E-05   0.10427535E-06   0.38377526E-05   0.00000000E+00
  17.517   5.517   0.90994748E-02   0.19834157E-05   0.17468504E-05   0.10405543E-06   0.38343215E-05   0.00000000E+00
  17.533   5.533   0.91059686E-02   0.19791509E-05   0.17479492E-05   0.10383765E-06   0.38309378E-05   0.00000000E+00
  17.550   5.550   0.91126428E-02   0.19749012E-05   0.17490768E-05   0.10362199E-06   0.38276001E-05   0.00000000E+00
  17.567   5.567   0.91194937E-02   0.19706659E-05   0.17502325E-05   0.10340839E-06   0.38243068E-05   0.00000000E+00
  17.583   5.583   0.91265180E-02   0.19664441E-05   0.17514156E-05   0.10319682E-06   0.38210566E-05   0.00000000E+00
  17.600   5.600   0.91337121E-02   0.19622353E-05   0.17526255E-05   0.10298723E-06   0.38178480E-05   0.00000000E+00
  17.617   5.617   0.91410730E-02   0.19580386E-05   0.17538616E-05   0.10277958E-06   0.38146797E-05   0.00000000E+00
  17.633   5.633   0.91485973E-02   0.19538534E-05   0.17551232E-05   0.10257385E-06   0.38115505E-05   0.00000000E+00
  17.650   5.650   0.91562821E-02   0.19496791E-05   0.17564099E-05   0.10236999E-06   0.38084590E-05   0.00000000E+00
  17.667   5.667   0.91641241E-02   0.19455150E-05   0.17577210E-05   0.10216798E-06   0.38054039E-05   0.00000000E+00
  17.683   5.683   0.91721206E-02   0.19413605E-05   0.17590560E-05   0.10196777E-06   0.38023842E-05   0.00000000E+00
  17.700   5.700   0.91802686E-02   0.19372149E-05   0.17604143E-05   0.10176933E-06   0.37993985E-05   0.00000000E+00
  17.717   5.717   0.91885653E-02   0.19330777E-05   0.17617954E-05   0.10157264E-06   0.37964458E-05   0.00000000E+00
  17.733   5.733   0.91970081E-02   0.19289484E-05   0.17631988E-05   0.10137766E-06   0.37935249E-05   0.00000000E+00
  17.750   5.750   0.92055943E-02   0.19248263E-05   0.17646240E-05   0.10118436E-06   0.37906347E-05   0.00000000E+00
  17.767   5.767   0.92143212E-02   0.19207110E-05   0.17660705E-05   0.10099271E-06   0.37877742E-05   0.00000000E+00
  17.783   5.783   0.92231864E-02   0.19166018E-05   0.17675378E-05   0.10080269E-06   0.37849423E-05   0.00000000E+00
  17.800   5.800   0.92321874E-02   0.19124984E-05   0.17690254E-05   0.10061427E-06   0.37821381E-05   0.00000000E+00
  17.817   5.817   0.92413218E-02   0.19084001E-05   0.17705329E-05   0.10042742E-06   0.37793604E-05   0.00000000E+00
  17.833   5.833   0.92505874E-02   0.19043065E-05   0.17720599E-05   0.10024212E-06   0.37766085E-05   0.00000000E+00
  17.850   5.850   0.92599817E-02   0.19002171E-05   0.17736059E-05   0.10005834E-06   0.37738813E-05   0.00000000E+00
  17.867   5.867   0.92695027E-02   0.18961315E-05   0.17751704E-05   0.99876052E-07   0.37711780E-05   0.00000000E+00
  17.883   5.883   0.92791481E-02   0.18920493E-05   0.17767531E-05   0.99695244E-07   0.37684976E-05   0.00000000E+00
  17.900   5.900   0.92889159E-02   0.18879699E-05   0.17783535E-05   0.99515888E-07   0.37658393E-05   0.00000000E+00
  17.917   5.917   0.92988040E-02   0.18838930E-05   0.17799713E-05   0.99337962E-07   0.37632022E-05   0.00000000E+00
  17.933   5.933   0.93088104E-02   0.18798181E-05   0.17816060E-05   0.99161445E-07   0.37605856E-05   0.00000000E+00
  17.950   5.950   0.93189331E-02   0.18757449E-05   0.17832574E-05   0.98986316E-07   0.37579886E-05   0.00000000E+00
  17.967   5.967   0.93291703E-02   0.18716729E-05   0.17849249E-05   0.98812556E-07   0.37554104E-05   0.00000000E+00
  17.983   5.983   0.93395201E-02   0.18676018E-05   0.17866082E-05   0.98640145E-07   0.37528502E-05   0.00000000E+00
  18.000   6.000   0.93499807E-02   0.18635313E-05   0.17883071E-05   0.98469064E-07   0.37503074E-05   0.00000000E+00
  18.017   6.017   0.93605504E-02   0.18594608E-05   0.17900211E-05   0.98299296E-07   0.37477812E-05   0.00000000E+00
  18.033   6.033   0.93712273E-02   0.18553902E-05   0.17917499E-05   0.98130821E-07   0.37452709E-05   0.00000000E+00
  18.050   6.050   0.93820099E-02   0.18513190E-05   0.17934932E-05   0.97963624E-07   0.37427758E-05   0.00000000E+00
  18.067   6.067   0.93928966E-02   0.18472470E-05   0.17952506E-05   0.97797687E-07   0.37402952E-05   0.00000000E+00
  18.083   6.083   0.94038856E-02   0.18431737E-05   0.17970218E-05   0.97632995E-07   0.37378285E-05   0.00000000E+00
  18.100   6.100   0.94149755E-02   0.18390989E-05   0.17988065E-05   0.97469531E-07   0.37353750E-05   0.00000000E+00
  18.117   6.117   0.94261648E-02   0.18350223E-05   0.18006045E-05   0.97307280E-07   0.37329341E-05   0.00000000E+00
  18.133   6.133   0.94374519E-02   0.18309435E-05   0.18024154E-05   0.97146228E-07   0.37305051E-05   0.00000000E+00
  18.150   6.150   0.94488355E-02   0.18268623E-05   0.18042389E-05   0.96986361E-07   0.37280876E-05   0.00000000E+00
  18.167   6.167   0.94603141E-02   0.18227784E-05   0.18060748E-05   0.96827664E-07   0.37256808E-05   0.00000000E+00
  18.183   6.183   0.94718864E-02   0.18186915E-05   0.18079227E-05   0.96670123E-07   0.37232843E-05   0.00000000E+00
  18.200   6.200   0.94835510E-02   0.18146014E-05   0.18097824E-05   0.96513727E-07   0.37208975E-05   0.00000000E+00
  18.217   6.217   0.94953066E-02   0.18105076E-05   0.18116536E-05   0.96358461E-07   0.37185197E-05   0.00000000E+00
  18.233   6.233   0.95071520E-02   0.18064101E-05   0.18135361E-05   0.96204314E-07   0.37161506E-05   0.00000000E+00
  18.250   6.250   0.95190859E-02   0.18023086E-05   0.18154297E-05   0.96051274E-07   0.37137896E-05   0.00000000E+00
  18.267   6.267   0.95311071E-02   0.17982028E-05   0.18173340E-05   0.95899329E-07   0.37114361E-05   0.00000000E+00
  18.283   6.283   0.95432145E-02   0.17940924E-05   0.18192488E-05   0.95748468E-07   0.37090896E-05   0.00000000E+00
  18.300   6.300   0.95554068E-02   0.17899772E-05   0.18211739E-05   0.95598679E-07   0.37067498E-05   0.00000000E+00
  18.317   6.317   0.95676830E-02   0.17858571E-05   0.18231091E-05   0.95449953E-07   0.37044161E-05   0.00000000E+00
  18.333   6.333   0.95800420E-02   0.17817317E-05   0.18250540E-05   0.95302279E-07   0.37020880E-05   0.00000000E+00
  18.350   6.350   0.95924827E-02   0.17776009E-05   0.18270086E-05   0.95155646E-07   0.36997652E-05   0.00000000E+00
  18.367   6.367   0.96050040E-02   0.17734644E-05   0.18289726E-05   0.95010046E-07   0.36974470E-05   0.00000000E+00
  18.383   6.383   0.96176050E-02   0.17693220E-05   0.18309457E-05   0.94865468E-07   0.36951332E-05   0.00000000E+00
  18.400   6.400   0.96302847E-02   0.17651736E-05   0.18329278E-05   0.94721904E-07   0.36928234E-05   0.00000000E+00
  18.417   6.417   0.96430421E-02   0.17610189E-05   0.18349187E-05   0.94579344E-07   0.36905170E-05   0.00000000E+00
  18.433   6.433   0.96558763E-02   0.17568577E-05   0.18369181E-05   0.94437781E-07   0.36882136E-05   0.00000000E+00
  18.450   6.450   0.96687864E-02   0.17526899E-05   0.18389259E-05   0.94297205E-07   0.36859130E-05   0.00000000E+00
  18.467   6.467   0.96817714E-02   0.17485152E-05   0.18409419E-05   0.94157608E-07   0.36836147E-05   0.00000000E+00
  18.483   6.483   0.96948306E-02   0.17443335E-05   0.18429658E-05   0.94018983E-07   0.36813183E-05   0.00000000E+00
  18.500   6.500   0.97079630E-02   0.17401446E-05   0.18449976E-05   0.93881321E-07   0.36790235E-05   0.00000000E+00
  18.517   6.517   0.97211679E-02   0.17359482E-05   0.18470369E-05   0.93744616E-07   0.36767298E-05   0.00000000E+00
  18.533   6.533   0.97344445E-02   0.17317444E-05   0.18490838E-05   0.93608859E-07   0.36744370E-05   0.00000000E+00
  18.550   6.550   0.97477919E-02   0.17275328E-05   0.18511379E-05   0.93474045E-07   0.36721447E-05   0.00000000E+00
  18.567   6.567   0.97612095E-02   0.17233133E-05   0.18531991E-05   0.93340166E-07   0.36698525E-05   0.00000000E+00
  18.583   6.583   0.97746964E-02   0.17190857E-05   0.18552672E-05   0.93207215E-07   0.36675602E-05   0.00000000E+00
  18.600   6.600   0.97882520E-02   0.17148500E-05   0.18573421E-05   0.93075187E-07   0.36652673E-05   0.00000000E+00
  18.617   6.617   0.98018756E-02   0.17106059E-05   0.18594237E-05   0.92944074E-07   0.36629736E-05   0.00000000E+00
  18.633   6.633   0.98155665E-02   0.17063533E-05   0.18615117E-05   0.92813870E-07   0.36606788E-05   0.00000000E+00
  18.650   6.650   0.98293240E-02   0.17020920E-05   0.18636061E-05   0.92684571E-07   0.36583826E-05   0.00000000E+00
  18.667   6.667   0.98431475E-02   0.16978219E-05   0.18657066E-05   0.92556169E-07   0.36560846E-05   0.00000000E+00
  18.683   6.683   0.98570363E-02   0.16935428E-05   0.18678131E-05   0.92428659E-07   0.36537846E-05   0.00000000E+00
  18.700   6.700   0.98709900E-02   0.16892547E-05   0.18699256E-05   0.92302037E-07   0.36514823E-05   0.00000000E+00
  18.717   6.717   0.98850078E-02   0.16849573E-05   0.18720438E-05   0.92176296E-07   0.36491774E-05   0.00000000E+00
  18.733   6.733   0.98990892E-02   0.16806506E-05   0.18741676E-05   0.92051431E-07   0.36468696E-05   0.00000000E+00
  18.750   6.750   0.99132337E-02   0.16763344E-05   0.18762969E-05   0.91927439E-07   0.36445587E-05   0.00000000E+00
  18.767   6.767   0.99274407E-02   0.16720086E-05   0.18784315E-05   0.91804312E-07   0.36422444E-05   0.00000000E+00
  18.783   6.783   0.99417097E-02   0.16676730E-05   0.18805714E-05   0.91682048E-07   0.36399265E-05   0.00000000E+00
  18.800   6.800   0.99560402E-02   0.16633276E-05   0.18827164E-05   0.91560640E-07   0.36376046E-05   0.00000000E+00
  18.817   6.817   0.99704316E-02   0.16589722E-05   0.18848663E-05   0.91440086E-07   0.36352786E-05   0.00000000E+00
  18.833   6.833   0.99848836E-02   0.16546066E-05   0.18870212E-05   0.91320380E-07   0.36329482E-05   0.00000000E+00
  18.850   6.850   0.99993957E-02   0.16502308E-05   0.18891808E-05   0.91201519E-07   0.36306131E-05   0.00000000E+00
  18.867   6.867   0.10013967E-01   0.16458447E-05   0.18913450E-05   0.91083497E-07   0.36282732E-05   0.00000000E+00
  18.883   6.883   0.10028598E-01   0.16414481E-05   0.18935138E-05   0.90966312E-07   0.36259282E-05   0.00000000E+00
  18.900   6.900   0.10043288E-01   0.16370410E-05   0.18956870E-05   0.90849959E-07   0.36235779E-05   0.00000000E+00
  18.917   6.917   0.10058036E-01   0.16326232E-05   0.18978645E-05   0.90734435E-07   0.36212221E-05   0.00000000E+00
  18.933   6.933   0.10072842E-01   0.16281945E-05   0.19000462E-05   0.90619736E-07   0.36188605E-05   0.00000000E+00
  18.950   6.950   0.10087706E-01   0.16237550E-05   0.19022320E-05   0.90505858E-07   0.36164929E-05   0.00000000E+00
  18.967   6.967   0.10102627E-01   0.16193045E-05   0.19044219E-05   0.90392797E-07   0.36141192E-05   0.00000000E+00
  18.983   6.983   0.10117604E-01   0.16148429E-05   0.19066157E-05   0.90280552E-07   0.36117391E-05   0.00000000E+00
  19.000   7.000   0.10132639E-01   0.16103701E-05   0.19088133E-05   0.90169117E-07   0.36093525E-05   0.00000000E+00
  19.017   7.017   0.10147729E-01   0.16058860E-05   0.19110146E-05   0.90058490E-07   0.36069591E-05   0.00000000E+00
  19.033   7.033   0.10162876E-01   0.16013905E-05   0.19132196E-05   0.89948669E-07   0.36045588E-05   0.00000000E+00
  19.050   7.050   0.10178078E-01   0.15968836E-05   0.19154281E-05   0.89839649E-07   0.36021513E-05   0.00000000E+00
  19.067   7.067   0.10193336E-01   0.15923650E-05   0.19176402E-05   0.89731428E-07   0.35997366E-05   0.00000000E+00
  19.083   7.083   0.10208648E-01   0.15878348E-05   0.19198556E-05   0.89624003E-07   0.35973143E-05   0.00000000E+00
  19.100   7.100   0.10224016E-01   0.15832928E-05   0.19220743E-05   0.89517371E-07   0.35948844E-05   0.00000000E+00
  19.117   7.117   0.10239438E-01   0.15787389E-05   0.19242963E-05   0.89411530E-07   0.35924467E-05   0.00000000E+00
  19.133   7.133   0.10254914E-01   0.15741731E-05   0.19265214E-05   0.89306476E-07   0.35900010E-05   0.00000000E+00
  19.150   7.150   0.10270444E-01   0.15695953E-05   0.19287496E-05   0.89202208E-07   0.35875471E-05   0.00000000E+00
  19.167   7.167   0.10286029E-01   0.15650053E-05   0.19309808E-05   0.89098723E-07   0.35850849E-05   0.00000000E+00
  19.183   7.183   0.10301667E-01   0.15604032E-05   0.19332150E-05   0.88996018E-07   0.35826141E-05   0.00000000E+00
  19.200   7.200   0.10317358E-01   0.15557887E-05   0.19354520E-05   0.88894092E-07   0.35801348E-05   0.00000000E+00
  19.217   7.217   0.10333103E-01   0.15511619E-05   0.19376918E-05   0.88792941E-07   0.35776467E-05   0.00000000E+00
  19.233   7.233   0.10348901E-01   0.15465227E-05   0.19399344E-05   0.88692563E-07   0.35751496E-05   0.00000000E+00
  19.250   7.250   0.10364752E-01   0.15418709E-05   0.19421796E-05   0.88592957E-07   0.35726435E-05   0.00000000E+00
  19.267   7.267   0.10380656E-01   0.15372066E-05   0.19444274E-05   0.88494119E-07   0.35701281E-05   0.00000000E+00
  19.283   7.283   0.10396612E-01   0.15325296E-05   0.19466778E-05   0.88396049E-07   0.35676034E-05   0.00000000E+00
  19.300   7.300   0.10412621E-01   0.15278398E-05   0.19489307E-05   0.88298744E-07   0.35650692E-05   0.00000000E+00
  19.317   7.317   0.10428683E-01   0.15231372E-05   0.19511860E-05   0.88202202E-07   0.35625254E-05   0.00000000E+00
  19.333   7.333   0.10444797E-01   0.15184217E-05   0.19534436E-05   0.88106421E-07   0.35599718E-05   0.00000000E+00
  19.350   7.350   0.10460963E-01   0.15136932E-05   0.19557036E-05   0.88011399E-07   0.35574083E-05   0.00000000E+00
  19.367   7.367   0.10477181E-01   0.15089517E-05   0.19579659E-05   0.87917135E-07   0.35548348E-05   0.00000000E+00
  19.383   7.383   0.10493451E-01   0.15041971E-05   0.19602304E-05   0.87823627E-07   0.35522511E-05   0.00000000E+00
  19.400   7.400   0.10509773E-01   0.14994294E-05   0.19624970E-05   0.87730873E-07   0.35496572E-05   0.00000000E+00
  19.417   7.417   0.10526147E-01   0.14946483E-05   0.19647658E-05   0.87638870E-07   0.35470530E-05   0.00000000E+00
  19.433   7.433   0.10542573E-01   0.14898540E-05   0.19670366E-05   0.87547619E-07   0.35444382E-05   0.00000000E+00
  19.450   7.450   0.10559051E-01   0.14850463E-05   0.19693095E-05   0.87457117E-07   0.35418129E-05   0.00000000E+00
  19.467   7.467   0.10575580E-01   0.14802252E-05   0.19715843E-05   0.87367362E-07   0.35391768E-05   0.00000000E+00
  19.483   7.483   0.10592161E-01   0.14753905E-05   0.19738611E-05   0.87278353E-07   0.35365300E-05   0.00000000E+00
  19.500   7.500   0.10608794E-01   0.14705423E-05   0.19761397E-05   0.87190089E-07   0.35338722E-05   0.00000000E+00
  19.517   7.517   0.10625478E-01   0.14656805E-05   0.19784203E-05   0.87102569E-07   0.35312034E-05   0.00000000E+00
  19.533   7.533   0.10642214E-01   0.14608050E-05   0.19807026E-05   0.87015789E-07   0.35285234E-05   0.00000000E+00
  19.550   7.550   0.10659002E-01   0.14559158E-05   0.19829867E-05   0.86929751E-07   0.35258323E-05   0.00000000E+00
  19.567   7.567   0.10675841E-01   0.14510128E-05   0.19852726E-05   0.86844451E-07   0.35231298E-05   0.00000000E+00
  19.583   7.583   0.10692733E-01   0.14460959E-05   0.19875601E-05   0.86759890E-07   0.35204159E-05   0.00000000E+00
  19.600   7.600   0.10709675E-01   0.14411651E-05   0.19898493E-05   0.86676065E-07   0.35176905E-05   0.00000000E+00
  19.617   7.617   0.10726670E-01   0.14362204E-05   0.19921402E-05   0.86592975E-07   0.35149536E-05   0.00000000E+00
  19.633   7.633   0.10743716E-01   0.14312616E-05   0.19944327E-05   0.86510620E-07   0.35122049E-05   0.00000000E+00
  19.650   7.650   0.10760814E-01   0.14262888E-05   0.19967267E-05   0.86428997E-07   0.35094445E-05   0.00000000E+00
  19.667   7.667   0.10777964E-01   0.14213019E-05   0.19990223E-05   0.86348107E-07   0.35066723E-05   0.00000000E+00
  19.683   7.683   0.10795166E-01   0.14163008E-05   0.20013194E-05   0.86267948E-07   0.35038881E-05   0.00000000E+00
  19.700   7.700   0.10812420E-01   0.14112854E-05   0.20036180E-05   0.86188518E-07   0.35010919E-05   0.00000000E+00
  19.717   7.717   0.10829726E-01   0.14062559E-05   0.20059180E-05   0.86109818E-07   0.34982837E-05   0.00000000E+00
  19.733   7.733   0.10847084E-01   0.14012120E-05   0.20082195E-05   0.86031845E-07   0.34954633E-05   0.00000000E+00
  19.750   7.750   0.10864495E-01   0.13961537E-05   0.20105223E-05   0.85954599E-07   0.34926307E-05   0.00000000E+00
  19.767   7.767   0.10881957E-01   0.13910811E-05   0.20128266E-05   0.85878079E-07   0.34897858E-05   0.00000000E+00
  19.783   7.783   0.10899472E-01   0.13859940E-05   0.20151322E-05   0.85802285E-07   0.34869285E-05   0.00000000E+00
  19.800   7.800   0.10917040E-01   0.13808924E-05   0.20174391E-05   0.85727215E-07   0.34840588E-05   0.00000000E+00
  19.817   7.817   0.10934660E-01   0.13757763E-05   0.20197474E-05   0.85652868E-07   0.34811766E-05   0.00000000E+00
  19.833   7.833   0.10952333E-01   0.13706457E-05   0.20220569E-05   0.85579243E-07   0.34782819E-05   0.00000000E+00
  19.850   7.850   0.10970059E-01   0.13655004E-05   0.20243678E-05   0.85506341E-07   0.34753745E-05   0.00000000E+00
  19.867   7.867   0.10987837E-01   0.13603405E-05   0.20266798E-05   0.85434160E-07   0.34724545E-05   0.00000000E+00
  19.883   7.883   0.11005669E-01   0.13551660E-05   0.20289931E-05   0.85362699E-07   0.34695218E-05   0.00000000E+00
  19.900   7.900   0.11023554E-01   0.13499767E-05   0.20313076E-05   0.85291958E-07   0.34665763E-05   0.00000000E+00
  19.917   7.917   0.11041493E-01   0.13447727E-05   0.20336233E-05   0.85221936E-07   0.34636179E-05   0.00000000E+00
  19.933   7.933   0.11059484E-01   0.13395539E-05   0.20359402E-05   0.85152632E-07   0.34606467E-05   0.00000000E+00
  19.950   7.950   0.11077530E-01   0.13343203E-05   0.20382582E-05   0.85084046E-07   0.34576625E-05   0.00000000E+00
  19.967   7.967   0.11095629E-01   0.13290718E-05   0.20405774E-05   0.85016178E-07   0.34546654E-05   0.00000000E+00
  19.983   7.983   0.11113783E-01   0.13238085E-05   0.20428977E-05   0.84949026E-07   0.34516552E-05   0.00000000E+00
  20.000   8.000   0.11131990E-01   0.13185303E-05   0.20452191E-05   0.84882590E-07   0.34486320E-05   0.00000000E+00
  20.017   8.017   0.11150252E-01   0.13132372E-05   0.20475417E-05   0.84816869E-07   0.34455957E-05   0.00000000E+00
  20.033   8.033   0.11168568E-01   0.13079291E-05   0.20498653E-05   0.84751864E-07   0.34425462E-05   0.00000000E+00
  20.050   8.050   0.11186939E-01   0.13026060E-05   0.20521900E-05   0.84687574E-07   0.34394836E-05   0.00000000E+00
  20.067   8.067   0.11205365E-01   0.12972680E-05   0.20545157E-05   0.84623998E-07   0.34364077E-05   0.00000000E+00
  20.083   8.083   0.11223846E-01   0.12919150E-05   0.20568425E-05   0.84561135E-07   0.34333186E-05   0.00000000E+00
  20.100   8.100   0.11242382E-01   0.12865469E-05   0.20591703E-05   0.84498987E-07   0.34302162E-05   0.00000000E+00
  20.117   8.117   0.11260973E-01   0.12811638E-05   0.20614991E-05   0.84437551E-07   0.34271005E-05   0.00000000E+00
  20.133   8.133   0.11279620E-01   0.12757656E-05   0.20638290E-05   0.84376828E-07   0.34239715E-05   0.00000000E+00
  20.150   8.150   0.11298322E-01   0.12703524E-05   0.20661598E-05   0.84316818E-07   0.34208291E-05   0.00000000E+00
  20.167   8.167   0.11317081E-01   0.12649241E-05   0.20684917E-05   0.84257520E-07   0.34176733E-05   0.00000000E+00
  20.183   8.183   0.11335895E-01   0.12594807E-05   0.20708245E-05   0.84198935E-07   0.34145041E-05   0.00000000E+00
  20.200   8.200   0.11354766E-01   0.12540221E-05   0.20731583E-05   0.84141061E-07   0.34113214E-05   0.00000000E+00
  20.217   8.217   0.11373694E-01   0.12485485E-05   0.20754930E-05   0.84083899E-07   0.34081254E-05   0.00000000E+00
  20.233   8.233   0.11392678E-01   0.12430597E-05   0.20778287E-05   0.84027449E-07   0.34049158E-05   0.00000000E+00
  20.250   8.250   0.11411720E-01   0.12375559E-05   0.20801653E-05   0.83971710E-07   0.34016928E-05   0.00000000E+00
  20.267   8.267   0.11430818E-01   0.12320368E-05   0.20825028E-05   0.83916683E-07   0.33984563E-05   0.00000000E+00
  20.283   8.283   0.11449974E-01   0.12265027E-05   0.20848413E-05   0.83862367E-07   0.33952064E-05   0.00000000E+00
  20.300   8.300   0.11469187E-01   0.12209535E-05   0.20871806E-05   0.83808763E-07   0.33919429E-05   0.00000000E+00
  20.317   8.317   0.11488458E-01   0.12153891E-05   0.20895209E-05   0.83755870E-07   0.33886658E-05   0.00000000E+00
  20.333   8.333   0.11507788E-01   0.12098096E-05   0.20918620E-05   0.83703689E-07   0.33853753E-05   0.00000000E+00
  20.350   8.350   0.11527175E-01   0.12042150E-05   0.20942040E-05   0.83652219E-07   0.33820713E-05   0.00000000E+00
  20.367   8.367   0.11546621E-01   0.11986053E-05   0.20965469E-05   0.83601462E-07   0.33787537E-05   0.00000000E+00
  20.383   8.383   0.11566125E-01   0.11929806E-05   0.20988907E-05   0.83551416E-07   0.33754226E-05   0.00000000E+00
  20.400   8.400   0.11585689E-01   0.11873407E-05   0.21012353E-05   0.83502082E-07   0.33720781E-05   0.00000000E+00
  20.417   8.417   0.11605311E-01   0.11816858E-05   0.21035807E-05   0.83453461E-07   0.33687200E-05   0.00000000E+00
  20.433   8.433   0.11624993E-01   0.11760159E-05   0.21059269E-05   0.83405553E-07   0.33653484E-05   0.00000000E+00
  20.450   8.450   0.11644734E-01   0.11703309E-05   0.21082740E-05   0.83358357E-07   0.33619633E-05   0.00000000E+00
  20.467   8.467   0.11664535E-01   0.11646310E-05   0.21106219E-05   0.83311876E-07   0.33585648E-05   0.00000000E+00
  20.483   8.483   0.11684396E-01   0.11589161E-05   0.21129706E-05   0.83266108E-07   0.33551527E-05   0.00000000E+00
  20.500   8.500   0.11704317E-01   0.11531862E-05   0.21153200E-05   0.83221054E-07   0.33517273E-05   0.00000000E+00
  20.517   8.517   0.11724299E-01   0.11474415E-05   0.21176703E-05   0.83176715E-07   0.33482884E-05   0.00000000E+00
  20.533   8.533   0.11744341E-01   0.11416818E-05   0.21200213E-05   0.83133092E-07   0.33448362E-05   0.00000000E+00
  20.550   8.550   0.11764444E-01   0.11359074E-05   0.21223730E-05   0.83090185E-07   0.33413706E-05   0.00000000E+00
  20.567   8.567   0.11784608E-01   0.11301181E-05   0.21247255E-05   0.83047995E-07   0.33378916E-05   0.00000000E+00
  20.583   8.583   0.11804833E-01   0.11243140E-05   0.21270787E-05   0.83006522E-07   0.33343993E-05   0.00000000E+00
  20.600   8.600   0.11825119E-01   0.11184953E-05   0.21294327E-05   0.82965767E-07   0.33308937E-05   0.00000000E+00
  20.617   8.617   0.11845468E-01   0.11126618E-05   0.21317873E-05   0.82925731E-07   0.33273749E-05   0.00000000E+00
  20.633   8.633   0.11865878E-01   0.11068138E-05   0.21341426E-05   0.82886415E-07   0.33238428E-05   0.00000000E+00
  20.650   8.650   0.11886350E-01   0.11009512E-05   0.21364987E-05   0.82847820E-07   0.33202976E-05   0.00000000E+00
  20.667   8.667   0.11906884E-01   0.10950740E-05   0.21388553E-05   0.82809947E-07   0.33167393E-05   0.00000000E+00
  20.683   8.683   0.11927481E-01   0.10891824E-05   0.21412127E-05   0.82772797E-07   0.33131679E-05   0.00000000E+00
  20.700   8.700   0.11948140E-01   0.10832764E-05   0.21435706E-05   0.82736370E-07   0.33095834E-05   0.00000000E+00
  20.717   8.717   0.11968862E-01   0.10773561E-05   0.21459292E-05   0.82700670E-07   0.33059860E-05   0.00000000E+00
  20.733   8.733   0.11989647E-01   0.10714215E-05   0.21482885E-05   0.82665695E-07   0.33023756E-05   0.00000000E+00
  20.750   8.750   0.12010496E-01   0.10654727E-05   0.21506483E-05   0.82631449E-07   0.32987524E-05   0.00000000E+00
  20.767   8.767   0.12031407E-01   0.10595098E-05   0.21530086E-05   0.82597931E-07   0.32951163E-05   0.00000000E+00
  20.783   8.783   0.12052383E-01   0.10535328E-05   0.21553696E-05   0.82565145E-07   0.32914675E-05   0.00000000E+00
  20.800   8.800   0.12073422E-01   0.10475419E-05   0.21577311E-05   0.82533091E-07   0.32878060E-05   0.00000000E+00
  20.817   8.817   0.12094525E-01   0.10415371E-05   0.21600931E-05   0.82501771E-07   0.32841319E-05   0.00000000E+00
  20.833   8.833   0.12115692E-01   0.10355185E-05   0.21624556E-05   0.82471186E-07   0.32804453E-05   0.00000000E+00
  20.850   8.850   0.12136923E-01   0.10294862E-05   0.21648187E-05   0.82441339E-07   0.32767462E-05   0.00000000E+00
  20.867   8.867   0.12158219E-01   0.10234403E-05   0.21671822E-05   0.82412232E-07   0.32730347E-05   0.00000000E+00
  20.883   8.883   0.12179579E-01   0.10173809E-05   0.21695461E-05   0.82383866E-07   0.32693109E-05   0.00000000E+00
  20.900   8.900   0.12201004E-01   0.10113081E-05   0.21719105E-05   0.82356243E-07   0.32655749E-05   0.00000000E+00
  20.917   8.917   0.12222494E-01   0.10052220E-05   0.21742754E-05   0.82329366E-07   0.32618268E-05   0.00000000E+00
  20.933   8.933   0.12244049E-01   0.99912278E-06   0.21766406E-05   0.82303238E-07   0.32580666E-05   0.00000000E+00
  20.950   8.950   0.12265669E-01   0.99301045E-06   0.21790062E-05   0.82277859E-07   0.32542945E-05   0.00000000E+00
  20.967   8.967   0.12287355E-01   0.98688517E-06   0.21813722E-05   0.82253234E-07   0.32505106E-05   0.00000000E+00
