        RT(hours)          [LINO3]         P_R_46           tot_loss         tot_prod
  12.017   0.017   0.49729647E-04   0.87159572E-06   0.00000000E+00   0.87159572E-06
  12.033   0.033   0.99941120E-04   0.81781917E-06   0.00000000E+00   0.81781917E-06
  12.050   0.050   0.14720222E-03   0.77953856E-06   0.00000000E+00   0.77953856E-06
  12.067   0.067   0.19226715E-03   0.75098266E-06   0.00000000E+00   0.75098266E-06
  12.083   0.083   0.23560114E-03   0.72832202E-06   0.00000000E+00   0.72832202E-06
  12.100   0.100   0.27748674E-03   0.70923083E-06   0.00000000E+00   0.70923083E-06
  12.117   0.117   0.31809794E-03   0.69235396E-06   0.00000000E+00   0.69235396E-06
  12.133   0.133   0.35754612E-03   0.67691797E-06   0.00000000E+00   0.67691797E-06
  12.150   0.150   0.39590704E-03   0.66248448E-06   0.00000000E+00   0.66248448E-06
  12.167   0.167   0.43323622E-03   0.64880379E-06   0.00000000E+00   0.64880379E-06
  12.183   0.183   0.46957751E-03   0.63573102E-06   0.00000000E+00   0.63573102E-06
  12.200   0.200   0.50496789E-03   0.62317928E-06   0.00000000E+00   0.62317928E-06
  12.217   0.217   0.53944007E-03   0.61109371E-06   0.00000000E+00   0.61109371E-06
  12.233   0.233   0.57302398E-03   0.59943733E-06   0.00000000E+00   0.59943733E-06
  12.250   0.250   0.60574756E-03   0.58818320E-06   0.00000000E+00   0.58818320E-06
  12.267   0.267   0.63763725E-03   0.57731024E-06   0.00000000E+00   0.57731024E-06
  12.283   0.283   0.66871827E-03   0.56680086E-06   0.00000000E+00   0.56680086E-06
  12.300   0.300   0.69901475E-03   0.55663961E-06   0.00000000E+00   0.55663961E-06
  12.317   0.317   0.72854991E-03   0.54681255E-06   0.00000000E+00   0.54681255E-06
  12.333   0.333   0.75734606E-03   0.53730673E-06   0.00000000E+00   0.53730673E-06
  12.350   0.350   0.78542471E-03   0.52811002E-06   0.00000000E+00   0.52811002E-06
  12.367   0.367   0.81280657E-03   0.51921092E-06   0.00000000E+00   0.51921092E-06
  12.383   0.383   0.83951164E-03   0.51059850E-06   0.00000000E+00   0.51059850E-06
  12.400   0.400   0.86555921E-03   0.50226234E-06   0.00000000E+00   0.50226234E-06
  12.417   0.417   0.89096790E-03   0.49419244E-06   0.00000000E+00   0.49419244E-06
  12.433   0.433   0.91575565E-03   0.48637927E-06   0.00000000E+00   0.48637927E-06
  12.450   0.450   0.93993984E-03   0.47881368E-06   0.00000000E+00   0.47881368E-06
  12.467   0.467   0.96353720E-03   0.47148690E-06   0.00000000E+00   0.47148690E-06
  12.483   0.483   0.98656394E-03   0.46439055E-06   0.00000000E+00   0.46439055E-06
  12.500   0.500   0.10090357E-02   0.45751656E-06   0.00000000E+00   0.45751656E-06
  12.517   0.517   0.10309675E-02   0.45085722E-06   0.00000000E+00   0.45085722E-06
  12.533   0.533   0.10523741E-02   0.44440515E-06   0.00000000E+00   0.44440515E-06
  12.550   0.550   0.10732696E-02   0.43815323E-06   0.00000000E+00   0.43815323E-06
  12.567   0.567   0.10936675E-02   0.43209467E-06   0.00000000E+00   0.43209467E-06
  12.583   0.583   0.11135812E-02   0.42622295E-06   0.00000000E+00   0.42622295E-06
  12.600   0.600   0.11330234E-02   0.42053180E-06   0.00000000E+00   0.42053180E-06
  12.617   0.617   0.11520064E-02   0.41501522E-06   0.00000000E+00   0.41501522E-06
  12.633   0.633   0.11705423E-02   0.40966743E-06   0.00000000E+00   0.40966743E-06
  12.650   0.650   0.11886426E-02   0.40448292E-06   0.00000000E+00   0.40448292E-06
  12.667   0.667   0.12063186E-02   0.39945636E-06   0.00000000E+00   0.39945636E-06
  12.683   0.683   0.12235811E-02   0.39458265E-06   0.00000000E+00   0.39458265E-06
  12.700   0.700   0.12404406E-02   0.38985689E-06   0.00000000E+00   0.38985689E-06
  12.717   0.717   0.12569073E-02   0.38527436E-06   0.00000000E+00   0.38527436E-06
  12.733   0.733   0.12729912E-02   0.38083055E-06   0.00000000E+00   0.38083055E-06
  12.750   0.750   0.12887017E-02   0.37652109E-06   0.00000000E+00   0.37652109E-06
  12.767   0.767   0.13040482E-02   0.37234179E-06   0.00000000E+00   0.37234179E-06
  12.783   0.783   0.13190397E-02   0.36828863E-06   0.00000000E+00   0.36828863E-06
  12.800   0.800   0.13336849E-02   0.36435773E-06   0.00000000E+00   0.36435773E-06
  12.817   0.817   0.13479921E-02   0.36054535E-06   0.00000000E+00   0.36054535E-06
  12.833   0.833   0.13619698E-02   0.35684789E-06   0.00000000E+00   0.35684789E-06
  12.850   0.850   0.13756257E-02   0.35326189E-06   0.00000000E+00   0.35326189E-06
  12.867   0.867   0.13889676E-02   0.34978400E-06   0.00000000E+00   0.34978400E-06
  12.883   0.883   0.14020030E-02   0.34641100E-06   0.00000000E+00   0.34641100E-06
  12.900   0.900   0.14147391E-02   0.34313979E-06   0.00000000E+00   0.34313979E-06
  12.917   0.917   0.14271831E-02   0.33996736E-06   0.00000000E+00   0.33996736E-06
  12.933   0.933   0.14393417E-02   0.33689082E-06   0.00000000E+00   0.33689082E-06
  12.950   0.950   0.14512215E-02   0.33390736E-06   0.00000000E+00   0.33390736E-06
  12.967   0.967   0.14628290E-02   0.33101429E-06   0.00000000E+00   0.33101429E-06
  12.983   0.983   0.14741705E-02   0.32820899E-06   0.00000000E+00   0.32820899E-06
  13.000   1.000   0.14852520E-02   0.32548894E-06   0.00000000E+00   0.32548894E-06
  13.017   1.017   0.14960793E-02   0.32285169E-06   0.00000000E+00   0.32285169E-06
  13.033   1.033   0.15066583E-02   0.32029488E-06   0.00000000E+00   0.32029488E-06
  13.050   1.050   0.15169943E-02   0.31781621E-06   0.00000000E+00   0.31781621E-06
  13.067   1.067   0.15270929E-02   0.31541348E-06   0.00000000E+00   0.31541348E-06
  13.083   1.083   0.15369591E-02   0.31308453E-06   0.00000000E+00   0.31308453E-06
  13.100   1.100   0.15465981E-02   0.31082729E-06   0.00000000E+00   0.31082729E-06
  13.117   1.117   0.15560147E-02   0.30863973E-06   0.00000000E+00   0.30863973E-06
  13.133   1.133   0.15652138E-02   0.30651991E-06   0.00000000E+00   0.30651991E-06
  13.150   1.150   0.15741998E-02   0.30446593E-06   0.00000000E+00   0.30446593E-06
  13.167   1.167   0.15829773E-02   0.30247595E-06   0.00000000E+00   0.30247595E-06
  13.183   1.183   0.15915507E-02   0.30054819E-06   0.00000000E+00   0.30054819E-06
  13.200   1.200   0.15999240E-02   0.29868091E-06   0.00000000E+00   0.29868091E-06
  13.217   1.217   0.16081014E-02   0.29687245E-06   0.00000000E+00   0.29687245E-06
  13.233   1.233   0.16160869E-02   0.29512116E-06   0.00000000E+00   0.29512116E-06
  13.250   1.250   0.16238842E-02   0.29342546E-06   0.00000000E+00   0.29342546E-06
  13.267   1.267   0.16314969E-02   0.29178383E-06   0.00000000E+00   0.29178383E-06
  13.283   1.283   0.16389289E-02   0.29019477E-06   0.00000000E+00   0.29019477E-06
  13.300   1.300   0.16461833E-02   0.28865683E-06   0.00000000E+00   0.28865683E-06
  13.317   1.317   0.16532637E-02   0.28716861E-06   0.00000000E+00   0.28716861E-06
  13.333   1.333   0.16601732E-02   0.28572875E-06   0.00000000E+00   0.28572875E-06
  13.350   1.350   0.16669150E-02   0.28433591E-06   0.00000000E+00   0.28433591E-06
  13.367   1.367   0.16734922E-02   0.28298882E-06   0.00000000E+00   0.28298882E-06
  13.383   1.383   0.16799075E-02   0.28168622E-06   0.00000000E+00   0.28168622E-06
  13.400   1.400   0.16861639E-02   0.28042692E-06   0.00000000E+00   0.28042692E-06
  13.417   1.417   0.16922640E-02   0.27920972E-06   0.00000000E+00   0.27920972E-06
  13.433   1.433   0.16982106E-02   0.27803350E-06   0.00000000E+00   0.27803350E-06
  13.450   1.450   0.17040060E-02   0.27689714E-06   0.00000000E+00   0.27689714E-06
  13.467   1.467   0.17096529E-02   0.27579958E-06   0.00000000E+00   0.27579958E-06
  13.483   1.483   0.17151534E-02   0.27473976E-06   0.00000000E+00   0.27473976E-06
  13.500   1.500   0.17205099E-02   0.27371669E-06   0.00000000E+00   0.27371669E-06
  13.517   1.517   0.17257245E-02   0.27272939E-06   0.00000000E+00   0.27272939E-06
  13.533   1.533   0.17307993E-02   0.27177690E-06   0.00000000E+00   0.27177690E-06
  13.550   1.550   0.17357364E-02   0.27085830E-06   0.00000000E+00   0.27085830E-06
  13.567   1.567   0.17405376E-02   0.26997270E-06   0.00000000E+00   0.26997270E-06
  13.583   1.583   0.17452048E-02   0.26911924E-06   0.00000000E+00   0.26911924E-06
  13.600   1.600   0.17497397E-02   0.26829708E-06   0.00000000E+00   0.26829708E-06
  13.617   1.617   0.17541440E-02   0.26750540E-06   0.00000000E+00   0.26750540E-06
  13.633   1.633   0.17584194E-02   0.26674341E-06   0.00000000E+00   0.26674341E-06
  13.650   1.650   0.17625673E-02   0.26601035E-06   0.00000000E+00   0.26601035E-06
  13.667   1.667   0.17665892E-02   0.26530547E-06   0.00000000E+00   0.26530547E-06
  13.683   1.683   0.17704866E-02   0.26462805E-06   0.00000000E+00   0.26462805E-06
  13.700   1.700   0.17742607E-02   0.26397739E-06   0.00000000E+00   0.26397739E-06
  13.717   1.717   0.17779127E-02   0.26335281E-06   0.00000000E+00   0.26335281E-06
  13.733   1.733   0.17814440E-02   0.26275364E-06   0.00000000E+00   0.26275364E-06
  13.750   1.750   0.17848555E-02   0.26217924E-06   0.00000000E+00   0.26217924E-06
  13.767   1.767   0.17881483E-02   0.26162897E-06   0.00000000E+00   0.26162897E-06
  13.783   1.783   0.17913235E-02   0.26110223E-06   0.00000000E+00   0.26110223E-06
  13.800   1.800   0.17943819E-02   0.26059842E-06   0.00000000E+00   0.26059842E-06
  13.817   1.817   0.17973244E-02   0.26011693E-06   0.00000000E+00   0.26011693E-06
  13.833   1.833   0.18001518E-02   0.25965721E-06   0.00000000E+00   0.25965721E-06
  13.850   1.850   0.18028649E-02   0.25921869E-06   0.00000000E+00   0.25921869E-06
  13.867   1.867   0.18054643E-02   0.25880081E-06   0.00000000E+00   0.25880081E-06
  13.883   1.883   0.18079506E-02   0.25840302E-06   0.00000000E+00   0.25840302E-06
  13.900   1.900   0.18103245E-02   0.25802480E-06   0.00000000E+00   0.25802480E-06
  13.917   1.917   0.18125864E-02   0.25766559E-06   0.00000000E+00   0.25766559E-06
  13.933   1.933   0.18147369E-02   0.25732489E-06   0.00000000E+00   0.25732489E-06
  13.950   1.950   0.18167763E-02   0.25700215E-06   0.00000000E+00   0.25700215E-06
  13.967   1.967   0.18187050E-02   0.25669687E-06   0.00000000E+00   0.25669687E-06
  13.983   1.983   0.18205233E-02   0.25640852E-06   0.00000000E+00   0.25640852E-06
  14.000   2.000   0.18222314E-02   0.25613657E-06   0.00000000E+00   0.25613657E-06
  14.017   2.017   0.18238281E-02   0.25587179E-06   0.00000000E+00   0.25587179E-06
  14.033   2.033   0.18253058E-02   0.25560415E-06   0.00000000E+00   0.25560415E-06
  14.050   2.050   0.18266556E-02   0.25533553E-06   0.00000000E+00   0.25533553E-06
  14.067   2.067   0.18278696E-02   0.25506825E-06   0.00000000E+00   0.25506825E-06
  14.083   2.083   0.18289402E-02   0.25480460E-06   0.00000000E+00   0.25480460E-06
  14.100   2.100   0.18298603E-02   0.25454669E-06   0.00000000E+00   0.25454669E-06
  14.117   2.117   0.18306235E-02   0.25429632E-06   0.00000000E+00   0.25429632E-06
  14.133   2.133   0.18312234E-02   0.25405499E-06   0.00000000E+00   0.25405499E-06
  14.150   2.150   0.18316542E-02   0.25382390E-06   0.00000000E+00   0.25382390E-06
  14.167   2.167   0.18319105E-02   0.25360396E-06   0.00000000E+00   0.25360396E-06
  14.183   2.183   0.18319869E-02   0.25339581E-06   0.00000000E+00   0.25339581E-06
  14.200   2.200   0.18318785E-02   0.25319982E-06   0.00000000E+00   0.25319982E-06
  14.217   2.217   0.18315805E-02   0.25301616E-06   0.00000000E+00   0.25301616E-06
  14.233   2.233   0.18310882E-02   0.25284475E-06   0.00000000E+00   0.25284475E-06
  14.250   2.250   0.18303975E-02   0.25268532E-06   0.00000000E+00   0.25268532E-06
  14.267   2.267   0.18295040E-02   0.25253742E-06   0.00000000E+00   0.25253742E-06
  14.283   2.283   0.18284037E-02   0.25240038E-06   0.00000000E+00   0.25240038E-06
  14.300   2.300   0.18270929E-02   0.25227340E-06   0.00000000E+00   0.25227340E-06
  14.317   2.317   0.18255680E-02   0.25215548E-06   0.00000000E+00   0.25215548E-06
  14.333   2.333   0.18238255E-02   0.25204547E-06   0.00000000E+00   0.25204547E-06
  14.350   2.350   0.18218622E-02   0.25194208E-06   0.00000000E+00   0.25194208E-06
  14.367   2.367   0.18196753E-02   0.25184387E-06   0.00000000E+00   0.25184387E-06
  14.383   2.383   0.18172621E-02   0.25174923E-06   0.00000000E+00   0.25174923E-06
  14.400   2.400   0.18146202E-02   0.25165645E-06   0.00000000E+00   0.25165645E-06
  14.417   2.417   0.18117478E-02   0.25156366E-06   0.00000000E+00   0.25156366E-06
  14.433   2.433   0.18086432E-02   0.25146888E-06   0.00000000E+00   0.25146888E-06
  14.450   2.450   0.18053054E-02   0.25136999E-06   0.00000000E+00   0.25136999E-06
  14.467   2.467   0.18017338E-02   0.25126477E-06   0.00000000E+00   0.25126477E-06
  14.483   2.483   0.17979284E-02   0.25115088E-06   0.00000000E+00   0.25115088E-06
  14.500   2.500   0.17938897E-02   0.25102591E-06   0.00000000E+00   0.25102591E-06
  14.517   2.517   0.17896191E-02   0.25088732E-06   0.00000000E+00   0.25088732E-06
  14.533   2.533   0.17851187E-02   0.25073252E-06   0.00000000E+00   0.25073252E-06
  14.550   2.550   0.17803913E-02   0.25055887E-06   0.00000000E+00   0.25055887E-06
  14.567   2.567   0.17754408E-02   0.25036366E-06   0.00000000E+00   0.25036366E-06
  14.583   2.583   0.17702717E-02   0.25014417E-06   0.00000000E+00   0.25014417E-06
  14.600   2.600   0.17648898E-02   0.24989767E-06   0.00000000E+00   0.24989767E-06
  14.617   2.617   0.17593017E-02   0.24962146E-06   0.00000000E+00   0.24962146E-06
  14.633   2.633   0.17535152E-02   0.24931288E-06   0.00000000E+00   0.24931288E-06
  14.650   2.650   0.17475391E-02   0.24896933E-06   0.00000000E+00   0.24896933E-06
  14.667   2.667   0.17413831E-02   0.24858834E-06   0.00000000E+00   0.24858834E-06
  14.683   2.683   0.17350580E-02   0.24816753E-06   0.00000000E+00   0.24816753E-06
  14.700   2.700   0.17285757E-02   0.24770471E-06   0.00000000E+00   0.24770471E-06
  14.717   2.717   0.17219487E-02   0.24719787E-06   0.00000000E+00   0.24719787E-06
  14.733   2.733   0.17151906E-02   0.24664522E-06   0.00000000E+00   0.24664522E-06
  14.750   2.750   0.17083155E-02   0.24604519E-06   0.00000000E+00   0.24604519E-06
  14.767   2.767   0.17013382E-02   0.24539650E-06   0.00000000E+00   0.24539650E-06
  14.783   2.783   0.16942738E-02   0.24469814E-06   0.00000000E+00   0.24469814E-06
  14.800   2.800   0.16871379E-02   0.24394938E-06   0.00000000E+00   0.24394938E-06
  14.817   2.817   0.16799459E-02   0.24314983E-06   0.00000000E+00   0.24314983E-06
  14.833   2.833   0.16727136E-02   0.24229937E-06   0.00000000E+00   0.24229937E-06
  14.850   2.850   0.16654563E-02   0.24139821E-06   0.00000000E+00   0.24139821E-06
  14.867   2.867   0.16581891E-02   0.24044686E-06   0.00000000E+00   0.24044686E-06
  14.883   2.883   0.16509266E-02   0.23944612E-06   0.00000000E+00   0.23944612E-06
  14.900   2.900   0.16436827E-02   0.23839706E-06   0.00000000E+00   0.23839706E-06
  14.917   2.917   0.16364708E-02   0.23730101E-06   0.00000000E+00   0.23730101E-06
  14.933   2.933   0.16293034E-02   0.23615952E-06   0.00000000E+00   0.23615952E-06
  14.950   2.950   0.16221919E-02   0.23497436E-06   0.00000000E+00   0.23497436E-06
  14.967   2.967   0.16151472E-02   0.23374747E-06   0.00000000E+00   0.23374747E-06
  14.983   2.983   0.16081788E-02   0.23248096E-06   0.00000000E+00   0.23248096E-06
  15.000   3.000   0.16012954E-02   0.23117704E-06   0.00000000E+00   0.23117704E-06
  15.017   3.017   0.15945048E-02   0.22983802E-06   0.00000000E+00   0.22983802E-06
  15.033   3.033   0.15878137E-02   0.22846630E-06   0.00000000E+00   0.22846630E-06
  15.050   3.050   0.15812278E-02   0.22706431E-06   0.00000000E+00   0.22706431E-06
  15.067   3.067   0.15747520E-02   0.22563449E-06   0.00000000E+00   0.22563449E-06
  15.083   3.083   0.15683903E-02   0.22417930E-06   0.00000000E+00   0.22417930E-06
  15.100   3.100   0.15621458E-02   0.22270117E-06   0.00000000E+00   0.22270117E-06
  15.117   3.117   0.15560211E-02   0.22120251E-06   0.00000000E+00   0.22120251E-06
  15.133   3.133   0.15500178E-02   0.21968566E-06   0.00000000E+00   0.21968566E-06
  15.150   3.150   0.15441371E-02   0.21815290E-06   0.00000000E+00   0.21815290E-06
  15.167   3.167   0.15383794E-02   0.21660646E-06   0.00000000E+00   0.21660646E-06
  15.183   3.183   0.15327448E-02   0.21504847E-06   0.00000000E+00   0.21504847E-06
  15.200   3.200   0.15272328E-02   0.21348098E-06   0.00000000E+00   0.21348098E-06
  15.217   3.217   0.15218426E-02   0.21190595E-06   0.00000000E+00   0.21190595E-06
  15.233   3.233   0.15165731E-02   0.21032524E-06   0.00000000E+00   0.21032524E-06
  15.250   3.250   0.15114226E-02   0.20874063E-06   0.00000000E+00   0.20874063E-06
  15.267   3.267   0.15063894E-02   0.20715379E-06   0.00000000E+00   0.20715379E-06
  15.283   3.283   0.15014716E-02   0.20556629E-06   0.00000000E+00   0.20556629E-06
  15.300   3.300   0.14966671E-02   0.20397962E-06   0.00000000E+00   0.20397962E-06
  15.317   3.317   0.14919736E-02   0.20239517E-06   0.00000000E+00   0.20239517E-06
  15.333   3.333   0.14873886E-02   0.20081423E-06   0.00000000E+00   0.20081423E-06
  15.350   3.350   0.14829097E-02   0.19923800E-06   0.00000000E+00   0.19923800E-06
  15.367   3.367   0.14785343E-02   0.19766762E-06   0.00000000E+00   0.19766762E-06
  15.383   3.383   0.14742598E-02   0.19610413E-06   0.00000000E+00   0.19610413E-06
  15.400   3.400   0.14700837E-02   0.19454847E-06   0.00000000E+00   0.19454847E-06
  15.417   3.417   0.14660033E-02   0.19300153E-06   0.00000000E+00   0.19300153E-06
  15.433   3.433   0.14620160E-02   0.19146414E-06   0.00000000E+00   0.19146414E-06
  15.450   3.450   0.14581192E-02   0.18993702E-06   0.00000000E+00   0.18993702E-06
  15.467   3.467   0.14543104E-02   0.18842085E-06   0.00000000E+00   0.18842085E-06
  15.483   3.483   0.14505870E-02   0.18691626E-06   0.00000000E+00   0.18691626E-06
  15.500   3.500   0.14469465E-02   0.18542379E-06   0.00000000E+00   0.18542379E-06
  15.517   3.517   0.14433866E-02   0.18394395E-06   0.00000000E+00   0.18394395E-06
  15.533   3.533   0.14399047E-02   0.18247719E-06   0.00000000E+00   0.18247719E-06
  15.550   3.550   0.14364987E-02   0.18102391E-06   0.00000000E+00   0.18102391E-06
  15.567   3.567   0.14331663E-02   0.17958447E-06   0.00000000E+00   0.17958447E-06
  15.583   3.583   0.14299052E-02   0.17815917E-06   0.00000000E+00   0.17815917E-06
  15.600   3.600   0.14267134E-02   0.17674830E-06   0.00000000E+00   0.17674830E-06
  15.617   3.617   0.14235887E-02   0.17535208E-06   0.00000000E+00   0.17535208E-06
  15.633   3.633   0.14205292E-02   0.17397072E-06   0.00000000E+00   0.17397072E-06
  15.650   3.650   0.14175329E-02   0.17260438E-06   0.00000000E+00   0.17260438E-06
  15.667   3.667   0.14145980E-02   0.17125320E-06   0.00000000E+00   0.17125320E-06
  15.683   3.683   0.14117227E-02   0.16991730E-06   0.00000000E+00   0.16991730E-06
  15.700   3.700   0.14089053E-02   0.16859676E-06   0.00000000E+00   0.16859676E-06
  15.717   3.717   0.14061439E-02   0.16729162E-06   0.00000000E+00   0.16729162E-06
  15.733   3.733   0.14034371E-02   0.16600195E-06   0.00000000E+00   0.16600195E-06
  15.750   3.750   0.14007833E-02   0.16472773E-06   0.00000000E+00   0.16472773E-06
  15.767   3.767   0.13981810E-02   0.16346899E-06   0.00000000E+00   0.16346899E-06
  15.783   3.783   0.13956287E-02   0.16222569E-06   0.00000000E+00   0.16222569E-06
  15.800   3.800   0.13931250E-02   0.16099780E-06   0.00000000E+00   0.16099780E-06
  15.817   3.817   0.13906687E-02   0.15978526E-06   0.00000000E+00   0.15978526E-06
  15.833   3.833   0.13882584E-02   0.15858802E-06   0.00000000E+00   0.15858802E-06
  15.850   3.850   0.13858930E-02   0.15740599E-06   0.00000000E+00   0.15740599E-06
  15.867   3.867   0.13835711E-02   0.15623908E-06   0.00000000E+00   0.15623908E-06
  15.883   3.883   0.13812917E-02   0.15508720E-06   0.00000000E+00   0.15508720E-06
  15.900   3.900   0.13790537E-02   0.15395024E-06   0.00000000E+00   0.15395024E-06
  15.917   3.917   0.13768561E-02   0.15282808E-06   0.00000000E+00   0.15282808E-06
  15.933   3.933   0.13746978E-02   0.15172059E-06   0.00000000E+00   0.15172059E-06
  15.950   3.950   0.13725778E-02   0.15062765E-06   0.00000000E+00   0.15062765E-06
  15.967   3.967   0.13704952E-02   0.14954911E-06   0.00000000E+00   0.14954911E-06
  15.983   3.983   0.13684492E-02   0.14848483E-06   0.00000000E+00   0.14848483E-06
  16.000   4.000   0.13664389E-02   0.14743466E-06   0.00000000E+00   0.14743466E-06
  16.017   4.017   0.13644635E-02   0.14639844E-06   0.00000000E+00   0.14639844E-06
  16.033   4.033   0.13625228E-02   0.14537590E-06   0.00000000E+00   0.14537590E-06
  16.050   4.050   0.13606165E-02   0.14436680E-06   0.00000000E+00   0.14436680E-06
  16.067   4.067   0.13587445E-02   0.14337097E-06   0.00000000E+00   0.14337097E-06
  16.083   4.083   0.13569063E-02   0.14238826E-06   0.00000000E+00   0.14238826E-06
  16.100   4.100   0.13551017E-02   0.14141853E-06   0.00000000E+00   0.14141853E-06
  16.117   4.117   0.13533300E-02   0.14046165E-06   0.00000000E+00   0.14046165E-06
  16.133   4.133   0.13515911E-02   0.13951748E-06   0.00000000E+00   0.13951748E-06
  16.150   4.150   0.13498843E-02   0.13858588E-06   0.00000000E+00   0.13858588E-06
  16.167   4.167   0.13485399E-02   0.13766396E-06   0.00000000E+00   0.13766396E-06
  16.183   4.183   0.13478219E-02   0.13678576E-06   0.00000000E+00   0.13678576E-06
  16.200   4.200   0.13475640E-02   0.13594543E-06   0.00000000E+00   0.13594543E-06
  16.217   4.217   0.13476580E-02   0.13513658E-06   0.00000000E+00   0.13513658E-06
  16.233   4.233   0.13480298E-02   0.13435512E-06   0.00000000E+00   0.13435512E-06
  16.250   4.250   0.13486257E-02   0.13359813E-06   0.00000000E+00   0.13359813E-06
  16.267   4.267   0.13494058E-02   0.13286339E-06   0.00000000E+00   0.13286339E-06
  16.283   4.283   0.13503394E-02   0.13214915E-06   0.00000000E+00   0.13214915E-06
  16.300   4.300   0.13514023E-02   0.13145398E-06   0.00000000E+00   0.13145398E-06
  16.317   4.317   0.13525751E-02   0.13077665E-06   0.00000000E+00   0.13077665E-06
  16.333   4.333   0.13538420E-02   0.13011616E-06   0.00000000E+00   0.13011616E-06
  16.350   4.350   0.13551901E-02   0.12947162E-06   0.00000000E+00   0.12947162E-06
  16.367   4.367   0.13566084E-02   0.12884223E-06   0.00000000E+00   0.12884223E-06
  16.383   4.383   0.13580877E-02   0.12822731E-06   0.00000000E+00   0.12822731E-06
  16.400   4.400   0.13596204E-02   0.12762623E-06   0.00000000E+00   0.12762623E-06
  16.417   4.417   0.13611996E-02   0.12703840E-06   0.00000000E+00   0.12703840E-06
  16.433   4.433   0.13628197E-02   0.12646331E-06   0.00000000E+00   0.12646331E-06
  16.450   4.450   0.13644756E-02   0.12590046E-06   0.00000000E+00   0.12590046E-06
  16.467   4.467   0.13661630E-02   0.12534941E-06   0.00000000E+00   0.12534941E-06
  16.483   4.483   0.13678780E-02   0.12480973E-06   0.00000000E+00   0.12480973E-06
  16.500   4.500   0.13696173E-02   0.12428103E-06   0.00000000E+00   0.12428103E-06
  16.517   4.517   0.13713780E-02   0.12376292E-06   0.00000000E+00   0.12376292E-06
  16.533   4.533   0.13731573E-02   0.12325506E-06   0.00000000E+00   0.12325506E-06
  16.550   4.550   0.13749530E-02   0.12275712E-06   0.00000000E+00   0.12275712E-06
  16.567   4.567   0.13767630E-02   0.12226876E-06   0.00000000E+00   0.12226876E-06
  16.583   4.583   0.13785853E-02   0.12178969E-06   0.00000000E+00   0.12178969E-06
  16.600   4.600   0.13804184E-02   0.12131962E-06   0.00000000E+00   0.12131962E-06
  16.617   4.617   0.13822607E-02   0.12085827E-06   0.00000000E+00   0.12085827E-06
  16.633   4.633   0.13841109E-02   0.12040537E-06   0.00000000E+00   0.12040537E-06
  16.650   4.650   0.13859678E-02   0.11996067E-06   0.00000000E+00   0.11996067E-06
  16.667   4.667   0.13878302E-02   0.11952392E-06   0.00000000E+00   0.11952392E-06
  16.683   4.683   0.13896973E-02   0.11909490E-06   0.00000000E+00   0.11909490E-06
  16.700   4.700   0.13915680E-02   0.11867336E-06   0.00000000E+00   0.11867336E-06
  16.717   4.717   0.13934417E-02   0.11825911E-06   0.00000000E+00   0.11825911E-06
  16.733   4.733   0.13953175E-02   0.11785192E-06   0.00000000E+00   0.11785192E-06
  16.750   4.750   0.13971948E-02   0.11745159E-06   0.00000000E+00   0.11745159E-06
  16.767   4.767   0.13990730E-02   0.11705793E-06   0.00000000E+00   0.11705793E-06
  16.783   4.783   0.14009516E-02   0.11667075E-06   0.00000000E+00   0.11667075E-06
  16.800   4.800   0.14028300E-02   0.11628988E-06   0.00000000E+00   0.11628988E-06
  16.817   4.817   0.14047079E-02   0.11591513E-06   0.00000000E+00   0.11591513E-06
  16.833   4.833   0.14065848E-02   0.11554634E-06   0.00000000E+00   0.11554634E-06
  16.850   4.850   0.14084603E-02   0.11518334E-06   0.00000000E+00   0.11518334E-06
  16.867   4.867   0.14103342E-02   0.11482597E-06   0.00000000E+00   0.11482597E-06
  16.883   4.883   0.14122060E-02   0.11447409E-06   0.00000000E+00   0.11447409E-06
  16.900   4.900   0.14140757E-02   0.11412754E-06   0.00000000E+00   0.11412754E-06
  16.917   4.917   0.14159428E-02   0.11378619E-06   0.00000000E+00   0.11378619E-06
  16.933   4.933   0.14178072E-02   0.11344988E-06   0.00000000E+00   0.11344988E-06
  16.950   4.950   0.14196687E-02   0.11311850E-06   0.00000000E+00   0.11311850E-06
  16.967   4.967   0.14215272E-02   0.11279192E-06   0.00000000E+00   0.11279192E-06
  16.983   4.983   0.14233823E-02   0.11246999E-06   0.00000000E+00   0.11246999E-06
  17.000   5.000   0.14252341E-02   0.11215262E-06   0.00000000E+00   0.11215262E-06
  17.017   5.017   0.14270824E-02   0.11183967E-06   0.00000000E+00   0.11183967E-06
  17.033   5.033   0.14289270E-02   0.11153103E-06   0.00000000E+00   0.11153103E-06
  17.050   5.050   0.14307679E-02   0.11122660E-06   0.00000000E+00   0.11122660E-06
  17.067   5.067   0.14326050E-02   0.11092627E-06   0.00000000E+00   0.11092627E-06
  17.083   5.083   0.14344382E-02   0.11062994E-06   0.00000000E+00   0.11062994E-06
  17.100   5.100   0.14362675E-02   0.11033749E-06   0.00000000E+00   0.11033749E-06
  17.117   5.117   0.14380927E-02   0.11004885E-06   0.00000000E+00   0.11004885E-06
  17.133   5.133   0.14399139E-02   0.10976391E-06   0.00000000E+00   0.10976391E-06
  17.150   5.150   0.14417310E-02   0.10948259E-06   0.00000000E+00   0.10948259E-06
  17.167   5.167   0.14435440E-02   0.10920479E-06   0.00000000E+00   0.10920479E-06
  17.183   5.183   0.14453529E-02   0.10893043E-06   0.00000000E+00   0.10893043E-06
  17.200   5.200   0.14471576E-02   0.10865943E-06   0.00000000E+00   0.10865943E-06
  17.217   5.217   0.14489581E-02   0.10839171E-06   0.00000000E+00   0.10839171E-06
  17.233   5.233   0.14507545E-02   0.10812719E-06   0.00000000E+00   0.10812719E-06
  17.250   5.250   0.14525467E-02   0.10786580E-06   0.00000000E+00   0.10786580E-06
  17.267   5.267   0.14543347E-02   0.10760746E-06   0.00000000E+00   0.10760746E-06
  17.283   5.283   0.14561186E-02   0.10735210E-06   0.00000000E+00   0.10735210E-06
  17.300   5.300   0.14578983E-02   0.10709965E-06   0.00000000E+00   0.10709965E-06
  17.317   5.317   0.14596739E-02   0.10685005E-06   0.00000000E+00   0.10685005E-06
  17.333   5.333   0.14614454E-02   0.10660323E-06   0.00000000E+00   0.10660323E-06
  17.350   5.350   0.14632129E-02   0.10635914E-06   0.00000000E+00   0.10635914E-06
  17.367   5.367   0.14649763E-02   0.10611770E-06   0.00000000E+00   0.10611770E-06
  17.383   5.383   0.14667357E-02   0.10587887E-06   0.00000000E+00   0.10587887E-06
  17.400   5.400   0.14684911E-02   0.10564258E-06   0.00000000E+00   0.10564258E-06
  17.417   5.417   0.14702426E-02   0.10540879E-06   0.00000000E+00   0.10540879E-06
  17.433   5.433   0.14719902E-02   0.10517743E-06   0.00000000E+00   0.10517743E-06
  17.450   5.450   0.14737339E-02   0.10494845E-06   0.00000000E+00   0.10494845E-06
  17.467   5.467   0.14754738E-02   0.10472181E-06   0.00000000E+00   0.10472181E-06
  17.483   5.483   0.14772099E-02   0.10449746E-06   0.00000000E+00   0.10449746E-06
  17.500   5.500   0.14789423E-02   0.10427535E-06   0.00000000E+00   0.10427535E-06
  17.517   5.517   0.14806710E-02   0.10405543E-06   0.00000000E+00   0.10405543E-06
  17.533   5.533   0.14823961E-02   0.10383765E-06   0.00000000E+00   0.10383765E-06
  17.550   5.550   0.14841176E-02   0.10362199E-06   0.00000000E+00   0.10362199E-06
  17.567   5.567   0.14858356E-02   0.10340839E-06   0.00000000E+00   0.10340839E-06
  17.583   5.583   0.14875501E-02   0.10319682E-06   0.00000000E+00   0.10319682E-06
  17.600   5.600   0.14892611E-02   0.10298723E-06   0.00000000E+00   0.10298723E-06
  17.617   5.617   0.14909688E-02   0.10277958E-06   0.00000000E+00   0.10277958E-06
  17.633   5.633   0.14926732E-02   0.10257385E-06   0.00000000E+00   0.10257385E-06
  17.650   5.650   0.14943744E-02   0.10236999E-06   0.00000000E+00   0.10236999E-06
  17.667   5.667   0.14960723E-02   0.10216798E-06   0.00000000E+00   0.10216798E-06
  17.683   5.683   0.14977671E-02   0.10196777E-06   0.00000000E+00   0.10196777E-06
  17.700   5.700   0.14994589E-02   0.10176933E-06   0.00000000E+00   0.10176933E-06
  17.717   5.717   0.15011476E-02   0.10157264E-06   0.00000000E+00   0.10157264E-06
  17.733   5.733   0.15028333E-02   0.10137766E-06   0.00000000E+00   0.10137766E-06
  17.750   5.750   0.15045162E-02   0.10118436E-06   0.00000000E+00   0.10118436E-06
  17.767   5.767   0.15061962E-02   0.10099271E-06   0.00000000E+00   0.10099271E-06
  17.783   5.783   0.15078734E-02   0.10080269E-06   0.00000000E+00   0.10080269E-06
  17.800   5.800   0.15095479E-02   0.10061427E-06   0.00000000E+00   0.10061427E-06
  17.817   5.817   0.15112198E-02   0.10042742E-06   0.00000000E+00   0.10042742E-06
  17.833   5.833   0.15128890E-02   0.10024212E-06   0.00000000E+00   0.10024212E-06
  17.850   5.850   0.15145558E-02   0.10005834E-06   0.00000000E+00   0.10005834E-06
  17.867   5.867   0.15162200E-02   0.99876052E-07   0.00000000E+00   0.99876052E-07
  17.883   5.883   0.15178819E-02   0.99695244E-07   0.00000000E+00   0.99695244E-07
  17.900   5.900   0.15195414E-02   0.99515888E-07   0.00000000E+00   0.99515888E-07
  17.917   5.917   0.15211987E-02   0.99337962E-07   0.00000000E+00   0.99337962E-07
  17.933   5.933   0.15228537E-02   0.99161445E-07   0.00000000E+00   0.99161445E-07
  17.950   5.950   0.15245066E-02   0.98986316E-07   0.00000000E+00   0.98986316E-07
  17.967   5.967   0.15261574E-02   0.98812556E-07   0.00000000E+00   0.98812556E-07
  17.983   5.983   0.15278061E-02   0.98640145E-07   0.00000000E+00   0.98640145E-07
  18.000   6.000   0.15294529E-02   0.98469064E-07   0.00000000E+00   0.98469064E-07
  18.017   6.017   0.15310978E-02   0.98299296E-07   0.00000000E+00   0.98299296E-07
  18.033   6.033   0.15327409E-02   0.98130821E-07   0.00000000E+00   0.98130821E-07
  18.050   6.050   0.15343822E-02   0.97963624E-07   0.00000000E+00   0.97963624E-07
  18.067   6.067   0.15360218E-02   0.97797687E-07   0.00000000E+00   0.97797687E-07
  18.083   6.083   0.15376598E-02   0.97632995E-07   0.00000000E+00   0.97632995E-07
  18.100   6.100   0.15392961E-02   0.97469531E-07   0.00000000E+00   0.97469531E-07
  18.117   6.117   0.15409310E-02   0.97307280E-07   0.00000000E+00   0.97307280E-07
  18.133   6.133   0.15425644E-02   0.97146228E-07   0.00000000E+00   0.97146228E-07
  18.150   6.150   0.15441964E-02   0.96986361E-07   0.00000000E+00   0.96986361E-07
  18.167   6.167   0.15458271E-02   0.96827664E-07   0.00000000E+00   0.96827664E-07
  18.183   6.183   0.15474565E-02   0.96670123E-07   0.00000000E+00   0.96670123E-07
  18.200   6.200   0.15490847E-02   0.96513727E-07   0.00000000E+00   0.96513727E-07
  18.217   6.217   0.15507118E-02   0.96358461E-07   0.00000000E+00   0.96358461E-07
  18.233   6.233   0.15523378E-02   0.96204314E-07   0.00000000E+00   0.96204314E-07
  18.250   6.250   0.15539628E-02   0.96051274E-07   0.00000000E+00   0.96051274E-07
  18.267   6.267   0.15555869E-02   0.95899329E-07   0.00000000E+00   0.95899329E-07
  18.283   6.283   0.15572100E-02   0.95748468E-07   0.00000000E+00   0.95748468E-07
  18.300   6.300   0.15588323E-02   0.95598679E-07   0.00000000E+00   0.95598679E-07
  18.317   6.317   0.15604539E-02   0.95449953E-07   0.00000000E+00   0.95449953E-07
  18.333   6.333   0.15620748E-02   0.95302279E-07   0.00000000E+00   0.95302279E-07
  18.350   6.350   0.15636950E-02   0.95155646E-07   0.00000000E+00   0.95155646E-07
  18.367   6.367   0.15653146E-02   0.95010046E-07   0.00000000E+00   0.95010046E-07
  18.383   6.383   0.15669337E-02   0.94865468E-07   0.00000000E+00   0.94865468E-07
  18.400   6.400   0.15685524E-02   0.94721904E-07   0.00000000E+00   0.94721904E-07
  18.417   6.417   0.15701707E-02   0.94579344E-07   0.00000000E+00   0.94579344E-07
  18.433   6.433   0.15717886E-02   0.94437781E-07   0.00000000E+00   0.94437781E-07
  18.450   6.450   0.15734062E-02   0.94297205E-07   0.00000000E+00   0.94297205E-07
  18.467   6.467   0.15750237E-02   0.94157608E-07   0.00000000E+00   0.94157608E-07
  18.483   6.483   0.15766409E-02   0.94018983E-07   0.00000000E+00   0.94018983E-07
  18.500   6.500   0.15782581E-02   0.93881321E-07   0.00000000E+00   0.93881321E-07
  18.517   6.517   0.15798753E-02   0.93744616E-07   0.00000000E+00   0.93744616E-07
  18.533   6.533   0.15814924E-02   0.93608859E-07   0.00000000E+00   0.93608859E-07
  18.550   6.550   0.15831096E-02   0.93474045E-07   0.00000000E+00   0.93474045E-07
  18.567   6.567   0.15847270E-02   0.93340166E-07   0.00000000E+00   0.93340166E-07
  18.583   6.583   0.15863446E-02   0.93207215E-07   0.00000000E+00   0.93207215E-07
  18.600   6.600   0.15879624E-02   0.93075187E-07   0.00000000E+00   0.93075187E-07
  18.617   6.617   0.15895805E-02   0.92944074E-07   0.00000000E+00   0.92944074E-07
  18.633   6.633   0.15911990E-02   0.92813870E-07   0.00000000E+00   0.92813870E-07
  18.650   6.650   0.15928179E-02   0.92684571E-07   0.00000000E+00   0.92684571E-07
  18.667   6.667   0.15944373E-02   0.92556169E-07   0.00000000E+00   0.92556169E-07
  18.683   6.683   0.15960573E-02   0.92428659E-07   0.00000000E+00   0.92428659E-07
  18.700   6.700   0.15976778E-02   0.92302037E-07   0.00000000E+00   0.92302037E-07
  18.717   6.717   0.15992990E-02   0.92176296E-07   0.00000000E+00   0.92176296E-07
  18.733   6.733   0.16009209E-02   0.92051432E-07   0.00000000E+00   0.92051432E-07
  18.750   6.750   0.16025435E-02   0.91927439E-07   0.00000000E+00   0.91927439E-07
  18.767   6.767   0.16041670E-02   0.91804312E-07   0.00000000E+00   0.91804312E-07
  18.783   6.783   0.16057913E-02   0.91682048E-07   0.00000000E+00   0.91682048E-07
  18.800   6.800   0.16074166E-02   0.91560640E-07   0.00000000E+00   0.91560640E-07
  18.817   6.817   0.16090428E-02   0.91440086E-07   0.00000000E+00   0.91440086E-07
  18.833   6.833   0.16106701E-02   0.91320380E-07   0.00000000E+00   0.91320380E-07
  18.850   6.850   0.16122985E-02   0.91201519E-07   0.00000000E+00   0.91201519E-07
  18.867   6.867   0.16139280E-02   0.91083497E-07   0.00000000E+00   0.91083497E-07
  18.883   6.883   0.16155587E-02   0.90966312E-07   0.00000000E+00   0.90966312E-07
  18.900   6.900   0.16171906E-02   0.90849959E-07   0.00000000E+00   0.90849959E-07
  18.917   6.917   0.16188239E-02   0.90734435E-07   0.00000000E+00   0.90734435E-07
  18.933   6.933   0.16204585E-02   0.90619736E-07   0.00000000E+00   0.90619736E-07
  18.950   6.950   0.16220944E-02   0.90505858E-07   0.00000000E+00   0.90505858E-07
  18.967   6.967   0.16237319E-02   0.90392797E-07   0.00000000E+00   0.90392797E-07
  18.983   6.983   0.16253708E-02   0.90280552E-07   0.00000000E+00   0.90280552E-07
  19.000   7.000   0.16270113E-02   0.90169117E-07   0.00000000E+00   0.90169117E-07
  19.017   7.017   0.16286534E-02   0.90058490E-07   0.00000000E+00   0.90058490E-07
  19.033   7.033   0.16302972E-02   0.89948669E-07   0.00000000E+00   0.89948669E-07
  19.050   7.050   0.16319426E-02   0.89839649E-07   0.00000000E+00   0.89839649E-07
  19.067   7.067   0.16335898E-02   0.89731428E-07   0.00000000E+00   0.89731428E-07
  19.083   7.083   0.16352388E-02   0.89624003E-07   0.00000000E+00   0.89624003E-07
  19.100   7.100   0.16368896E-02   0.89517371E-07   0.00000000E+00   0.89517371E-07
  19.117   7.117   0.16385424E-02   0.89411530E-07   0.00000000E+00   0.89411530E-07
  19.133   7.133   0.16401971E-02   0.89306476E-07   0.00000000E+00   0.89306476E-07
  19.150   7.150   0.16418537E-02   0.89202208E-07   0.00000000E+00   0.89202208E-07
  19.167   7.167   0.16435124E-02   0.89098723E-07   0.00000000E+00   0.89098723E-07
  19.183   7.183   0.16451732E-02   0.88996018E-07   0.00000000E+00   0.88996018E-07
  19.200   7.200   0.16468361E-02   0.88894092E-07   0.00000000E+00   0.88894092E-07
  19.217   7.217   0.16485012E-02   0.88792941E-07   0.00000000E+00   0.88792941E-07
  19.233   7.233   0.16501685E-02   0.88692563E-07   0.00000000E+00   0.88692563E-07
  19.250   7.250   0.16518381E-02   0.88592957E-07   0.00000000E+00   0.88592957E-07
  19.267   7.267   0.16535100E-02   0.88494119E-07   0.00000000E+00   0.88494119E-07
  19.283   7.283   0.16551842E-02   0.88396049E-07   0.00000000E+00   0.88396049E-07
  19.300   7.300   0.16568608E-02   0.88298744E-07   0.00000000E+00   0.88298744E-07
  19.317   7.317   0.16585399E-02   0.88202202E-07   0.00000000E+00   0.88202202E-07
  19.333   7.333   0.16602214E-02   0.88106421E-07   0.00000000E+00   0.88106421E-07
  19.350   7.350   0.16619054E-02   0.88011399E-07   0.00000000E+00   0.88011399E-07
  19.367   7.367   0.16635920E-02   0.87917135E-07   0.00000000E+00   0.87917135E-07
  19.383   7.383   0.16652813E-02   0.87823627E-07   0.00000000E+00   0.87823627E-07
  19.400   7.400   0.16669731E-02   0.87730873E-07   0.00000000E+00   0.87730873E-07
  19.417   7.417   0.16686676E-02   0.87638870E-07   0.00000000E+00   0.87638870E-07
  19.433   7.433   0.16703649E-02   0.87547619E-07   0.00000000E+00   0.87547619E-07
  19.450   7.450   0.16720649E-02   0.87457117E-07   0.00000000E+00   0.87457117E-07
  19.467   7.467   0.16737678E-02   0.87367362E-07   0.00000000E+00   0.87367362E-07
  19.483   7.483   0.16754734E-02   0.87278353E-07   0.00000000E+00   0.87278353E-07
  19.500   7.500   0.16771819E-02   0.87190089E-07   0.00000000E+00   0.87190089E-07
  19.517   7.517   0.16788934E-02   0.87102569E-07   0.00000000E+00   0.87102569E-07
  19.533   7.533   0.16806078E-02   0.87015789E-07   0.00000000E+00   0.87015789E-07
  19.550   7.550   0.16823252E-02   0.86929751E-07   0.00000000E+00   0.86929751E-07
  19.567   7.567   0.16840456E-02   0.86844451E-07   0.00000000E+00   0.86844451E-07
  19.583   7.583   0.16857690E-02   0.86759890E-07   0.00000000E+00   0.86759890E-07
  19.600   7.600   0.16874956E-02   0.86676065E-07   0.00000000E+00   0.86676065E-07
  19.617   7.617   0.16892253E-02   0.86592975E-07   0.00000000E+00   0.86592975E-07
  19.633   7.633   0.16909581E-02   0.86510620E-07   0.00000000E+00   0.86510620E-07
  19.650   7.650   0.16926941E-02   0.86428997E-07   0.00000000E+00   0.86428997E-07
  19.667   7.667   0.16944334E-02   0.86348107E-07   0.00000000E+00   0.86348107E-07
  19.683   7.683   0.16961759E-02   0.86267948E-07   0.00000000E+00   0.86267948E-07
  19.700   7.700   0.16979217E-02   0.86188518E-07   0.00000000E+00   0.86188518E-07
  19.717   7.717   0.16996708E-02   0.86109818E-07   0.00000000E+00   0.86109818E-07
  19.733   7.733   0.17014232E-02   0.86031845E-07   0.00000000E+00   0.86031845E-07
  19.750   7.750   0.17031790E-02   0.85954599E-07   0.00000000E+00   0.85954599E-07
  19.767   7.767   0.17049382E-02   0.85878079E-07   0.00000000E+00   0.85878079E-07
  19.783   7.783   0.17067009E-02   0.85802285E-07   0.00000000E+00   0.85802285E-07
  19.800   7.800   0.17084670E-02   0.85727215E-07   0.00000000E+00   0.85727215E-07
  19.817   7.817   0.17102366E-02   0.85652868E-07   0.00000000E+00   0.85652868E-07
  19.833   7.833   0.17120097E-02   0.85579243E-07   0.00000000E+00   0.85579243E-07
  19.850   7.850   0.17137864E-02   0.85506341E-07   0.00000000E+00   0.85506341E-07
  19.867   7.867   0.17155666E-02   0.85434160E-07   0.00000000E+00   0.85434160E-07
  19.883   7.883   0.17173504E-02   0.85362699E-07   0.00000000E+00   0.85362699E-07
  19.900   7.900   0.17191378E-02   0.85291958E-07   0.00000000E+00   0.85291958E-07
  19.917   7.917   0.17209288E-02   0.85221936E-07   0.00000000E+00   0.85221936E-07
  19.933   7.933   0.17227235E-02   0.85152632E-07   0.00000000E+00   0.85152632E-07
  19.950   7.950   0.17245219E-02   0.85084046E-07   0.00000000E+00   0.85084046E-07
  19.967   7.967   0.17263240E-02   0.85016178E-07   0.00000000E+00   0.85016178E-07
  19.983   7.983   0.17281298E-02   0.84949026E-07   0.00000000E+00   0.84949026E-07
  20.000   8.000   0.17299393E-02   0.84882590E-07   0.00000000E+00   0.84882590E-07
  20.017   8.017   0.17317525E-02   0.84816869E-07   0.00000000E+00   0.84816869E-07
  20.033   8.033   0.17335696E-02   0.84751864E-07   0.00000000E+00   0.84751864E-07
  20.050   8.050   0.17353904E-02   0.84687574E-07   0.00000000E+00   0.84687574E-07
  20.067   8.067   0.17372150E-02   0.84623998E-07   0.00000000E+00   0.84623998E-07
  20.083   8.083   0.17390435E-02   0.84561135E-07   0.00000000E+00   0.84561135E-07
  20.100   8.100   0.17408758E-02   0.84498987E-07   0.00000000E+00   0.84498987E-07
  20.117   8.117   0.17427119E-02   0.84437551E-07   0.00000000E+00   0.84437551E-07
  20.133   8.133   0.17445519E-02   0.84376828E-07   0.00000000E+00   0.84376828E-07
  20.150   8.150   0.17463957E-02   0.84316818E-07   0.00000000E+00   0.84316818E-07
  20.167   8.167   0.17482435E-02   0.84257520E-07   0.00000000E+00   0.84257520E-07
  20.183   8.183   0.17500951E-02   0.84198935E-07   0.00000000E+00   0.84198935E-07
  20.200   8.200   0.17519506E-02   0.84141061E-07   0.00000000E+00   0.84141061E-07
  20.217   8.217   0.17538100E-02   0.84083899E-07   0.00000000E+00   0.84083899E-07
  20.233   8.233   0.17556734E-02   0.84027449E-07   0.00000000E+00   0.84027449E-07
  20.250   8.250   0.17575406E-02   0.83971710E-07   0.00000000E+00   0.83971710E-07
  20.267   8.267   0.17594118E-02   0.83916683E-07   0.00000000E+00   0.83916683E-07
  20.283   8.283   0.17612869E-02   0.83862367E-07   0.00000000E+00   0.83862367E-07
  20.300   8.300   0.17631660E-02   0.83808763E-07   0.00000000E+00   0.83808763E-07
  20.317   8.317   0.17650489E-02   0.83755870E-07   0.00000000E+00   0.83755870E-07
  20.333   8.333   0.17669359E-02   0.83703689E-07   0.00000000E+00   0.83703689E-07
  20.350   8.350   0.17688267E-02   0.83652219E-07   0.00000000E+00   0.83652219E-07
  20.367   8.367   0.17707215E-02   0.83601462E-07   0.00000000E+00   0.83601462E-07
  20.383   8.383   0.17726202E-02   0.83551416E-07   0.00000000E+00   0.83551416E-07
  20.400   8.400   0.17745228E-02   0.83502082E-07   0.00000000E+00   0.83502082E-07
  20.417   8.417   0.17764294E-02   0.83453461E-07   0.00000000E+00   0.83453461E-07
  20.433   8.433   0.17783399E-02   0.83405553E-07   0.00000000E+00   0.83405553E-07
  20.450   8.450   0.17802543E-02   0.83358357E-07   0.00000000E+00   0.83358357E-07
  20.467   8.467   0.17821725E-02   0.83311876E-07   0.00000000E+00   0.83311876E-07
  20.483   8.483   0.17840947E-02   0.83266108E-07   0.00000000E+00   0.83266108E-07
  20.500   8.500   0.17860208E-02   0.83221054E-07   0.00000000E+00   0.83221054E-07
  20.517   8.517   0.17879507E-02   0.83176715E-07   0.00000000E+00   0.83176715E-07
  20.533   8.533   0.17898845E-02   0.83133092E-07   0.00000000E+00   0.83133092E-07
  20.550   8.550   0.17918221E-02   0.83090185E-07   0.00000000E+00   0.83090185E-07
  20.567   8.567   0.17937636E-02   0.83047995E-07   0.00000000E+00   0.83047995E-07
  20.583   8.583   0.17957089E-02   0.83006522E-07   0.00000000E+00   0.83006522E-07
  20.600   8.600   0.17976579E-02   0.82965767E-07   0.00000000E+00   0.82965767E-07
  20.617   8.617   0.17996107E-02   0.82925731E-07   0.00000000E+00   0.82925731E-07
  20.633   8.633   0.18015673E-02   0.82886415E-07   0.00000000E+00   0.82886415E-07
  20.650   8.650   0.18035276E-02   0.82847820E-07   0.00000000E+00   0.82847820E-07
  20.667   8.667   0.18054916E-02   0.82809947E-07   0.00000000E+00   0.82809947E-07
  20.683   8.683   0.18074593E-02   0.82772797E-07   0.00000000E+00   0.82772797E-07
  20.700   8.700   0.18094307E-02   0.82736370E-07   0.00000000E+00   0.82736370E-07
  20.717   8.717   0.18114056E-02   0.82700670E-07   0.00000000E+00   0.82700670E-07
  20.733   8.733   0.18133842E-02   0.82665695E-07   0.00000000E+00   0.82665695E-07
  20.750   8.750   0.18153663E-02   0.82631449E-07   0.00000000E+00   0.82631449E-07
  20.767   8.767   0.18173519E-02   0.82597931E-07   0.00000000E+00   0.82597931E-07
  20.783   8.783   0.18193411E-02   0.82565145E-07   0.00000000E+00   0.82565145E-07
  20.800   8.800   0.18213336E-02   0.82533091E-07   0.00000000E+00   0.82533091E-07
  20.817   8.817   0.18233296E-02   0.82501771E-07   0.00000000E+00   0.82501771E-07
  20.833   8.833   0.18253290E-02   0.82471186E-07   0.00000000E+00   0.82471186E-07
  20.850   8.850   0.18273318E-02   0.82441339E-07   0.00000000E+00   0.82441339E-07
  20.867   8.867   0.18293378E-02   0.82412232E-07   0.00000000E+00   0.82412232E-07
  20.883   8.883   0.18313470E-02   0.82383866E-07   0.00000000E+00   0.82383866E-07
  20.900   8.900   0.18333595E-02   0.82356243E-07   0.00000000E+00   0.82356243E-07
  20.917   8.917   0.18353752E-02   0.82329366E-07   0.00000000E+00   0.82329366E-07
  20.933   8.933   0.18373939E-02   0.82303238E-07   0.00000000E+00   0.82303238E-07
  20.950   8.950   0.18394157E-02   0.82277859E-07   0.00000000E+00   0.82277859E-07
  20.967   8.967   0.18414405E-02   0.82253234E-07   0.00000000E+00   0.82253234E-07
