        RT(hours)           [LIOH]         P_R_44           tot_loss         tot_prod
  12.017   0.017   0.38721605E-04   0.11833795E-05   0.00000000E+00   0.11833795E-05
  12.033   0.033   0.13563745E-03   0.19994219E-05   0.00000000E+00   0.19994219E-05
  12.050   0.050   0.27260046E-03   0.25567546E-05   0.00000000E+00   0.25567546E-05
  12.067   0.067   0.43621446E-03   0.29314609E-05   0.00000000E+00   0.29314609E-05
  12.083   0.083   0.61758444E-03   0.31927207E-05   0.00000000E+00   0.31927207E-05
  12.100   0.100   0.81142613E-03   0.33898800E-05   0.00000000E+00   0.33898800E-05
  12.117   0.117   0.10148267E-02   0.35530826E-05   0.00000000E+00   0.35530826E-05
  12.133   0.133   0.12262590E-02   0.36992247E-05   0.00000000E+00   0.36992247E-05
  12.150   0.150   0.14449517E-02   0.38372794E-05   0.00000000E+00   0.38372794E-05
  12.167   0.167   0.16705269E-02   0.39718147E-05   0.00000000E+00   0.39718147E-05
  12.183   0.183   0.19028031E-02   0.41050568E-05   0.00000000E+00   0.41050568E-05
  12.200   0.200   0.21416920E-02   0.42380280E-05   0.00000000E+00   0.42380280E-05
  12.217   0.217   0.23871464E-02   0.43711506E-05   0.00000000E+00   0.43711506E-05
  12.233   0.233   0.26391343E-02   0.45045567E-05   0.00000000E+00   0.45045567E-05
  12.250   0.250   0.28976269E-02   0.46382442E-05   0.00000000E+00   0.46382442E-05
  12.267   0.267   0.31625932E-02   0.47721522E-05   0.00000000E+00   0.47721522E-05
  12.283   0.283   0.34339974E-02   0.49061965E-05   0.00000000E+00   0.49061965E-05
  12.300   0.300   0.37117986E-02   0.50402850E-05   0.00000000E+00   0.50402850E-05
  12.317   0.317   0.39959501E-02   0.51743250E-05   0.00000000E+00   0.51743250E-05
  12.333   0.333   0.42863997E-02   0.53082249E-05   0.00000000E+00   0.53082249E-05
  12.350   0.350   0.45830898E-02   0.54418952E-05   0.00000000E+00   0.54418952E-05
  12.367   0.367   0.48859577E-02   0.55752483E-05   0.00000000E+00   0.55752483E-05
  12.383   0.383   0.51949355E-02   0.57081984E-05   0.00000000E+00   0.57081984E-05
  12.400   0.400   0.55099503E-02   0.58406612E-05   0.00000000E+00   0.58406612E-05
  12.417   0.417   0.58309244E-02   0.59725537E-05   0.00000000E+00   0.59725537E-05
  12.433   0.433   0.61577755E-02   0.61037940E-05   0.00000000E+00   0.61037940E-05
  12.450   0.450   0.64904165E-02   0.62343012E-05   0.00000000E+00   0.62343012E-05
  12.467   0.467   0.68287558E-02   0.63639957E-05   0.00000000E+00   0.63639957E-05
  12.483   0.483   0.71726974E-02   0.64927986E-05   0.00000000E+00   0.64927986E-05
  12.500   0.500   0.75221410E-02   0.66206323E-05   0.00000000E+00   0.66206323E-05
  12.517   0.517   0.78769819E-02   0.67474199E-05   0.00000000E+00   0.67474199E-05
  12.533   0.533   0.82371113E-02   0.68730857E-05   0.00000000E+00   0.68730857E-05
  12.550   0.550   0.86024163E-02   0.69975549E-05   0.00000000E+00   0.69975549E-05
  12.567   0.567   0.89727802E-02   0.71207539E-05   0.00000000E+00   0.71207539E-05
  12.583   0.583   0.93480820E-02   0.72426100E-05   0.00000000E+00   0.72426100E-05
  12.600   0.600   0.97281972E-02   0.73630515E-05   0.00000000E+00   0.73630515E-05
  12.617   0.617   0.10112997E-01   0.74820078E-05   0.00000000E+00   0.74820078E-05
  12.633   0.633   0.10502351E-01   0.75994097E-05   0.00000000E+00   0.75994097E-05
  12.650   0.650   0.10896122E-01   0.77151886E-05   0.00000000E+00   0.77151886E-05
  12.667   0.667   0.11294172E-01   0.78292775E-05   0.00000000E+00   0.78292775E-05
  12.683   0.683   0.11696359E-01   0.79416103E-05   0.00000000E+00   0.79416103E-05
  12.700   0.700   0.12102537E-01   0.80521222E-05   0.00000000E+00   0.80521222E-05
  12.717   0.717   0.12512558E-01   0.81607495E-05   0.00000000E+00   0.81607495E-05
  12.733   0.733   0.12926269E-01   0.82674297E-05   0.00000000E+00   0.82674297E-05
  12.750   0.750   0.13343517E-01   0.83721019E-05   0.00000000E+00   0.83721019E-05
  12.767   0.767   0.13764143E-01   0.84747061E-05   0.00000000E+00   0.84747061E-05
  12.783   0.783   0.14187988E-01   0.85751839E-05   0.00000000E+00   0.85751839E-05
  12.800   0.800   0.14614889E-01   0.86734781E-05   0.00000000E+00   0.86734781E-05
  12.817   0.817   0.15044679E-01   0.87695331E-05   0.00000000E+00   0.87695331E-05
  12.833   0.833   0.15477192E-01   0.88632946E-05   0.00000000E+00   0.88632946E-05
  12.850   0.850   0.15912257E-01   0.89547100E-05   0.00000000E+00   0.89547100E-05
  12.867   0.867   0.16349702E-01   0.90437281E-05   0.00000000E+00   0.90437281E-05
  12.883   0.883   0.16789351E-01   0.91302994E-05   0.00000000E+00   0.91302994E-05
  12.900   0.900   0.17231029E-01   0.92143761E-05   0.00000000E+00   0.92143761E-05
  12.917   0.917   0.17674556E-01   0.92959120E-05   0.00000000E+00   0.92959120E-05
  12.933   0.933   0.18119753E-01   0.93748629E-05   0.00000000E+00   0.93748629E-05
  12.950   0.950   0.18566438E-01   0.94511864E-05   0.00000000E+00   0.94511864E-05
  12.967   0.967   0.19014427E-01   0.95248420E-05   0.00000000E+00   0.95248420E-05
  12.983   0.983   0.19463536E-01   0.95957912E-05   0.00000000E+00   0.95957912E-05
  13.000   1.000   0.19913578E-01   0.96639977E-05   0.00000000E+00   0.96639977E-05
  13.017   1.017   0.20364366E-01   0.97294272E-05   0.00000000E+00   0.97294272E-05
  13.033   1.033   0.20815713E-01   0.97920478E-05   0.00000000E+00   0.97920478E-05
  13.050   1.050   0.21267428E-01   0.98518298E-05   0.00000000E+00   0.98518298E-05
  13.067   1.067   0.21719322E-01   0.99087458E-05   0.00000000E+00   0.99087458E-05
  13.083   1.083   0.22171206E-01   0.99627712E-05   0.00000000E+00   0.99627712E-05
  13.100   1.100   0.22622887E-01   0.10013884E-04   0.00000000E+00   0.10013884E-04
  13.117   1.117   0.23074176E-01   0.10062063E-04   0.00000000E+00   0.10062063E-04
  13.133   1.133   0.23524881E-01   0.10107293E-04   0.00000000E+00   0.10107293E-04
  13.150   1.150   0.23974811E-01   0.10149559E-04   0.00000000E+00   0.10149559E-04
  13.167   1.167   0.24423775E-01   0.10188849E-04   0.00000000E+00   0.10188849E-04
  13.183   1.183   0.24871584E-01   0.10225156E-04   0.00000000E+00   0.10225156E-04
  13.200   1.200   0.25318046E-01   0.10258472E-04   0.00000000E+00   0.10258472E-04
  13.217   1.217   0.25762973E-01   0.10288796E-04   0.00000000E+00   0.10288796E-04
  13.233   1.233   0.26206177E-01   0.10316128E-04   0.00000000E+00   0.10316128E-04
  13.250   1.250   0.26647471E-01   0.10340471E-04   0.00000000E+00   0.10340471E-04
  13.267   1.267   0.27086667E-01   0.10361831E-04   0.00000000E+00   0.10361831E-04
  13.283   1.283   0.27523583E-01   0.10380218E-04   0.00000000E+00   0.10380218E-04
  13.300   1.300   0.27958035E-01   0.10395645E-04   0.00000000E+00   0.10395645E-04
  13.317   1.317   0.28389841E-01   0.10408126E-04   0.00000000E+00   0.10408126E-04
  13.333   1.333   0.28818822E-01   0.10417681E-04   0.00000000E+00   0.10417681E-04
  13.350   1.350   0.29244801E-01   0.10424332E-04   0.00000000E+00   0.10424332E-04
  13.367   1.367   0.29667602E-01   0.10428103E-04   0.00000000E+00   0.10428103E-04
  13.383   1.383   0.30087053E-01   0.10429022E-04   0.00000000E+00   0.10429022E-04
  13.400   1.400   0.30502983E-01   0.10427120E-04   0.00000000E+00   0.10427120E-04
  13.417   1.417   0.30915226E-01   0.10422430E-04   0.00000000E+00   0.10422430E-04
  13.433   1.433   0.31323615E-01   0.10414989E-04   0.00000000E+00   0.10414989E-04
  13.450   1.450   0.31727989E-01   0.10404836E-04   0.00000000E+00   0.10404836E-04
  13.467   1.467   0.32128190E-01   0.10392012E-04   0.00000000E+00   0.10392012E-04
  13.483   1.483   0.32524062E-01   0.10376563E-04   0.00000000E+00   0.10376563E-04
  13.500   1.500   0.32915453E-01   0.10358535E-04   0.00000000E+00   0.10358535E-04
  13.517   1.517   0.33302213E-01   0.10337978E-04   0.00000000E+00   0.10337978E-04
  13.533   1.533   0.33684199E-01   0.10314942E-04   0.00000000E+00   0.10314942E-04
  13.550   1.550   0.34061267E-01   0.10289481E-04   0.00000000E+00   0.10289481E-04
  13.567   1.567   0.34433281E-01   0.10261651E-04   0.00000000E+00   0.10261651E-04
  13.583   1.583   0.34800106E-01   0.10231509E-04   0.00000000E+00   0.10231509E-04
  13.600   1.600   0.35161612E-01   0.10199113E-04   0.00000000E+00   0.10199113E-04
  13.617   1.617   0.35517673E-01   0.10164526E-04   0.00000000E+00   0.10164526E-04
  13.633   1.633   0.35868167E-01   0.10127807E-04   0.00000000E+00   0.10127807E-04
  13.650   1.650   0.36212976E-01   0.10089021E-04   0.00000000E+00   0.10089021E-04
  13.667   1.667   0.36551985E-01   0.10048232E-04   0.00000000E+00   0.10048232E-04
  13.683   1.683   0.36885085E-01   0.10005505E-04   0.00000000E+00   0.10005505E-04
  13.700   1.700   0.37212169E-01   0.99609052E-05   0.00000000E+00   0.99609052E-05
  13.717   1.717   0.37533137E-01   0.99145001E-05   0.00000000E+00   0.99145001E-05
  13.733   1.733   0.37847890E-01   0.98663565E-05   0.00000000E+00   0.98663565E-05
  13.750   1.750   0.38156336E-01   0.98165416E-05   0.00000000E+00   0.98165416E-05
  13.767   1.767   0.38458385E-01   0.97651231E-05   0.00000000E+00   0.97651231E-05
  13.783   1.783   0.38753952E-01   0.97121685E-05   0.00000000E+00   0.97121685E-05
  13.800   1.800   0.39042955E-01   0.96577454E-05   0.00000000E+00   0.96577454E-05
  13.817   1.817   0.39325319E-01   0.96019209E-05   0.00000000E+00   0.96019209E-05
  13.833   1.833   0.39600970E-01   0.95447621E-05   0.00000000E+00   0.95447621E-05
  13.850   1.850   0.39869838E-01   0.94863353E-05   0.00000000E+00   0.94863353E-05
  13.867   1.867   0.40131860E-01   0.94267064E-05   0.00000000E+00   0.94267064E-05
  13.883   1.883   0.40386973E-01   0.93659405E-05   0.00000000E+00   0.93659405E-05
  13.900   1.900   0.40635121E-01   0.93041019E-05   0.00000000E+00   0.93041019E-05
  13.917   1.917   0.40876251E-01   0.92412542E-05   0.00000000E+00   0.92412542E-05
  13.933   1.933   0.41110311E-01   0.91774598E-05   0.00000000E+00   0.91774598E-05
  13.950   1.950   0.41337257E-01   0.91127801E-05   0.00000000E+00   0.91127801E-05
  13.967   1.967   0.41557045E-01   0.90472754E-05   0.00000000E+00   0.90472754E-05
  13.983   1.983   0.41769638E-01   0.89810046E-05   0.00000000E+00   0.89810046E-05
  14.000   2.000   0.41974999E-01   0.89140257E-05   0.00000000E+00   0.89140257E-05
  14.017   2.017   0.42173066E-01   0.88464573E-05   0.00000000E+00   0.88464573E-05
  14.033   2.033   0.42363658E-01   0.87783536E-05   0.00000000E+00   0.87783536E-05
  14.050   2.050   0.42546574E-01   0.87097086E-05   0.00000000E+00   0.87097086E-05
  14.067   2.067   0.42721620E-01   0.86405318E-05   0.00000000E+00   0.86405318E-05
  14.083   2.083   0.42888610E-01   0.85708394E-05   0.00000000E+00   0.85708394E-05
  14.100   2.100   0.43047369E-01   0.85006506E-05   0.00000000E+00   0.85006506E-05
  14.117   2.117   0.43197728E-01   0.84299861E-05   0.00000000E+00   0.84299861E-05
  14.133   2.133   0.43339527E-01   0.83588668E-05   0.00000000E+00   0.83588668E-05
  14.150   2.150   0.43472610E-01   0.82873138E-05   0.00000000E+00   0.82873138E-05
  14.167   2.167   0.43596832E-01   0.82153476E-05   0.00000000E+00   0.82153476E-05
  14.183   2.183   0.43712050E-01   0.81429890E-05   0.00000000E+00   0.81429890E-05
  14.200   2.200   0.43818131E-01   0.80702582E-05   0.00000000E+00   0.80702582E-05
  14.217   2.217   0.43914945E-01   0.79971751E-05   0.00000000E+00   0.79971751E-05
  14.233   2.233   0.44002370E-01   0.79237598E-05   0.00000000E+00   0.79237598E-05
  14.250   2.250   0.44080291E-01   0.78500319E-05   0.00000000E+00   0.78500319E-05
  14.267   2.267   0.44148596E-01   0.77760111E-05   0.00000000E+00   0.77760111E-05
  14.283   2.283   0.44207183E-01   0.77017172E-05   0.00000000E+00   0.77017172E-05
  14.300   2.300   0.44255957E-01   0.76271697E-05   0.00000000E+00   0.76271697E-05
  14.317   2.317   0.44294828E-01   0.75523889E-05   0.00000000E+00   0.75523889E-05
  14.333   2.333   0.44323718E-01   0.74773947E-05   0.00000000E+00   0.74773947E-05
  14.350   2.350   0.44342557E-01   0.74022079E-05   0.00000000E+00   0.74022079E-05
  14.367   2.367   0.44351283E-01   0.73268496E-05   0.00000000E+00   0.73268496E-05
  14.383   2.383   0.44349848E-01   0.72513415E-05   0.00000000E+00   0.72513415E-05
  14.400   2.400   0.44338214E-01   0.71757060E-05   0.00000000E+00   0.71757060E-05
  14.417   2.417   0.44316359E-01   0.70999664E-05   0.00000000E+00   0.70999664E-05
  14.433   2.433   0.44284274E-01   0.70241470E-05   0.00000000E+00   0.70241470E-05
  14.450   2.450   0.44241968E-01   0.69482731E-05   0.00000000E+00   0.69482731E-05
  14.467   2.467   0.44189468E-01   0.68723715E-05   0.00000000E+00   0.68723715E-05
  14.483   2.483   0.44126818E-01   0.67964699E-05   0.00000000E+00   0.67964699E-05
  14.500   2.500   0.44054088E-01   0.67205979E-05   0.00000000E+00   0.67205979E-05
  14.517   2.517   0.43971369E-01   0.66447863E-05   0.00000000E+00   0.66447863E-05
  14.533   2.533   0.43878777E-01   0.65690677E-05   0.00000000E+00   0.65690677E-05
  14.550   2.550   0.43776455E-01   0.64934764E-05   0.00000000E+00   0.64934764E-05
  14.567   2.567   0.43664574E-01   0.64180483E-05   0.00000000E+00   0.64180483E-05
  14.583   2.583   0.43543334E-01   0.63428210E-05   0.00000000E+00   0.63428210E-05
  14.600   2.600   0.43412969E-01   0.62678339E-05   0.00000000E+00   0.62678339E-05
  14.617   2.617   0.43273740E-01   0.61931279E-05   0.00000000E+00   0.61931279E-05
  14.633   2.633   0.43125943E-01   0.61187455E-05   0.00000000E+00   0.61187455E-05
  14.650   2.650   0.42969905E-01   0.60447303E-05   0.00000000E+00   0.60447303E-05
  14.667   2.667   0.42805983E-01   0.59711273E-05   0.00000000E+00   0.59711273E-05
  14.683   2.683   0.42634568E-01   0.58979822E-05   0.00000000E+00   0.58979822E-05
  14.700   2.700   0.42456075E-01   0.58253414E-05   0.00000000E+00   0.58253414E-05
  14.717   2.717   0.42270951E-01   0.57532514E-05   0.00000000E+00   0.57532514E-05
  14.733   2.733   0.42079663E-01   0.56817589E-05   0.00000000E+00   0.56817589E-05
  14.750   2.750   0.41882700E-01   0.56109100E-05   0.00000000E+00   0.56109100E-05
  14.767   2.767   0.41680567E-01   0.55407497E-05   0.00000000E+00   0.55407497E-05
  14.783   2.783   0.41473785E-01   0.54713222E-05   0.00000000E+00   0.54713222E-05
  14.800   2.800   0.41262880E-01   0.54026696E-05   0.00000000E+00   0.54026696E-05
  14.817   2.817   0.41048385E-01   0.53348322E-05   0.00000000E+00   0.53348322E-05
  14.833   2.833   0.40830828E-01   0.52678480E-05   0.00000000E+00   0.52678480E-05
  14.850   2.850   0.40610736E-01   0.52017521E-05   0.00000000E+00   0.52017521E-05
  14.867   2.867   0.40388625E-01   0.51365768E-05   0.00000000E+00   0.51365768E-05
  14.883   2.883   0.40164995E-01   0.50723511E-05   0.00000000E+00   0.50723511E-05
  14.900   2.900   0.39940332E-01   0.50091009E-05   0.00000000E+00   0.50091009E-05
  14.917   2.917   0.39715098E-01   0.49468484E-05   0.00000000E+00   0.49468484E-05
  14.933   2.933   0.39489732E-01   0.48856125E-05   0.00000000E+00   0.48856125E-05
  14.950   2.950   0.39264648E-01   0.48254086E-05   0.00000000E+00   0.48254086E-05
  14.967   2.967   0.39040232E-01   0.47662487E-05   0.00000000E+00   0.47662487E-05
  14.983   2.983   0.38816841E-01   0.47081414E-05   0.00000000E+00   0.47081414E-05
  15.000   3.000   0.38594801E-01   0.46510922E-05   0.00000000E+00   0.46510922E-05
  15.017   3.017   0.38374411E-01   0.45951038E-05   0.00000000E+00   0.45951038E-05
  15.033   3.033   0.38155939E-01   0.45401757E-05   0.00000000E+00   0.45401757E-05
  15.050   3.050   0.37939625E-01   0.44863051E-05   0.00000000E+00   0.44863051E-05
  15.067   3.067   0.37725680E-01   0.44334868E-05   0.00000000E+00   0.44334868E-05
  15.083   3.083   0.37514289E-01   0.43817133E-05   0.00000000E+00   0.43817133E-05
  15.100   3.100   0.37305612E-01   0.43309754E-05   0.00000000E+00   0.43309754E-05
  15.117   3.117   0.37099785E-01   0.42812620E-05   0.00000000E+00   0.42812620E-05
  15.133   3.133   0.36896923E-01   0.42325607E-05   0.00000000E+00   0.42325607E-05
  15.150   3.150   0.36697118E-01   0.41848577E-05   0.00000000E+00   0.41848577E-05
  15.167   3.167   0.36500445E-01   0.41381382E-05   0.00000000E+00   0.41381382E-05
  15.183   3.183   0.36306963E-01   0.40923864E-05   0.00000000E+00   0.40923864E-05
  15.200   3.200   0.36116713E-01   0.40475857E-05   0.00000000E+00   0.40475857E-05
  15.217   3.217   0.35929723E-01   0.40037192E-05   0.00000000E+00   0.40037192E-05
  15.233   3.233   0.35746009E-01   0.39607692E-05   0.00000000E+00   0.39607692E-05
  15.250   3.250   0.35565576E-01   0.39187179E-05   0.00000000E+00   0.39187179E-05
  15.267   3.267   0.35388418E-01   0.38775472E-05   0.00000000E+00   0.38775472E-05
  15.283   3.283   0.35214522E-01   0.38372386E-05   0.00000000E+00   0.38372386E-05
  15.300   3.300   0.35043867E-01   0.37977741E-05   0.00000000E+00   0.37977741E-05
  15.317   3.317   0.34876424E-01   0.37591351E-05   0.00000000E+00   0.37591351E-05
  15.333   3.333   0.34712161E-01   0.37213036E-05   0.00000000E+00   0.37213036E-05
  15.350   3.350   0.34551040E-01   0.36842613E-05   0.00000000E+00   0.36842613E-05
  15.367   3.367   0.34393018E-01   0.36479905E-05   0.00000000E+00   0.36479905E-05
  15.383   3.383   0.34238051E-01   0.36124733E-05   0.00000000E+00   0.36124733E-05
  15.400   3.400   0.34086092E-01   0.35776923E-05   0.00000000E+00   0.35776923E-05
  15.417   3.417   0.33937089E-01   0.35436303E-05   0.00000000E+00   0.35436303E-05
  15.433   3.433   0.33790992E-01   0.35102703E-05   0.00000000E+00   0.35102703E-05
  15.450   3.450   0.33647747E-01   0.34775959E-05   0.00000000E+00   0.34775959E-05
  15.467   3.467   0.33507301E-01   0.34455907E-05   0.00000000E+00   0.34455907E-05
  15.483   3.483   0.33369599E-01   0.34142387E-05   0.00000000E+00   0.34142387E-05
  15.500   3.500   0.33234587E-01   0.33835244E-05   0.00000000E+00   0.33835244E-05
  15.517   3.517   0.33102211E-01   0.33534324E-05   0.00000000E+00   0.33534324E-05
  15.533   3.533   0.32972416E-01   0.33239479E-05   0.00000000E+00   0.33239479E-05
  15.550   3.550   0.32845147E-01   0.32950561E-05   0.00000000E+00   0.32950561E-05
  15.567   3.567   0.32720352E-01   0.32667429E-05   0.00000000E+00   0.32667429E-05
  15.583   3.583   0.32597977E-01   0.32389944E-05   0.00000000E+00   0.32389944E-05
  15.600   3.600   0.32477971E-01   0.32117969E-05   0.00000000E+00   0.32117969E-05
  15.617   3.617   0.32360280E-01   0.31851372E-05   0.00000000E+00   0.31851372E-05
  15.633   3.633   0.32244856E-01   0.31590024E-05   0.00000000E+00   0.31590024E-05
  15.650   3.650   0.32131649E-01   0.31333798E-05   0.00000000E+00   0.31333798E-05
  15.667   3.667   0.32020610E-01   0.31082572E-05   0.00000000E+00   0.31082572E-05
  15.683   3.683   0.31911691E-01   0.30836225E-05   0.00000000E+00   0.30836225E-05
  15.700   3.700   0.31804846E-01   0.30594640E-05   0.00000000E+00   0.30594640E-05
  15.717   3.717   0.31700030E-01   0.30357704E-05   0.00000000E+00   0.30357704E-05
  15.733   3.733   0.31597199E-01   0.30125306E-05   0.00000000E+00   0.30125306E-05
  15.750   3.750   0.31496308E-01   0.29897336E-05   0.00000000E+00   0.29897336E-05
  15.767   3.767   0.31397317E-01   0.29673690E-05   0.00000000E+00   0.29673690E-05
  15.783   3.783   0.31300183E-01   0.29454265E-05   0.00000000E+00   0.29454265E-05
  15.800   3.800   0.31204867E-01   0.29238959E-05   0.00000000E+00   0.29238959E-05
  15.817   3.817   0.31111330E-01   0.29027676E-05   0.00000000E+00   0.29027676E-05
  15.833   3.833   0.31019535E-01   0.28820319E-05   0.00000000E+00   0.28820319E-05
  15.850   3.850   0.30929443E-01   0.28616797E-05   0.00000000E+00   0.28616797E-05
  15.867   3.867   0.30841020E-01   0.28417018E-05   0.00000000E+00   0.28417018E-05
  15.883   3.883   0.30754231E-01   0.28220894E-05   0.00000000E+00   0.28220894E-05
  15.900   3.900   0.30669040E-01   0.28028339E-05   0.00000000E+00   0.28028339E-05
  15.917   3.917   0.30585417E-01   0.27839269E-05   0.00000000E+00   0.27839269E-05
  15.933   3.933   0.30503328E-01   0.27653602E-05   0.00000000E+00   0.27653602E-05
  15.950   3.950   0.30422742E-01   0.27471257E-05   0.00000000E+00   0.27471257E-05
  15.967   3.967   0.30343630E-01   0.27292159E-05   0.00000000E+00   0.27292159E-05
  15.983   3.983   0.30265961E-01   0.27116229E-05   0.00000000E+00   0.27116229E-05
  16.000   4.000   0.30189707E-01   0.26943395E-05   0.00000000E+00   0.26943395E-05
  16.017   4.017   0.30114842E-01   0.26773303E-05   0.00000000E+00   0.26773303E-05
  16.033   4.033   0.30041348E-01   0.26605643E-05   0.00000000E+00   0.26605643E-05
  16.050   4.050   0.29969209E-01   0.26440395E-05   0.00000000E+00   0.26440395E-05
  16.067   4.067   0.29898406E-01   0.26277539E-05   0.00000000E+00   0.26277539E-05
  16.083   4.083   0.29828920E-01   0.26117054E-05   0.00000000E+00   0.26117054E-05
  16.100   4.100   0.29760732E-01   0.25958916E-05   0.00000000E+00   0.25958916E-05
  16.117   4.117   0.29693822E-01   0.25803100E-05   0.00000000E+00   0.25803100E-05
  16.133   4.133   0.29628169E-01   0.25649578E-05   0.00000000E+00   0.25649578E-05
  16.150   4.150   0.29563754E-01   0.25498321E-05   0.00000000E+00   0.25498321E-05
  16.167   4.167   0.29507800E-01   0.25351379E-05   0.00000000E+00   0.25351379E-05
  16.183   4.183   0.29466068E-01   0.25211726E-05   0.00000000E+00   0.25211726E-05
  16.200   4.200   0.29434876E-01   0.25078368E-05   0.00000000E+00   0.25078368E-05
  16.217   4.217   0.29411833E-01   0.24950308E-05   0.00000000E+00   0.24950308E-05
  16.233   4.233   0.29395292E-01   0.24826829E-05   0.00000000E+00   0.24826829E-05
  16.250   4.250   0.29384063E-01   0.24707401E-05   0.00000000E+00   0.24707401E-05
  16.267   4.267   0.29377258E-01   0.24591623E-05   0.00000000E+00   0.24591623E-05
  16.283   4.283   0.29374190E-01   0.24479174E-05   0.00000000E+00   0.24479174E-05
  16.300   4.300   0.29374317E-01   0.24369799E-05   0.00000000E+00   0.24369799E-05
  16.317   4.317   0.29377204E-01   0.24263283E-05   0.00000000E+00   0.24263283E-05
  16.333   4.333   0.29382496E-01   0.24159445E-05   0.00000000E+00   0.24159445E-05
  16.350   4.350   0.29389897E-01   0.24058131E-05   0.00000000E+00   0.24058131E-05
  16.367   4.367   0.29399162E-01   0.23959202E-05   0.00000000E+00   0.23959202E-05
  16.383   4.383   0.29410080E-01   0.23862539E-05   0.00000000E+00   0.23862539E-05
  16.400   4.400   0.29422473E-01   0.23768033E-05   0.00000000E+00   0.23768033E-05
  16.417   4.417   0.29436188E-01   0.23675586E-05   0.00000000E+00   0.23675586E-05
  16.433   4.433   0.29451090E-01   0.23585107E-05   0.00000000E+00   0.23585107E-05
  16.450   4.450   0.29467063E-01   0.23496513E-05   0.00000000E+00   0.23496513E-05
  16.467   4.467   0.29484005E-01   0.23409728E-05   0.00000000E+00   0.23409728E-05
  16.483   4.483   0.29501826E-01   0.23324680E-05   0.00000000E+00   0.23324680E-05
  16.500   4.500   0.29520447E-01   0.23241302E-05   0.00000000E+00   0.23241302E-05
  16.517   4.517   0.29539795E-01   0.23159531E-05   0.00000000E+00   0.23159531E-05
  16.533   4.533   0.29559807E-01   0.23079306E-05   0.00000000E+00   0.23079306E-05
  16.550   4.550   0.29580428E-01   0.23000571E-05   0.00000000E+00   0.23000571E-05
  16.567   4.567   0.29601604E-01   0.22923273E-05   0.00000000E+00   0.22923273E-05
  16.583   4.583   0.29623291E-01   0.22847360E-05   0.00000000E+00   0.22847360E-05
  16.600   4.600   0.29645447E-01   0.22772784E-05   0.00000000E+00   0.22772784E-05
  16.617   4.617   0.29668033E-01   0.22699497E-05   0.00000000E+00   0.22699497E-05
  16.633   4.633   0.29691015E-01   0.22627454E-05   0.00000000E+00   0.22627454E-05
  16.650   4.650   0.29714362E-01   0.22556614E-05   0.00000000E+00   0.22556614E-05
  16.667   4.667   0.29738046E-01   0.22486934E-05   0.00000000E+00   0.22486934E-05
  16.683   4.683   0.29762039E-01   0.22418375E-05   0.00000000E+00   0.22418375E-05
  16.700   4.700   0.29786319E-01   0.22350899E-05   0.00000000E+00   0.22350899E-05
  16.717   4.717   0.29810862E-01   0.22284469E-05   0.00000000E+00   0.22284469E-05
  16.733   4.733   0.29835650E-01   0.22219049E-05   0.00000000E+00   0.22219049E-05
  16.750   4.750   0.29860663E-01   0.22154605E-05   0.00000000E+00   0.22154605E-05
  16.767   4.767   0.29885883E-01   0.22091105E-05   0.00000000E+00   0.22091105E-05
  16.783   4.783   0.29911296E-01   0.22028516E-05   0.00000000E+00   0.22028516E-05
  16.800   4.800   0.29936886E-01   0.21966808E-05   0.00000000E+00   0.21966808E-05
  16.817   4.817   0.29962640E-01   0.21905951E-05   0.00000000E+00   0.21905951E-05
  16.833   4.833   0.29988545E-01   0.21845916E-05   0.00000000E+00   0.21845916E-05
  16.850   4.850   0.30014589E-01   0.21786675E-05   0.00000000E+00   0.21786675E-05
  16.867   4.867   0.30040762E-01   0.21728202E-05   0.00000000E+00   0.21728202E-05
  16.883   4.883   0.30067054E-01   0.21670469E-05   0.00000000E+00   0.21670469E-05
  16.900   4.900   0.30093454E-01   0.21613453E-05   0.00000000E+00   0.21613453E-05
  16.917   4.917   0.30119954E-01   0.21557129E-05   0.00000000E+00   0.21557129E-05
  16.933   4.933   0.30146547E-01   0.21501472E-05   0.00000000E+00   0.21501472E-05
  16.950   4.950   0.30173224E-01   0.21446460E-05   0.00000000E+00   0.21446460E-05
  16.967   4.967   0.30199977E-01   0.21392071E-05   0.00000000E+00   0.21392071E-05
  16.983   4.983   0.30226802E-01   0.21338283E-05   0.00000000E+00   0.21338283E-05
  17.000   5.000   0.30253690E-01   0.21285076E-05   0.00000000E+00   0.21285076E-05
  17.017   5.017   0.30280637E-01   0.21232429E-05   0.00000000E+00   0.21232429E-05
  17.033   5.033   0.30307637E-01   0.21180322E-05   0.00000000E+00   0.21180322E-05
  17.050   5.050   0.30334684E-01   0.21128736E-05   0.00000000E+00   0.21128736E-05
  17.067   5.067   0.30361774E-01   0.21077654E-05   0.00000000E+00   0.21077654E-05
  17.083   5.083   0.30388902E-01   0.21027057E-05   0.00000000E+00   0.21027057E-05
  17.100   5.100   0.30416064E-01   0.20976927E-05   0.00000000E+00   0.20976927E-05
  17.117   5.117   0.30443256E-01   0.20927249E-05   0.00000000E+00   0.20927249E-05
  17.133   5.133   0.30470474E-01   0.20878005E-05   0.00000000E+00   0.20878005E-05
  17.150   5.150   0.30497714E-01   0.20829180E-05   0.00000000E+00   0.20829180E-05
  17.167   5.167   0.30524974E-01   0.20780758E-05   0.00000000E+00   0.20780758E-05
  17.183   5.183   0.30552249E-01   0.20732725E-05   0.00000000E+00   0.20732725E-05
  17.200   5.200   0.30579537E-01   0.20685065E-05   0.00000000E+00   0.20685065E-05
  17.217   5.217   0.30606834E-01   0.20637766E-05   0.00000000E+00   0.20637766E-05
  17.233   5.233   0.30634139E-01   0.20590813E-05   0.00000000E+00   0.20590813E-05
  17.250   5.250   0.30661449E-01   0.20544193E-05   0.00000000E+00   0.20544193E-05
  17.267   5.267   0.30688761E-01   0.20497894E-05   0.00000000E+00   0.20497894E-05
  17.283   5.283   0.30716073E-01   0.20451902E-05   0.00000000E+00   0.20451902E-05
  17.300   5.300   0.30743382E-01   0.20406206E-05   0.00000000E+00   0.20406206E-05
  17.317   5.317   0.30770687E-01   0.20360794E-05   0.00000000E+00   0.20360794E-05
  17.333   5.333   0.30797986E-01   0.20315654E-05   0.00000000E+00   0.20315654E-05
  17.350   5.350   0.30825277E-01   0.20270776E-05   0.00000000E+00   0.20270776E-05
  17.367   5.367   0.30852558E-01   0.20226149E-05   0.00000000E+00   0.20226149E-05
  17.383   5.383   0.30879827E-01   0.20181762E-05   0.00000000E+00   0.20181762E-05
  17.400   5.400   0.30907083E-01   0.20137605E-05   0.00000000E+00   0.20137605E-05
  17.417   5.417   0.30934324E-01   0.20093668E-05   0.00000000E+00   0.20093668E-05
  17.433   5.433   0.30961548E-01   0.20049942E-05   0.00000000E+00   0.20049942E-05
  17.450   5.450   0.30988755E-01   0.20006418E-05   0.00000000E+00   0.20006418E-05
  17.467   5.467   0.31015943E-01   0.19963086E-05   0.00000000E+00   0.19963086E-05
  17.483   5.483   0.31043111E-01   0.19919937E-05   0.00000000E+00   0.19919937E-05
  17.500   5.500   0.31070257E-01   0.19876964E-05   0.00000000E+00   0.19876964E-05
  17.517   5.517   0.31097381E-01   0.19834157E-05   0.00000000E+00   0.19834157E-05
  17.533   5.533   0.31124481E-01   0.19791509E-05   0.00000000E+00   0.19791509E-05
  17.550   5.550   0.31151556E-01   0.19749012E-05   0.00000000E+00   0.19749012E-05
  17.567   5.567   0.31178605E-01   0.19706659E-05   0.00000000E+00   0.19706659E-05
  17.583   5.583   0.31205627E-01   0.19664441E-05   0.00000000E+00   0.19664441E-05
  17.600   5.600   0.31232621E-01   0.19622353E-05   0.00000000E+00   0.19622353E-05
  17.617   5.617   0.31259586E-01   0.19580386E-05   0.00000000E+00   0.19580386E-05
  17.633   5.633   0.31286522E-01   0.19538534E-05   0.00000000E+00   0.19538534E-05
  17.650   5.650   0.31313428E-01   0.19496791E-05   0.00000000E+00   0.19496791E-05
  17.667   5.667   0.31340302E-01   0.19455150E-05   0.00000000E+00   0.19455150E-05
  17.683   5.683   0.31367144E-01   0.19413605E-05   0.00000000E+00   0.19413605E-05
  17.700   5.700   0.31393953E-01   0.19372149E-05   0.00000000E+00   0.19372149E-05
  17.717   5.717   0.31420728E-01   0.19330777E-05   0.00000000E+00   0.19330777E-05
  17.733   5.733   0.31447469E-01   0.19289484E-05   0.00000000E+00   0.19289484E-05
  17.750   5.750   0.31474175E-01   0.19248263E-05   0.00000000E+00   0.19248263E-05
  17.767   5.767   0.31500846E-01   0.19207110E-05   0.00000000E+00   0.19207110E-05
  17.783   5.783   0.31527480E-01   0.19166018E-05   0.00000000E+00   0.19166018E-05
  17.800   5.800   0.31554077E-01   0.19124984E-05   0.00000000E+00   0.19124984E-05
  17.817   5.817   0.31580636E-01   0.19084001E-05   0.00000000E+00   0.19084001E-05
  17.833   5.833   0.31607158E-01   0.19043065E-05   0.00000000E+00   0.19043065E-05
  17.850   5.850   0.31633640E-01   0.19002171E-05   0.00000000E+00   0.19002171E-05
  17.867   5.867   0.31660084E-01   0.18961315E-05   0.00000000E+00   0.18961315E-05
  17.883   5.883   0.31686487E-01   0.18920493E-05   0.00000000E+00   0.18920493E-05
  17.900   5.900   0.31712850E-01   0.18879699E-05   0.00000000E+00   0.18879699E-05
  17.917   5.917   0.31739172E-01   0.18838930E-05   0.00000000E+00   0.18838930E-05
  17.933   5.933   0.31765453E-01   0.18798181E-05   0.00000000E+00   0.18798181E-05
  17.950   5.950   0.31791691E-01   0.18757449E-05   0.00000000E+00   0.18757449E-05
  17.967   5.967   0.31817888E-01   0.18716729E-05   0.00000000E+00   0.18716729E-05
  17.983   5.983   0.31844041E-01   0.18676018E-05   0.00000000E+00   0.18676018E-05
  18.000   6.000   0.31870150E-01   0.18635313E-05   0.00000000E+00   0.18635313E-05
  18.017   6.017   0.31896216E-01   0.18594608E-05   0.00000000E+00   0.18594608E-05
  18.033   6.033   0.31922238E-01   0.18553902E-05   0.00000000E+00   0.18553902E-05
  18.050   6.050   0.31948214E-01   0.18513190E-05   0.00000000E+00   0.18513190E-05
  18.067   6.067   0.31974145E-01   0.18472470E-05   0.00000000E+00   0.18472470E-05
  18.083   6.083   0.32000031E-01   0.18431737E-05   0.00000000E+00   0.18431737E-05
  18.100   6.100   0.32025870E-01   0.18390989E-05   0.00000000E+00   0.18390989E-05
  18.117   6.117   0.32051663E-01   0.18350223E-05   0.00000000E+00   0.18350223E-05
  18.133   6.133   0.32077409E-01   0.18309435E-05   0.00000000E+00   0.18309435E-05
  18.150   6.150   0.32103107E-01   0.18268623E-05   0.00000000E+00   0.18268623E-05
  18.167   6.167   0.32128757E-01   0.18227784E-05   0.00000000E+00   0.18227784E-05
  18.183   6.183   0.32154359E-01   0.18186915E-05   0.00000000E+00   0.18186915E-05
  18.200   6.200   0.32179912E-01   0.18146014E-05   0.00000000E+00   0.18146014E-05
  18.217   6.217   0.32205416E-01   0.18105076E-05   0.00000000E+00   0.18105076E-05
  18.233   6.233   0.32230870E-01   0.18064101E-05   0.00000000E+00   0.18064101E-05
  18.250   6.250   0.32256274E-01   0.18023086E-05   0.00000000E+00   0.18023086E-05
  18.267   6.267   0.32281628E-01   0.17982028E-05   0.00000000E+00   0.17982028E-05
  18.283   6.283   0.32306931E-01   0.17940924E-05   0.00000000E+00   0.17940924E-05
  18.300   6.300   0.32332183E-01   0.17899772E-05   0.00000000E+00   0.17899772E-05
  18.317   6.317   0.32357383E-01   0.17858571E-05   0.00000000E+00   0.17858571E-05
  18.333   6.333   0.32382531E-01   0.17817317E-05   0.00000000E+00   0.17817317E-05
  18.350   6.350   0.32407626E-01   0.17776009E-05   0.00000000E+00   0.17776009E-05
  18.367   6.367   0.32432669E-01   0.17734644E-05   0.00000000E+00   0.17734644E-05
  18.383   6.383   0.32457658E-01   0.17693220E-05   0.00000000E+00   0.17693220E-05
  18.400   6.400   0.32482593E-01   0.17651736E-05   0.00000000E+00   0.17651736E-05
  18.417   6.417   0.32507475E-01   0.17610189E-05   0.00000000E+00   0.17610189E-05
  18.433   6.433   0.32532301E-01   0.17568577E-05   0.00000000E+00   0.17568577E-05
  18.450   6.450   0.32557073E-01   0.17526899E-05   0.00000000E+00   0.17526899E-05
  18.467   6.467   0.32581789E-01   0.17485152E-05   0.00000000E+00   0.17485152E-05
  18.483   6.483   0.32606449E-01   0.17443335E-05   0.00000000E+00   0.17443335E-05
  18.500   6.500   0.32631053E-01   0.17401446E-05   0.00000000E+00   0.17401446E-05
  18.517   6.517   0.32655601E-01   0.17359482E-05   0.00000000E+00   0.17359482E-05
  18.533   6.533   0.32680091E-01   0.17317444E-05   0.00000000E+00   0.17317444E-05
  18.550   6.550   0.32704523E-01   0.17275328E-05   0.00000000E+00   0.17275328E-05
  18.567   6.567   0.32728898E-01   0.17233133E-05   0.00000000E+00   0.17233133E-05
  18.583   6.583   0.32753214E-01   0.17190857E-05   0.00000000E+00   0.17190857E-05
  18.600   6.600   0.32777471E-01   0.17148500E-05   0.00000000E+00   0.17148500E-05
  18.617   6.617   0.32801668E-01   0.17106059E-05   0.00000000E+00   0.17106059E-05
  18.633   6.633   0.32825806E-01   0.17063533E-05   0.00000000E+00   0.17063533E-05
  18.650   6.650   0.32849884E-01   0.17020920E-05   0.00000000E+00   0.17020920E-05
  18.667   6.667   0.32873900E-01   0.16978219E-05   0.00000000E+00   0.16978219E-05
  18.683   6.683   0.32897856E-01   0.16935428E-05   0.00000000E+00   0.16935428E-05
  18.700   6.700   0.32921750E-01   0.16892547E-05   0.00000000E+00   0.16892547E-05
  18.717   6.717   0.32945581E-01   0.16849573E-05   0.00000000E+00   0.16849573E-05
  18.733   6.733   0.32969350E-01   0.16806506E-05   0.00000000E+00   0.16806506E-05
  18.750   6.750   0.32993056E-01   0.16763344E-05   0.00000000E+00   0.16763344E-05
  18.767   6.767   0.33016698E-01   0.16720086E-05   0.00000000E+00   0.16720086E-05
  18.783   6.783   0.33040276E-01   0.16676730E-05   0.00000000E+00   0.16676730E-05
  18.800   6.800   0.33063789E-01   0.16633276E-05   0.00000000E+00   0.16633276E-05
  18.817   6.817   0.33087237E-01   0.16589722E-05   0.00000000E+00   0.16589722E-05
  18.833   6.833   0.33110619E-01   0.16546066E-05   0.00000000E+00   0.16546066E-05
  18.850   6.850   0.33133935E-01   0.16502308E-05   0.00000000E+00   0.16502308E-05
  18.867   6.867   0.33157185E-01   0.16458447E-05   0.00000000E+00   0.16458447E-05
  18.883   6.883   0.33180367E-01   0.16414481E-05   0.00000000E+00   0.16414481E-05
  18.900   6.900   0.33203481E-01   0.16370410E-05   0.00000000E+00   0.16370410E-05
  18.917   6.917   0.33226527E-01   0.16326232E-05   0.00000000E+00   0.16326232E-05
  18.933   6.933   0.33249504E-01   0.16281945E-05   0.00000000E+00   0.16281945E-05
  18.950   6.950   0.33272411E-01   0.16237550E-05   0.00000000E+00   0.16237550E-05
  18.967   6.967   0.33295248E-01   0.16193045E-05   0.00000000E+00   0.16193045E-05
  18.983   6.983   0.33318015E-01   0.16148429E-05   0.00000000E+00   0.16148429E-05
  19.000   7.000   0.33340710E-01   0.16103701E-05   0.00000000E+00   0.16103701E-05
  19.017   7.017   0.33363334E-01   0.16058860E-05   0.00000000E+00   0.16058860E-05
  19.033   7.033   0.33385885E-01   0.16013905E-05   0.00000000E+00   0.16013905E-05
  19.050   7.050   0.33408363E-01   0.15968836E-05   0.00000000E+00   0.15968836E-05
  19.067   7.067   0.33430768E-01   0.15923650E-05   0.00000000E+00   0.15923650E-05
  19.083   7.083   0.33453098E-01   0.15878348E-05   0.00000000E+00   0.15878348E-05
  19.100   7.100   0.33475353E-01   0.15832928E-05   0.00000000E+00   0.15832928E-05
  19.117   7.117   0.33497533E-01   0.15787389E-05   0.00000000E+00   0.15787389E-05
  19.133   7.133   0.33519636E-01   0.15741731E-05   0.00000000E+00   0.15741731E-05
  19.150   7.150   0.33541663E-01   0.15695953E-05   0.00000000E+00   0.15695953E-05
  19.167   7.167   0.33563612E-01   0.15650053E-05   0.00000000E+00   0.15650053E-05
  19.183   7.183   0.33585483E-01   0.15604032E-05   0.00000000E+00   0.15604032E-05
  19.200   7.200   0.33607275E-01   0.15557887E-05   0.00000000E+00   0.15557887E-05
  19.217   7.217   0.33628987E-01   0.15511619E-05   0.00000000E+00   0.15511619E-05
  19.233   7.233   0.33650619E-01   0.15465227E-05   0.00000000E+00   0.15465227E-05
  19.250   7.250   0.33672170E-01   0.15418709E-05   0.00000000E+00   0.15418709E-05
  19.267   7.267   0.33693640E-01   0.15372066E-05   0.00000000E+00   0.15372066E-05
  19.283   7.283   0.33715027E-01   0.15325296E-05   0.00000000E+00   0.15325296E-05
  19.300   7.300   0.33736330E-01   0.15278398E-05   0.00000000E+00   0.15278398E-05
  19.317   7.317   0.33757550E-01   0.15231372E-05   0.00000000E+00   0.15231372E-05
  19.333   7.333   0.33778685E-01   0.15184217E-05   0.00000000E+00   0.15184217E-05
  19.350   7.350   0.33799735E-01   0.15136932E-05   0.00000000E+00   0.15136932E-05
  19.367   7.367   0.33820698E-01   0.15089517E-05   0.00000000E+00   0.15089517E-05
  19.383   7.383   0.33841575E-01   0.15041971E-05   0.00000000E+00   0.15041971E-05
  19.400   7.400   0.33862363E-01   0.14994294E-05   0.00000000E+00   0.14994294E-05
  19.417   7.417   0.33883063E-01   0.14946483E-05   0.00000000E+00   0.14946483E-05
  19.433   7.433   0.33903673E-01   0.14898540E-05   0.00000000E+00   0.14898540E-05
  19.450   7.450   0.33924193E-01   0.14850463E-05   0.00000000E+00   0.14850463E-05
  19.467   7.467   0.33944622E-01   0.14802252E-05   0.00000000E+00   0.14802252E-05
  19.483   7.483   0.33964959E-01   0.14753905E-05   0.00000000E+00   0.14753905E-05
  19.500   7.500   0.33985203E-01   0.14705423E-05   0.00000000E+00   0.14705423E-05
  19.517   7.517   0.34005354E-01   0.14656805E-05   0.00000000E+00   0.14656805E-05
  19.533   7.533   0.34025409E-01   0.14608050E-05   0.00000000E+00   0.14608050E-05
  19.550   7.550   0.34045369E-01   0.14559158E-05   0.00000000E+00   0.14559158E-05
  19.567   7.567   0.34065233E-01   0.14510128E-05   0.00000000E+00   0.14510128E-05
  19.583   7.583   0.34084999E-01   0.14460959E-05   0.00000000E+00   0.14460959E-05
  19.600   7.600   0.34104667E-01   0.14411651E-05   0.00000000E+00   0.14411651E-05
  19.617   7.617   0.34124236E-01   0.14362204E-05   0.00000000E+00   0.14362204E-05
  19.633   7.633   0.34143705E-01   0.14312616E-05   0.00000000E+00   0.14312616E-05
  19.650   7.650   0.34163072E-01   0.14262888E-05   0.00000000E+00   0.14262888E-05
  19.667   7.667   0.34182337E-01   0.14213019E-05   0.00000000E+00   0.14213019E-05
  19.683   7.683   0.34201499E-01   0.14163008E-05   0.00000000E+00   0.14163008E-05
  19.700   7.700   0.34220556E-01   0.14112854E-05   0.00000000E+00   0.14112854E-05
  19.717   7.717   0.34239509E-01   0.14062559E-05   0.00000000E+00   0.14062559E-05
  19.733   7.733   0.34258355E-01   0.14012120E-05   0.00000000E+00   0.14012120E-05
  19.750   7.750   0.34277094E-01   0.13961537E-05   0.00000000E+00   0.13961537E-05
  19.767   7.767   0.34295725E-01   0.13910811E-05   0.00000000E+00   0.13910811E-05
  19.783   7.783   0.34314246E-01   0.13859940E-05   0.00000000E+00   0.13859940E-05
  19.800   7.800   0.34332656E-01   0.13808924E-05   0.00000000E+00   0.13808924E-05
  19.817   7.817   0.34350955E-01   0.13757763E-05   0.00000000E+00   0.13757763E-05
  19.833   7.833   0.34369141E-01   0.13706457E-05   0.00000000E+00   0.13706457E-05
  19.850   7.850   0.34387213E-01   0.13655004E-05   0.00000000E+00   0.13655004E-05
  19.867   7.867   0.34405170E-01   0.13603405E-05   0.00000000E+00   0.13603405E-05
  19.883   7.883   0.34423011E-01   0.13551660E-05   0.00000000E+00   0.13551660E-05
  19.900   7.900   0.34440735E-01   0.13499767E-05   0.00000000E+00   0.13499767E-05
  19.917   7.917   0.34458339E-01   0.13447727E-05   0.00000000E+00   0.13447727E-05
  19.933   7.933   0.34475824E-01   0.13395539E-05   0.00000000E+00   0.13395539E-05
  19.950   7.950   0.34493188E-01   0.13343203E-05   0.00000000E+00   0.13343203E-05
  19.967   7.967   0.34510430E-01   0.13290718E-05   0.00000000E+00   0.13290718E-05
  19.983   7.983   0.34527548E-01   0.13238085E-05   0.00000000E+00   0.13238085E-05
  20.000   8.000   0.34544541E-01   0.13185303E-05   0.00000000E+00   0.13185303E-05
  20.017   8.017   0.34561409E-01   0.13132372E-05   0.00000000E+00   0.13132372E-05
  20.033   8.033   0.34578148E-01   0.13079291E-05   0.00000000E+00   0.13079291E-05
  20.050   8.050   0.34594760E-01   0.13026060E-05   0.00000000E+00   0.13026060E-05
  20.067   8.067   0.34611241E-01   0.12972680E-05   0.00000000E+00   0.12972680E-05
  20.083   8.083   0.34627590E-01   0.12919150E-05   0.00000000E+00   0.12919150E-05
  20.100   8.100   0.34643807E-01   0.12865469E-05   0.00000000E+00   0.12865469E-05
  20.117   8.117   0.34659890E-01   0.12811638E-05   0.00000000E+00   0.12811638E-05
  20.133   8.133   0.34675837E-01   0.12757656E-05   0.00000000E+00   0.12757656E-05
  20.150   8.150   0.34691647E-01   0.12703524E-05   0.00000000E+00   0.12703524E-05
  20.167   8.167   0.34707318E-01   0.12649241E-05   0.00000000E+00   0.12649241E-05
  20.183   8.183   0.34722850E-01   0.12594807E-05   0.00000000E+00   0.12594807E-05
  20.200   8.200   0.34738240E-01   0.12540221E-05   0.00000000E+00   0.12540221E-05
  20.217   8.217   0.34753488E-01   0.12485485E-05   0.00000000E+00   0.12485485E-05
  20.233   8.233   0.34768591E-01   0.12430597E-05   0.00000000E+00   0.12430597E-05
  20.250   8.250   0.34783548E-01   0.12375559E-05   0.00000000E+00   0.12375559E-05
  20.267   8.267   0.34798357E-01   0.12320368E-05   0.00000000E+00   0.12320368E-05
  20.283   8.283   0.34813018E-01   0.12265027E-05   0.00000000E+00   0.12265027E-05
  20.300   8.300   0.34827528E-01   0.12209535E-05   0.00000000E+00   0.12209535E-05
  20.317   8.317   0.34841885E-01   0.12153891E-05   0.00000000E+00   0.12153891E-05
  20.333   8.333   0.34856089E-01   0.12098096E-05   0.00000000E+00   0.12098096E-05
  20.350   8.350   0.34870137E-01   0.12042150E-05   0.00000000E+00   0.12042150E-05
  20.367   8.367   0.34884028E-01   0.11986053E-05   0.00000000E+00   0.11986053E-05
  20.383   8.383   0.34897760E-01   0.11929806E-05   0.00000000E+00   0.11929806E-05
  20.400   8.400   0.34911332E-01   0.11873407E-05   0.00000000E+00   0.11873407E-05
  20.417   8.417   0.34924741E-01   0.11816858E-05   0.00000000E+00   0.11816858E-05
  20.433   8.433   0.34937986E-01   0.11760159E-05   0.00000000E+00   0.11760159E-05
  20.450   8.450   0.34951065E-01   0.11703309E-05   0.00000000E+00   0.11703309E-05
  20.467   8.467   0.34963976E-01   0.11646310E-05   0.00000000E+00   0.11646310E-05
  20.483   8.483   0.34976718E-01   0.11589161E-05   0.00000000E+00   0.11589161E-05
  20.500   8.500   0.34989289E-01   0.11531862E-05   0.00000000E+00   0.11531862E-05
  20.517   8.517   0.35001686E-01   0.11474415E-05   0.00000000E+00   0.11474415E-05
  20.533   8.533   0.35013908E-01   0.11416818E-05   0.00000000E+00   0.11416818E-05
  20.550   8.550   0.35025953E-01   0.11359074E-05   0.00000000E+00   0.11359074E-05
  20.567   8.567   0.35037819E-01   0.11301181E-05   0.00000000E+00   0.11301181E-05
  20.583   8.583   0.35049505E-01   0.11243140E-05   0.00000000E+00   0.11243140E-05
  20.600   8.600   0.35061007E-01   0.11184953E-05   0.00000000E+00   0.11184953E-05
  20.617   8.617   0.35072324E-01   0.11126618E-05   0.00000000E+00   0.11126618E-05
  20.633   8.633   0.35083455E-01   0.11068138E-05   0.00000000E+00   0.11068138E-05
  20.650   8.650   0.35094396E-01   0.11009512E-05   0.00000000E+00   0.11009512E-05
  20.667   8.667   0.35105147E-01   0.10950740E-05   0.00000000E+00   0.10950740E-05
  20.683   8.683   0.35115704E-01   0.10891824E-05   0.00000000E+00   0.10891824E-05
  20.700   8.700   0.35126066E-01   0.10832764E-05   0.00000000E+00   0.10832764E-05
  20.717   8.717   0.35136231E-01   0.10773561E-05   0.00000000E+00   0.10773561E-05
  20.733   8.733   0.35146196E-01   0.10714215E-05   0.00000000E+00   0.10714215E-05
  20.750   8.750   0.35155959E-01   0.10654727E-05   0.00000000E+00   0.10654727E-05
  20.767   8.767   0.35165518E-01   0.10595098E-05   0.00000000E+00   0.10595098E-05
  20.783   8.783   0.35174871E-01   0.10535328E-05   0.00000000E+00   0.10535328E-05
  20.800   8.800   0.35184015E-01   0.10475419E-05   0.00000000E+00   0.10475419E-05
  20.817   8.817   0.35192948E-01   0.10415371E-05   0.00000000E+00   0.10415371E-05
  20.833   8.833   0.35201668E-01   0.10355185E-05   0.00000000E+00   0.10355185E-05
  20.850   8.850   0.35210173E-01   0.10294862E-05   0.00000000E+00   0.10294862E-05
  20.867   8.867   0.35218459E-01   0.10234403E-05   0.00000000E+00   0.10234403E-05
  20.883   8.883   0.35226526E-01   0.10173809E-05   0.00000000E+00   0.10173809E-05
  20.900   8.900   0.35234369E-01   0.10113081E-05   0.00000000E+00   0.10113081E-05
  20.917   8.917   0.35241988E-01   0.10052220E-05   0.00000000E+00   0.10052220E-05
  20.933   8.933   0.35249378E-01   0.99912278E-06   0.00000000E+00   0.99912278E-06
  20.950   8.950   0.35256539E-01   0.99301045E-06   0.00000000E+00   0.99301045E-06
  20.967   8.967   0.35263467E-01   0.98688517E-06   0.00000000E+00   0.98688517E-06
