        RT(hours)           [LVOC]         L_R_33           P_R_31           tot_loss         tot_prod
  12.017   0.017   0.46877207E-11   0.30938950E-13   0.40857425E-12   0.30938957E-13   0.40857425E-12
  12.033   0.033   0.12513439E-09   0.82588697E-12   0.53785319E-11   0.82588701E-12   0.53785319E-11
  12.050   0.050   0.68251188E-09   0.45045783E-11   0.19284718E-10   0.45045784E-11   0.19284718E-10
  12.067   0.067   0.19924271E-08   0.13150019E-10   0.42238160E-10   0.13150019E-10   0.42238160E-10
  12.083   0.083   0.42140729E-08   0.27812881E-10   0.72612355E-10   0.27812881E-10   0.72612355E-10
  12.100   0.100   0.73785508E-08   0.48698435E-10   0.10909898E-09   0.48698435E-10   0.10909898E-09
  12.117   0.117   0.11462124E-07   0.75650020E-10   0.15112991E-09   0.75650020E-10   0.15112991E-09
  12.133   0.133   0.16436545E-07   0.10848120E-09   0.19868962E-09   0.10848120E-09   0.19868962E-09
  12.150   0.150   0.22291225E-07   0.14712209E-09   0.25207782E-09   0.14712209E-09   0.25207782E-09
  12.167   0.167   0.29038568E-07   0.19165455E-09   0.31175558E-09   0.19165455E-09   0.31175558E-09
  12.183   0.183   0.36712089E-07   0.24229979E-09   0.37826653E-09   0.24229979E-09   0.37826653E-09
  12.200   0.200   0.45362558E-07   0.29939289E-09   0.45220261E-09   0.29939289E-09   0.45220261E-09
  12.217   0.217   0.55054383E-07   0.36335892E-09   0.53419246E-09   0.36335893E-09   0.53419246E-09
  12.233   0.233   0.65862894E-07   0.43469510E-09   0.62489977E-09   0.43469510E-09   0.62489977E-09
  12.250   0.250   0.77872565E-07   0.51395893E-09   0.72502554E-09   0.51395893E-09   0.72502554E-09
  12.267   0.267   0.91175954E-07   0.60176129E-09   0.83531164E-09   0.60176129E-09   0.83531164E-09
  12.283   0.283   0.10587318E-06   0.69876299E-09   0.95654448E-09   0.69876299E-09   0.95654448E-09
  12.300   0.300   0.12207175E-06   0.80567352E-09   0.10895586E-08   0.80567352E-09   0.10895586E-08
  12.317   0.317   0.13988659E-06   0.92325146E-09   0.12352398E-08   0.92325146E-09   0.12352398E-08
  12.333   0.333   0.15944026E-06   0.10523057E-08   0.13945289E-08   0.10523057E-08   0.13945289E-08
  12.350   0.350   0.18086326E-06   0.11936975E-08   0.15684244E-08   0.11936975E-08   0.15684244E-08
  12.367   0.367   0.20429432E-06   0.13483425E-08   0.17579858E-08   0.13483425E-08   0.17579858E-08
  12.383   0.383   0.22988087E-06   0.15172137E-08   0.19643372E-08   0.15172138E-08   0.19643372E-08
  12.400   0.400   0.25777942E-06   0.17013442E-08   0.21886701E-08   0.17013442E-08   0.21886701E-08
  12.417   0.417   0.28815604E-06   0.19018298E-08   0.24322472E-08   0.19018298E-08   0.24322472E-08
  12.433   0.433   0.32118681E-06   0.21198329E-08   0.26964061E-08   0.21198329E-08   0.26964061E-08
  12.450   0.450   0.35705836E-06   0.23565852E-08   0.29825624E-08   0.23565852E-08   0.29825624E-08
  12.467   0.467   0.39596837E-06   0.26133912E-08   0.32922142E-08   0.26133912E-08   0.32922142E-08
  12.483   0.483   0.43812611E-06   0.28916323E-08   0.36269454E-08   0.28916323E-08   0.36269454E-08
  12.500   0.500   0.48375301E-06   0.31927698E-08   0.39884302E-08   0.31927698E-08   0.39884302E-08
  12.517   0.517   0.53308322E-06   0.35183493E-08   0.43784372E-08   0.35183493E-08   0.43784372E-08
  12.533   0.533   0.58636426E-06   0.38700041E-08   0.47988333E-08   0.38700041E-08   0.47988333E-08
  12.550   0.550   0.64385755E-06   0.42494598E-08   0.52515888E-08   0.42494598E-08   0.52515888E-08
  12.567   0.567   0.70583915E-06   0.46585384E-08   0.57387813E-08   0.46585384E-08   0.57387813E-08
  12.583   0.583   0.77260032E-06   0.50991621E-08   0.62626007E-08   0.50991621E-08   0.62626007E-08
  12.600   0.600   0.84444824E-06   0.55733584E-08   0.68253536E-08   0.55733584E-08   0.68253536E-08
  12.617   0.617   0.92170671E-06   0.60832643E-08   0.74294686E-08   0.60832643E-08   0.74294686E-08
  12.633   0.633   0.10047168E-05   0.66311307E-08   0.80775006E-08   0.66311307E-08   0.80775006E-08
  12.650   0.650   0.10938375E-05   0.72193277E-08   0.87721364E-08   0.72193277E-08   0.87721364E-08
  12.667   0.667   0.11894468E-05   0.78503487E-08   0.95161992E-08   0.78503487E-08   0.95161992E-08
  12.683   0.683   0.12919418E-05   0.85268158E-08   0.10312654E-07   0.85268158E-08   0.10312654E-07
  12.700   0.700   0.14017401E-05   0.92514845E-08   0.11164612E-07   0.92514845E-08   0.11164612E-07
  12.717   0.717   0.15192801E-05   0.10027249E-07   0.12075338E-07   0.10027249E-07   0.12075338E-07
  12.733   0.733   0.16450220E-05   0.10857145E-07   0.13048251E-07   0.10857145E-07   0.13048251E-07
  12.750   0.750   0.17794484E-05   0.11744360E-07   0.14086935E-07   0.11744360E-07   0.14086935E-07
  12.767   0.767   0.19230653E-05   0.12692231E-07   0.15195139E-07   0.12692231E-07   0.15195139E-07
  12.783   0.783   0.20764025E-05   0.13704257E-07   0.16376785E-07   0.13704257E-07   0.16376785E-07
  12.800   0.800   0.22400147E-05   0.14784097E-07   0.17635972E-07   0.14784097E-07   0.17635972E-07
  12.817   0.817   0.24144818E-05   0.15935580E-07   0.18976979E-07   0.15935580E-07   0.18976979E-07
  12.833   0.833   0.26004102E-05   0.17162707E-07   0.20404274E-07   0.17162707E-07   0.20404274E-07
  12.850   0.850   0.27984330E-05   0.18469658E-07   0.21922513E-07   0.18469658E-07   0.21922513E-07
  12.867   0.867   0.30092110E-05   0.19860793E-07   0.23536548E-07   0.19860793E-07   0.23536548E-07
  12.883   0.883   0.32334331E-05   0.21340659E-07   0.25251429E-07   0.21340659E-07   0.25251429E-07
  12.900   0.900   0.34718172E-05   0.22913993E-07   0.27072408E-07   0.22913993E-07   0.27072408E-07
  12.917   0.917   0.37251103E-05   0.24585728E-07   0.29004943E-07   0.24585728E-07   0.29004943E-07
  12.933   0.933   0.39940897E-05   0.26360992E-07   0.31054701E-07   0.26360992E-07   0.31054701E-07
  12.950   0.950   0.42795630E-05   0.28245116E-07   0.33227557E-07   0.28245116E-07   0.33227557E-07
  12.967   0.967   0.45823687E-05   0.30243633E-07   0.35529601E-07   0.30243633E-07   0.35529601E-07
  12.983   0.983   0.49033765E-05   0.32362285E-07   0.37967138E-07   0.32362285E-07   0.37967138E-07
  13.000   1.000   0.52434879E-05   0.34607020E-07   0.40546686E-07   0.34607020E-07   0.40546686E-07
  13.017   1.017   0.56036358E-05   0.36983996E-07   0.43274981E-07   0.36983996E-07   0.43274981E-07
  13.033   1.033   0.59847854E-05   0.39499583E-07   0.46158973E-07   0.39499583E-07   0.46158973E-07
  13.050   1.050   0.63879337E-05   0.42160363E-07   0.49205828E-07   0.42160363E-07   0.49205828E-07
  13.067   1.067   0.68141101E-05   0.44973127E-07   0.52422924E-07   0.44973127E-07   0.52422924E-07
  13.083   1.083   0.72643755E-05   0.47944878E-07   0.55817852E-07   0.47944878E-07   0.55817852E-07
  13.100   1.100   0.77398227E-05   0.51082830E-07   0.59398409E-07   0.51082830E-07   0.59398409E-07
  13.117   1.117   0.82415758E-05   0.54394400E-07   0.63172597E-07   0.54394400E-07   0.63172597E-07
  13.133   1.133   0.87707901E-05   0.57887214E-07   0.67148619E-07   0.57887214E-07   0.67148619E-07
  13.150   1.150   0.93286509E-05   0.61569096E-07   0.71334870E-07   0.61569096E-07   0.71334870E-07
  13.167   1.167   0.99163738E-05   0.65448067E-07   0.75739936E-07   0.65448067E-07   0.75739936E-07
  13.183   1.183   0.10535203E-04   0.69532338E-07   0.80372582E-07   0.69532338E-07   0.80372582E-07
  13.200   1.200   0.11186410E-04   0.73830308E-07   0.85241746E-07   0.73830309E-07   0.85241746E-07
  13.217   1.217   0.11871296E-04   0.78350553E-07   0.90356531E-07   0.78350553E-07   0.90356531E-07
  13.233   1.233   0.12591185E-04   0.83101818E-07   0.95726193E-07   0.83101818E-07   0.95726193E-07
  13.250   1.250   0.13347426E-04   0.88093012E-07   0.10136013E-06   0.88093012E-07   0.10136013E-06
  13.267   1.267   0.14141393E-04   0.93333195E-07   0.10726789E-06   0.93333196E-07   0.10726789E-06
  13.283   1.283   0.14974481E-04   0.98831572E-07   0.11345911E-06   0.98831573E-07   0.11345911E-06
  13.300   1.300   0.15848103E-04   0.10459748E-06   0.11994355E-06   0.10459748E-06   0.11994355E-06
  13.317   1.317   0.16763691E-04   0.11064036E-06   0.12673107E-06   0.11064036E-06   0.12673107E-06
  13.333   1.333   0.17722695E-04   0.11696979E-06   0.13383159E-06   0.11696979E-06   0.13383159E-06
  13.350   1.350   0.18726576E-04   0.12359540E-06   0.14125511E-06   0.12359540E-06   0.14125511E-06
  13.367   1.367   0.19776809E-04   0.13052694E-06   0.14901168E-06   0.13052694E-06   0.14901168E-06
  13.383   1.383   0.20874878E-04   0.13777419E-06   0.15711135E-06   0.13777419E-06   0.15711135E-06
  13.400   1.400   0.22022273E-04   0.14534700E-06   0.16556421E-06   0.14534700E-06   0.16556421E-06
  13.417   1.417   0.23220491E-04   0.15325524E-06   0.17438034E-06   0.15325524E-06   0.17438034E-06
  13.433   1.433   0.24471028E-04   0.16150878E-06   0.18356978E-06   0.16150878E-06   0.18356978E-06
  13.450   1.450   0.25775382E-04   0.17011752E-06   0.19314255E-06   0.17011752E-06   0.19314255E-06
  13.467   1.467   0.27135046E-04   0.17909130E-06   0.20310860E-06   0.17909131E-06   0.20310860E-06
  13.483   1.483   0.28551509E-04   0.18843996E-06   0.21347779E-06   0.18843996E-06   0.21347779E-06
  13.500   1.500   0.30026249E-04   0.19817324E-06   0.22425990E-06   0.19817325E-06   0.22425990E-06
  13.517   1.517   0.31560733E-04   0.20830084E-06   0.23546456E-06   0.20830084E-06   0.23546456E-06
  13.533   1.533   0.33156414E-04   0.21883233E-06   0.24710130E-06   0.21883233E-06   0.24710130E-06
  13.550   1.550   0.34814725E-04   0.22977719E-06   0.25917947E-06   0.22977719E-06   0.25917947E-06
  13.567   1.567   0.36537081E-04   0.24114474E-06   0.27170824E-06   0.24114474E-06   0.27170824E-06
  13.583   1.583   0.38324873E-04   0.25294416E-06   0.28469660E-06   0.25294416E-06   0.28469660E-06
  13.600   1.600   0.40179465E-04   0.26518447E-06   0.29815331E-06   0.26518447E-06   0.29815331E-06
  13.617   1.617   0.42102191E-04   0.27787446E-06   0.31208691E-06   0.27787446E-06   0.31208691E-06
  13.633   1.633   0.44094356E-04   0.29102275E-06   0.32650568E-06   0.29102275E-06   0.32650568E-06
  13.650   1.650   0.46157227E-04   0.30463770E-06   0.34141764E-06   0.30463770E-06   0.34141764E-06
  13.667   1.667   0.48292035E-04   0.31872743E-06   0.35683053E-06   0.31872743E-06   0.35683053E-06
  13.683   1.683   0.50499971E-04   0.33329981E-06   0.37275179E-06   0.33329981E-06   0.37275179E-06
  13.700   1.700   0.52782183E-04   0.34836241E-06   0.38918854E-06   0.34836241E-06   0.38918854E-06
  13.717   1.717   0.55139774E-04   0.36392251E-06   0.40614757E-06   0.36392251E-06   0.40614757E-06
  13.733   1.733   0.57573801E-04   0.37998709E-06   0.42363534E-06   0.37998709E-06   0.42363534E-06
  13.750   1.750   0.60085269E-04   0.39656278E-06   0.44165796E-06   0.39656278E-06   0.44165796E-06
  13.767   1.767   0.62675134E-04   0.41365588E-06   0.46022115E-06   0.41365589E-06   0.46022115E-06
  13.783   1.783   0.65344296E-04   0.43127236E-06   0.47933029E-06   0.43127236E-06   0.47933029E-06
  13.800   1.800   0.68093602E-04   0.44941778E-06   0.49899033E-06   0.44941778E-06   0.49899033E-06
  13.817   1.817   0.70923841E-04   0.46809735E-06   0.51920588E-06   0.46809735E-06   0.51920588E-06
  13.833   1.833   0.73835742E-04   0.48731590E-06   0.53998112E-06   0.48731590E-06   0.53998112E-06
  13.850   1.850   0.76829978E-04   0.50707785E-06   0.56131981E-06   0.50707785E-06   0.56131981E-06
  13.867   1.867   0.79907156E-04   0.52738723E-06   0.58322532E-06   0.52738723E-06   0.58322532E-06
  13.883   1.883   0.83067826E-04   0.54824765E-06   0.60570062E-06   0.54824765E-06   0.60570062E-06
  13.900   1.900   0.86312471E-04   0.56966231E-06   0.62874821E-06   0.56966231E-06   0.62874821E-06
  13.917   1.917   0.89641514E-04   0.59163399E-06   0.65237023E-06   0.59163399E-06   0.65237023E-06
  13.933   1.933   0.93055311E-04   0.61416505E-06   0.67656835E-06   0.61416505E-06   0.67656835E-06
  13.950   1.950   0.96554155E-04   0.63725742E-06   0.70134386E-06   0.63725742E-06   0.70134386E-06
  13.967   1.967   0.10013828E-03   0.66091262E-06   0.72669760E-06   0.66091262E-06   0.72669760E-06
  13.983   1.983   0.10380784E-03   0.68513171E-06   0.75263002E-06   0.68513172E-06   0.75263002E-06
  14.000   2.000   0.10756294E-03   0.70991537E-06   0.77914113E-06   0.70991537E-06   0.77914113E-06
  14.017   2.017   0.11140355E-03   0.73526345E-06   0.80623151E-06   0.73526345E-06   0.80623151E-06
  14.033   2.033   0.11532931E-03   0.76117346E-06   0.83389846E-06   0.76117346E-06   0.83389846E-06
  14.050   2.050   0.11933968E-03   0.78764187E-06   0.86213846E-06   0.78764187E-06   0.86213846E-06
  14.067   2.067   0.12343408E-03   0.81466492E-06   0.89094834E-06   0.81466492E-06   0.89094834E-06
  14.083   2.083   0.12761194E-03   0.84223878E-06   0.92032500E-06   0.84223878E-06   0.92032500E-06
  14.100   2.100   0.13187265E-03   0.87035948E-06   0.95026522E-06   0.87035948E-06   0.95026522E-06
  14.117   2.117   0.13621560E-03   0.89902295E-06   0.98076564E-06   0.89902295E-06   0.98076564E-06
  14.133   2.133   0.14064015E-03   0.92822496E-06   0.10118227E-05   0.92822496E-06   0.10118227E-05
  14.150   2.150   0.14514562E-03   0.95796109E-06   0.10434326E-05   0.95796110E-06   0.10434326E-05
  14.167   2.167   0.14973132E-03   0.98822674E-06   0.10755914E-05   0.98822674E-06   0.10755914E-05
  14.183   2.183   0.15439652E-03   0.10190171E-05   0.11082949E-05   0.10190171E-05   0.11082949E-05
  14.200   2.200   0.15914045E-03   0.10503270E-05   0.11415388E-05   0.10503270E-05   0.11415388E-05
  14.217   2.217   0.16396232E-03   0.10821513E-05   0.11753186E-05   0.10821513E-05   0.11753186E-05
  14.233   2.233   0.16886129E-03   0.11144845E-05   0.12096295E-05   0.11144845E-05   0.12096295E-05
  14.250   2.250   0.17383651E-03   0.11473210E-05   0.12444668E-05   0.11473210E-05   0.12444668E-05
  14.267   2.267   0.17888711E-03   0.11806549E-05   0.12798258E-05   0.11806549E-05   0.12798258E-05
  14.283   2.283   0.18401219E-03   0.12144805E-05   0.13157014E-05   0.12144805E-05   0.13157014E-05
  14.300   2.300   0.18921084E-03   0.12487916E-05   0.13520887E-05   0.12487916E-05   0.13520887E-05
  14.317   2.317   0.19448215E-03   0.12835822E-05   0.13889830E-05   0.12835822E-05   0.13889830E-05
  14.333   2.333   0.19982519E-03   0.13188463E-05   0.14263793E-05   0.13188463E-05   0.14263793E-05
  14.350   2.350   0.20523906E-03   0.13545778E-05   0.14642729E-05   0.13545778E-05   0.14642729E-05
  14.367   2.367   0.21072285E-03   0.13907708E-05   0.15026594E-05   0.13907708E-05   0.15026594E-05
  14.383   2.383   0.21627571E-03   0.14274197E-05   0.15415344E-05   0.14274197E-05   0.15415344E-05
  14.400   2.400   0.22189679E-03   0.14645188E-05   0.15808941E-05   0.14645188E-05   0.15808941E-05
  14.417   2.417   0.22758532E-03   0.15020631E-05   0.16207346E-05   0.15020631E-05   0.16207346E-05
  14.433   2.433   0.23334056E-03   0.15400477E-05   0.16610531E-05   0.15400477E-05   0.16610531E-05
  14.450   2.450   0.23916188E-03   0.15784684E-05   0.17018467E-05   0.15784684E-05   0.17018467E-05
  14.467   2.467   0.24504871E-03   0.16173215E-05   0.17431135E-05   0.16173215E-05   0.17431135E-05
  14.483   2.483   0.25100061E-03   0.16566040E-05   0.17848522E-05   0.16566040E-05   0.17848522E-05
  14.500   2.500   0.25701725E-03   0.16963139E-05   0.18270624E-05   0.16963139E-05   0.18270624E-05
  14.517   2.517   0.26309845E-03   0.17364498E-05   0.18697444E-05   0.17364498E-05   0.18697444E-05
  14.533   2.533   0.26924418E-03   0.17770116E-05   0.19128996E-05   0.17770116E-05   0.19128996E-05
  14.550   2.550   0.27545460E-03   0.18180004E-05   0.19565305E-05   0.18180004E-05   0.19565305E-05
  14.567   2.567   0.28173006E-03   0.18594184E-05   0.20006407E-05   0.18594184E-05   0.20006407E-05
  14.583   2.583   0.28807113E-03   0.19012694E-05   0.20452353E-05   0.19012694E-05   0.20452353E-05
  14.600   2.600   0.29447859E-03   0.19435587E-05   0.20903204E-05   0.19435587E-05   0.20903204E-05
  14.617   2.617   0.30095349E-03   0.19862930E-05   0.21359037E-05   0.19862930E-05   0.21359037E-05
  14.633   2.633   0.30749712E-03   0.20294810E-05   0.21819944E-05   0.20294810E-05   0.21819944E-05
  14.650   2.650   0.31411105E-03   0.20731329E-05   0.22286030E-05   0.20731329E-05   0.22286030E-05
  14.667   2.667   0.32079710E-03   0.21172609E-05   0.22757416E-05   0.21172609E-05   0.22757416E-05
  14.683   2.683   0.32755740E-03   0.21618788E-05   0.23234238E-05   0.21618788E-05   0.23234238E-05
  14.700   2.700   0.33439430E-03   0.22070024E-05   0.23716645E-05   0.22070024E-05   0.23716645E-05
  14.717   2.717   0.34131045E-03   0.22526490E-05   0.24204802E-05   0.22526490E-05   0.24204802E-05
  14.733   2.733   0.34830874E-03   0.22988377E-05   0.24698883E-05   0.22988377E-05   0.24698883E-05
  14.750   2.750   0.35539228E-03   0.23455891E-05   0.25199077E-05   0.23455891E-05   0.25199077E-05
  14.767   2.767   0.36256439E-03   0.23929250E-05   0.25705581E-05   0.23929250E-05   0.25705581E-05
  14.783   2.783   0.36982856E-03   0.24408685E-05   0.26218600E-05   0.24408685E-05   0.26218600E-05
  14.800   2.800   0.37718842E-03   0.24894436E-05   0.26738344E-05   0.24894436E-05   0.26738344E-05
  14.817   2.817   0.38464772E-03   0.25386750E-05   0.27265030E-05   0.25386750E-05   0.27265030E-05
  14.833   2.833   0.39221026E-03   0.25885877E-05   0.27798872E-05   0.25885877E-05   0.27798872E-05
  14.850   2.850   0.39987985E-03   0.26392070E-05   0.28340086E-05   0.26392070E-05   0.28340086E-05
  14.867   2.867   0.40766031E-03   0.26905580E-05   0.28888884E-05   0.26905580E-05   0.28888884E-05
  14.883   2.883   0.41555537E-03   0.27426654E-05   0.29445473E-05   0.27426654E-05   0.29445473E-05
  14.900   2.900   0.42356868E-03   0.27955533E-05   0.30010052E-05   0.27955533E-05   0.30010052E-05
  14.917   2.917   0.43170373E-03   0.28492446E-05   0.30582808E-05   0.28492446E-05   0.30582808E-05
  14.933   2.933   0.43996385E-03   0.29037614E-05   0.31163921E-05   0.29037614E-05   0.31163921E-05
  14.950   2.950   0.44835215E-03   0.29591242E-05   0.31753553E-05   0.29591242E-05   0.31753553E-05
  14.967   2.967   0.45687154E-03   0.30153522E-05   0.32351855E-05   0.30153522E-05   0.32351855E-05
  14.983   2.983   0.46552464E-03   0.30724626E-05   0.32958961E-05   0.30724626E-05   0.32958961E-05
  15.000   3.000   0.47431382E-03   0.31304712E-05   0.33574990E-05   0.31304712E-05   0.33574990E-05
  15.017   3.017   0.48324118E-03   0.31893918E-05   0.34200041E-05   0.31893918E-05   0.34200041E-05
  15.033   3.033   0.49230851E-03   0.32492362E-05   0.34834200E-05   0.32492362E-05   0.34834200E-05
  15.050   3.050   0.50151734E-03   0.33100144E-05   0.35477533E-05   0.33100144E-05   0.35477533E-05
  15.067   3.067   0.51086888E-03   0.33717346E-05   0.36130091E-05   0.33717346E-05   0.36130091E-05
  15.083   3.083   0.52036408E-03   0.34344029E-05   0.36791906E-05   0.34344029E-05   0.36791906E-05
  15.100   3.100   0.53000360E-03   0.34980237E-05   0.37462996E-05   0.34980237E-05   0.37462996E-05
  15.117   3.117   0.53978783E-03   0.35625996E-05   0.38143362E-05   0.35625996E-05   0.38143362E-05
  15.133   3.133   0.54971691E-03   0.36281316E-05   0.38832991E-05   0.36281316E-05   0.38832991E-05
  15.150   3.150   0.55979073E-03   0.36946188E-05   0.39531855E-05   0.36946188E-05   0.39531855E-05
  15.167   3.167   0.57000896E-03   0.37620591E-05   0.40239913E-05   0.37620591E-05   0.40239913E-05
  15.183   3.183   0.58037104E-03   0.38304489E-05   0.40957112E-05   0.38304489E-05   0.40957112E-05
  15.200   3.200   0.59087621E-03   0.38997830E-05   0.41683386E-05   0.38997830E-05   0.41683386E-05
  15.217   3.217   0.60152352E-03   0.39700552E-05   0.42418659E-05   0.39700552E-05   0.42418659E-05
  15.233   3.233   0.61231185E-03   0.40412582E-05   0.43162845E-05   0.40412582E-05   0.43162845E-05
  15.250   3.250   0.62323993E-03   0.41133835E-05   0.43915847E-05   0.41133835E-05   0.43915847E-05
  15.267   3.267   0.63430631E-03   0.41864216E-05   0.44677561E-05   0.41864216E-05   0.44677561E-05
  15.283   3.283   0.64550944E-03   0.42603623E-05   0.45447876E-05   0.42603623E-05   0.45447876E-05
  15.300   3.300   0.65684763E-03   0.43351944E-05   0.46226673E-05   0.43351944E-05   0.46226673E-05
  15.317   3.317   0.66831909E-03   0.44109060E-05   0.47013825E-05   0.44109060E-05   0.47013825E-05
  15.333   3.333   0.67992191E-03   0.44874846E-05   0.47809201E-05   0.44874846E-05   0.47809201E-05
  15.350   3.350   0.69165412E-03   0.45649172E-05   0.48612665E-05   0.45649172E-05   0.48612665E-05
  15.367   3.367   0.70351363E-03   0.46431900E-05   0.49424074E-05   0.46431900E-05   0.49424074E-05
  15.383   3.383   0.71549831E-03   0.47222889E-05   0.50243285E-05   0.47222889E-05   0.50243285E-05
  15.400   3.400   0.72760596E-03   0.48021993E-05   0.51070146E-05   0.48021993E-05   0.51070146E-05
  15.417   3.417   0.73983431E-03   0.48829064E-05   0.51904505E-05   0.48829064E-05   0.51904505E-05
  15.433   3.433   0.75218104E-03   0.49643949E-05   0.52746207E-05   0.49643949E-05   0.52746207E-05
  15.450   3.450   0.76464380E-03   0.50466491E-05   0.53595093E-05   0.50466491E-05   0.53595093E-05
  15.467   3.467   0.77722018E-03   0.51296532E-05   0.54451002E-05   0.51296532E-05   0.54451002E-05
  15.483   3.483   0.78990777E-03   0.52133913E-05   0.55313773E-05   0.52133913E-05   0.55313773E-05
  15.500   3.500   0.80270408E-03   0.52978469E-05   0.56183240E-05   0.52978469E-05   0.56183240E-05
  15.517   3.517   0.81560664E-03   0.53830038E-05   0.57059238E-05   0.53830038E-05   0.57059238E-05
  15.533   3.533   0.82861293E-03   0.54688453E-05   0.57941600E-05   0.54688453E-05   0.57941600E-05
  15.550   3.550   0.84172043E-03   0.55553548E-05   0.58830158E-05   0.55553548E-05   0.58830158E-05
  15.567   3.567   0.85492659E-03   0.56425155E-05   0.59724743E-05   0.56425155E-05   0.59724743E-05
  15.583   3.583   0.86822886E-03   0.57303105E-05   0.60625186E-05   0.57303105E-05   0.60625186E-05
  15.600   3.600   0.88162467E-03   0.58187228E-05   0.61531317E-05   0.58187228E-05   0.61531317E-05
  15.617   3.617   0.89511145E-03   0.59077356E-05   0.62442966E-05   0.59077356E-05   0.62442966E-05
  15.633   3.633   0.90868662E-03   0.59973317E-05   0.63359961E-05   0.59973317E-05   0.63359961E-05
  15.650   3.650   0.92234760E-03   0.60874942E-05   0.64282132E-05   0.60874942E-05   0.64282132E-05
  15.667   3.667   0.93609181E-03   0.61782060E-05   0.65209310E-05   0.61782060E-05   0.65209310E-05
  15.683   3.683   0.94991667E-03   0.62694500E-05   0.66141323E-05   0.62694500E-05   0.66141323E-05
  15.700   3.700   0.96381959E-03   0.63612093E-05   0.67078000E-05   0.63612093E-05   0.67078000E-05
  15.717   3.717   0.97779799E-03   0.64534668E-05   0.68019173E-05   0.64534668E-05   0.68019173E-05
  15.733   3.733   0.99184931E-03   0.65462054E-05   0.68964671E-05   0.65462054E-05   0.68964671E-05
  15.750   3.750   0.10059710E-02   0.66394084E-05   0.69914325E-05   0.66394084E-05   0.69914325E-05
  15.767   3.767   0.10201604E-02   0.67330587E-05   0.70867966E-05   0.67330587E-05   0.70867966E-05
  15.783   3.783   0.10344151E-02   0.68271395E-05   0.71825427E-05   0.68271395E-05   0.71825427E-05
  15.800   3.800   0.10487324E-02   0.69216340E-05   0.72786539E-05   0.69216340E-05   0.72786539E-05
  15.817   3.817   0.10631099E-02   0.70165254E-05   0.73751136E-05   0.70165254E-05   0.73751136E-05
  15.833   3.833   0.10775450E-02   0.71117970E-05   0.74719051E-05   0.71117970E-05   0.74719051E-05
  15.850   3.850   0.10920352E-02   0.72074322E-05   0.75690120E-05   0.72074322E-05   0.75690120E-05
  15.867   3.867   0.11065779E-02   0.73034145E-05   0.76664177E-05   0.73034145E-05   0.76664177E-05
  15.883   3.883   0.11211708E-02   0.73997273E-05   0.77641059E-05   0.73997273E-05   0.77641059E-05
  15.900   3.900   0.11358113E-02   0.74963544E-05   0.78620603E-05   0.74963544E-05   0.78620603E-05
  15.917   3.917   0.11504969E-02   0.75932793E-05   0.79602646E-05   0.75932793E-05   0.79602646E-05
  15.933   3.933   0.11652251E-02   0.76904859E-05   0.80587028E-05   0.76904859E-05   0.80587028E-05
  15.950   3.950   0.11799936E-02   0.77879579E-05   0.81573589E-05   0.77879579E-05   0.81573589E-05
  15.967   3.967   0.11947999E-02   0.78856795E-05   0.82562168E-05   0.78856795E-05   0.82562168E-05
  15.983   3.983   0.12096416E-02   0.79836345E-05   0.83552609E-05   0.79836345E-05   0.83552609E-05
  16.000   4.000   0.12245162E-02   0.80818072E-05   0.84544754E-05   0.80818072E-05   0.84544754E-05
  16.017   4.017   0.12394199E-02   0.81801714E-05   0.85537547E-05   0.81801714E-05   0.85537547E-05
  16.033   4.033   0.12543437E-02   0.82786687E-05   0.86530002E-05   0.82786687E-05   0.86530002E-05
  16.050   4.050   0.12692801E-02   0.83772485E-05   0.87522003E-05   0.83772485E-05   0.87522003E-05
  16.067   4.067   0.12842231E-02   0.84758726E-05   0.88513437E-05   0.84758726E-05   0.88513437E-05
  16.083   4.083   0.12991684E-02   0.85745116E-05   0.89504192E-05   0.85745116E-05   0.89504192E-05
  16.100   4.100   0.13141124E-02   0.86731417E-05   0.90494156E-05   0.86731417E-05   0.90494156E-05
  16.117   4.117   0.13290520E-02   0.87717429E-05   0.91483210E-05   0.87717429E-05   0.91483210E-05
  16.133   4.133   0.13439845E-02   0.88702978E-05   0.92471238E-05   0.88702978E-05   0.92471238E-05
  16.150   4.150   0.13589076E-02   0.89687904E-05   0.93458118E-05   0.89687904E-05   0.93458118E-05
  16.167   4.167   0.13741287E-02   0.90692497E-05   0.94451784E-05   0.90692497E-05   0.94451784E-05
  16.183   4.183   0.13898292E-02   0.91728727E-05   0.95463265E-05   0.91728727E-05   0.95463265E-05
  16.200   4.200   0.14058036E-02   0.92783039E-05   0.96488255E-05   0.92783039E-05   0.96488255E-05
  16.217   4.217   0.14219355E-02   0.93847742E-05   0.97522489E-05   0.93847742E-05   0.97522489E-05
  16.233   4.233   0.14381541E-02   0.94918169E-05   0.98562841E-05   0.94918169E-05   0.98562841E-05
  16.250   4.250   0.14544144E-02   0.95991348E-05   0.99606991E-05   0.95991348E-05   0.99606991E-05
  16.267   4.267   0.14706863E-02   0.97065296E-05   0.10065316E-04   0.97065296E-05   0.10065316E-04
  16.283   4.283   0.14869489E-02   0.98138628E-05   0.10169996E-04   0.98138628E-05   0.10169996E-04
  16.300   4.300   0.15031869E-02   0.99210335E-05   0.10274625E-04   0.99210335E-05   0.10274625E-04
  16.317   4.317   0.15193885E-02   0.10027964E-04   0.10379112E-04   0.10027964E-04   0.10379112E-04
  16.333   4.333   0.15355445E-02   0.10134594E-04   0.10483379E-04   0.10134594E-04   0.10483379E-04
  16.350   4.350   0.15516471E-02   0.10240871E-04   0.10587361E-04   0.10240871E-04   0.10587361E-04
  16.367   4.367   0.15676898E-02   0.10346753E-04   0.10691003E-04   0.10346753E-04   0.10691003E-04
  16.383   4.383   0.15836670E-02   0.10452202E-04   0.10794256E-04   0.10452202E-04   0.10794256E-04
  16.400   4.400   0.15995737E-02   0.10557186E-04   0.10897078E-04   0.10557186E-04   0.10897078E-04
  16.417   4.417   0.16154053E-02   0.10661675E-04   0.10999432E-04   0.10661675E-04   0.10999432E-04
  16.433   4.433   0.16311579E-02   0.10765642E-04   0.11101284E-04   0.10765642E-04   0.11101284E-04
  16.450   4.450   0.16468277E-02   0.10869063E-04   0.11202606E-04   0.10869063E-04   0.11202606E-04
  16.467   4.467   0.16624114E-02   0.10971915E-04   0.11303370E-04   0.10971915E-04   0.11303370E-04
  16.483   4.483   0.16779058E-02   0.11074178E-04   0.11403553E-04   0.11074178E-04   0.11403553E-04
  16.500   4.500   0.16933082E-02   0.11175834E-04   0.11503133E-04   0.11175834E-04   0.11503133E-04
  16.517   4.517   0.17086158E-02   0.11276864E-04   0.11602091E-04   0.11276864E-04   0.11602091E-04
  16.533   4.533   0.17238263E-02   0.11377253E-04   0.11700408E-04   0.11377253E-04   0.11700408E-04
  16.550   4.550   0.17389373E-02   0.11476986E-04   0.11798069E-04   0.11476986E-04   0.11798069E-04
  16.567   4.567   0.17539468E-02   0.11576049E-04   0.11895058E-04   0.11576049E-04   0.11895058E-04
  16.583   4.583   0.17688527E-02   0.11674428E-04   0.11991362E-04   0.11674428E-04   0.11991362E-04
  16.600   4.600   0.17836534E-02   0.11772112E-04   0.12086967E-04   0.11772112E-04   0.12086967E-04
  16.617   4.617   0.17983470E-02   0.11869090E-04   0.12181862E-04   0.11869090E-04   0.12181862E-04
  16.633   4.633   0.18129320E-02   0.11965351E-04   0.12276035E-04   0.11965351E-04   0.12276035E-04
  16.650   4.650   0.18274070E-02   0.12060886E-04   0.12369478E-04   0.12060886E-04   0.12369478E-04
  16.667   4.667   0.18417704E-02   0.12155685E-04   0.12462179E-04   0.12155685E-04   0.12462179E-04
  16.683   4.683   0.18560211E-02   0.12249739E-04   0.12554131E-04   0.12249739E-04   0.12554131E-04
  16.700   4.700   0.18701578E-02   0.12343042E-04   0.12645326E-04   0.12343042E-04   0.12645326E-04
  16.717   4.717   0.18841795E-02   0.12435584E-04   0.12735756E-04   0.12435584E-04   0.12735756E-04
  16.733   4.733   0.18980849E-02   0.12527360E-04   0.12825413E-04   0.12527360E-04   0.12825413E-04
  16.750   4.750   0.19118732E-02   0.12618363E-04   0.12914292E-04   0.12618363E-04   0.12914292E-04
  16.767   4.767   0.19255435E-02   0.12708587E-04   0.13002385E-04   0.12708587E-04   0.13002385E-04
  16.783   4.783   0.19390947E-02   0.12798025E-04   0.13089689E-04   0.12798025E-04   0.13089689E-04
  16.800   4.800   0.19525263E-02   0.12886673E-04   0.13176196E-04   0.12886673E-04   0.13176196E-04
  16.817   4.817   0.19658373E-02   0.12974526E-04   0.13261903E-04   0.12974526E-04   0.13261903E-04
  16.833   4.833   0.19790270E-02   0.13061578E-04   0.13346804E-04   0.13061578E-04   0.13346804E-04
  16.850   4.850   0.19920949E-02   0.13147826E-04   0.13430895E-04   0.13147826E-04   0.13430895E-04
  16.867   4.867   0.20050402E-02   0.13233266E-04   0.13514173E-04   0.13233266E-04   0.13514173E-04
  16.883   4.883   0.20178625E-02   0.13317892E-04   0.13596634E-04   0.13317892E-04   0.13596634E-04
  16.900   4.900   0.20305611E-02   0.13401703E-04   0.13678273E-04   0.13401703E-04   0.13678273E-04
  16.917   4.917   0.20431356E-02   0.13484695E-04   0.13759089E-04   0.13484695E-04   0.13759089E-04
  16.933   4.933   0.20555854E-02   0.13566864E-04   0.13839077E-04   0.13566864E-04   0.13839077E-04
  16.950   4.950   0.20679103E-02   0.13648208E-04   0.13918236E-04   0.13648208E-04   0.13918236E-04
  16.967   4.967   0.20801096E-02   0.13728724E-04   0.13996562E-04   0.13728724E-04   0.13996562E-04
  16.983   4.983   0.20921832E-02   0.13808409E-04   0.14074054E-04   0.13808409E-04   0.14074054E-04
  17.000   5.000   0.21041305E-02   0.13887262E-04   0.14150709E-04   0.13887262E-04   0.14150709E-04
  17.017   5.017   0.21159514E-02   0.13965279E-04   0.14226525E-04   0.13965279E-04   0.14226525E-04
  17.033   5.033   0.21276455E-02   0.14042461E-04   0.14301501E-04   0.14042461E-04   0.14301501E-04
  17.050   5.050   0.21392126E-02   0.14118803E-04   0.14375635E-04   0.14118803E-04   0.14375635E-04
  17.067   5.067   0.21506524E-02   0.14194306E-04   0.14448925E-04   0.14194306E-04   0.14448925E-04
  17.083   5.083   0.21619646E-02   0.14268966E-04   0.14521369E-04   0.14268966E-04   0.14521369E-04
  17.100   5.100   0.21731492E-02   0.14342784E-04   0.14592968E-04   0.14342784E-04   0.14592968E-04
  17.117   5.117   0.21842058E-02   0.14415758E-04   0.14663720E-04   0.14415758E-04   0.14663720E-04
  17.133   5.133   0.21951344E-02   0.14487887E-04   0.14733623E-04   0.14487887E-04   0.14733623E-04
  17.150   5.150   0.22059348E-02   0.14559170E-04   0.14802677E-04   0.14559170E-04   0.14802677E-04
  17.167   5.167   0.22166069E-02   0.14629605E-04   0.14870882E-04   0.14629605E-04   0.14870882E-04
  17.183   5.183   0.22271505E-02   0.14699193E-04   0.14938236E-04   0.14699193E-04   0.14938236E-04
  17.200   5.200   0.22375656E-02   0.14767933E-04   0.15004740E-04   0.14767933E-04   0.15004740E-04
  17.217   5.217   0.22478522E-02   0.14835824E-04   0.15070393E-04   0.14835824E-04   0.15070393E-04
  17.233   5.233   0.22580101E-02   0.14902867E-04   0.15135194E-04   0.14902867E-04   0.15135194E-04
  17.250   5.250   0.22680393E-02   0.14969059E-04   0.15199143E-04   0.14969059E-04   0.15199143E-04
  17.267   5.267   0.22779398E-02   0.15034402E-04   0.15262241E-04   0.15034402E-04   0.15262241E-04
  17.283   5.283   0.22877115E-02   0.15098896E-04   0.15324488E-04   0.15098896E-04   0.15324488E-04
  17.300   5.300   0.22973545E-02   0.15162540E-04   0.15385883E-04   0.15162540E-04   0.15385883E-04
  17.317   5.317   0.23068687E-02   0.15225334E-04   0.15446426E-04   0.15225334E-04   0.15446426E-04
  17.333   5.333   0.23162543E-02   0.15287278E-04   0.15506118E-04   0.15287278E-04   0.15506118E-04
  17.350   5.350   0.23255111E-02   0.15348373E-04   0.15564959E-04   0.15348373E-04   0.15564959E-04
  17.367   5.367   0.23346393E-02   0.15408619E-04   0.15622950E-04   0.15408619E-04   0.15622950E-04
  17.383   5.383   0.23436389E-02   0.15468017E-04   0.15680091E-04   0.15468017E-04   0.15680091E-04
  17.400   5.400   0.23525099E-02   0.15526566E-04   0.15736382E-04   0.15526566E-04   0.15736382E-04
  17.417   5.417   0.23612525E-02   0.15584267E-04   0.15791824E-04   0.15584267E-04   0.15791824E-04
  17.433   5.433   0.23698667E-02   0.15641120E-04   0.15846418E-04   0.15641120E-04   0.15846418E-04
  17.450   5.450   0.23783527E-02   0.15697128E-04   0.15900164E-04   0.15697128E-04   0.15900164E-04
  17.467   5.467   0.23867104E-02   0.15752288E-04   0.15953063E-04   0.15752288E-04   0.15953063E-04
  17.483   5.483   0.23949400E-02   0.15806604E-04   0.16005116E-04   0.15806604E-04   0.16005116E-04
  17.500   5.500   0.24030417E-02   0.15860075E-04   0.16056324E-04   0.15860075E-04   0.16056324E-04
  17.517   5.517   0.24110155E-02   0.15912702E-04   0.16106687E-04   0.15912702E-04   0.16106687E-04
  17.533   5.533   0.24188615E-02   0.15964486E-04   0.16156207E-04   0.15964486E-04   0.16156207E-04
  17.550   5.550   0.24265800E-02   0.16015428E-04   0.16204884E-04   0.16015428E-04   0.16204884E-04
  17.567   5.567   0.24341711E-02   0.16065529E-04   0.16252720E-04   0.16065529E-04   0.16252720E-04
  17.583   5.583   0.24416348E-02   0.16114790E-04   0.16299715E-04   0.16114790E-04   0.16299715E-04
  17.600   5.600   0.24489714E-02   0.16163211E-04   0.16345871E-04   0.16163211E-04   0.16345871E-04
  17.617   5.617   0.24561810E-02   0.16210795E-04   0.16391188E-04   0.16210795E-04   0.16391188E-04
  17.633   5.633   0.24632638E-02   0.16257541E-04   0.16435669E-04   0.16257541E-04   0.16435669E-04
  17.650   5.650   0.24702200E-02   0.16303452E-04   0.16479314E-04   0.16303452E-04   0.16479314E-04
  17.667   5.667   0.24770497E-02   0.16348528E-04   0.16522124E-04   0.16348528E-04   0.16522124E-04
  17.683   5.683   0.24837531E-02   0.16392771E-04   0.16564101E-04   0.16392771E-04   0.16564101E-04
  17.700   5.700   0.24903305E-02   0.16436181E-04   0.16605246E-04   0.16436181E-04   0.16605246E-04
  17.717   5.717   0.24967819E-02   0.16478760E-04   0.16645560E-04   0.16478760E-04   0.16645560E-04
  17.733   5.733   0.25031076E-02   0.16520510E-04   0.16685045E-04   0.16520510E-04   0.16685045E-04
  17.750   5.750   0.25093078E-02   0.16561432E-04   0.16723702E-04   0.16561432E-04   0.16723702E-04
  17.767   5.767   0.25153827E-02   0.16601526E-04   0.16761532E-04   0.16601526E-04   0.16761532E-04
  17.783   5.783   0.25213326E-02   0.16640795E-04   0.16798538E-04   0.16640795E-04   0.16798538E-04
  17.800   5.800   0.25271575E-02   0.16679240E-04   0.16834720E-04   0.16679240E-04   0.16834720E-04
  17.817   5.817   0.25328578E-02   0.16716862E-04   0.16870080E-04   0.16716862E-04   0.16870080E-04
  17.833   5.833   0.25384337E-02   0.16753662E-04   0.16904619E-04   0.16753662E-04   0.16904619E-04
  17.850   5.850   0.25438854E-02   0.16789643E-04   0.16938339E-04   0.16789643E-04   0.16938339E-04
  17.867   5.867   0.25492130E-02   0.16824806E-04   0.16971242E-04   0.16824806E-04   0.16971242E-04
  17.883   5.883   0.25544169E-02   0.16859152E-04   0.17003329E-04   0.16859152E-04   0.17003329E-04
  17.900   5.900   0.25594973E-02   0.16892682E-04   0.17034601E-04   0.16892682E-04   0.17034601E-04
  17.917   5.917   0.25644544E-02   0.16925399E-04   0.17065061E-04   0.16925399E-04   0.17065061E-04
  17.933   5.933   0.25692885E-02   0.16957304E-04   0.17094710E-04   0.16957304E-04   0.17094710E-04
  17.950   5.950   0.25739997E-02   0.16988398E-04   0.17123550E-04   0.16988398E-04   0.17123550E-04
  17.967   5.967   0.25785884E-02   0.17018684E-04   0.17151582E-04   0.17018684E-04   0.17151582E-04
  17.983   5.983   0.25830548E-02   0.17048162E-04   0.17178807E-04   0.17048162E-04   0.17178807E-04
  18.000   6.000   0.25873992E-02   0.17076834E-04   0.17205229E-04   0.17076834E-04   0.17205229E-04
  18.017   6.017   0.25916217E-02   0.17104703E-04   0.17230848E-04   0.17104703E-04   0.17230848E-04
  18.033   6.033   0.25957226E-02   0.17131769E-04   0.17255666E-04   0.17131769E-04   0.17255666E-04
  18.050   6.050   0.25997023E-02   0.17158035E-04   0.17279685E-04   0.17158035E-04   0.17279685E-04
  18.067   6.067   0.26035609E-02   0.17183502E-04   0.17302906E-04   0.17183502E-04   0.17302906E-04
  18.083   6.083   0.26072988E-02   0.17208172E-04   0.17325332E-04   0.17208172E-04   0.17325332E-04
  18.100   6.100   0.26109161E-02   0.17232046E-04   0.17346964E-04   0.17232046E-04   0.17346964E-04
  18.117   6.117   0.26144131E-02   0.17255127E-04   0.17367804E-04   0.17255127E-04   0.17367804E-04
  18.133   6.133   0.26177902E-02   0.17277415E-04   0.17387854E-04   0.17277415E-04   0.17387854E-04
  18.150   6.150   0.26210476E-02   0.17298914E-04   0.17407115E-04   0.17298914E-04   0.17407115E-04
  18.167   6.167   0.26241855E-02   0.17319624E-04   0.17425590E-04   0.17319624E-04   0.17425590E-04
  18.183   6.183   0.26272042E-02   0.17339548E-04   0.17443280E-04   0.17339548E-04   0.17443280E-04
  18.200   6.200   0.26301040E-02   0.17358687E-04   0.17460187E-04   0.17358686E-04   0.17460187E-04
  18.217   6.217   0.26328852E-02   0.17377042E-04   0.17476313E-04   0.17377042E-04   0.17476313E-04
  18.233   6.233   0.26355480E-02   0.17394617E-04   0.17491660E-04   0.17394617E-04   0.17491660E-04
  18.250   6.250   0.26380927E-02   0.17411412E-04   0.17506230E-04   0.17411412E-04   0.17506230E-04
  18.267   6.267   0.26405197E-02   0.17427430E-04   0.17520024E-04   0.17427430E-04   0.17520024E-04
  18.283   6.283   0.26428291E-02   0.17442672E-04   0.17533045E-04   0.17442672E-04   0.17533045E-04
  18.300   6.300   0.26450212E-02   0.17457140E-04   0.17545294E-04   0.17457140E-04   0.17545294E-04
  18.317   6.317   0.26470964E-02   0.17470836E-04   0.17556773E-04   0.17470836E-04   0.17556773E-04
  18.333   6.333   0.26490549E-02   0.17483763E-04   0.17567484E-04   0.17483763E-04   0.17567484E-04
  18.350   6.350   0.26508971E-02   0.17495921E-04   0.17577430E-04   0.17495921E-04   0.17577430E-04
  18.367   6.367   0.26526231E-02   0.17507312E-04   0.17586611E-04   0.17507312E-04   0.17586611E-04
  18.383   6.383   0.26542332E-02   0.17517939E-04   0.17595031E-04   0.17517939E-04   0.17595031E-04
  18.400   6.400   0.26557279E-02   0.17527804E-04   0.17602691E-04   0.17527804E-04   0.17602691E-04
  18.417   6.417   0.26571073E-02   0.17536908E-04   0.17609592E-04   0.17536908E-04   0.17609592E-04
  18.433   6.433   0.26583717E-02   0.17545253E-04   0.17615737E-04   0.17545253E-04   0.17615737E-04
  18.450   6.450   0.26595214E-02   0.17552842E-04   0.17621128E-04   0.17552842E-04   0.17621128E-04
  18.467   6.467   0.26605568E-02   0.17559675E-04   0.17625767E-04   0.17559675E-04   0.17625767E-04
  18.483   6.483   0.26614781E-02   0.17565756E-04   0.17629656E-04   0.17565756E-04   0.17629656E-04
  18.500   6.500   0.26622856E-02   0.17571085E-04   0.17632796E-04   0.17571085E-04   0.17632796E-04
  18.517   6.517   0.26629796E-02   0.17575666E-04   0.17635190E-04   0.17575665E-04   0.17635190E-04
  18.533   6.533   0.26635604E-02   0.17579499E-04   0.17636840E-04   0.17579499E-04   0.17636840E-04
  18.550   6.550   0.26640283E-02   0.17582587E-04   0.17637748E-04   0.17582587E-04   0.17637748E-04
  18.567   6.567   0.26643836E-02   0.17584932E-04   0.17637915E-04   0.17584932E-04   0.17637915E-04
  18.583   6.583   0.26646266E-02   0.17586535E-04   0.17637344E-04   0.17586535E-04   0.17637344E-04
  18.600   6.600   0.26647575E-02   0.17587400E-04   0.17636037E-04   0.17587400E-04   0.17636037E-04
  18.617   6.617   0.26647768E-02   0.17587527E-04   0.17633996E-04   0.17587527E-04   0.17633996E-04
  18.633   6.633   0.26646846E-02   0.17586918E-04   0.17631223E-04   0.17586918E-04   0.17631223E-04
  18.650   6.650   0.26644813E-02   0.17585577E-04   0.17627719E-04   0.17585577E-04   0.17627719E-04
  18.667   6.667   0.26641672E-02   0.17583504E-04   0.17623488E-04   0.17583504E-04   0.17623488E-04
  18.683   6.683   0.26637426E-02   0.17580701E-04   0.17618530E-04   0.17580701E-04   0.17618530E-04
  18.700   6.700   0.26632078E-02   0.17577172E-04   0.17612849E-04   0.17577172E-04   0.17612849E-04
  18.717   6.717   0.26625631E-02   0.17572917E-04   0.17606445E-04   0.17572917E-04   0.17606445E-04
  18.733   6.733   0.26618088E-02   0.17567938E-04   0.17599322E-04   0.17567938E-04   0.17599322E-04
  18.750   6.750   0.26609453E-02   0.17562239E-04   0.17591482E-04   0.17562239E-04   0.17591482E-04
  18.767   6.767   0.26599728E-02   0.17555820E-04   0.17582925E-04   0.17555820E-04   0.17582925E-04
  18.783   6.783   0.26588916E-02   0.17548684E-04   0.17573656E-04   0.17548684E-04   0.17573656E-04
  18.800   6.800   0.26577020E-02   0.17540833E-04   0.17563674E-04   0.17540833E-04   0.17563674E-04
  18.817   6.817   0.26564044E-02   0.17532269E-04   0.17552984E-04   0.17532269E-04   0.17552984E-04
  18.833   6.833   0.26549991E-02   0.17522994E-04   0.17541586E-04   0.17522994E-04   0.17541586E-04
  18.850   6.850   0.26534863E-02   0.17513010E-04   0.17529483E-04   0.17513010E-04   0.17529483E-04
  18.867   6.867   0.26518665E-02   0.17502319E-04   0.17516678E-04   0.17502319E-04   0.17516678E-04
  18.883   6.883   0.26501399E-02   0.17490923E-04   0.17503171E-04   0.17490923E-04   0.17503171E-04
  18.900   6.900   0.26483067E-02   0.17478825E-04   0.17488966E-04   0.17478825E-04   0.17488966E-04
  18.917   6.917   0.26463675E-02   0.17466025E-04   0.17474065E-04   0.17466025E-04   0.17474065E-04
  18.933   6.933   0.26443224E-02   0.17452528E-04   0.17458469E-04   0.17452528E-04   0.17458469E-04
  18.950   6.950   0.26421718E-02   0.17438334E-04   0.17442181E-04   0.17438334E-04   0.17442181E-04
  18.967   6.967   0.26399160E-02   0.17423446E-04   0.17425203E-04   0.17423446E-04   0.17425203E-04
  18.983   6.983   0.26375553E-02   0.17407865E-04   0.17407538E-04   0.17407865E-04   0.17407538E-04
  19.000   7.000   0.26350901E-02   0.17391595E-04   0.17389187E-04   0.17391595E-04   0.17389187E-04
  19.017   7.017   0.26325207E-02   0.17374637E-04   0.17370152E-04   0.17374637E-04   0.17370152E-04
  19.033   7.033   0.26298474E-02   0.17356993E-04   0.17350437E-04   0.17356993E-04   0.17350437E-04
  19.050   7.050   0.26270705E-02   0.17338665E-04   0.17330042E-04   0.17338665E-04   0.17330042E-04
  19.067   7.067   0.26241903E-02   0.17319656E-04   0.17308971E-04   0.17319656E-04   0.17308971E-04
  19.083   7.083   0.26212073E-02   0.17299968E-04   0.17287226E-04   0.17299968E-04   0.17287226E-04
  19.100   7.100   0.26181217E-02   0.17279603E-04   0.17264808E-04   0.17279603E-04   0.17264808E-04
  19.117   7.117   0.26149338E-02   0.17258563E-04   0.17241721E-04   0.17258563E-04   0.17241721E-04
  19.133   7.133   0.26116441E-02   0.17236851E-04   0.17217966E-04   0.17236851E-04   0.17217966E-04
  19.150   7.150   0.26082528E-02   0.17214468E-04   0.17193546E-04   0.17214468E-04   0.17193546E-04
  19.167   7.167   0.26047602E-02   0.17191417E-04   0.17168463E-04   0.17191417E-04   0.17168463E-04
  19.183   7.183   0.26011668E-02   0.17167701E-04   0.17142719E-04   0.17167701E-04   0.17142719E-04
  19.200   7.200   0.25974728E-02   0.17143320E-04   0.17116317E-04   0.17143320E-04   0.17116317E-04
  19.217   7.217   0.25936786E-02   0.17118279E-04   0.17089258E-04   0.17118279E-04   0.17089258E-04
  19.233   7.233   0.25897846E-02   0.17092578E-04   0.17061547E-04   0.17092578E-04   0.17061547E-04
  19.250   7.250   0.25857910E-02   0.17066221E-04   0.17033184E-04   0.17066221E-04   0.17033184E-04
  19.267   7.267   0.25816983E-02   0.17039209E-04   0.17004172E-04   0.17039209E-04   0.17004172E-04
  19.283   7.283   0.25775068E-02   0.17011545E-04   0.16974514E-04   0.17011545E-04   0.16974514E-04
  19.300   7.300   0.25732169E-02   0.16983231E-04   0.16944211E-04   0.16983231E-04   0.16944211E-04
  19.317   7.317   0.25688288E-02   0.16954270E-04   0.16913267E-04   0.16954270E-04   0.16913267E-04
  19.333   7.333   0.25643430E-02   0.16924664E-04   0.16881684E-04   0.16924664E-04   0.16881684E-04
  19.350   7.350   0.25597598E-02   0.16894415E-04   0.16849464E-04   0.16894415E-04   0.16849464E-04
  19.367   7.367   0.25550796E-02   0.16863526E-04   0.16816610E-04   0.16863525E-04   0.16816610E-04
  19.383   7.383   0.25503028E-02   0.16831998E-04   0.16783124E-04   0.16831998E-04   0.16783124E-04
  19.400   7.400   0.25454296E-02   0.16799836E-04   0.16749009E-04   0.16799836E-04   0.16749009E-04
  19.417   7.417   0.25404606E-02   0.16767040E-04   0.16714268E-04   0.16767040E-04   0.16714268E-04
  19.433   7.433   0.25353960E-02   0.16733614E-04   0.16678902E-04   0.16733614E-04   0.16678902E-04
  19.450   7.450   0.25302363E-02   0.16699559E-04   0.16642914E-04   0.16699559E-04   0.16642914E-04
  19.467   7.467   0.25249817E-02   0.16664879E-04   0.16606307E-04   0.16664879E-04   0.16606307E-04
  19.483   7.483   0.25196327E-02   0.16629576E-04   0.16569084E-04   0.16629576E-04   0.16569084E-04
  19.500   7.500   0.25141898E-02   0.16593652E-04   0.16531247E-04   0.16593652E-04   0.16531247E-04
  19.517   7.517   0.25086531E-02   0.16557111E-04   0.16492799E-04   0.16557111E-04   0.16492799E-04
  19.533   7.533   0.25030232E-02   0.16519953E-04   0.16453742E-04   0.16519953E-04   0.16453742E-04
  19.550   7.550   0.24973005E-02   0.16482183E-04   0.16414080E-04   0.16482183E-04   0.16414080E-04
  19.567   7.567   0.24914853E-02   0.16443803E-04   0.16373814E-04   0.16443803E-04   0.16373814E-04
  19.583   7.583   0.24855780E-02   0.16404815E-04   0.16332948E-04   0.16404815E-04   0.16332948E-04
  19.600   7.600   0.24795790E-02   0.16365221E-04   0.16291484E-04   0.16365221E-04   0.16291484E-04
  19.617   7.617   0.24734888E-02   0.16325026E-04   0.16249425E-04   0.16325026E-04   0.16249425E-04
  19.633   7.633   0.24673077E-02   0.16284231E-04   0.16206774E-04   0.16284231E-04   0.16206774E-04
  19.650   7.650   0.24610361E-02   0.16242838E-04   0.16163534E-04   0.16242838E-04   0.16163534E-04
  19.667   7.667   0.24546745E-02   0.16200852E-04   0.16119707E-04   0.16200852E-04   0.16119707E-04
  19.683   7.683   0.24482233E-02   0.16158274E-04   0.16075296E-04   0.16158274E-04   0.16075296E-04
  19.700   7.700   0.24416829E-02   0.16115107E-04   0.16030304E-04   0.16115107E-04   0.16030304E-04
  19.717   7.717   0.24350537E-02   0.16071354E-04   0.15984735E-04   0.16071354E-04   0.15984735E-04
  19.733   7.733   0.24283361E-02   0.16027019E-04   0.15938591E-04   0.16027019E-04   0.15938591E-04
  19.750   7.750   0.24215307E-02   0.15982102E-04   0.15891874E-04   0.15982102E-04   0.15891874E-04
  19.767   7.767   0.24146377E-02   0.15936609E-04   0.15844589E-04   0.15936609E-04   0.15844589E-04
  19.783   7.783   0.24076577E-02   0.15890541E-04   0.15796737E-04   0.15890541E-04   0.15796737E-04
  19.800   7.800   0.24005911E-02   0.15843901E-04   0.15748322E-04   0.15843901E-04   0.15748322E-04
  19.817   7.817   0.23934384E-02   0.15796693E-04   0.15699348E-04   0.15796693E-04   0.15699348E-04
  19.833   7.833   0.23861999E-02   0.15748919E-04   0.15649816E-04   0.15748919E-04   0.15649816E-04
  19.850   7.850   0.23788762E-02   0.15700583E-04   0.15599731E-04   0.15700583E-04   0.15599731E-04
  19.867   7.867   0.23714677E-02   0.15651687E-04   0.15549095E-04   0.15651687E-04   0.15549095E-04
  19.883   7.883   0.23639749E-02   0.15602234E-04   0.15497912E-04   0.15602234E-04   0.15497912E-04
  19.900   7.900   0.23563982E-02   0.15552228E-04   0.15446185E-04   0.15552228E-04   0.15446185E-04
  19.917   7.917   0.23487382E-02   0.15501672E-04   0.15393916E-04   0.15501672E-04   0.15393916E-04
  19.933   7.933   0.23409952E-02   0.15450568E-04   0.15341110E-04   0.15450568E-04   0.15341110E-04
  19.950   7.950   0.23331698E-02   0.15398921E-04   0.15287770E-04   0.15398921E-04   0.15287770E-04
  19.967   7.967   0.23252625E-02   0.15346732E-04   0.15233898E-04   0.15346732E-04   0.15233898E-04
  19.983   7.983   0.23172737E-02   0.15294007E-04   0.15179499E-04   0.15294007E-04   0.15179499E-04
  20.000   8.000   0.23092040E-02   0.15240746E-04   0.15124575E-04   0.15240746E-04   0.15124575E-04
  20.017   8.017   0.23010538E-02   0.15186955E-04   0.15069130E-04   0.15186955E-04   0.15069130E-04
  20.033   8.033   0.22928237E-02   0.15132637E-04   0.15013168E-04   0.15132637E-04   0.15013168E-04
  20.050   8.050   0.22845142E-02   0.15077794E-04   0.14956692E-04   0.15077794E-04   0.14956692E-04
  20.067   8.067   0.22761257E-02   0.15022430E-04   0.14899706E-04   0.15022430E-04   0.14899706E-04
  20.083   8.083   0.22676589E-02   0.14966549E-04   0.14842213E-04   0.14966549E-04   0.14842213E-04
  20.100   8.100   0.22591142E-02   0.14910154E-04   0.14784217E-04   0.14910154E-04   0.14784217E-04
  20.117   8.117   0.22504922E-02   0.14853248E-04   0.14725721E-04   0.14853248E-04   0.14725721E-04
  20.133   8.133   0.22417933E-02   0.14795836E-04   0.14666729E-04   0.14795836E-04   0.14666729E-04
  20.150   8.150   0.22330183E-02   0.14737921E-04   0.14607246E-04   0.14737921E-04   0.14607246E-04
  20.167   8.167   0.22241675E-02   0.14679506E-04   0.14547273E-04   0.14679506E-04   0.14547273E-04
  20.183   8.183   0.22152416E-02   0.14620595E-04   0.14486817E-04   0.14620595E-04   0.14486817E-04
  20.200   8.200   0.22062411E-02   0.14561191E-04   0.14425879E-04   0.14561191E-04   0.14425879E-04
  20.217   8.217   0.21971666E-02   0.14501300E-04   0.14364465E-04   0.14501300E-04   0.14364465E-04
  20.233   8.233   0.21880187E-02   0.14440923E-04   0.14302578E-04   0.14440923E-04   0.14302578E-04
  20.250   8.250   0.21787979E-02   0.14380066E-04   0.14240221E-04   0.14380066E-04   0.14240221E-04
  20.267   8.267   0.21695048E-02   0.14318732E-04   0.14177400E-04   0.14318732E-04   0.14177400E-04
  20.283   8.283   0.21601400E-02   0.14256924E-04   0.14114118E-04   0.14256924E-04   0.14114118E-04
  20.300   8.300   0.21507042E-02   0.14194648E-04   0.14050379E-04   0.14194648E-04   0.14050379E-04
  20.317   8.317   0.21411979E-02   0.14131906E-04   0.13986188E-04   0.14131906E-04   0.13986188E-04
  20.333   8.333   0.21316217E-02   0.14068703E-04   0.13921547E-04   0.14068703E-04   0.13921547E-04
  20.350   8.350   0.21219762E-02   0.14005043E-04   0.13856463E-04   0.14005043E-04   0.13856463E-04
  20.367   8.367   0.21122621E-02   0.13940930E-04   0.13790938E-04   0.13940930E-04   0.13790938E-04
  20.383   8.383   0.21024801E-02   0.13876368E-04   0.13724978E-04   0.13876368E-04   0.13724978E-04
  20.400   8.400   0.20926306E-02   0.13811362E-04   0.13658587E-04   0.13811362E-04   0.13658587E-04
  20.417   8.417   0.20827145E-02   0.13745916E-04   0.13591768E-04   0.13745916E-04   0.13591768E-04
  20.433   8.433   0.20727323E-02   0.13680033E-04   0.13524527E-04   0.13680033E-04   0.13524527E-04
  20.450   8.450   0.20626847E-02   0.13613719E-04   0.13456868E-04   0.13613719E-04   0.13456868E-04
  20.467   8.467   0.20525723E-02   0.13546977E-04   0.13388795E-04   0.13546977E-04   0.13388795E-04
  20.483   8.483   0.20423959E-02   0.13479813E-04   0.13320313E-04   0.13479813E-04   0.13320313E-04
  20.500   8.500   0.20321560E-02   0.13412230E-04   0.13251427E-04   0.13412230E-04   0.13251427E-04
  20.517   8.517   0.20218535E-02   0.13344233E-04   0.13182142E-04   0.13344233E-04   0.13182142E-04
  20.533   8.533   0.20114890E-02   0.13275827E-04   0.13112462E-04   0.13275827E-04   0.13112462E-04
  20.550   8.550   0.20010632E-02   0.13207017E-04   0.13042391E-04   0.13207017E-04   0.13042391E-04
  20.567   8.567   0.19905767E-02   0.13137806E-04   0.12971936E-04   0.13137806E-04   0.12971936E-04
  20.583   8.583   0.19800304E-02   0.13068201E-04   0.12901100E-04   0.13068201E-04   0.12901100E-04
  20.600   8.600   0.19694250E-02   0.12998205E-04   0.12829888E-04   0.12998205E-04   0.12829888E-04
  20.617   8.617   0.19587611E-02   0.12927823E-04   0.12758306E-04   0.12927823E-04   0.12758306E-04
  20.633   8.633   0.19480395E-02   0.12857061E-04   0.12686359E-04   0.12857061E-04   0.12686359E-04
  20.650   8.650   0.19372610E-02   0.12785923E-04   0.12614052E-04   0.12785923E-04   0.12614052E-04
  20.667   8.667   0.19264263E-02   0.12714414E-04   0.12541389E-04   0.12714414E-04   0.12541389E-04
  20.683   8.683   0.19155362E-02   0.12642539E-04   0.12468376E-04   0.12642539E-04   0.12468376E-04
  20.700   8.700   0.19045914E-02   0.12570303E-04   0.12395019E-04   0.12570303E-04   0.12395019E-04
  20.717   8.717   0.18935928E-02   0.12497713E-04   0.12321322E-04   0.12497713E-04   0.12321322E-04
  20.733   8.733   0.18825411E-02   0.12424771E-04   0.12247291E-04   0.12424771E-04   0.12247291E-04
  20.750   8.750   0.18714371E-02   0.12351485E-04   0.12172931E-04   0.12351485E-04   0.12172931E-04
  20.767   8.767   0.18602816E-02   0.12277859E-04   0.12098248E-04   0.12277859E-04   0.12098248E-04
  20.783   8.783   0.18490755E-02   0.12203898E-04   0.12023248E-04   0.12203898E-04   0.12023248E-04
  20.800   8.800   0.18378195E-02   0.12129609E-04   0.11947935E-04   0.12129609E-04   0.11947935E-04
  20.817   8.817   0.18265145E-02   0.12054996E-04   0.11872316E-04   0.12054996E-04   0.11872316E-04
  20.833   8.833   0.18151613E-02   0.11980065E-04   0.11796396E-04   0.11980065E-04   0.11796396E-04
  20.850   8.850   0.18037608E-02   0.11904821E-04   0.11720181E-04   0.11904821E-04   0.11720181E-04
  20.867   8.867   0.17923137E-02   0.11829271E-04   0.11643677E-04   0.11829271E-04   0.11643677E-04
  20.883   8.883   0.17808211E-02   0.11753419E-04   0.11566889E-04   0.11753419E-04   0.11566889E-04
  20.900   8.900   0.17692837E-02   0.11677272E-04   0.11489823E-04   0.11677272E-04   0.11489823E-04
  20.917   8.917   0.17577024E-02   0.11600836E-04   0.11412487E-04   0.11600836E-04   0.11412487E-04
  20.933   8.933   0.17460782E-02   0.11524116E-04   0.11334884E-04   0.11524116E-04   0.11334884E-04
  20.950   8.950   0.17344119E-02   0.11447118E-04   0.11257022E-04   0.11447118E-04   0.11257022E-04
  20.967   8.967   0.17227043E-02   0.11369849E-04   0.11178907E-04   0.11369849E-04   0.11178907E-04
