        RT(hours)             [N2]         L_R_03           tot_loss         tot_prod
  12.017   0.017   0.80000000E+09   0.11507248E-05   0.11507248E-05   0.00000000E+00
  12.033   0.033   0.80000000E+09   0.12730327E-05   0.12730327E-05   0.00000000E+00
  12.050   0.050   0.80000000E+09   0.14041786E-05   0.14041786E-05   0.00000000E+00
  12.067   0.067   0.80000000E+09   0.15446226E-05   0.15446226E-05   0.00000000E+00
  12.083   0.083   0.80000000E+09   0.16947882E-05   0.16947882E-05   0.00000000E+00
  12.100   0.100   0.80000000E+09   0.18550723E-05   0.18550723E-05   0.00000000E+00
  12.117   0.117   0.80000000E+09   0.20258529E-05   0.20258529E-05   0.00000000E+00
  12.133   0.133   0.80000000E+09   0.22074937E-05   0.22074937E-05   0.00000000E+00
  12.150   0.150   0.80000000E+09   0.24003474E-05   0.24003474E-05   0.00000000E+00
  12.167   0.167   0.80000000E+09   0.26047574E-05   0.26047574E-05   0.00000000E+00
  12.183   0.183   0.80000000E+09   0.28210589E-05   0.28210589E-05   0.00000000E+00
  12.200   0.200   0.80000000E+09   0.30495791E-05   0.30495791E-05   0.00000000E+00
  12.217   0.217   0.80000000E+09   0.32906381E-05   0.32906381E-05   0.00000000E+00
  12.233   0.233   0.80000000E+09   0.35445484E-05   0.35445484E-05   0.00000000E+00
  12.250   0.250   0.80000000E+09   0.38116156E-05   0.38116156E-05   0.00000000E+00
  12.267   0.267   0.80000000E+09   0.40921378E-05   0.40921378E-05   0.00000000E+00
  12.283   0.283   0.80000000E+09   0.43864059E-05   0.43864059E-05   0.00000000E+00
  12.300   0.300   0.80000000E+09   0.46947038E-05   0.46947038E-05   0.00000000E+00
  12.317   0.317   0.80000000E+09   0.50173081E-05   0.50173081E-05   0.00000000E+00
  12.333   0.333   0.80000000E+09   0.53544886E-05   0.53544886E-05   0.00000000E+00
  12.350   0.350   0.80000000E+09   0.57065080E-05   0.57065080E-05   0.00000000E+00
  12.367   0.367   0.80000000E+09   0.60736223E-05   0.60736223E-05   0.00000000E+00
  12.383   0.383   0.80000000E+09   0.64560809E-05   0.64560809E-05   0.00000000E+00
  12.400   0.400   0.80000000E+09   0.68541267E-05   0.68541267E-05   0.00000000E+00
  12.417   0.417   0.80000000E+09   0.72679964E-05   0.72679964E-05   0.00000000E+00
  12.433   0.433   0.80000000E+09   0.76979209E-05   0.76979209E-05   0.00000000E+00
  12.450   0.450   0.80000000E+09   0.81441251E-05   0.81441251E-05   0.00000000E+00
  12.467   0.467   0.80000000E+09   0.86068286E-05   0.86068286E-05   0.00000000E+00
  12.483   0.483   0.80000000E+09   0.90862460E-05   0.90862460E-05   0.00000000E+00
  12.500   0.500   0.80000000E+09   0.95825867E-05   0.95825867E-05   0.00000000E+00
  12.517   0.517   0.80000000E+09   0.10096056E-04   0.10096056E-04   0.00000000E+00
  12.533   0.533   0.80000000E+09   0.10626854E-04   0.10626854E-04   0.00000000E+00
  12.550   0.550   0.80000000E+09   0.11175179E-04   0.11175179E-04   0.00000000E+00
  12.567   0.567   0.80000000E+09   0.11741223E-04   0.11741223E-04   0.00000000E+00
  12.583   0.583   0.80000000E+09   0.12325177E-04   0.12325177E-04   0.00000000E+00
  12.600   0.600   0.80000000E+09   0.12927229E-04   0.12927229E-04   0.00000000E+00
  12.617   0.617   0.80000000E+09   0.13547563E-04   0.13547563E-04   0.00000000E+00
  12.633   0.633   0.80000000E+09   0.14186362E-04   0.14186362E-04   0.00000000E+00
  12.650   0.650   0.80000000E+09   0.14843807E-04   0.14843807E-04   0.00000000E+00
  12.667   0.667   0.80000000E+09   0.15520078E-04   0.15520078E-04   0.00000000E+00
  12.683   0.683   0.80000000E+09   0.16215354E-04   0.16215354E-04   0.00000000E+00
  12.700   0.700   0.80000000E+09   0.16929812E-04   0.16929812E-04   0.00000000E+00
  12.717   0.717   0.80000000E+09   0.17663631E-04   0.17663631E-04   0.00000000E+00
  12.733   0.733   0.80000000E+09   0.18416987E-04   0.18416987E-04   0.00000000E+00
  12.750   0.750   0.80000000E+09   0.19190058E-04   0.19190058E-04   0.00000000E+00
  12.767   0.767   0.80000000E+09   0.19983024E-04   0.19983024E-04   0.00000000E+00
  12.783   0.783   0.80000000E+09   0.20796064E-04   0.20796064E-04   0.00000000E+00
  12.800   0.800   0.80000000E+09   0.21629358E-04   0.21629358E-04   0.00000000E+00
  12.817   0.817   0.80000000E+09   0.22483090E-04   0.22483090E-04   0.00000000E+00
  12.833   0.833   0.80000000E+09   0.23357443E-04   0.23357443E-04   0.00000000E+00
  12.850   0.850   0.80000000E+09   0.24252604E-04   0.24252604E-04   0.00000000E+00
  12.867   0.867   0.80000000E+09   0.25168762E-04   0.25168762E-04   0.00000000E+00
  12.883   0.883   0.80000000E+09   0.26106109E-04   0.26106109E-04   0.00000000E+00
  12.900   0.900   0.80000000E+09   0.27064839E-04   0.27064839E-04   0.00000000E+00
  12.917   0.917   0.80000000E+09   0.28045151E-04   0.28045151E-04   0.00000000E+00
  12.933   0.933   0.80000000E+09   0.29047246E-04   0.29047246E-04   0.00000000E+00
  12.950   0.950   0.80000000E+09   0.30071328E-04   0.30071328E-04   0.00000000E+00
  12.967   0.967   0.80000000E+09   0.31117607E-04   0.31117607E-04   0.00000000E+00
  12.983   0.983   0.80000000E+09   0.32186295E-04   0.32186295E-04   0.00000000E+00
  13.000   1.000   0.80000000E+09   0.33277609E-04   0.33277609E-04   0.00000000E+00
  13.017   1.017   0.80000000E+09   0.34391772E-04   0.34391772E-04   0.00000000E+00
  13.033   1.033   0.80000000E+09   0.35529009E-04   0.35529009E-04   0.00000000E+00
  13.050   1.050   0.80000000E+09   0.36689550E-04   0.36689550E-04   0.00000000E+00
  13.067   1.067   0.80000000E+09   0.37873631E-04   0.37873631E-04   0.00000000E+00
  13.083   1.083   0.80000000E+09   0.39081493E-04   0.39081493E-04   0.00000000E+00
  13.100   1.100   0.80000000E+09   0.40313381E-04   0.40313381E-04   0.00000000E+00
  13.117   1.117   0.80000000E+09   0.41569545E-04   0.41569545E-04   0.00000000E+00
  13.133   1.133   0.80000000E+09   0.42850241E-04   0.42850241E-04   0.00000000E+00
  13.150   1.150   0.80000000E+09   0.44155731E-04   0.44155731E-04   0.00000000E+00
  13.167   1.167   0.80000000E+09   0.45486279E-04   0.45486279E-04   0.00000000E+00
  13.183   1.183   0.80000000E+09   0.46842159E-04   0.46842159E-04   0.00000000E+00
  13.200   1.200   0.80000000E+09   0.48223646E-04   0.48223646E-04   0.00000000E+00
  13.217   1.217   0.80000000E+09   0.49631023E-04   0.49631023E-04   0.00000000E+00
  13.233   1.233   0.80000000E+09   0.51064577E-04   0.51064577E-04   0.00000000E+00
  13.250   1.250   0.80000000E+09   0.52524602E-04   0.52524602E-04   0.00000000E+00
  13.267   1.267   0.80000000E+09   0.54011396E-04   0.54011396E-04   0.00000000E+00
  13.283   1.283   0.80000000E+09   0.55525262E-04   0.55525262E-04   0.00000000E+00
  13.300   1.300   0.80000000E+09   0.57066510E-04   0.57066510E-04   0.00000000E+00
  13.317   1.317   0.80000000E+09   0.58635454E-04   0.58635454E-04   0.00000000E+00
  13.333   1.333   0.80000000E+09   0.60232414E-04   0.60232414E-04   0.00000000E+00
  13.350   1.350   0.80000000E+09   0.61857714E-04   0.61857714E-04   0.00000000E+00
  13.367   1.367   0.80000000E+09   0.63511685E-04   0.63511685E-04   0.00000000E+00
  13.383   1.383   0.80000000E+09   0.65194661E-04   0.65194661E-04   0.00000000E+00
  13.400   1.400   0.80000000E+09   0.66906983E-04   0.66906983E-04   0.00000000E+00
  13.417   1.417   0.80000000E+09   0.68648995E-04   0.68648995E-04   0.00000000E+00
  13.433   1.433   0.80000000E+09   0.70421048E-04   0.70421048E-04   0.00000000E+00
  13.450   1.450   0.80000000E+09   0.72223496E-04   0.72223496E-04   0.00000000E+00
  13.467   1.467   0.80000000E+09   0.74056698E-04   0.74056698E-04   0.00000000E+00
  13.483   1.483   0.80000000E+09   0.75921020E-04   0.75921020E-04   0.00000000E+00
  13.500   1.500   0.80000000E+09   0.77816829E-04   0.77816829E-04   0.00000000E+00
  13.517   1.517   0.80000000E+09   0.79744499E-04   0.79744499E-04   0.00000000E+00
  13.533   1.533   0.80000000E+09   0.81704408E-04   0.81704408E-04   0.00000000E+00
  13.550   1.550   0.80000000E+09   0.83696937E-04   0.83696937E-04   0.00000000E+00
  13.567   1.567   0.80000000E+09   0.85722473E-04   0.85722473E-04   0.00000000E+00
  13.583   1.583   0.80000000E+09   0.87781407E-04   0.87781407E-04   0.00000000E+00
  13.600   1.600   0.80000000E+09   0.89874133E-04   0.89874133E-04   0.00000000E+00
  13.617   1.617   0.80000000E+09   0.92001050E-04   0.92001050E-04   0.00000000E+00
  13.633   1.633   0.80000000E+09   0.94162560E-04   0.94162560E-04   0.00000000E+00
  13.650   1.650   0.80000000E+09   0.96359070E-04   0.96359070E-04   0.00000000E+00
  13.667   1.667   0.80000000E+09   0.98590991E-04   0.98590991E-04   0.00000000E+00
  13.683   1.683   0.80000000E+09   0.10085874E-03   0.10085874E-03   0.00000000E+00
  13.700   1.700   0.80000000E+09   0.10316272E-03   0.10316272E-03   0.00000000E+00
  13.717   1.717   0.80000000E+09   0.10550338E-03   0.10550338E-03   0.00000000E+00
  13.733   1.733   0.80000000E+09   0.10788112E-03   0.10788112E-03   0.00000000E+00
  13.750   1.750   0.80000000E+09   0.11029637E-03   0.11029637E-03   0.00000000E+00
  13.767   1.767   0.80000000E+09   0.11274958E-03   0.11274958E-03   0.00000000E+00
  13.783   1.783   0.80000000E+09   0.11524116E-03   0.11524116E-03   0.00000000E+00
  13.800   1.800   0.80000000E+09   0.11777157E-03   0.11777157E-03   0.00000000E+00
  13.817   1.817   0.80000000E+09   0.12034124E-03   0.12034124E-03   0.00000000E+00
  13.833   1.833   0.80000000E+09   0.12295061E-03   0.12295061E-03   0.00000000E+00
  13.850   1.850   0.80000000E+09   0.12560014E-03   0.12560014E-03   0.00000000E+00
  13.867   1.867   0.80000000E+09   0.12829026E-03   0.12829026E-03   0.00000000E+00
  13.883   1.883   0.80000000E+09   0.13102144E-03   0.13102144E-03   0.00000000E+00
  13.900   1.900   0.80000000E+09   0.13379412E-03   0.13379412E-03   0.00000000E+00
  13.917   1.917   0.80000000E+09   0.13660876E-03   0.13660876E-03   0.00000000E+00
  13.933   1.933   0.80000000E+09   0.13946581E-03   0.13946581E-03   0.00000000E+00
  13.950   1.950   0.80000000E+09   0.14236574E-03   0.14236574E-03   0.00000000E+00
  13.967   1.967   0.80000000E+09   0.14530900E-03   0.14530900E-03   0.00000000E+00
  13.983   1.983   0.80000000E+09   0.14829606E-03   0.14829606E-03   0.00000000E+00
  14.000   2.000   0.80000000E+09   0.15132737E-03   0.15132737E-03   0.00000000E+00
  14.017   2.017   0.80000000E+09   0.15440368E-03   0.15440368E-03   0.00000000E+00
  14.033   2.033   0.80000000E+09   0.15752671E-03   0.15752671E-03   0.00000000E+00
  14.050   2.050   0.80000000E+09   0.16069833E-03   0.16069833E-03   0.00000000E+00
  14.067   2.067   0.80000000E+09   0.16392036E-03   0.16392036E-03   0.00000000E+00
  14.083   2.083   0.80000000E+09   0.16719463E-03   0.16719463E-03   0.00000000E+00
  14.100   2.100   0.80000000E+09   0.17052293E-03   0.17052293E-03   0.00000000E+00
  14.117   2.117   0.80000000E+09   0.17390705E-03   0.17390705E-03   0.00000000E+00
  14.133   2.133   0.80000000E+09   0.17734876E-03   0.17734876E-03   0.00000000E+00
  14.150   2.150   0.80000000E+09   0.18084982E-03   0.18084982E-03   0.00000000E+00
  14.167   2.167   0.80000000E+09   0.18441198E-03   0.18441198E-03   0.00000000E+00
  14.183   2.183   0.80000000E+09   0.18803700E-03   0.18803700E-03   0.00000000E+00
  14.200   2.200   0.80000000E+09   0.19172661E-03   0.19172661E-03   0.00000000E+00
  14.217   2.217   0.80000000E+09   0.19548253E-03   0.19548253E-03   0.00000000E+00
  14.233   2.233   0.80000000E+09   0.19930647E-03   0.19930647E-03   0.00000000E+00
  14.250   2.250   0.80000000E+09   0.20320015E-03   0.20320015E-03   0.00000000E+00
  14.267   2.267   0.80000000E+09   0.20716522E-03   0.20716522E-03   0.00000000E+00
  14.283   2.283   0.80000000E+09   0.21120335E-03   0.21120335E-03   0.00000000E+00
  14.300   2.300   0.80000000E+09   0.21531617E-03   0.21531617E-03   0.00000000E+00
  14.317   2.317   0.80000000E+09   0.21950527E-03   0.21950527E-03   0.00000000E+00
  14.333   2.333   0.80000000E+09   0.22377219E-03   0.22377219E-03   0.00000000E+00
  14.350   2.350   0.80000000E+09   0.22811845E-03   0.22811845E-03   0.00000000E+00
  14.367   2.367   0.80000000E+09   0.23254548E-03   0.23254548E-03   0.00000000E+00
  14.383   2.383   0.80000000E+09   0.23705464E-03   0.23705464E-03   0.00000000E+00
  14.400   2.400   0.80000000E+09   0.24164723E-03   0.24164723E-03   0.00000000E+00
  14.417   2.417   0.80000000E+09   0.24632443E-03   0.24632443E-03   0.00000000E+00
  14.433   2.433   0.80000000E+09   0.25108731E-03   0.25108731E-03   0.00000000E+00
  14.450   2.450   0.80000000E+09   0.25593682E-03   0.25593682E-03   0.00000000E+00
  14.467   2.467   0.80000000E+09   0.26087377E-03   0.26087377E-03   0.00000000E+00
  14.483   2.483   0.80000000E+09   0.26589878E-03   0.26589878E-03   0.00000000E+00
  14.500   2.500   0.80000000E+09   0.27101231E-03   0.27101231E-03   0.00000000E+00
  14.517   2.517   0.80000000E+09   0.27621461E-03   0.27621461E-03   0.00000000E+00
  14.533   2.533   0.80000000E+09   0.28150570E-03   0.28150570E-03   0.00000000E+00
  14.550   2.550   0.80000000E+09   0.28688535E-03   0.28688535E-03   0.00000000E+00
  14.567   2.567   0.80000000E+09   0.29235310E-03   0.29235310E-03   0.00000000E+00
  14.583   2.583   0.80000000E+09   0.29790816E-03   0.29790816E-03   0.00000000E+00
  14.600   2.600   0.80000000E+09   0.30354948E-03   0.30354948E-03   0.00000000E+00
  14.617   2.617   0.80000000E+09   0.30927567E-03   0.30927567E-03   0.00000000E+00
  14.633   2.633   0.80000000E+09   0.31508504E-03   0.31508504E-03   0.00000000E+00
  14.650   2.650   0.80000000E+09   0.32097553E-03   0.32097553E-03   0.00000000E+00
  14.667   2.667   0.80000000E+09   0.32694479E-03   0.32694479E-03   0.00000000E+00
  14.683   2.683   0.80000000E+09   0.33299010E-03   0.33299010E-03   0.00000000E+00
  14.700   2.700   0.80000000E+09   0.33910843E-03   0.33910843E-03   0.00000000E+00
  14.717   2.717   0.80000000E+09   0.34529643E-03   0.34529643E-03   0.00000000E+00
  14.733   2.733   0.80000000E+09   0.35155044E-03   0.35155044E-03   0.00000000E+00
  14.750   2.750   0.80000000E+09   0.35786655E-03   0.35786655E-03   0.00000000E+00
  14.767   2.767   0.80000000E+09   0.36424059E-03   0.36424059E-03   0.00000000E+00
  14.783   2.783   0.80000000E+09   0.37066817E-03   0.37066817E-03   0.00000000E+00
  14.800   2.800   0.80000000E+09   0.37714474E-03   0.37714474E-03   0.00000000E+00
  14.817   2.817   0.80000000E+09   0.38366560E-03   0.38366560E-03   0.00000000E+00
  14.833   2.833   0.80000000E+09   0.39022596E-03   0.39022596E-03   0.00000000E+00
  14.850   2.850   0.80000000E+09   0.39682099E-03   0.39682099E-03   0.00000000E+00
  14.867   2.867   0.80000000E+09   0.40344584E-03   0.40344584E-03   0.00000000E+00
  14.883   2.883   0.80000000E+09   0.41009568E-03   0.41009568E-03   0.00000000E+00
  14.900   2.900   0.80000000E+09   0.41676578E-03   0.41676578E-03   0.00000000E+00
  14.917   2.917   0.80000000E+09   0.42345150E-03   0.42345150E-03   0.00000000E+00
  14.933   2.933   0.80000000E+09   0.43014834E-03   0.43014834E-03   0.00000000E+00
  14.950   2.950   0.80000000E+09   0.43685197E-03   0.43685197E-03   0.00000000E+00
  14.967   2.967   0.80000000E+09   0.44355823E-03   0.44355823E-03   0.00000000E+00
  14.983   2.983   0.80000000E+09   0.45026320E-03   0.45026320E-03   0.00000000E+00
  15.000   3.000   0.80000000E+09   0.45696314E-03   0.45696314E-03   0.00000000E+00
  15.017   3.017   0.80000000E+09   0.46365458E-03   0.46365458E-03   0.00000000E+00
  15.033   3.033   0.80000000E+09   0.47033424E-03   0.47033424E-03   0.00000000E+00
  15.050   3.050   0.80000000E+09   0.47699912E-03   0.47699912E-03   0.00000000E+00
  15.067   3.067   0.80000000E+09   0.48364641E-03   0.48364641E-03   0.00000000E+00
  15.083   3.083   0.80000000E+09   0.49027356E-03   0.49027356E-03   0.00000000E+00
  15.100   3.100   0.80000000E+09   0.49687823E-03   0.49687823E-03   0.00000000E+00
  15.117   3.117   0.80000000E+09   0.50345827E-03   0.50345827E-03   0.00000000E+00
  15.133   3.133   0.80000000E+09   0.51001176E-03   0.51001176E-03   0.00000000E+00
  15.150   3.150   0.80000000E+09   0.51653696E-03   0.51653696E-03   0.00000000E+00
  15.167   3.167   0.80000000E+09   0.52303230E-03   0.52303230E-03   0.00000000E+00
  15.183   3.183   0.80000000E+09   0.52949638E-03   0.52949638E-03   0.00000000E+00
  15.200   3.200   0.80000000E+09   0.53592797E-03   0.53592797E-03   0.00000000E+00
  15.217   3.217   0.80000000E+09   0.54232594E-03   0.54232594E-03   0.00000000E+00
  15.233   3.233   0.80000000E+09   0.54868933E-03   0.54868933E-03   0.00000000E+00
  15.250   3.250   0.80000000E+09   0.55501727E-03   0.55501727E-03   0.00000000E+00
  15.267   3.267   0.80000000E+09   0.56130902E-03   0.56130902E-03   0.00000000E+00
  15.283   3.283   0.80000000E+09   0.56756392E-03   0.56756392E-03   0.00000000E+00
  15.300   3.300   0.80000000E+09   0.57378139E-03   0.57378139E-03   0.00000000E+00
  15.317   3.317   0.80000000E+09   0.57996095E-03   0.57996095E-03   0.00000000E+00
  15.333   3.333   0.80000000E+09   0.58610218E-03   0.58610218E-03   0.00000000E+00
  15.350   3.350   0.80000000E+09   0.59220472E-03   0.59220472E-03   0.00000000E+00
  15.367   3.367   0.80000000E+09   0.59826826E-03   0.59826826E-03   0.00000000E+00
  15.383   3.383   0.80000000E+09   0.60429254E-03   0.60429254E-03   0.00000000E+00
  15.400   3.400   0.80000000E+09   0.61027736E-03   0.61027736E-03   0.00000000E+00
  15.417   3.417   0.80000000E+09   0.61622254E-03   0.61622254E-03   0.00000000E+00
  15.433   3.433   0.80000000E+09   0.62212794E-03   0.62212794E-03   0.00000000E+00
  15.450   3.450   0.80000000E+09   0.62799344E-03   0.62799344E-03   0.00000000E+00
  15.467   3.467   0.80000000E+09   0.63381896E-03   0.63381896E-03   0.00000000E+00
  15.483   3.483   0.80000000E+09   0.63960444E-03   0.63960444E-03   0.00000000E+00
  15.500   3.500   0.80000000E+09   0.64534981E-03   0.64534981E-03   0.00000000E+00
  15.517   3.517   0.80000000E+09   0.65105506E-03   0.65105506E-03   0.00000000E+00
  15.533   3.533   0.80000000E+09   0.65672016E-03   0.65672016E-03   0.00000000E+00
  15.550   3.550   0.80000000E+09   0.66234511E-03   0.66234511E-03   0.00000000E+00
  15.567   3.567   0.80000000E+09   0.66792992E-03   0.66792992E-03   0.00000000E+00
  15.583   3.583   0.80000000E+09   0.67347458E-03   0.67347458E-03   0.00000000E+00
  15.600   3.600   0.80000000E+09   0.67897912E-03   0.67897912E-03   0.00000000E+00
  15.617   3.617   0.80000000E+09   0.68444356E-03   0.68444356E-03   0.00000000E+00
  15.633   3.633   0.80000000E+09   0.68986792E-03   0.68986792E-03   0.00000000E+00
  15.650   3.650   0.80000000E+09   0.69525224E-03   0.69525224E-03   0.00000000E+00
  15.667   3.667   0.80000000E+09   0.70059654E-03   0.70059654E-03   0.00000000E+00
  15.683   3.683   0.80000000E+09   0.70590087E-03   0.70590087E-03   0.00000000E+00
  15.700   3.700   0.80000000E+09   0.71116525E-03   0.71116525E-03   0.00000000E+00
  15.717   3.717   0.80000000E+09   0.71638971E-03   0.71638971E-03   0.00000000E+00
  15.733   3.733   0.80000000E+09   0.72157430E-03   0.72157430E-03   0.00000000E+00
  15.750   3.750   0.80000000E+09   0.72671903E-03   0.72671903E-03   0.00000000E+00
  15.767   3.767   0.80000000E+09   0.73182396E-03   0.73182396E-03   0.00000000E+00
  15.783   3.783   0.80000000E+09   0.73688910E-03   0.73688910E-03   0.00000000E+00
  15.800   3.800   0.80000000E+09   0.74191450E-03   0.74191450E-03   0.00000000E+00
  15.817   3.817   0.80000000E+09   0.74690017E-03   0.74690017E-03   0.00000000E+00
  15.833   3.833   0.80000000E+09   0.75184614E-03   0.75184614E-03   0.00000000E+00
  15.850   3.850   0.80000000E+09   0.75675244E-03   0.75675244E-03   0.00000000E+00
  15.867   3.867   0.80000000E+09   0.76161910E-03   0.76161910E-03   0.00000000E+00
  15.883   3.883   0.80000000E+09   0.76644613E-03   0.76644613E-03   0.00000000E+00
  15.900   3.900   0.80000000E+09   0.77123356E-03   0.77123356E-03   0.00000000E+00
  15.917   3.917   0.80000000E+09   0.77598140E-03   0.77598140E-03   0.00000000E+00
  15.933   3.933   0.80000000E+09   0.78068967E-03   0.78068967E-03   0.00000000E+00
  15.950   3.950   0.80000000E+09   0.78535838E-03   0.78535838E-03   0.00000000E+00
  15.967   3.967   0.80000000E+09   0.78998755E-03   0.78998755E-03   0.00000000E+00
  15.983   3.983   0.79999999E+09   0.79457718E-03   0.79457718E-03   0.00000000E+00
  16.000   4.000   0.79999999E+09   0.79912729E-03   0.79912729E-03   0.00000000E+00
  16.017   4.017   0.79999999E+09   0.80364083E-03   0.80364083E-03   0.00000000E+00
  16.033   4.033   0.79999999E+09   0.80812024E-03   0.80812024E-03   0.00000000E+00
  16.050   4.050   0.79999999E+09   0.81256494E-03   0.81256494E-03   0.00000000E+00
  16.067   4.067   0.79999999E+09   0.81697442E-03   0.81697442E-03   0.00000000E+00
  16.083   4.083   0.79999999E+09   0.82134821E-03   0.82134821E-03   0.00000000E+00
  16.100   4.100   0.79999999E+09   0.82568590E-03   0.82568590E-03   0.00000000E+00
  16.117   4.117   0.79999999E+09   0.82998710E-03   0.82998710E-03   0.00000000E+00
  16.133   4.133   0.79999999E+09   0.83425148E-03   0.83425148E-03   0.00000000E+00
  16.150   4.150   0.79999999E+09   0.83847874E-03   0.83847874E-03   0.00000000E+00
  16.167   4.167   0.79999999E+09   0.84258330E-03   0.84258330E-03   0.00000000E+00
  16.183   4.183   0.79999999E+09   0.84649593E-03   0.84649593E-03   0.00000000E+00
  16.200   4.200   0.79999999E+09   0.85025847E-03   0.85025847E-03   0.00000000E+00
  16.217   4.217   0.79999999E+09   0.85389797E-03   0.85389797E-03   0.00000000E+00
  16.233   4.233   0.79999999E+09   0.85743297E-03   0.85743297E-03   0.00000000E+00
  16.250   4.250   0.79999999E+09   0.86087677E-03   0.86087677E-03   0.00000000E+00
  16.267   4.267   0.79999999E+09   0.86423929E-03   0.86423929E-03   0.00000000E+00
  16.283   4.283   0.79999999E+09   0.86752814E-03   0.86752814E-03   0.00000000E+00
  16.300   4.300   0.79999999E+09   0.87074928E-03   0.87074928E-03   0.00000000E+00
  16.317   4.317   0.79999999E+09   0.87390750E-03   0.87390750E-03   0.00000000E+00
  16.333   4.333   0.79999999E+09   0.87700667E-03   0.87700667E-03   0.00000000E+00
  16.350   4.350   0.79999999E+09   0.88004999E-03   0.88004999E-03   0.00000000E+00
  16.367   4.367   0.79999999E+09   0.88304015E-03   0.88304015E-03   0.00000000E+00
  16.383   4.383   0.79999999E+09   0.88597939E-03   0.88597939E-03   0.00000000E+00
  16.400   4.400   0.79999999E+09   0.88886963E-03   0.88886963E-03   0.00000000E+00
  16.417   4.417   0.79999999E+09   0.89171252E-03   0.89171252E-03   0.00000000E+00
  16.433   4.433   0.79999999E+09   0.89450947E-03   0.89450947E-03   0.00000000E+00
  16.450   4.450   0.79999999E+09   0.89726171E-03   0.89726171E-03   0.00000000E+00
  16.467   4.467   0.79999999E+09   0.89997034E-03   0.89997034E-03   0.00000000E+00
  16.483   4.483   0.79999999E+09   0.90263629E-03   0.90263629E-03   0.00000000E+00
  16.500   4.500   0.79999999E+09   0.90526040E-03   0.90526040E-03   0.00000000E+00
  16.517   4.517   0.79999999E+09   0.90784342E-03   0.90784342E-03   0.00000000E+00
  16.533   4.533   0.79999999E+09   0.91038600E-03   0.91038600E-03   0.00000000E+00
  16.550   4.550   0.79999999E+09   0.91288874E-03   0.91288874E-03   0.00000000E+00
  16.567   4.567   0.79999999E+09   0.91535217E-03   0.91535217E-03   0.00000000E+00
  16.583   4.583   0.79999999E+09   0.91777677E-03   0.91777677E-03   0.00000000E+00
  16.600   4.600   0.79999999E+09   0.92016295E-03   0.92016295E-03   0.00000000E+00
  16.617   4.617   0.79999999E+09   0.92251111E-03   0.92251111E-03   0.00000000E+00
  16.633   4.633   0.79999999E+09   0.92482161E-03   0.92482161E-03   0.00000000E+00
  16.650   4.650   0.79999999E+09   0.92709476E-03   0.92709476E-03   0.00000000E+00
  16.667   4.667   0.79999999E+09   0.92933084E-03   0.92933084E-03   0.00000000E+00
  16.683   4.683   0.79999999E+09   0.93153014E-03   0.93153014E-03   0.00000000E+00
  16.700   4.700   0.79999999E+09   0.93369288E-03   0.93369288E-03   0.00000000E+00
  16.717   4.717   0.79999999E+09   0.93581929E-03   0.93581929E-03   0.00000000E+00
  16.733   4.733   0.79999999E+09   0.93790957E-03   0.93790957E-03   0.00000000E+00
  16.750   4.750   0.79999999E+09   0.93996391E-03   0.93996391E-03   0.00000000E+00
  16.767   4.767   0.79999999E+09   0.94198248E-03   0.94198248E-03   0.00000000E+00
  16.783   4.783   0.79999999E+09   0.94396544E-03   0.94396544E-03   0.00000000E+00
  16.800   4.800   0.79999999E+09   0.94591292E-03   0.94591292E-03   0.00000000E+00
  16.817   4.817   0.79999999E+09   0.94782507E-03   0.94782507E-03   0.00000000E+00
  16.833   4.833   0.79999999E+09   0.94970201E-03   0.94970201E-03   0.00000000E+00
  16.850   4.850   0.79999999E+09   0.95154386E-03   0.95154386E-03   0.00000000E+00
  16.867   4.867   0.79999999E+09   0.95335071E-03   0.95335071E-03   0.00000000E+00
  16.883   4.883   0.79999999E+09   0.95512266E-03   0.95512266E-03   0.00000000E+00
  16.900   4.900   0.79999999E+09   0.95685982E-03   0.95685982E-03   0.00000000E+00
  16.917   4.917   0.79999999E+09   0.95856225E-03   0.95856225E-03   0.00000000E+00
  16.933   4.933   0.79999999E+09   0.96023005E-03   0.96023005E-03   0.00000000E+00
  16.950   4.950   0.79999999E+09   0.96186328E-03   0.96186328E-03   0.00000000E+00
  16.967   4.967   0.79999999E+09   0.96346201E-03   0.96346201E-03   0.00000000E+00
  16.983   4.983   0.79999999E+09   0.96502630E-03   0.96502630E-03   0.00000000E+00
  17.000   5.000   0.79999999E+09   0.96655623E-03   0.96655623E-03   0.00000000E+00
  17.017   5.017   0.79999999E+09   0.96805183E-03   0.96805183E-03   0.00000000E+00
  17.033   5.033   0.79999999E+09   0.96951316E-03   0.96951316E-03   0.00000000E+00
  17.050   5.050   0.79999999E+09   0.97094027E-03   0.97094027E-03   0.00000000E+00
  17.067   5.067   0.79999999E+09   0.97233321E-03   0.97233321E-03   0.00000000E+00
  17.083   5.083   0.79999999E+09   0.97369202E-03   0.97369202E-03   0.00000000E+00
  17.100   5.100   0.79999999E+09   0.97501674E-03   0.97501674E-03   0.00000000E+00
  17.117   5.117   0.79999999E+09   0.97630741E-03   0.97630741E-03   0.00000000E+00
  17.133   5.133   0.79999999E+09   0.97756407E-03   0.97756407E-03   0.00000000E+00
  17.150   5.150   0.79999999E+09   0.97878674E-03   0.97878674E-03   0.00000000E+00
  17.167   5.167   0.79999999E+09   0.97997547E-03   0.97997547E-03   0.00000000E+00
  17.183   5.183   0.79999999E+09   0.98113028E-03   0.98113028E-03   0.00000000E+00
  17.200   5.200   0.79999999E+09   0.98225121E-03   0.98225121E-03   0.00000000E+00
  17.217   5.217   0.79999999E+09   0.98333828E-03   0.98333828E-03   0.00000000E+00
  17.233   5.233   0.79999999E+09   0.98439151E-03   0.98439151E-03   0.00000000E+00
  17.250   5.250   0.79999999E+09   0.98541095E-03   0.98541095E-03   0.00000000E+00
  17.267   5.267   0.79999999E+09   0.98639660E-03   0.98639660E-03   0.00000000E+00
  17.283   5.283   0.79999999E+09   0.98734850E-03   0.98734850E-03   0.00000000E+00
  17.300   5.300   0.79999999E+09   0.98826667E-03   0.98826667E-03   0.00000000E+00
  17.317   5.317   0.79999999E+09   0.98915113E-03   0.98915113E-03   0.00000000E+00
  17.333   5.333   0.79999999E+09   0.99000191E-03   0.99000191E-03   0.00000000E+00
  17.350   5.350   0.79999999E+09   0.99081902E-03   0.99081902E-03   0.00000000E+00
  17.367   5.367   0.79999999E+09   0.99160249E-03   0.99160249E-03   0.00000000E+00
  17.383   5.383   0.79999999E+09   0.99235235E-03   0.99235235E-03   0.00000000E+00
  17.400   5.400   0.79999999E+09   0.99306860E-03   0.99306860E-03   0.00000000E+00
  17.417   5.417   0.79999999E+09   0.99375127E-03   0.99375127E-03   0.00000000E+00
  17.433   5.433   0.79999999E+09   0.99440039E-03   0.99440039E-03   0.00000000E+00
  17.450   5.450   0.79999999E+09   0.99501597E-03   0.99501597E-03   0.00000000E+00
  17.467   5.467   0.79999999E+09   0.99559803E-03   0.99559803E-03   0.00000000E+00
  17.483   5.483   0.79999999E+09   0.99614659E-03   0.99614659E-03   0.00000000E+00
  17.500   5.500   0.79999999E+09   0.99666168E-03   0.99666168E-03   0.00000000E+00
  17.517   5.517   0.79999999E+09   0.99714331E-03   0.99714331E-03   0.00000000E+00
  17.533   5.533   0.79999999E+09   0.99759151E-03   0.99759151E-03   0.00000000E+00
  17.550   5.550   0.79999999E+09   0.99800629E-03   0.99800629E-03   0.00000000E+00
  17.567   5.567   0.79999999E+09   0.99838768E-03   0.99838768E-03   0.00000000E+00
  17.583   5.583   0.79999999E+09   0.99873569E-03   0.99873569E-03   0.00000000E+00
  17.600   5.600   0.79999999E+09   0.99905036E-03   0.99905036E-03   0.00000000E+00
  17.617   5.617   0.79999999E+09   0.99933169E-03   0.99933169E-03   0.00000000E+00
  17.633   5.633   0.79999999E+09   0.99957972E-03   0.99957972E-03   0.00000000E+00
  17.650   5.650   0.79999999E+09   0.99979446E-03   0.99979446E-03   0.00000000E+00
  17.667   5.667   0.79999999E+09   0.99997594E-03   0.99997594E-03   0.00000000E+00
  17.683   5.683   0.79999999E+09   0.10001242E-02   0.10001242E-02   0.00000000E+00
  17.700   5.700   0.79999999E+09   0.10002392E-02   0.10002392E-02   0.00000000E+00
  17.717   5.717   0.79999999E+09   0.10003210E-02   0.10003210E-02   0.00000000E+00
  17.733   5.733   0.79999999E+09   0.10003697E-02   0.10003697E-02   0.00000000E+00
  17.750   5.750   0.79999999E+09   0.10003852E-02   0.10003852E-02   0.00000000E+00
  17.767   5.767   0.79999999E+09   0.10003676E-02   0.10003676E-02   0.00000000E+00
  17.783   5.783   0.79999999E+09   0.10003169E-02   0.10003169E-02   0.00000000E+00
  17.800   5.800   0.79999999E+09   0.10002332E-02   0.10002332E-02   0.00000000E+00
  17.817   5.817   0.79999999E+09   0.10001164E-02   0.10001164E-02   0.00000000E+00
  17.833   5.833   0.79999999E+09   0.99996657E-03   0.99996657E-03   0.00000000E+00
  17.850   5.850   0.79999999E+09   0.99978378E-03   0.99978378E-03   0.00000000E+00
  17.867   5.867   0.79999999E+09   0.99956804E-03   0.99956804E-03   0.00000000E+00
  17.883   5.883   0.79999999E+09   0.99931937E-03   0.99931937E-03   0.00000000E+00
  17.900   5.900   0.79999999E+09   0.99903781E-03   0.99903781E-03   0.00000000E+00
  17.917   5.917   0.79999999E+09   0.99872339E-03   0.99872339E-03   0.00000000E+00
  17.933   5.933   0.79999999E+09   0.99837613E-03   0.99837613E-03   0.00000000E+00
  17.950   5.950   0.79999999E+09   0.99799607E-03   0.99799607E-03   0.00000000E+00
  17.967   5.967   0.79999999E+09   0.99758325E-03   0.99758325E-03   0.00000000E+00
  17.983   5.983   0.79999999E+09   0.99713769E-03   0.99713769E-03   0.00000000E+00
  18.000   6.000   0.79999999E+09   0.99665943E-03   0.99665943E-03   0.00000000E+00
  18.017   6.017   0.79999999E+09   0.99614850E-03   0.99614850E-03   0.00000000E+00
  18.033   6.033   0.79999999E+09   0.99560495E-03   0.99560495E-03   0.00000000E+00
  18.050   6.050   0.79999999E+09   0.99502880E-03   0.99502880E-03   0.00000000E+00
  18.067   6.067   0.79999999E+09   0.99442009E-03   0.99442009E-03   0.00000000E+00
  18.083   6.083   0.79999999E+09   0.99377887E-03   0.99377887E-03   0.00000000E+00
  18.100   6.100   0.79999999E+09   0.99310517E-03   0.99310517E-03   0.00000000E+00
  18.117   6.117   0.79999999E+09   0.99239903E-03   0.99239903E-03   0.00000000E+00
  18.133   6.133   0.79999999E+09   0.99166049E-03   0.99166049E-03   0.00000000E+00
  18.150   6.150   0.79999999E+09   0.99088959E-03   0.99088959E-03   0.00000000E+00
  18.167   6.167   0.79999999E+09   0.99008638E-03   0.99008638E-03   0.00000000E+00
  18.183   6.183   0.79999999E+09   0.98925089E-03   0.98925089E-03   0.00000000E+00
  18.200   6.200   0.79999999E+09   0.98838317E-03   0.98838317E-03   0.00000000E+00
  18.217   6.217   0.79999999E+09   0.98748326E-03   0.98748326E-03   0.00000000E+00
  18.233   6.233   0.79999999E+09   0.98655122E-03   0.98655122E-03   0.00000000E+00
  18.250   6.250   0.79999999E+09   0.98558708E-03   0.98558708E-03   0.00000000E+00
  18.267   6.267   0.79999999E+09   0.98459090E-03   0.98459090E-03   0.00000000E+00
  18.283   6.283   0.79999999E+09   0.98356272E-03   0.98356272E-03   0.00000000E+00
  18.300   6.300   0.79999999E+09   0.98250259E-03   0.98250259E-03   0.00000000E+00
  18.317   6.317   0.79999999E+09   0.98141055E-03   0.98141055E-03   0.00000000E+00
  18.333   6.333   0.79999999E+09   0.98028667E-03   0.98028667E-03   0.00000000E+00
  18.350   6.350   0.79999999E+09   0.97913100E-03   0.97913100E-03   0.00000000E+00
  18.367   6.367   0.79999999E+09   0.97794358E-03   0.97794358E-03   0.00000000E+00
  18.383   6.383   0.79999999E+09   0.97672447E-03   0.97672447E-03   0.00000000E+00
  18.400   6.400   0.79999999E+09   0.97547372E-03   0.97547372E-03   0.00000000E+00
  18.417   6.417   0.79999999E+09   0.97419139E-03   0.97419139E-03   0.00000000E+00
  18.433   6.433   0.79999999E+09   0.97287754E-03   0.97287754E-03   0.00000000E+00
  18.450   6.450   0.79999999E+09   0.97153223E-03   0.97153223E-03   0.00000000E+00
  18.467   6.467   0.79999999E+09   0.97015550E-03   0.97015550E-03   0.00000000E+00
  18.483   6.483   0.79999999E+09   0.96874743E-03   0.96874743E-03   0.00000000E+00
  18.500   6.500   0.79999999E+09   0.96730807E-03   0.96730807E-03   0.00000000E+00
  18.517   6.517   0.79999999E+09   0.96583749E-03   0.96583749E-03   0.00000000E+00
  18.533   6.533   0.79999999E+09   0.96433574E-03   0.96433574E-03   0.00000000E+00
  18.550   6.550   0.79999999E+09   0.96280289E-03   0.96280289E-03   0.00000000E+00
  18.567   6.567   0.79999999E+09   0.96123901E-03   0.96123901E-03   0.00000000E+00
  18.583   6.583   0.79999999E+09   0.95964416E-03   0.95964416E-03   0.00000000E+00
  18.600   6.600   0.79999999E+09   0.95801841E-03   0.95801841E-03   0.00000000E+00
  18.617   6.617   0.79999998E+09   0.95636182E-03   0.95636182E-03   0.00000000E+00
  18.633   6.633   0.79999998E+09   0.95467448E-03   0.95467448E-03   0.00000000E+00
  18.650   6.650   0.79999998E+09   0.95295643E-03   0.95295643E-03   0.00000000E+00
  18.667   6.667   0.79999998E+09   0.95120777E-03   0.95120777E-03   0.00000000E+00
  18.683   6.683   0.79999998E+09   0.94942855E-03   0.94942855E-03   0.00000000E+00
  18.700   6.700   0.79999998E+09   0.94761886E-03   0.94761886E-03   0.00000000E+00
  18.717   6.717   0.79999998E+09   0.94577876E-03   0.94577876E-03   0.00000000E+00
  18.733   6.733   0.79999998E+09   0.94390834E-03   0.94390834E-03   0.00000000E+00
  18.750   6.750   0.79999998E+09   0.94200767E-03   0.94200767E-03   0.00000000E+00
  18.767   6.767   0.79999998E+09   0.94007683E-03   0.94007683E-03   0.00000000E+00
  18.783   6.783   0.79999998E+09   0.93811590E-03   0.93811590E-03   0.00000000E+00
  18.800   6.800   0.79999998E+09   0.93612496E-03   0.93612496E-03   0.00000000E+00
  18.817   6.817   0.79999998E+09   0.93410409E-03   0.93410409E-03   0.00000000E+00
  18.833   6.833   0.79999998E+09   0.93205338E-03   0.93205338E-03   0.00000000E+00
  18.850   6.850   0.79999998E+09   0.92997290E-03   0.92997290E-03   0.00000000E+00
  18.867   6.867   0.79999998E+09   0.92786275E-03   0.92786275E-03   0.00000000E+00
  18.883   6.883   0.79999998E+09   0.92572301E-03   0.92572301E-03   0.00000000E+00
  18.900   6.900   0.79999998E+09   0.92355377E-03   0.92355377E-03   0.00000000E+00
  18.917   6.917   0.79999998E+09   0.92135512E-03   0.92135512E-03   0.00000000E+00
  18.933   6.933   0.79999998E+09   0.91912715E-03   0.91912715E-03   0.00000000E+00
  18.950   6.950   0.79999998E+09   0.91686996E-03   0.91686996E-03   0.00000000E+00
  18.967   6.967   0.79999998E+09   0.91458362E-03   0.91458362E-03   0.00000000E+00
  18.983   6.983   0.79999998E+09   0.91226825E-03   0.91226825E-03   0.00000000E+00
  19.000   7.000   0.79999998E+09   0.90992393E-03   0.90992393E-03   0.00000000E+00
  19.017   7.017   0.79999998E+09   0.90755077E-03   0.90755077E-03   0.00000000E+00
  19.033   7.033   0.79999998E+09   0.90514886E-03   0.90514886E-03   0.00000000E+00
  19.050   7.050   0.79999998E+09   0.90271830E-03   0.90271830E-03   0.00000000E+00
  19.067   7.067   0.79999998E+09   0.90025920E-03   0.90025920E-03   0.00000000E+00
  19.083   7.083   0.79999998E+09   0.89777165E-03   0.89777165E-03   0.00000000E+00
  19.100   7.100   0.79999998E+09   0.89525577E-03   0.89525577E-03   0.00000000E+00
  19.117   7.117   0.79999998E+09   0.89271165E-03   0.89271165E-03   0.00000000E+00
  19.133   7.133   0.79999998E+09   0.89013941E-03   0.89013941E-03   0.00000000E+00
  19.150   7.150   0.79999998E+09   0.88753915E-03   0.88753915E-03   0.00000000E+00
  19.167   7.167   0.79999998E+09   0.88491098E-03   0.88491098E-03   0.00000000E+00
  19.183   7.183   0.79999998E+09   0.88225502E-03   0.88225502E-03   0.00000000E+00
  19.200   7.200   0.79999998E+09   0.87957138E-03   0.87957138E-03   0.00000000E+00
  19.217   7.217   0.79999998E+09   0.87686017E-03   0.87686017E-03   0.00000000E+00
  19.233   7.233   0.79999998E+09   0.87412151E-03   0.87412151E-03   0.00000000E+00
  19.250   7.250   0.79999998E+09   0.87135552E-03   0.87135552E-03   0.00000000E+00
  19.267   7.267   0.79999998E+09   0.86856232E-03   0.86856232E-03   0.00000000E+00
  19.283   7.283   0.79999998E+09   0.86574202E-03   0.86574202E-03   0.00000000E+00
  19.300   7.300   0.79999998E+09   0.86289476E-03   0.86289476E-03   0.00000000E+00
  19.317   7.317   0.79999998E+09   0.86002065E-03   0.86002065E-03   0.00000000E+00
  19.333   7.333   0.79999998E+09   0.85711982E-03   0.85711982E-03   0.00000000E+00
  19.350   7.350   0.79999998E+09   0.85419240E-03   0.85419240E-03   0.00000000E+00
  19.367   7.367   0.79999998E+09   0.85123852E-03   0.85123852E-03   0.00000000E+00
  19.383   7.383   0.79999998E+09   0.84825831E-03   0.84825831E-03   0.00000000E+00
  19.400   7.400   0.79999998E+09   0.84525190E-03   0.84525190E-03   0.00000000E+00
  19.417   7.417   0.79999998E+09   0.84221943E-03   0.84221943E-03   0.00000000E+00
  19.433   7.433   0.79999998E+09   0.83916103E-03   0.83916103E-03   0.00000000E+00
  19.450   7.450   0.79999998E+09   0.83607683E-03   0.83607683E-03   0.00000000E+00
  19.467   7.467   0.79999998E+09   0.83296699E-03   0.83296699E-03   0.00000000E+00
  19.483   7.483   0.79999998E+09   0.82983164E-03   0.82983164E-03   0.00000000E+00
  19.500   7.500   0.79999998E+09   0.82667092E-03   0.82667092E-03   0.00000000E+00
  19.517   7.517   0.79999998E+09   0.82348498E-03   0.82348498E-03   0.00000000E+00
  19.533   7.533   0.79999998E+09   0.82027397E-03   0.82027397E-03   0.00000000E+00
  19.550   7.550   0.79999998E+09   0.81703803E-03   0.81703803E-03   0.00000000E+00
  19.567   7.567   0.79999998E+09   0.81377732E-03   0.81377732E-03   0.00000000E+00
  19.583   7.583   0.79999998E+09   0.81049199E-03   0.81049199E-03   0.00000000E+00
  19.600   7.600   0.79999998E+09   0.80718218E-03   0.80718218E-03   0.00000000E+00
  19.617   7.617   0.79999998E+09   0.80384807E-03   0.80384807E-03   0.00000000E+00
  19.633   7.633   0.79999998E+09   0.80048980E-03   0.80048980E-03   0.00000000E+00
  19.650   7.650   0.79999998E+09   0.79710754E-03   0.79710754E-03   0.00000000E+00
  19.667   7.667   0.79999998E+09   0.79370146E-03   0.79370146E-03   0.00000000E+00
  19.683   7.683   0.79999998E+09   0.79027170E-03   0.79027170E-03   0.00000000E+00
  19.700   7.700   0.79999998E+09   0.78681845E-03   0.78681845E-03   0.00000000E+00
  19.717   7.717   0.79999998E+09   0.78334186E-03   0.78334186E-03   0.00000000E+00
  19.733   7.733   0.79999998E+09   0.77984211E-03   0.77984211E-03   0.00000000E+00
  19.750   7.750   0.79999998E+09   0.77631938E-03   0.77631938E-03   0.00000000E+00
  19.767   7.767   0.79999998E+09   0.77277383E-03   0.77277383E-03   0.00000000E+00
  19.783   7.783   0.79999998E+09   0.76920564E-03   0.76920564E-03   0.00000000E+00
  19.800   7.800   0.79999998E+09   0.76561500E-03   0.76561500E-03   0.00000000E+00
  19.817   7.817   0.79999998E+09   0.76200208E-03   0.76200208E-03   0.00000000E+00
  19.833   7.833   0.79999998E+09   0.75836707E-03   0.75836707E-03   0.00000000E+00
  19.850   7.850   0.79999998E+09   0.75471015E-03   0.75471015E-03   0.00000000E+00
  19.867   7.867   0.79999998E+09   0.75103152E-03   0.75103152E-03   0.00000000E+00
  19.883   7.883   0.79999998E+09   0.74733135E-03   0.74733135E-03   0.00000000E+00
  19.900   7.900   0.79999998E+09   0.74360984E-03   0.74360984E-03   0.00000000E+00
  19.917   7.917   0.79999998E+09   0.73986720E-03   0.73986720E-03   0.00000000E+00
  19.933   7.933   0.79999998E+09   0.73610361E-03   0.73610361E-03   0.00000000E+00
  19.950   7.950   0.79999998E+09   0.73231927E-03   0.73231927E-03   0.00000000E+00
  19.967   7.967   0.79999998E+09   0.72851439E-03   0.72851439E-03   0.00000000E+00
  19.983   7.983   0.79999998E+09   0.72468917E-03   0.72468917E-03   0.00000000E+00
  20.000   8.000   0.79999998E+09   0.72084381E-03   0.72084381E-03   0.00000000E+00
  20.017   8.017   0.79999998E+09   0.71697853E-03   0.71697853E-03   0.00000000E+00
  20.033   8.033   0.79999998E+09   0.71309354E-03   0.71309354E-03   0.00000000E+00
  20.050   8.050   0.79999998E+09   0.70918906E-03   0.70918906E-03   0.00000000E+00
  20.067   8.067   0.79999998E+09   0.70526528E-03   0.70526528E-03   0.00000000E+00
  20.083   8.083   0.79999998E+09   0.70132245E-03   0.70132245E-03   0.00000000E+00
  20.100   8.100   0.79999998E+09   0.69736078E-03   0.69736078E-03   0.00000000E+00
  20.117   8.117   0.79999998E+09   0.69338049E-03   0.69338049E-03   0.00000000E+00
  20.133   8.133   0.79999998E+09   0.68938180E-03   0.68938180E-03   0.00000000E+00
  20.150   8.150   0.79999998E+09   0.68536496E-03   0.68536496E-03   0.00000000E+00
  20.167   8.167   0.79999998E+09   0.68133019E-03   0.68133019E-03   0.00000000E+00
  20.183   8.183   0.79999998E+09   0.67727773E-03   0.67727773E-03   0.00000000E+00
  20.200   8.200   0.79999998E+09   0.67320781E-03   0.67320781E-03   0.00000000E+00
  20.217   8.217   0.79999998E+09   0.66912067E-03   0.66912067E-03   0.00000000E+00
  20.233   8.233   0.79999998E+09   0.66501656E-03   0.66501656E-03   0.00000000E+00
  20.250   8.250   0.79999998E+09   0.66089572E-03   0.66089572E-03   0.00000000E+00
  20.267   8.267   0.79999998E+09   0.65675841E-03   0.65675841E-03   0.00000000E+00
  20.283   8.283   0.79999998E+09   0.65260486E-03   0.65260486E-03   0.00000000E+00
  20.300   8.300   0.79999998E+09   0.64843535E-03   0.64843535E-03   0.00000000E+00
  20.317   8.317   0.79999998E+09   0.64425011E-03   0.64425011E-03   0.00000000E+00
  20.333   8.333   0.79999998E+09   0.64004942E-03   0.64004942E-03   0.00000000E+00
  20.350   8.350   0.79999998E+09   0.63583354E-03   0.63583354E-03   0.00000000E+00
  20.367   8.367   0.79999998E+09   0.63160273E-03   0.63160273E-03   0.00000000E+00
  20.383   8.383   0.79999998E+09   0.62735726E-03   0.62735726E-03   0.00000000E+00
  20.400   8.400   0.79999998E+09   0.62309740E-03   0.62309740E-03   0.00000000E+00
  20.417   8.417   0.79999998E+09   0.61882343E-03   0.61882343E-03   0.00000000E+00
  20.433   8.433   0.79999998E+09   0.61453562E-03   0.61453562E-03   0.00000000E+00
  20.450   8.450   0.79999998E+09   0.61023426E-03   0.61023426E-03   0.00000000E+00
  20.467   8.467   0.79999998E+09   0.60591963E-03   0.60591963E-03   0.00000000E+00
  20.483   8.483   0.79999998E+09   0.60159201E-03   0.60159201E-03   0.00000000E+00
  20.500   8.500   0.79999998E+09   0.59725170E-03   0.59725170E-03   0.00000000E+00
  20.517   8.517   0.79999998E+09   0.59289899E-03   0.59289899E-03   0.00000000E+00
  20.533   8.533   0.79999998E+09   0.58853417E-03   0.58853417E-03   0.00000000E+00
  20.550   8.550   0.79999998E+09   0.58415755E-03   0.58415755E-03   0.00000000E+00
  20.567   8.567   0.79999998E+09   0.57976943E-03   0.57976943E-03   0.00000000E+00
  20.583   8.583   0.79999998E+09   0.57537011E-03   0.57537011E-03   0.00000000E+00
  20.600   8.600   0.79999998E+09   0.57095990E-03   0.57095990E-03   0.00000000E+00
  20.617   8.617   0.79999998E+09   0.56653911E-03   0.56653911E-03   0.00000000E+00
  20.633   8.633   0.79999998E+09   0.56210807E-03   0.56210807E-03   0.00000000E+00
  20.650   8.650   0.79999998E+09   0.55766708E-03   0.55766708E-03   0.00000000E+00
  20.667   8.667   0.79999998E+09   0.55321648E-03   0.55321648E-03   0.00000000E+00
  20.683   8.683   0.79999998E+09   0.54875658E-03   0.54875658E-03   0.00000000E+00
  20.700   8.700   0.79999998E+09   0.54428771E-03   0.54428771E-03   0.00000000E+00
  20.717   8.717   0.79999998E+09   0.53981021E-03   0.53981021E-03   0.00000000E+00
  20.733   8.733   0.79999998E+09   0.53532441E-03   0.53532441E-03   0.00000000E+00
  20.750   8.750   0.79999998E+09   0.53083066E-03   0.53083066E-03   0.00000000E+00
  20.767   8.767   0.79999998E+09   0.52632928E-03   0.52632928E-03   0.00000000E+00
  20.783   8.783   0.79999998E+09   0.52182064E-03   0.52182064E-03   0.00000000E+00
  20.800   8.800   0.79999998E+09   0.51730507E-03   0.51730507E-03   0.00000000E+00
  20.817   8.817   0.79999998E+09   0.51278293E-03   0.51278293E-03   0.00000000E+00
  20.833   8.833   0.79999998E+09   0.50825458E-03   0.50825458E-03   0.00000000E+00
  20.850   8.850   0.79999998E+09   0.50372037E-03   0.50372037E-03   0.00000000E+00
  20.867   8.867   0.79999998E+09   0.49918067E-03   0.49918067E-03   0.00000000E+00
  20.883   8.883   0.79999998E+09   0.49463584E-03   0.49463584E-03   0.00000000E+00
  20.900   8.900   0.79999998E+09   0.49008625E-03   0.49008625E-03   0.00000000E+00
  20.917   8.917   0.79999998E+09   0.48553228E-03   0.48553228E-03   0.00000000E+00
  20.933   8.933   0.79999998E+09   0.48097430E-03   0.48097430E-03   0.00000000E+00
  20.950   8.950   0.79999998E+09   0.47641270E-03   0.47641270E-03   0.00000000E+00
  20.967   8.967   0.79999998E+09   0.47184785E-03   0.47184785E-03   0.00000000E+00
