        RT(hours)            [O1D]         L_R_02           L_R_03           L_R_04           P_R_01           tot_loss         tot_prod
  12.017   0.017   0.18640719E-14   0.24899286E-06   0.11507248E-05   0.36637726E-06   0.17660949E-05   0.17660949E-05   0.17660949E-05
  12.033   0.033   0.20625032E-14   0.27562819E-06   0.12730327E-05   0.40532675E-06   0.19539876E-05   0.19539876E-05   0.19539876E-05
  12.050   0.050   0.22753144E-14   0.30421145E-06   0.14041786E-05   0.44709185E-06   0.21554819E-05   0.21554819E-05   0.21554819E-05
  12.067   0.067   0.25032574E-14   0.33484603E-06   0.15446226E-05   0.49181923E-06   0.23712879E-05   0.23712879E-05   0.23712879E-05
  12.083   0.083   0.27470255E-14   0.36762769E-06   0.16947882E-05   0.53964388E-06   0.26020598E-05   0.26020598E-05   0.26020598E-05
  12.100   0.100   0.30072692E-14   0.40264664E-06   0.18550723E-05   0.59069241E-06   0.28484114E-05   0.28484114E-05   0.28484114E-05
  12.117   0.117   0.32846088E-14   0.43998924E-06   0.20258529E-05   0.64508536E-06   0.31109275E-05   0.31109275E-05   0.31109275E-05
  12.133   0.133   0.35796418E-14   0.47973897E-06   0.22074937E-05   0.70293877E-06   0.33901714E-05   0.33901714E-05   0.33901714E-05
  12.150   0.150   0.38929483E-14   0.52197712E-06   0.24003474E-05   0.76436516E-06   0.36866897E-05   0.36866897E-05   0.36866897E-05
  12.167   0.167   0.42250935E-14   0.56678318E-06   0.26047574E-05   0.82947409E-06   0.40010147E-05   0.40010147E-05   0.40010147E-05
  12.183   0.183   0.45766295E-14   0.61423503E-06   0.28210589E-05   0.89837252E-06   0.43336664E-05   0.43336664E-05   0.43336664E-05
  12.200   0.200   0.49480964E-14   0.66440911E-06   0.30495791E-05   0.97116492E-06   0.46851531E-05   0.46851531E-05   0.46851531E-05
  12.217   0.217   0.53400224E-14   0.71738041E-06   0.32906381E-05   0.10479534E-05   0.50559719E-05   0.50559719E-05   0.50559719E-05
  12.233   0.233   0.57529242E-14   0.77322254E-06   0.35445484E-05   0.11288379E-05   0.54466089E-05   0.54466089E-05   0.54466089E-05
  12.250   0.250   0.61873073E-14   0.83200773E-06   0.38116156E-05   0.12139158E-05   0.58575392E-05   0.58575392E-05   0.58575392E-05
  12.267   0.267   0.66436654E-14   0.89380683E-06   0.40921378E-05   0.13032824E-05   0.62892270E-05   0.62892270E-05   0.62892270E-05
  12.283   0.283   0.71224811E-14   0.95868929E-06   0.43864059E-05   0.13970306E-05   0.67421258E-05   0.67421258E-05   0.67421258E-05
  12.300   0.300   0.76242254E-14   0.10267232E-05   0.46947038E-05   0.14952511E-05   0.72166781E-05   0.72166781E-05   0.72166781E-05
  12.317   0.317   0.81493584E-14   0.10979753E-05   0.50173081E-05   0.15980323E-05   0.77133157E-05   0.77133157E-05   0.77133157E-05
  12.333   0.333   0.86983289E-14   0.11725109E-05   0.53544886E-05   0.17054603E-05   0.82324599E-05   0.82324599E-05   0.82324599E-05
  12.350   0.350   0.92715746E-14   0.12503941E-05   0.57065080E-05   0.18176192E-05   0.87745214E-05   0.87745214E-05   0.87745214E-05
  12.367   0.367   0.98695226E-14   0.13316876E-05   0.60736223E-05   0.19345908E-05   0.93399007E-05   0.93399007E-05   0.93399007E-05
  12.383   0.383   0.10492590E-13   0.14164527E-05   0.64560809E-05   0.20564548E-05   0.99289884E-05   0.99289884E-05   0.99289884E-05
  12.400   0.400   0.11141182E-13   0.15047498E-05   0.68541267E-05   0.21832889E-05   0.10542165E-04   0.10542165E-04   0.10542165E-04
  12.417   0.417   0.11815696E-13   0.15966378E-05   0.72679964E-05   0.23151688E-05   0.11179803E-04   0.11179803E-04   0.11179803E-04
  12.433   0.433   0.12516520E-13   0.16921745E-05   0.76979209E-05   0.24521684E-05   0.11842264E-04   0.11842264E-04   0.11842264E-04
  12.450   0.450   0.13244031E-13   0.17914168E-05   0.81441251E-05   0.25943596E-05   0.12529901E-04   0.12529901E-04   0.12529901E-04
  12.467   0.467   0.13998598E-13   0.18944203E-05   0.86068286E-05   0.27418128E-05   0.13243062E-04   0.13243062E-04   0.13243062E-04
  12.483   0.483   0.14780584E-13   0.20012397E-05   0.90862460E-05   0.28945966E-05   0.13982082E-04   0.13982082E-04   0.13982082E-04
  12.500   0.500   0.15590341E-13   0.21119289E-05   0.95825867E-05   0.30527781E-05   0.14747294E-04   0.14747294E-04   0.14747294E-04
  12.517   0.517   0.16428216E-13   0.22265409E-05   0.10096056E-04   0.32164229E-05   0.15539020E-04   0.15539020E-04   0.15539020E-04
  12.533   0.533   0.17294549E-13   0.23451278E-05   0.10626854E-04   0.33855954E-05   0.16357577E-04   0.16357577E-04   0.16357577E-04
  12.550   0.550   0.18189673E-13   0.24677410E-05   0.11175179E-04   0.35603586E-05   0.17203279E-04   0.17203279E-04   0.17203279E-04
  12.567   0.567   0.19113917E-13   0.25944315E-05   0.11741223E-04   0.37407746E-05   0.18076429E-04   0.18076429E-04   0.18076429E-04
  12.583   0.583   0.20067605E-13   0.27252494E-05   0.12325177E-04   0.39269044E-05   0.18977331E-04   0.18977331E-04   0.18977331E-04
  12.600   0.600   0.21051054E-13   0.28602446E-05   0.12927229E-04   0.41188079E-05   0.19906282E-04   0.19906282E-04   0.19906282E-04
  12.617   0.617   0.22064580E-13   0.29994664E-05   0.13547563E-04   0.43165446E-05   0.20863574E-04   0.20863574E-04   0.20863574E-04
  12.633   0.633   0.23108494E-13   0.31429638E-05   0.14186362E-04   0.45201730E-05   0.21849499E-04   0.21849499E-04   0.21849499E-04
  12.650   0.650   0.24183106E-13   0.32907855E-05   0.14843807E-04   0.47297511E-05   0.22864344E-04   0.22864344E-04   0.22864344E-04
  12.667   0.667   0.25288722E-13   0.34429803E-05   0.15520078E-04   0.49453367E-05   0.23908395E-04   0.23908395E-04   0.23908395E-04
  12.683   0.683   0.26425649E-13   0.35995965E-05   0.16215354E-04   0.51669869E-05   0.24981938E-04   0.24981938E-04   0.24981938E-04
  12.700   0.700   0.27594190E-13   0.37606825E-05   0.16929812E-04   0.53947590E-05   0.26085254E-04   0.26085254E-04   0.26085254E-04
  12.717   0.717   0.28794650E-13   0.39262870E-05   0.17663631E-04   0.56287099E-05   0.27218628E-04   0.27218628E-04   0.27218628E-04
  12.733   0.733   0.30027332E-13   0.40964584E-05   0.18416987E-04   0.58688965E-05   0.28382342E-04   0.28382342E-04   0.28382342E-04
  12.750   0.750   0.31292542E-13   0.42712455E-05   0.19190058E-04   0.61153760E-05   0.29576680E-04   0.29576680E-04   0.29576680E-04
  12.767   0.767   0.32590587E-13   0.44506975E-05   0.19983024E-04   0.63682056E-05   0.30801927E-04   0.30801927E-04   0.30801927E-04
  12.783   0.783   0.33921773E-13   0.46348638E-05   0.20796064E-04   0.66274430E-05   0.32058371E-04   0.32058371E-04   0.32058371E-04
  12.800   0.800   0.35286413E-13   0.48237940E-05   0.21629358E-04   0.68931462E-05   0.33346299E-04   0.33346299E-04   0.33346299E-04
  12.817   0.817   0.36684817E-13   0.50175386E-05   0.22483090E-04   0.71653739E-05   0.34666002E-04   0.34666002E-04   0.34666002E-04
  12.833   0.833   0.38117304E-13   0.52161483E-05   0.23357443E-04   0.74441851E-05   0.36017776E-04   0.36017776E-04   0.36017776E-04
  12.850   0.850   0.39584193E-13   0.54196745E-05   0.24252604E-04   0.77296397E-05   0.37401918E-04   0.37401918E-04   0.37401918E-04
  12.867   0.867   0.41085809E-13   0.56281693E-05   0.25168762E-04   0.80217983E-05   0.38818730E-04   0.38818730E-04   0.38818730E-04
  12.883   0.883   0.42622480E-13   0.58416854E-05   0.26106109E-04   0.83207226E-05   0.40268517E-04   0.40268517E-04   0.40268517E-04
  12.900   0.900   0.44194540E-13   0.60602765E-05   0.27064839E-04   0.86264749E-05   0.41751591E-04   0.41751591E-04   0.41751591E-04
  12.917   0.917   0.45802329E-13   0.62839968E-05   0.28045151E-04   0.89391188E-05   0.43268267E-04   0.43268267E-04   0.43268267E-04
  12.933   0.933   0.47446192E-13   0.65129017E-05   0.29047246E-04   0.92587189E-05   0.44818866E-04   0.44818866E-04   0.44818866E-04
  12.950   0.950   0.49126481E-13   0.67470472E-05   0.30071328E-04   0.95853409E-05   0.46403716E-04   0.46403716E-04   0.46403716E-04
  12.967   0.967   0.50843552E-13   0.69864906E-05   0.31117607E-04   0.99190519E-05   0.48023149E-04   0.48023149E-04   0.48023149E-04
  12.983   0.983   0.52597770E-13   0.72312900E-05   0.32186295E-04   0.10259920E-04   0.49677505E-04   0.49677505E-04   0.49677505E-04
  13.000   1.000   0.54389509E-13   0.74815046E-05   0.33277609E-04   0.10608015E-04   0.51367129E-04   0.51367129E-04   0.51367129E-04
  13.017   1.017   0.56219145E-13   0.77371946E-05   0.34391772E-04   0.10963408E-04   0.53092375E-04   0.53092375E-04   0.53092375E-04
  13.033   1.033   0.58087066E-13   0.79984215E-05   0.35529009E-04   0.11326171E-04   0.54853602E-04   0.54853602E-04   0.54853602E-04
  13.050   1.050   0.59993667E-13   0.82652478E-05   0.36689550E-04   0.11696379E-04   0.56651177E-04   0.56651177E-04   0.56651177E-04
  13.067   1.067   0.61939349E-13   0.85377371E-05   0.37873631E-04   0.12074107E-04   0.58485475E-04   0.58485475E-04   0.58485475E-04
  13.083   1.083   0.63924524E-13   0.88159545E-05   0.39081493E-04   0.12459432E-04   0.60356879E-04   0.60356879E-04   0.60356879E-04
  13.100   1.100   0.65949611E-13   0.90999659E-05   0.40313381E-04   0.12852432E-04   0.62265779E-04   0.62265779E-04   0.62265779E-04
  13.117   1.117   0.68015038E-13   0.93898389E-05   0.41569545E-04   0.13253189E-04   0.64212573E-04   0.64212573E-04   0.64212573E-04
  13.133   1.133   0.70121240E-13   0.96856419E-05   0.42850241E-04   0.13661783E-04   0.66197667E-04   0.66197667E-04   0.66197667E-04
  13.150   1.150   0.72268663E-13   0.99874449E-05   0.44155731E-04   0.14078300E-04   0.68221476E-04   0.68221476E-04   0.68221476E-04
  13.167   1.167   0.74457761E-13   0.10295319E-04   0.45486279E-04   0.14502823E-04   0.70284422E-04   0.70284422E-04   0.70284422E-04
  13.183   1.183   0.76688998E-13   0.10609337E-04   0.46842159E-04   0.14935441E-04   0.72386936E-04   0.72386936E-04   0.72386936E-04
  13.200   1.200   0.78962844E-13   0.10929572E-04   0.48223646E-04   0.15376241E-04   0.74529458E-04   0.74529458E-04   0.74529458E-04
  13.217   1.217   0.81279780E-13   0.11256099E-04   0.49631023E-04   0.15825315E-04   0.76712436E-04   0.76712436E-04   0.76712436E-04
  13.233   1.233   0.83640298E-13   0.11588994E-04   0.51064577E-04   0.16282754E-04   0.78936325E-04   0.78936325E-04   0.78936325E-04
  13.250   1.250   0.86044895E-13   0.11928336E-04   0.52524602E-04   0.16748653E-04   0.81201590E-04   0.81201590E-04   0.81201590E-04
  13.267   1.267   0.88494080E-13   0.12274202E-04   0.54011396E-04   0.17223106E-04   0.83508704E-04   0.83508704E-04   0.83508704E-04
  13.283   1.283   0.90988370E-13   0.12626673E-04   0.55525262E-04   0.17706213E-04   0.85858148E-04   0.85858148E-04   0.85858148E-04
  13.300   1.300   0.93528291E-13   0.12985831E-04   0.57066510E-04   0.18198071E-04   0.88250411E-04   0.88250411E-04   0.88250411E-04
  13.317   1.317   0.96114378E-13   0.13351757E-04   0.58635454E-04   0.18698781E-04   0.90685992E-04   0.90685992E-04   0.90685992E-04
  13.333   1.333   0.98747174E-13   0.13724535E-04   0.60232414E-04   0.19208446E-04   0.93165395E-04   0.93165395E-04   0.93165395E-04
  13.350   1.350   0.10142723E-12   0.14104251E-04   0.61857714E-04   0.19727170E-04   0.95689135E-04   0.95689135E-04   0.95689135E-04
  13.367   1.367   0.10415511E-12   0.14490991E-04   0.63511685E-04   0.20255058E-04   0.98257734E-04   0.98257734E-04   0.98257734E-04
  13.383   1.383   0.10693139E-12   0.14884841E-04   0.65194661E-04   0.20792218E-04   0.10087172E-03   0.10087172E-03   0.10087172E-03
  13.400   1.400   0.10975663E-12   0.15285890E-04   0.66906983E-04   0.21338760E-04   0.10353163E-03   0.10353163E-03   0.10353163E-03
  13.417   1.417   0.11263143E-12   0.15694229E-04   0.68648995E-04   0.21894793E-04   0.10623802E-03   0.10623802E-03   0.10623802E-03
  13.433   1.433   0.11555639E-12   0.16109946E-04   0.70421048E-04   0.22460429E-04   0.10899142E-03   0.10899142E-03   0.10899142E-03
  13.450   1.450   0.11853209E-12   0.16533135E-04   0.72223496E-04   0.23035783E-04   0.11179241E-03   0.11179241E-03   0.11179241E-03
  13.467   1.467   0.12155917E-12   0.16963888E-04   0.74056698E-04   0.23620969E-04   0.11464156E-03   0.11464156E-03   0.11464156E-03
  13.483   1.483   0.12463823E-12   0.17402297E-04   0.75921020E-04   0.24216105E-04   0.11753942E-03   0.11753942E-03   0.11753942E-03
  13.500   1.500   0.12776990E-12   0.17848459E-04   0.77816829E-04   0.24821308E-04   0.12048660E-03   0.12048660E-03   0.12048660E-03
  13.517   1.517   0.13095482E-12   0.18302469E-04   0.79744499E-04   0.25436698E-04   0.12348367E-03   0.12348367E-03   0.12348367E-03
  13.533   1.533   0.13419362E-12   0.18764423E-04   0.81704408E-04   0.26062396E-04   0.12653123E-03   0.12653123E-03   0.12653123E-03
  13.550   1.550   0.13748696E-12   0.19234418E-04   0.83696937E-04   0.26698525E-04   0.12962988E-03   0.12962988E-03   0.12962988E-03
  13.567   1.567   0.14083549E-12   0.19712553E-04   0.85722473E-04   0.27345208E-04   0.13278023E-03   0.13278023E-03   0.13278023E-03
  13.583   1.583   0.14423988E-12   0.20198927E-04   0.87781407E-04   0.28002570E-04   0.13598290E-03   0.13598290E-03   0.13598290E-03
  13.600   1.600   0.14770080E-12   0.20693639E-04   0.89874133E-04   0.28670739E-04   0.13923851E-03   0.13923851E-03   0.13923851E-03
  13.617   1.617   0.15121892E-12   0.21196791E-04   0.92001050E-04   0.29349840E-04   0.14254768E-03   0.14254768E-03   0.14254768E-03
  13.633   1.633   0.15479492E-12   0.21708482E-04   0.94162560E-04   0.30040005E-04   0.14591105E-03   0.14591105E-03   0.14591105E-03
  13.650   1.650   0.15842951E-12   0.22228815E-04   0.96359070E-04   0.30741363E-04   0.14932925E-03   0.14932925E-03   0.14932925E-03
  13.667   1.667   0.16212336E-12   0.22757892E-04   0.98590991E-04   0.31454044E-04   0.15280293E-03   0.15280293E-03   0.15280293E-03
  13.683   1.683   0.16587720E-12   0.23295817E-04   0.10085874E-03   0.32178183E-04   0.15633274E-03   0.15633274E-03   0.15633274E-03
  13.700   1.700   0.16969172E-12   0.23842692E-04   0.10316272E-03   0.32913913E-04   0.15991933E-03   0.15991933E-03   0.15991933E-03
  13.717   1.717   0.17356764E-12   0.24398622E-04   0.10550338E-03   0.33661369E-04   0.16356337E-03   0.16356337E-03   0.16356337E-03
  13.733   1.733   0.17750569E-12   0.24963712E-04   0.10788112E-03   0.34420687E-04   0.16726551E-03   0.16726551E-03   0.16726551E-03
  13.750   1.750   0.18150659E-12   0.25538065E-04   0.11029637E-03   0.35192004E-04   0.17102644E-03   0.17102644E-03   0.17102644E-03
  13.767   1.767   0.18557107E-12   0.26121787E-04   0.11274958E-03   0.35975459E-04   0.17484682E-03   0.17484682E-03   0.17484682E-03
  13.783   1.783   0.18969987E-12   0.26714984E-04   0.11524116E-03   0.36771190E-04   0.17872734E-03   0.17872734E-03   0.17872734E-03
  13.800   1.800   0.19389373E-12   0.27317760E-04   0.11777157E-03   0.37579339E-04   0.18266867E-03   0.18266867E-03   0.18266867E-03
  13.817   1.817   0.19815340E-12   0.27930222E-04   0.12034124E-03   0.38400045E-04   0.18667151E-03   0.18667151E-03   0.18667151E-03
  13.833   1.833   0.20247964E-12   0.28552476E-04   0.12295061E-03   0.39233452E-04   0.19073654E-03   0.19073654E-03   0.19073654E-03
  13.850   1.850   0.20687320E-12   0.29184628E-04   0.12560014E-03   0.40079703E-04   0.19486447E-03   0.19486447E-03   0.19486447E-03
  13.867   1.867   0.21133483E-12   0.29826783E-04   0.12829026E-03   0.40938940E-04   0.19905598E-03   0.19905598E-03   0.19905598E-03
  13.883   1.883   0.21586532E-12   0.30479046E-04   0.13102144E-03   0.41811309E-04   0.20331179E-03   0.20331179E-03   0.20331179E-03
  13.900   1.900   0.22046542E-12   0.31141525E-04   0.13379412E-03   0.42696954E-04   0.20763260E-03   0.20763260E-03   0.20763260E-03
  13.917   1.917   0.22513591E-12   0.31814323E-04   0.13660876E-03   0.43596023E-04   0.21201910E-03   0.21201910E-03   0.21201910E-03
  13.933   1.933   0.22987755E-12   0.32497546E-04   0.13946581E-03   0.44508660E-04   0.21647202E-03   0.21647202E-03   0.21647202E-03
  13.950   1.950   0.23469114E-12   0.33191297E-04   0.14236574E-03   0.45435013E-04   0.22099205E-03   0.22099205E-03   0.22099205E-03
  13.967   1.967   0.23957744E-12   0.33895681E-04   0.14530900E-03   0.46375228E-04   0.22557991E-03   0.22557991E-03   0.22557991E-03
  13.983   1.983   0.24453724E-12   0.34610800E-04   0.14829606E-03   0.47329454E-04   0.23023631E-03   0.23023631E-03   0.23023631E-03
  14.000   2.000   0.24957131E-12   0.35336756E-04   0.15132737E-03   0.48297837E-04   0.23496196E-03   0.23496196E-03   0.23496196E-03
  14.017   2.017   0.25467919E-12   0.36073685E-04   0.15440368E-03   0.49280573E-04   0.23975794E-03   0.23975794E-03   0.23975794E-03
  14.033   2.033   0.25986216E-12   0.36821925E-04   0.15752671E-03   0.50278168E-04   0.24462681E-03   0.24462681E-03   0.24462681E-03
  14.050   2.050   0.26512342E-12   0.37581879E-04   0.16069833E-03   0.51291221E-04   0.24957143E-03   0.24957143E-03   0.24957143E-03
  14.067   2.067   0.27046614E-12   0.38353937E-04   0.16392036E-03   0.52320322E-04   0.25459462E-03   0.25459462E-03   0.25459462E-03
  14.083   2.083   0.27589342E-12   0.39138485E-04   0.16719463E-03   0.53366053E-04   0.25969917E-03   0.25969917E-03   0.25969917E-03
  14.100   2.100   0.28140834E-12   0.39935901E-04   0.17052293E-03   0.54428991E-04   0.26488782E-03   0.26488782E-03   0.26488782E-03
  14.117   2.117   0.28701395E-12   0.40746558E-04   0.17390705E-03   0.55509707E-04   0.27016332E-03   0.27016332E-03   0.27016332E-03
  14.133   2.133   0.29271325E-12   0.41570825E-04   0.17734876E-03   0.56608770E-04   0.27552835E-03   0.27552835E-03   0.27552835E-03
  14.150   2.150   0.29850923E-12   0.42409064E-04   0.18084982E-03   0.57726744E-04   0.28098562E-03   0.28098562E-03   0.28098562E-03
  14.167   2.167   0.30440485E-12   0.43261633E-04   0.18441198E-03   0.58864192E-04   0.28653781E-03   0.28653781E-03   0.28653781E-03
  14.183   2.183   0.31040306E-12   0.44128885E-04   0.18803700E-03   0.60021673E-04   0.29218756E-03   0.29218756E-03   0.29218756E-03
  14.200   2.200   0.31650677E-12   0.45011165E-04   0.19172661E-03   0.61199740E-04   0.29793751E-03   0.29793751E-03   0.29793751E-03
  14.217   2.217   0.32271887E-12   0.45908816E-04   0.19548253E-03   0.62398948E-04   0.30379029E-03   0.30379029E-03   0.30379029E-03
  14.233   2.233   0.32904224E-12   0.46822169E-04   0.19930647E-03   0.63619842E-04   0.30974849E-03   0.30974849E-03   0.30974849E-03
  14.250   2.250   0.33547969E-12   0.47751551E-04   0.20320015E-03   0.64862966E-04   0.31581466E-03   0.31581466E-03   0.31581466E-03
  14.267   2.267   0.34203402E-12   0.48697278E-04   0.20716522E-03   0.66128856E-04   0.32199135E-03   0.32199135E-03   0.32199135E-03
  14.283   2.283   0.34870798E-12   0.49659659E-04   0.21120335E-03   0.67418042E-04   0.32828105E-03   0.32828105E-03   0.32828105E-03
  14.300   2.300   0.35550427E-12   0.50638988E-04   0.21531617E-03   0.68731042E-04   0.33468620E-03   0.33468620E-03   0.33468620E-03
  14.317   2.317   0.36242551E-12   0.51635548E-04   0.21950527E-03   0.70068366E-04   0.34120918E-03   0.34120918E-03   0.34120918E-03
  14.333   2.333   0.36947426E-12   0.52649607E-04   0.22377219E-03   0.71430507E-04   0.34785231E-03   0.34785231E-03   0.34785231E-03
  14.350   2.350   0.37665298E-12   0.53681414E-04   0.22811845E-03   0.72817946E-04   0.35461781E-03   0.35461781E-03   0.35461781E-03
  14.367   2.367   0.38396404E-12   0.54731202E-04   0.23254548E-03   0.74231140E-04   0.36150782E-03   0.36150782E-03   0.36150782E-03
  14.383   2.383   0.39140966E-12   0.55799179E-04   0.23705464E-03   0.75670526E-04   0.36852435E-03   0.36852435E-03   0.36852435E-03
  14.400   2.400   0.39899194E-12   0.56885529E-04   0.24164723E-03   0.77136513E-04   0.37566927E-03   0.37566927E-03   0.37566927E-03
  14.417   2.417   0.40671280E-12   0.57990409E-04   0.24632443E-03   0.78629480E-04   0.38294432E-03   0.38294432E-03   0.38294432E-03
  14.433   2.433   0.41457398E-12   0.59113943E-04   0.25108731E-03   0.80149768E-04   0.39035102E-03   0.39035102E-03   0.39035102E-03
  14.450   2.450   0.42257699E-12   0.60256222E-04   0.25593682E-03   0.81697678E-04   0.39789072E-03   0.39789072E-03   0.39789072E-03
  14.467   2.467   0.43072309E-12   0.61417297E-04   0.26087377E-03   0.83273465E-04   0.40556453E-03   0.40556453E-03   0.40556453E-03
  14.483   2.483   0.43901329E-12   0.62597175E-04   0.26589878E-03   0.84877329E-04   0.41337328E-03   0.41337328E-03   0.41337328E-03
  14.500   2.500   0.44744826E-12   0.63795820E-04   0.27101231E-03   0.86509413E-04   0.42131754E-03   0.42131754E-03   0.42131754E-03
  14.517   2.517   0.45602834E-12   0.65013143E-04   0.27621461E-03   0.88169795E-04   0.42939754E-03   0.42939754E-03   0.42939754E-03
  14.533   2.533   0.46475350E-12   0.66249000E-04   0.28150570E-03   0.89858481E-04   0.43761318E-03   0.43761318E-03   0.43761318E-03
  14.550   2.550   0.47362331E-12   0.67503190E-04   0.28688535E-03   0.91575397E-04   0.44596394E-03   0.44596394E-03   0.44596394E-03
  14.567   2.567   0.48263689E-12   0.68775449E-04   0.29235310E-03   0.93320388E-04   0.45444894E-03   0.45444894E-03   0.45444894E-03
  14.583   2.583   0.49179288E-12   0.70065449E-04   0.29790816E-03   0.95093207E-04   0.46306682E-03   0.46306682E-03   0.46306682E-03
  14.600   2.600   0.50108945E-12   0.71372793E-04   0.30354948E-03   0.96893511E-04   0.47181578E-03   0.47181578E-03   0.47181578E-03
  14.617   2.617   0.51052424E-12   0.72697013E-04   0.30927567E-03   0.98720857E-04   0.48069354E-03   0.48069354E-03   0.48069354E-03
  14.633   2.633   0.52009434E-12   0.74037574E-04   0.31508504E-03   0.10057470E-03   0.48969731E-03   0.48969731E-03   0.48969731E-03
  14.650   2.650   0.52979631E-12   0.75393864E-04   0.32097553E-03   0.10245439E-03   0.49882378E-03   0.49882378E-03   0.49882378E-03
  14.667   2.667   0.53962616E-12   0.76765204E-04   0.32694479E-03   0.10435916E-03   0.50806915E-03   0.50806915E-03   0.50806915E-03
  14.683   2.683   0.54957932E-12   0.78150845E-04   0.33299010E-03   0.10628815E-03   0.51742910E-03   0.51742910E-03   0.51742910E-03
  14.700   2.700   0.55965070E-12   0.79549971E-04   0.33910843E-03   0.10824039E-03   0.52689879E-03   0.52689879E-03   0.52689879E-03
  14.717   2.717   0.56983471E-12   0.80961706E-04   0.34529643E-03   0.11021480E-03   0.53647294E-03   0.53647294E-03   0.53647294E-03
  14.733   2.733   0.58012525E-12   0.82385115E-04   0.35155044E-03   0.11221023E-03   0.54614578E-03   0.54614578E-03   0.54614578E-03
  14.750   2.750   0.59051577E-12   0.83819215E-04   0.35786655E-03   0.11422541E-03   0.55591117E-03   0.55591117E-03   0.55591117E-03
  14.767   2.767   0.60099933E-12   0.85262980E-04   0.36424059E-03   0.11625901E-03   0.56576258E-03   0.56576258E-03   0.56576258E-03
  14.783   2.783   0.61156865E-12   0.86715349E-04   0.37066817E-03   0.11830963E-03   0.57569315E-03   0.57569315E-03   0.57569315E-03
  14.800   2.800   0.62221615E-12   0.88175236E-04   0.37714474E-03   0.12037582E-03   0.58569580E-03   0.58569580E-03   0.58569580E-03
  14.817   2.817   0.63293406E-12   0.89641539E-04   0.38366560E-03   0.12245608E-03   0.59576322E-03   0.59576322E-03   0.59576322E-03
  14.833   2.833   0.64371442E-12   0.91113150E-04   0.39022596E-03   0.12454888E-03   0.60588799E-03   0.60588799E-03   0.60588799E-03
  14.850   2.850   0.65454925E-12   0.92588964E-04   0.39682099E-03   0.12665267E-03   0.61606262E-03   0.61606262E-03   0.61606262E-03
  14.867   2.867   0.66543050E-12   0.94067890E-04   0.40344584E-03   0.12876590E-03   0.62627963E-03   0.62627963E-03   0.62627963E-03
  14.883   2.883   0.67635024E-12   0.95548855E-04   0.41009568E-03   0.13088704E-03   0.63653158E-03   0.63653158E-03   0.63653158E-03
  14.900   2.900   0.68730063E-12   0.97030818E-04   0.41676578E-03   0.13301458E-03   0.64681118E-03   0.64681118E-03   0.64681118E-03
  14.917   2.917   0.69827403E-12   0.98512773E-04   0.42345150E-03   0.13514702E-03   0.65711130E-03   0.65711130E-03   0.65711130E-03
  14.933   2.933   0.70926301E-12   0.99993755E-04   0.43014834E-03   0.13728295E-03   0.66742505E-03   0.66742505E-03   0.66742505E-03
  14.950   2.950   0.72026046E-12   0.10147285E-03   0.43685197E-03   0.13942097E-03   0.67774579E-03   0.67774579E-03   0.67774579E-03
  14.967   2.967   0.73125955E-12   0.10294919E-03   0.44355823E-03   0.14155976E-03   0.68806718E-03   0.68806718E-03   0.68806718E-03
  14.983   2.983   0.74225381E-12   0.10442197E-03   0.45026320E-03   0.14369806E-03   0.69838323E-03   0.69838323E-03   0.69838323E-03
  15.000   3.000   0.75323714E-12   0.10589042E-03   0.45696314E-03   0.14583470E-03   0.70868826E-03   0.70868826E-03   0.70868826E-03
  15.017   3.017   0.76420383E-12   0.10735386E-03   0.46365458E-03   0.14796855E-03   0.71897698E-03   0.71897698E-03   0.71897698E-03
  15.033   3.033   0.77514853E-12   0.10881164E-03   0.47033424E-03   0.15009857E-03   0.72924445E-03   0.72924445E-03   0.72924445E-03
  15.050   3.050   0.78606631E-12   0.11026316E-03   0.47699912E-03   0.15222381E-03   0.73948610E-03   0.73948610E-03   0.73948610E-03
  15.067   3.067   0.79695261E-12   0.11170791E-03   0.48364641E-03   0.15434338E-03   0.74969770E-03   0.74969770E-03   0.74969770E-03
  15.083   3.083   0.80780324E-12   0.11314539E-03   0.49027356E-03   0.15645645E-03   0.75987540E-03   0.75987540E-03   0.75987540E-03
  15.100   3.100   0.81861440E-12   0.11457518E-03   0.49687823E-03   0.15856228E-03   0.77001569E-03   0.77001569E-03   0.77001569E-03
  15.117   3.117   0.82938262E-12   0.11599689E-03   0.50345827E-03   0.16066019E-03   0.78011535E-03   0.78011535E-03   0.78011535E-03
  15.133   3.133   0.84010476E-12   0.11741019E-03   0.51001176E-03   0.16274957E-03   0.79017152E-03   0.79017152E-03   0.79017152E-03
  15.150   3.150   0.85077800E-12   0.11881477E-03   0.51653696E-03   0.16482986E-03   0.80018159E-03   0.80018159E-03   0.80018159E-03
  15.167   3.167   0.86139982E-12   0.12021038E-03   0.52303230E-03   0.16690056E-03   0.81014324E-03   0.81014324E-03   0.81014324E-03
  15.183   3.183   0.87196796E-12   0.12159678E-03   0.52949638E-03   0.16896123E-03   0.82005440E-03   0.82005440E-03   0.82005440E-03
  15.200   3.200   0.88248041E-12   0.12297379E-03   0.53592797E-03   0.17101147E-03   0.82991323E-03   0.82991323E-03   0.82991323E-03
  15.217   3.217   0.89293541E-12   0.12434124E-03   0.54232594E-03   0.17305094E-03   0.83971812E-03   0.83971812E-03   0.83971812E-03
  15.233   3.233   0.90333138E-12   0.12569899E-03   0.54868933E-03   0.17507931E-03   0.84946763E-03   0.84946763E-03   0.84946763E-03
  15.250   3.250   0.91366697E-12   0.12704693E-03   0.55501727E-03   0.17709632E-03   0.85916052E-03   0.85916052E-03   0.85916052E-03
  15.267   3.267   0.92394098E-12   0.12838495E-03   0.56130902E-03   0.17910173E-03   0.86879570E-03   0.86879570E-03   0.86879570E-03
  15.283   3.283   0.93415238E-12   0.12971300E-03   0.56756392E-03   0.18109532E-03   0.87837224E-03   0.87837224E-03   0.87837224E-03
  15.300   3.300   0.94430027E-12   0.13103100E-03   0.57378139E-03   0.18307693E-03   0.88788932E-03   0.88788932E-03   0.88788932E-03
  15.317   3.317   0.95438390E-12   0.13233891E-03   0.57996095E-03   0.18504639E-03   0.89734626E-03   0.89734626E-03   0.89734626E-03
  15.333   3.333   0.96440260E-12   0.13363670E-03   0.58610218E-03   0.18700357E-03   0.90674246E-03   0.90674246E-03   0.90674246E-03
  15.350   3.350   0.97435583E-12   0.13492436E-03   0.59220472E-03   0.18894836E-03   0.91607744E-03   0.91607744E-03   0.91607744E-03
  15.367   3.367   0.98424314E-12   0.13620186E-03   0.59826826E-03   0.19088066E-03   0.92535078E-03   0.92535078E-03   0.92535078E-03
  15.383   3.383   0.99406413E-12   0.13746921E-03   0.60429254E-03   0.19280039E-03   0.93456215E-03   0.93456215E-03   0.93456215E-03
  15.400   3.400   0.10038185E-11   0.13872642E-03   0.61027736E-03   0.19470749E-03   0.94371127E-03   0.94371127E-03   0.94371127E-03
  15.417   3.417   0.10135060E-11   0.13997349E-03   0.61622254E-03   0.19660189E-03   0.95279792E-03   0.95279792E-03   0.95279792E-03
  15.433   3.433   0.10231265E-11   0.14121044E-03   0.62212794E-03   0.19848356E-03   0.96182194E-03   0.96182194E-03   0.96182194E-03
  15.450   3.450   0.10326797E-11   0.14243730E-03   0.62799344E-03   0.20035246E-03   0.97078319E-03   0.97078319E-03   0.97078319E-03
  15.467   3.467   0.10421656E-11   0.14365408E-03   0.63381896E-03   0.20220856E-03   0.97968160E-03   0.97968160E-03   0.97968160E-03
  15.483   3.483   0.10515841E-11   0.14486081E-03   0.63960444E-03   0.20405184E-03   0.98851709E-03   0.98851709E-03   0.98851709E-03
  15.500   3.500   0.10609352E-11   0.14605753E-03   0.64534981E-03   0.20588229E-03   0.99728964E-03   0.99728964E-03   0.99728964E-03
  15.517   3.517   0.10702188E-11   0.14724427E-03   0.65105506E-03   0.20769990E-03   0.10059992E-02   0.10059992E-02   0.10059992E-02
  15.533   3.533   0.10794350E-11   0.14842106E-03   0.65672016E-03   0.20950467E-03   0.10146459E-02   0.10146459E-02   0.10146459E-02
  15.550   3.550   0.10885838E-11   0.14958793E-03   0.66234511E-03   0.21129659E-03   0.10232296E-02   0.10232296E-02   0.10232296E-02
  15.567   3.567   0.10976651E-11   0.15074492E-03   0.66792992E-03   0.21307566E-03   0.10317505E-02   0.10317505E-02   0.10317505E-02
  15.583   3.583   0.11066791E-11   0.15189207E-03   0.67347458E-03   0.21484189E-03   0.10402085E-02   0.10402085E-02   0.10402085E-02
  15.600   3.600   0.11156259E-11   0.15302941E-03   0.67897912E-03   0.21659529E-03   0.10486038E-02   0.10486038E-02   0.10486038E-02
  15.617   3.617   0.11245054E-11   0.15415697E-03   0.68444356E-03   0.21833586E-03   0.10569364E-02   0.10569364E-02   0.10569364E-02
  15.633   3.633   0.11333177E-11   0.15527480E-03   0.68986792E-03   0.22006361E-03   0.10652063E-02   0.10652063E-02   0.10652063E-02
  15.650   3.650   0.11420630E-11   0.15638293E-03   0.69525224E-03   0.22177855E-03   0.10734137E-02   0.10734137E-02   0.10734137E-02
  15.667   3.667   0.11507413E-11   0.15748140E-03   0.70059654E-03   0.22348070E-03   0.10815586E-02   0.10815586E-02   0.10815586E-02
  15.683   3.683   0.11593527E-11   0.15857023E-03   0.70590087E-03   0.22517005E-03   0.10896412E-02   0.10896412E-02   0.10896412E-02
  15.700   3.700   0.11678973E-11   0.15964947E-03   0.71116525E-03   0.22684664E-03   0.10976614E-02   0.10976614E-02   0.10976614E-02
  15.717   3.717   0.11763751E-11   0.16071915E-03   0.71638971E-03   0.22851046E-03   0.11056193E-02   0.11056193E-02   0.11056193E-02
  15.733   3.733   0.11847863E-11   0.16177929E-03   0.72157430E-03   0.23016153E-03   0.11135151E-02   0.11135151E-02   0.11135151E-02
  15.750   3.750   0.11931309E-11   0.16282994E-03   0.72671903E-03   0.23179986E-03   0.11213488E-02   0.11213488E-02   0.11213488E-02
  15.767   3.767   0.12014090E-11   0.16387112E-03   0.73182396E-03   0.23342546E-03   0.11291205E-02   0.11291205E-02   0.11291205E-02
  15.783   3.783   0.12096207E-11   0.16490287E-03   0.73688910E-03   0.23503835E-03   0.11368303E-02   0.11368303E-02   0.11368303E-02
  15.800   3.800   0.12177661E-11   0.16592521E-03   0.74191450E-03   0.23663852E-03   0.11444782E-02   0.11444782E-02   0.11444782E-02
  15.817   3.817   0.12258452E-11   0.16693817E-03   0.74690017E-03   0.23822600E-03   0.11520643E-02   0.11520643E-02   0.11520643E-02
  15.833   3.833   0.12338581E-11   0.16794178E-03   0.75184614E-03   0.23980078E-03   0.11595887E-02   0.11595887E-02   0.11595887E-02
  15.850   3.850   0.12418049E-11   0.16893606E-03   0.75675244E-03   0.24136289E-03   0.11670514E-02   0.11670514E-02   0.11670514E-02
  15.867   3.867   0.12496856E-11   0.16992106E-03   0.76161910E-03   0.24291233E-03   0.11744525E-02   0.11744525E-02   0.11744525E-02
  15.883   3.883   0.12575003E-11   0.17089678E-03   0.76644613E-03   0.24444910E-03   0.11817920E-02   0.11817920E-02   0.11817920E-02
  15.900   3.900   0.12652490E-11   0.17186325E-03   0.77123356E-03   0.24597321E-03   0.11890700E-02   0.11890700E-02   0.11890700E-02
  15.917   3.917   0.12729319E-11   0.17282051E-03   0.77598140E-03   0.24748468E-03   0.11962866E-02   0.11962866E-02   0.11962866E-02
  15.933   3.933   0.12805489E-11   0.17376856E-03   0.78068967E-03   0.24898350E-03   0.12034417E-02   0.12034417E-02   0.12034417E-02
  15.950   3.950   0.12881001E-11   0.17470744E-03   0.78535838E-03   0.25046967E-03   0.12105355E-02   0.12105355E-02   0.12105355E-02
  15.967   3.967   0.12955855E-11   0.17563717E-03   0.78998755E-03   0.25194322E-03   0.12175679E-02   0.12175679E-02   0.12175679E-02
  15.983   3.983   0.13030053E-11   0.17655777E-03   0.79457718E-03   0.25340413E-03   0.12245391E-02   0.12245391E-02   0.12245391E-02
  16.000   4.000   0.13103594E-11   0.17746925E-03   0.79912729E-03   0.25485241E-03   0.12314490E-02   0.12314490E-02   0.12314490E-02
  16.017   4.017   0.13176526E-11   0.17836772E-03   0.80364083E-03   0.25628901E-03   0.12382976E-02   0.12382976E-02   0.12382976E-02
  16.033   4.033   0.13248891E-11   0.17924980E-03   0.80812024E-03   0.25771470E-03   0.12450847E-02   0.12450847E-02   0.12450847E-02
  16.050   4.050   0.13320679E-11   0.18011608E-03   0.81256494E-03   0.25912931E-03   0.12518103E-02   0.12518103E-02   0.12518103E-02
  16.067   4.067   0.13391882E-11   0.18096708E-03   0.81697442E-03   0.26053265E-03   0.12584742E-02   0.12584742E-02   0.12584742E-02
  16.083   4.083   0.13462493E-11   0.18180331E-03   0.82134821E-03   0.26192460E-03   0.12650761E-02   0.12650761E-02   0.12650761E-02
  16.100   4.100   0.13532504E-11   0.18262521E-03   0.82568590E-03   0.26330502E-03   0.12716161E-02   0.12716161E-02   0.12716161E-02
  16.117   4.117   0.13601911E-11   0.18343320E-03   0.82998710E-03   0.26467378E-03   0.12780941E-02   0.12780941E-02   0.12780941E-02
  16.133   4.133   0.13670707E-11   0.18422767E-03   0.83425148E-03   0.26603079E-03   0.12845099E-02   0.12845099E-02   0.12845099E-02
  16.150   4.150   0.13738889E-11   0.18500896E-03   0.83847874E-03   0.26737593E-03   0.12908636E-02   0.12908636E-02   0.12908636E-02
  16.167   4.167   0.13805124E-11   0.18577011E-03   0.84258330E-03   0.26868212E-03   0.12970355E-02   0.12970355E-02   0.12970355E-02
  16.183   4.183   0.13868339E-11   0.18650595E-03   0.84649593E-03   0.26992743E-03   0.13029293E-02   0.13029293E-02   0.13029293E-02
  16.200   4.200   0.13929188E-11   0.18722088E-03   0.85025847E-03   0.27112513E-03   0.13086045E-02   0.13086045E-02   0.13086045E-02
  16.217   4.217   0.13988095E-11   0.18791778E-03   0.85389797E-03   0.27228379E-03   0.13140995E-02   0.13140995E-02   0.13140995E-02
  16.233   4.233   0.14045350E-11   0.18859869E-03   0.85743297E-03   0.27340928E-03   0.13194409E-02   0.13194409E-02   0.13194409E-02
  16.250   4.250   0.14101161E-11   0.18926512E-03   0.86087677E-03   0.27450583E-03   0.13246477E-02   0.13246477E-02   0.13246477E-02
  16.267   4.267   0.14155682E-11   0.18991822E-03   0.86423929E-03   0.27557656E-03   0.13297341E-02   0.13297341E-02   0.13297341E-02
  16.283   4.283   0.14209033E-11   0.19055891E-03   0.86752814E-03   0.27662390E-03   0.13347109E-02   0.13347109E-02   0.13347109E-02
  16.300   4.300   0.14261307E-11   0.19118790E-03   0.87074928E-03   0.27764973E-03   0.13395869E-02   0.13395869E-02   0.13395869E-02
  16.317   4.317   0.14312579E-11   0.19180582E-03   0.87390750E-03   0.27865558E-03   0.13443689E-02   0.13443689E-02   0.13443689E-02
  16.333   4.333   0.14362909E-11   0.19241316E-03   0.87700667E-03   0.27964266E-03   0.13490625E-02   0.13490625E-02   0.13490625E-02
  16.350   4.350   0.14412347E-11   0.19301035E-03   0.88004999E-03   0.28061200E-03   0.13536723E-02   0.13536723E-02   0.13536723E-02
  16.367   4.367   0.14460935E-11   0.19359776E-03   0.88304015E-03   0.28156443E-03   0.13582023E-02   0.13582023E-02   0.13582023E-02
  16.383   4.383   0.14508708E-11   0.19417568E-03   0.88597939E-03   0.28250068E-03   0.13626558E-02   0.13626558E-02   0.13626558E-02
  16.400   4.400   0.14555696E-11   0.19474440E-03   0.88886963E-03   0.28342136E-03   0.13670354E-02   0.13670354E-02   0.13670354E-02
  16.417   4.417   0.14601925E-11   0.19530415E-03   0.89171252E-03   0.28432697E-03   0.13713436E-02   0.13713436E-02   0.13713436E-02
  16.433   4.433   0.14647416E-11   0.19585513E-03   0.89450947E-03   0.28521798E-03   0.13755826E-02   0.13755826E-02   0.13755826E-02
  16.450   4.450   0.14692190E-11   0.19639753E-03   0.89726171E-03   0.28609477E-03   0.13797540E-02   0.13797540E-02   0.13797540E-02
  16.467   4.467   0.14736262E-11   0.19693151E-03   0.89997034E-03   0.28695769E-03   0.13838595E-02   0.13838595E-02   0.13838595E-02
  16.483   4.483   0.14779647E-11   0.19745721E-03   0.90263629E-03   0.28780703E-03   0.13879005E-02   0.13879005E-02   0.13879005E-02
  16.500   4.500   0.14822359E-11   0.19797475E-03   0.90526040E-03   0.28864306E-03   0.13918782E-02   0.13918782E-02   0.13918782E-02
  16.517   4.517   0.14864409E-11   0.19848425E-03   0.90784342E-03   0.28946602E-03   0.13957937E-02   0.13957937E-02   0.13957937E-02
  16.533   4.533   0.14905808E-11   0.19898581E-03   0.91038600E-03   0.29027611E-03   0.13996479E-02   0.13996479E-02   0.13996479E-02
  16.550   4.550   0.14946564E-11   0.19947951E-03   0.91288874E-03   0.29107353E-03   0.14034418E-02   0.14034418E-02   0.14034418E-02
  16.567   4.567   0.14986685E-11   0.19996545E-03   0.91535217E-03   0.29185843E-03   0.14071761E-02   0.14071761E-02   0.14071761E-02
  16.583   4.583   0.15026180E-11   0.20044369E-03   0.91777677E-03   0.29263098E-03   0.14108514E-02   0.14108514E-02   0.14108514E-02
  16.600   4.600   0.15065054E-11   0.20091429E-03   0.92016295E-03   0.29339130E-03   0.14144685E-02   0.14144685E-02   0.14144685E-02
  16.617   4.617   0.15103314E-11   0.20137732E-03   0.92251111E-03   0.29413952E-03   0.14180280E-02   0.14180280E-02   0.14180280E-02
  16.633   4.633   0.15140965E-11   0.20183283E-03   0.92482161E-03   0.29487575E-03   0.14215302E-02   0.14215302E-02   0.14215302E-02
  16.650   4.650   0.15178013E-11   0.20228086E-03   0.92709476E-03   0.29560009E-03   0.14249757E-02   0.14249757E-02   0.14249757E-02
  16.667   4.667   0.15214460E-11   0.20272146E-03   0.92933084E-03   0.29631263E-03   0.14283649E-02   0.14283649E-02   0.14283649E-02
  16.683   4.683   0.15250313E-11   0.20315467E-03   0.93153014E-03   0.29701346E-03   0.14316983E-02   0.14316983E-02   0.14316983E-02
  16.700   4.700   0.15285574E-11   0.20358052E-03   0.93369288E-03   0.29770266E-03   0.14349761E-02   0.14349761E-02   0.14349761E-02
  16.717   4.717   0.15320246E-11   0.20399905E-03   0.93581929E-03   0.29838029E-03   0.14381986E-02   0.14381986E-02   0.14381986E-02
  16.733   4.733   0.15354333E-11   0.20441028E-03   0.93790957E-03   0.29904641E-03   0.14413663E-02   0.14413663E-02   0.14413663E-02
  16.750   4.750   0.15387839E-11   0.20481424E-03   0.93996391E-03   0.29970109E-03   0.14444792E-02   0.14444792E-02   0.14444792E-02
  16.767   4.767   0.15420764E-11   0.20521096E-03   0.94198248E-03   0.30034438E-03   0.14475378E-02   0.14475378E-02   0.14475378E-02
  16.783   4.783   0.15453112E-11   0.20560045E-03   0.94396544E-03   0.30097634E-03   0.14505422E-02   0.14505422E-02   0.14505422E-02
  16.800   4.800   0.15484885E-11   0.20598273E-03   0.94591292E-03   0.30159699E-03   0.14534926E-02   0.14534926E-02   0.14534926E-02
  16.817   4.817   0.15516086E-11   0.20635783E-03   0.94782507E-03   0.30220640E-03   0.14563893E-02   0.14563893E-02   0.14563893E-02
  16.833   4.833   0.15546715E-11   0.20672576E-03   0.94970201E-03   0.30280459E-03   0.14592324E-02   0.14592324E-02   0.14592324E-02
  16.850   4.850   0.15576774E-11   0.20708653E-03   0.95154386E-03   0.30339161E-03   0.14620220E-02   0.14620220E-02   0.14620220E-02
  16.867   4.867   0.15606266E-11   0.20744016E-03   0.95335071E-03   0.30396748E-03   0.14647583E-02   0.14647583E-02   0.14647583E-02
  16.883   4.883   0.15635192E-11   0.20778666E-03   0.95512266E-03   0.30453224E-03   0.14674416E-02   0.14674416E-02   0.14674416E-02
  16.900   4.900   0.15663553E-11   0.20812604E-03   0.95685982E-03   0.30508591E-03   0.14700718E-02   0.14700718E-02   0.14700718E-02
  16.917   4.917   0.15691350E-11   0.20845831E-03   0.95856225E-03   0.30562853E-03   0.14726491E-02   0.14726491E-02   0.14726491E-02
  16.933   4.933   0.15718585E-11   0.20878349E-03   0.96023005E-03   0.30616012E-03   0.14751737E-02   0.14751737E-02   0.14751737E-02
  16.950   4.950   0.15745258E-11   0.20910157E-03   0.96186328E-03   0.30668069E-03   0.14776455E-02   0.14776455E-02   0.14776455E-02
  16.967   4.967   0.15771371E-11   0.20941258E-03   0.96346201E-03   0.30719028E-03   0.14800649E-02   0.14800649E-02   0.14800649E-02
  16.983   4.983   0.15796925E-11   0.20971650E-03   0.96502630E-03   0.30768890E-03   0.14824317E-02   0.14824317E-02   0.14824317E-02
  17.000   5.000   0.15821920E-11   0.21001337E-03   0.96655623E-03   0.30817658E-03   0.14847462E-02   0.14847462E-02   0.14847462E-02
  17.017   5.017   0.15846357E-11   0.21030317E-03   0.96805183E-03   0.30865331E-03   0.14870083E-02   0.14870083E-02   0.14870083E-02
  17.033   5.033   0.15870238E-11   0.21058592E-03   0.96951316E-03   0.30911914E-03   0.14892182E-02   0.14892182E-02   0.14892182E-02
  17.050   5.050   0.15893562E-11   0.21086161E-03   0.97094027E-03   0.30957406E-03   0.14913759E-02   0.14913759E-02   0.14913759E-02
  17.067   5.067   0.15916331E-11   0.21113027E-03   0.97233321E-03   0.31001810E-03   0.14934816E-02   0.14934816E-02   0.14934816E-02
  17.083   5.083   0.15938545E-11   0.21139188E-03   0.97369202E-03   0.31045127E-03   0.14955352E-02   0.14955352E-02   0.14955352E-02
  17.100   5.100   0.15960205E-11   0.21164646E-03   0.97501674E-03   0.31087358E-03   0.14975368E-02   0.14975368E-02   0.14975368E-02
  17.117   5.117   0.15981311E-11   0.21189402E-03   0.97630741E-03   0.31128504E-03   0.14994865E-02   0.14994865E-02   0.14994865E-02
  17.133   5.133   0.16001864E-11   0.21213454E-03   0.97756407E-03   0.31168566E-03   0.15013843E-02   0.15013843E-02   0.15013843E-02
  17.150   5.150   0.16021864E-11   0.21236805E-03   0.97878674E-03   0.31207546E-03   0.15032303E-02   0.15032303E-02   0.15032303E-02
  17.167   5.167   0.16041312E-11   0.21259454E-03   0.97997547E-03   0.31245445E-03   0.15050245E-02   0.15050245E-02   0.15050245E-02
  17.183   5.183   0.16060209E-11   0.21281402E-03   0.98113028E-03   0.31282263E-03   0.15067669E-02   0.15067669E-02   0.15067669E-02
  17.200   5.200   0.16078554E-11   0.21302649E-03   0.98225121E-03   0.31318002E-03   0.15084577E-02   0.15084577E-02   0.15084577E-02
  17.217   5.217   0.16096348E-11   0.21323195E-03   0.98333828E-03   0.31352662E-03   0.15100968E-02   0.15100968E-02   0.15100968E-02
  17.233   5.233   0.16113592E-11   0.21343041E-03   0.98439151E-03   0.31386244E-03   0.15116844E-02   0.15116844E-02   0.15116844E-02
  17.250   5.250   0.16130285E-11   0.21362187E-03   0.98541095E-03   0.31418749E-03   0.15132203E-02   0.15132203E-02   0.15132203E-02
  17.267   5.267   0.16146429E-11   0.21380634E-03   0.98639660E-03   0.31450178E-03   0.15147047E-02   0.15147047E-02   0.15147047E-02
  17.283   5.283   0.16162023E-11   0.21398382E-03   0.98734850E-03   0.31480532E-03   0.15161376E-02   0.15161376E-02   0.15161376E-02
  17.300   5.300   0.16177068E-11   0.21415431E-03   0.98826667E-03   0.31509811E-03   0.15175191E-02   0.15175191E-02   0.15175191E-02
  17.317   5.317   0.16191565E-11   0.21431782E-03   0.98915113E-03   0.31538016E-03   0.15188491E-02   0.15188491E-02   0.15188491E-02
  17.333   5.333   0.16205513E-11   0.21447435E-03   0.99000191E-03   0.31565147E-03   0.15201277E-02   0.15201277E-02   0.15201277E-02
  17.350   5.350   0.16218913E-11   0.21462390E-03   0.99081902E-03   0.31591207E-03   0.15213550E-02   0.15213550E-02   0.15213550E-02
  17.367   5.367   0.16231765E-11   0.21476648E-03   0.99160249E-03   0.31616194E-03   0.15225309E-02   0.15225309E-02   0.15225309E-02
  17.383   5.383   0.16244070E-11   0.21490209E-03   0.99235235E-03   0.31640110E-03   0.15236555E-02   0.15236555E-02   0.15236555E-02
  17.400   5.400   0.16255827E-11   0.21503074E-03   0.99306860E-03   0.31662956E-03   0.15247289E-02   0.15247289E-02   0.15247289E-02
  17.417   5.417   0.16267038E-11   0.21515242E-03   0.99375127E-03   0.31684732E-03   0.15257510E-02   0.15257510E-02   0.15257510E-02
  17.433   5.433   0.16277702E-11   0.21526715E-03   0.99440039E-03   0.31705438E-03   0.15267219E-02   0.15267219E-02   0.15267219E-02
  17.450   5.450   0.16287820E-11   0.21537493E-03   0.99501597E-03   0.31725076E-03   0.15276417E-02   0.15276417E-02   0.15276417E-02
  17.467   5.467   0.16297391E-11   0.21547575E-03   0.99559803E-03   0.31743646E-03   0.15285102E-02   0.15285102E-02   0.15285102E-02
  17.483   5.483   0.16306417E-11   0.21556964E-03   0.99614659E-03   0.31761149E-03   0.15293277E-02   0.15293277E-02   0.15293277E-02
  17.500   5.500   0.16314897E-11   0.21565658E-03   0.99666168E-03   0.31777584E-03   0.15300941E-02   0.15300941E-02   0.15300941E-02
  17.517   5.517   0.16322833E-11   0.21573659E-03   0.99714331E-03   0.31792954E-03   0.15308094E-02   0.15308094E-02   0.15308094E-02
  17.533   5.533   0.16330223E-11   0.21580967E-03   0.99759151E-03   0.31807259E-03   0.15314738E-02   0.15314738E-02   0.15314738E-02
  17.550   5.550   0.16337069E-11   0.21587583E-03   0.99800629E-03   0.31820498E-03   0.15320871E-02   0.15320871E-02   0.15320871E-02
  17.567   5.567   0.16343370E-11   0.21593506E-03   0.99838768E-03   0.31832674E-03   0.15326495E-02   0.15326495E-02   0.15326495E-02
  17.583   5.583   0.16349128E-11   0.21598737E-03   0.99873569E-03   0.31843786E-03   0.15331609E-02   0.15331609E-02   0.15331609E-02
  17.600   5.600   0.16354342E-11   0.21603278E-03   0.99905036E-03   0.31853836E-03   0.15336215E-02   0.15336215E-02   0.15336215E-02
  17.617   5.617   0.16359013E-11   0.21607128E-03   0.99933169E-03   0.31862823E-03   0.15340312E-02   0.15340312E-02   0.15340312E-02
  17.633   5.633   0.16363140E-11   0.21610288E-03   0.99957972E-03   0.31870749E-03   0.15343901E-02   0.15343901E-02   0.15343901E-02
  17.650   5.650   0.16366725E-11   0.21612758E-03   0.99979446E-03   0.31877614E-03   0.15346982E-02   0.15346982E-02   0.15346982E-02
  17.667   5.667   0.16369768E-11   0.21614539E-03   0.99997594E-03   0.31883419E-03   0.15349555E-02   0.15349555E-02   0.15349555E-02
  17.683   5.683   0.16372269E-11   0.21615633E-03   0.10001242E-02   0.31888165E-03   0.15351622E-02   0.15351622E-02   0.15351622E-02
  17.700   5.700   0.16374228E-11   0.21616038E-03   0.10002392E-02   0.31891853E-03   0.15353181E-02   0.15353181E-02   0.15353181E-02
  17.717   5.717   0.16375646E-11   0.21615756E-03   0.10003210E-02   0.31894482E-03   0.15354234E-02   0.15354234E-02   0.15354234E-02
  17.733   5.733   0.16376522E-11   0.21614787E-03   0.10003697E-02   0.31896055E-03   0.15354781E-02   0.15354781E-02   0.15354781E-02
  17.750   5.750   0.16376859E-11   0.21613133E-03   0.10003852E-02   0.31896571E-03   0.15354823E-02   0.15354823E-02   0.15354823E-02
  17.767   5.767   0.16376655E-11   0.21610793E-03   0.10003676E-02   0.31896032E-03   0.15354359E-02   0.15354359E-02   0.15354359E-02
  17.783   5.783   0.16375911E-11   0.21607769E-03   0.10003169E-02   0.31894439E-03   0.15353390E-02   0.15353390E-02   0.15353390E-02
  17.800   5.800   0.16374628E-11   0.21604060E-03   0.10002332E-02   0.31891792E-03   0.15351917E-02   0.15351917E-02   0.15351917E-02
  17.817   5.817   0.16372806E-11   0.21599669E-03   0.10001164E-02   0.31888091E-03   0.15349940E-02   0.15349940E-02   0.15349940E-02
  17.833   5.833   0.16370445E-11   0.21594594E-03   0.99996657E-03   0.31883339E-03   0.15347459E-02   0.15347459E-02   0.15347459E-02
  17.850   5.850   0.16367546E-11   0.21588838E-03   0.99978378E-03   0.31877536E-03   0.15344475E-02   0.15344475E-02   0.15344475E-02
  17.867   5.867   0.16364110E-11   0.21582401E-03   0.99956804E-03   0.31870682E-03   0.15340989E-02   0.15340989E-02   0.15340989E-02
  17.883   5.883   0.16360136E-11   0.21575283E-03   0.99931937E-03   0.31862779E-03   0.15337000E-02   0.15337000E-02   0.15337000E-02
  17.900   5.900   0.16355625E-11   0.21567485E-03   0.99903781E-03   0.31853828E-03   0.15332509E-02   0.15332509E-02   0.15332509E-02
  17.917   5.917   0.16350578E-11   0.21559009E-03   0.99872339E-03   0.31843829E-03   0.15327518E-02   0.15327518E-02   0.15327518E-02
  17.933   5.933   0.16344996E-11   0.21549854E-03   0.99837613E-03   0.31832784E-03   0.15322025E-02   0.15322025E-02   0.15322025E-02
  17.950   5.950   0.16338877E-11   0.21540023E-03   0.99799607E-03   0.31820693E-03   0.15316032E-02   0.15316032E-02   0.15316032E-02
  17.967   5.967   0.16332224E-11   0.21529514E-03   0.99758325E-03   0.31807558E-03   0.15309540E-02   0.15309540E-02   0.15309540E-02
  17.983   5.983   0.16325037E-11   0.21518330E-03   0.99713769E-03   0.31793380E-03   0.15302548E-02   0.15302548E-02   0.15302548E-02
  18.000   6.000   0.16317316E-11   0.21506471E-03   0.99665943E-03   0.31778159E-03   0.15295057E-02   0.15295057E-02   0.15295057E-02
  18.017   6.017   0.16309061E-11   0.21493938E-03   0.99614850E-03   0.31761898E-03   0.15287069E-02   0.15287069E-02   0.15287069E-02
  18.033   6.033   0.16300274E-11   0.21480732E-03   0.99560495E-03   0.31744596E-03   0.15278582E-02   0.15278582E-02   0.15278582E-02
  18.050   6.050   0.16290954E-11   0.21466854E-03   0.99502880E-03   0.31726256E-03   0.15269599E-02   0.15269599E-02   0.15269599E-02
  18.067   6.067   0.16281103E-11   0.21452304E-03   0.99442009E-03   0.31706878E-03   0.15260119E-02   0.15260119E-02   0.15260119E-02
  18.083   6.083   0.16270721E-11   0.21437085E-03   0.99377887E-03   0.31686463E-03   0.15250143E-02   0.15250143E-02   0.15250143E-02
  18.100   6.100   0.16259809E-11   0.21421195E-03   0.99310517E-03   0.31665013E-03   0.15239673E-02   0.15239673E-02   0.15239673E-02
  18.117   6.117   0.16248367E-11   0.21404637E-03   0.99239903E-03   0.31642529E-03   0.15228707E-02   0.15228707E-02   0.15228707E-02
  18.133   6.133   0.16236395E-11   0.21387412E-03   0.99166049E-03   0.31619013E-03   0.15217247E-02   0.15217247E-02   0.15217247E-02
  18.150   6.150   0.16223895E-11   0.21369520E-03   0.99088959E-03   0.31594465E-03   0.15205294E-02   0.15205294E-02   0.15205294E-02
  18.167   6.167   0.16210867E-11   0.21350962E-03   0.99008638E-03   0.31568887E-03   0.15192849E-02   0.15192849E-02   0.15192849E-02
  18.183   6.183   0.16197312E-11   0.21331740E-03   0.98925089E-03   0.31542280E-03   0.15179911E-02   0.15179911E-02   0.15179911E-02
  18.200   6.200   0.16183230E-11   0.21311855E-03   0.98838317E-03   0.31514646E-03   0.15166482E-02   0.15166482E-02   0.15166482E-02
  18.217   6.217   0.16168623E-11   0.21291306E-03   0.98748326E-03   0.31485986E-03   0.15152562E-02   0.15152562E-02   0.15152562E-02
  18.233   6.233   0.16153490E-11   0.21270097E-03   0.98655122E-03   0.31456301E-03   0.15138152E-02   0.15138152E-02   0.15138152E-02
  18.250   6.250   0.16137833E-11   0.21248227E-03   0.98558708E-03   0.31425594E-03   0.15123253E-02   0.15123253E-02   0.15123253E-02
  18.267   6.267   0.16121653E-11   0.21225698E-03   0.98459090E-03   0.31393865E-03   0.15107865E-02   0.15107865E-02   0.15107865E-02
  18.283   6.283   0.16104949E-11   0.21202511E-03   0.98356272E-03   0.31361116E-03   0.15091990E-02   0.15091990E-02   0.15091990E-02
  18.300   6.300   0.16087723E-11   0.21178666E-03   0.98250259E-03   0.31327348E-03   0.15075627E-02   0.15075627E-02   0.15075627E-02
  18.317   6.317   0.16069976E-11   0.21154166E-03   0.98141055E-03   0.31292564E-03   0.15058779E-02   0.15058779E-02   0.15058779E-02
  18.333   6.333   0.16051709E-11   0.21129011E-03   0.98028667E-03   0.31256764E-03   0.15041444E-02   0.15041444E-02   0.15041444E-02
  18.350   6.350   0.16032921E-11   0.21103203E-03   0.97913100E-03   0.31219951E-03   0.15023625E-02   0.15023625E-02   0.15023625E-02
  18.367   6.367   0.16013615E-11   0.21076742E-03   0.97794358E-03   0.31182126E-03   0.15005323E-02   0.15005323E-02   0.15005323E-02
  18.383   6.383   0.15993791E-11   0.21049630E-03   0.97672447E-03   0.31143290E-03   0.14986537E-02   0.14986537E-02   0.14986537E-02
  18.400   6.400   0.15973449E-11   0.21021868E-03   0.97547372E-03   0.31103446E-03   0.14967269E-02   0.14967269E-02   0.14967269E-02
  18.417   6.417   0.15952591E-11   0.20993457E-03   0.97419139E-03   0.31062595E-03   0.14947519E-02   0.14947519E-02   0.14947519E-02
  18.433   6.433   0.15931218E-11   0.20964399E-03   0.97287754E-03   0.31020740E-03   0.14927289E-02   0.14927289E-02   0.14927289E-02
  18.450   6.450   0.15909330E-11   0.20934695E-03   0.97153223E-03   0.30977881E-03   0.14906580E-02   0.14906580E-02   0.14906580E-02
  18.467   6.467   0.15886929E-11   0.20904345E-03   0.97015550E-03   0.30934021E-03   0.14885392E-02   0.14885392E-02   0.14885392E-02
  18.483   6.483   0.15864014E-11   0.20873353E-03   0.96874743E-03   0.30889162E-03   0.14863726E-02   0.14863726E-02   0.14863726E-02
  18.500   6.500   0.15840589E-11   0.20841717E-03   0.96730807E-03   0.30843305E-03   0.14841583E-02   0.14841583E-02   0.14841583E-02
  18.517   6.517   0.15816652E-11   0.20809441E-03   0.96583749E-03   0.30796453E-03   0.14818964E-02   0.14818964E-02   0.14818964E-02
  18.533   6.533   0.15792206E-11   0.20776525E-03   0.96433574E-03   0.30748607E-03   0.14795871E-02   0.14795871E-02   0.14795871E-02
  18.550   6.550   0.15767251E-11   0.20742971E-03   0.96280289E-03   0.30699770E-03   0.14772303E-02   0.14772303E-02   0.14772303E-02
  18.567   6.567   0.15741788E-11   0.20708780E-03   0.96123901E-03   0.30649943E-03   0.14748262E-02   0.14748262E-02   0.14748262E-02
  18.583   6.583   0.15715819E-11   0.20673954E-03   0.95964416E-03   0.30599129E-03   0.14723750E-02   0.14723750E-02   0.14723750E-02
  18.600   6.600   0.15689344E-11   0.20638494E-03   0.95801841E-03   0.30547330E-03   0.14698766E-02   0.14698766E-02   0.14698766E-02
  18.617   6.617   0.15662365E-11   0.20602401E-03   0.95636182E-03   0.30494548E-03   0.14673313E-02   0.14673313E-02   0.14673313E-02
  18.633   6.633   0.15634882E-11   0.20565676E-03   0.95467448E-03   0.30440785E-03   0.14647391E-02   0.14647391E-02   0.14647391E-02
  18.650   6.650   0.15606898E-11   0.20528322E-03   0.95295643E-03   0.30386043E-03   0.14621001E-02   0.14621001E-02   0.14621001E-02
  18.667   6.667   0.15578411E-11   0.20490340E-03   0.95120777E-03   0.30330325E-03   0.14594144E-02   0.14594144E-02   0.14594144E-02
  18.683   6.683   0.15549425E-11   0.20451732E-03   0.94942855E-03   0.30273633E-03   0.14566822E-02   0.14566822E-02   0.14566822E-02
  18.700   6.700   0.15519941E-11   0.20412498E-03   0.94761886E-03   0.30215969E-03   0.14539035E-02   0.14539035E-02   0.14539035E-02
  18.717   6.717   0.15489958E-11   0.20372640E-03   0.94577876E-03   0.30157336E-03   0.14510785E-02   0.14510785E-02   0.14510785E-02
  18.733   6.733   0.15459479E-11   0.20332161E-03   0.94390834E-03   0.30097736E-03   0.14482073E-02   0.14482073E-02   0.14482073E-02
  18.750   6.750   0.15428505E-11   0.20291061E-03   0.94200767E-03   0.30037172E-03   0.14452900E-02   0.14452900E-02   0.14452900E-02
  18.767   6.767   0.15397037E-11   0.20249342E-03   0.94007683E-03   0.29975646E-03   0.14423267E-02   0.14423267E-02   0.14423267E-02
  18.783   6.783   0.15365077E-11   0.20207006E-03   0.93811590E-03   0.29913160E-03   0.14393176E-02   0.14393176E-02   0.14393176E-02
  18.800   6.800   0.15332625E-11   0.20164054E-03   0.93612496E-03   0.29849717E-03   0.14362627E-02   0.14362627E-02   0.14362627E-02
  18.817   6.817   0.15299683E-11   0.20120488E-03   0.93410409E-03   0.29785320E-03   0.14331622E-02   0.14331622E-02   0.14331622E-02
  18.833   6.833   0.15266252E-11   0.20076310E-03   0.93205338E-03   0.29719972E-03   0.14300162E-02   0.14300162E-02   0.14300162E-02
  18.850   6.850   0.15232334E-11   0.20031522E-03   0.92997290E-03   0.29653674E-03   0.14268249E-02   0.14268249E-02   0.14268249E-02
  18.867   6.867   0.15197930E-11   0.19986124E-03   0.92786275E-03   0.29586430E-03   0.14235883E-02   0.14235883E-02   0.14235883E-02
  18.883   6.883   0.15163041E-11   0.19940120E-03   0.92572301E-03   0.29518243E-03   0.14203066E-02   0.14203066E-02   0.14203066E-02
  18.900   6.900   0.15127669E-11   0.19893510E-03   0.92355377E-03   0.29449115E-03   0.14169800E-02   0.14169800E-02   0.14169800E-02
  18.917   6.917   0.15091816E-11   0.19846296E-03   0.92135512E-03   0.29379050E-03   0.14136086E-02   0.14136086E-02   0.14136086E-02
  18.933   6.933   0.15055482E-11   0.19798481E-03   0.91912715E-03   0.29308049E-03   0.14101925E-02   0.14101925E-02   0.14101925E-02
  18.950   6.950   0.15018669E-11   0.19750065E-03   0.91686996E-03   0.29236116E-03   0.14067318E-02   0.14067318E-02   0.14067318E-02
  18.967   6.967   0.14981379E-11   0.19701052E-03   0.91458362E-03   0.29163255E-03   0.14032267E-02   0.14032267E-02   0.14032267E-02
  18.983   6.983   0.14943613E-11   0.19651442E-03   0.91226825E-03   0.29089467E-03   0.13996773E-02   0.13996773E-02   0.13996773E-02
  19.000   7.000   0.14905373E-11   0.19601238E-03   0.90992393E-03   0.29014756E-03   0.13960839E-02   0.13960839E-02   0.13960839E-02
  19.017   7.017   0.14866660E-11   0.19550441E-03   0.90755077E-03   0.28939126E-03   0.13924464E-02   0.13924464E-02   0.13924464E-02
  19.033   7.033   0.14827477E-11   0.19499054E-03   0.90514886E-03   0.28862579E-03   0.13887652E-02   0.13887652E-02   0.13887652E-02
  19.050   7.050   0.14787823E-11   0.19447078E-03   0.90271830E-03   0.28785118E-03   0.13850403E-02   0.13850403E-02   0.13850403E-02
  19.067   7.067   0.14747702E-11   0.19394515E-03   0.90025920E-03   0.28706747E-03   0.13812718E-02   0.13812718E-02   0.13812718E-02
  19.083   7.083   0.14707114E-11   0.19341368E-03   0.89777165E-03   0.28627469E-03   0.13774600E-02   0.13774600E-02   0.13774600E-02
  19.100   7.100   0.14666062E-11   0.19287638E-03   0.89525577E-03   0.28547287E-03   0.13736050E-02   0.13736050E-02   0.13736050E-02
  19.117   7.117   0.14624548E-11   0.19233328E-03   0.89271165E-03   0.28466204E-03   0.13697070E-02   0.13697070E-02   0.13697070E-02
  19.133   7.133   0.14582572E-11   0.19178439E-03   0.89013941E-03   0.28384225E-03   0.13657660E-02   0.13657660E-02   0.13657660E-02
  19.150   7.150   0.14540137E-11   0.19122973E-03   0.88753915E-03   0.28301353E-03   0.13617824E-02   0.13617824E-02   0.13617824E-02
  19.167   7.167   0.14497244E-11   0.19066933E-03   0.88491098E-03   0.28217590E-03   0.13577562E-02   0.13577562E-02   0.13577562E-02
  19.183   7.183   0.14453895E-11   0.19010321E-03   0.88225502E-03   0.28132941E-03   0.13536876E-02   0.13536876E-02   0.13536876E-02
  19.200   7.200   0.14410093E-11   0.18953139E-03   0.87957138E-03   0.28047409E-03   0.13495769E-02   0.13495769E-02   0.13495769E-02
  19.217   7.217   0.14365838E-11   0.18895389E-03   0.87686017E-03   0.27960999E-03   0.13454240E-02   0.13454240E-02   0.13454240E-02
  19.233   7.233   0.14321133E-11   0.18837073E-03   0.87412151E-03   0.27873712E-03   0.13412294E-02   0.13412294E-02   0.13412294E-02
  19.250   7.250   0.14275980E-11   0.18778194E-03   0.87135552E-03   0.27785554E-03   0.13369930E-02   0.13369930E-02   0.13369930E-02
  19.267   7.267   0.14230381E-11   0.18718754E-03   0.86856232E-03   0.27696528E-03   0.13327151E-02   0.13327151E-02   0.13327151E-02
  19.283   7.283   0.14184337E-11   0.18658755E-03   0.86574202E-03   0.27606638E-03   0.13283960E-02   0.13283960E-02   0.13283960E-02
  19.300   7.300   0.14137851E-11   0.18598199E-03   0.86289476E-03   0.27515888E-03   0.13240356E-02   0.13240356E-02   0.13240356E-02
  19.317   7.317   0.14090924E-11   0.18537089E-03   0.86002065E-03   0.27424282E-03   0.13196344E-02   0.13196344E-02   0.13196344E-02
  19.333   7.333   0.14043559E-11   0.18475427E-03   0.85711982E-03   0.27331823E-03   0.13151923E-02   0.13151923E-02   0.13151923E-02
  19.350   7.350   0.13995757E-11   0.18413216E-03   0.85419240E-03   0.27238517E-03   0.13107097E-02   0.13107097E-02   0.13107097E-02
  19.367   7.367   0.13947522E-11   0.18350457E-03   0.85123852E-03   0.27144366E-03   0.13061868E-02   0.13061868E-02   0.13061868E-02
  19.383   7.383   0.13898854E-11   0.18287154E-03   0.84825831E-03   0.27049376E-03   0.13016236E-02   0.13016236E-02   0.13016236E-02
  19.400   7.400   0.13849756E-11   0.18223310E-03   0.84525190E-03   0.26953550E-03   0.12970205E-02   0.12970205E-02   0.12970205E-02
  19.417   7.417   0.13800230E-11   0.18158925E-03   0.84221943E-03   0.26856892E-03   0.12923776E-02   0.12923776E-02   0.12923776E-02
  19.433   7.433   0.13750279E-11   0.18094003E-03   0.83916103E-03   0.26759408E-03   0.12876951E-02   0.12876951E-02   0.12876951E-02
  19.450   7.450   0.13699905E-11   0.18028547E-03   0.83607683E-03   0.26661101E-03   0.12829733E-02   0.12829733E-02   0.12829733E-02
  19.467   7.467   0.13649109E-11   0.17962560E-03   0.83296699E-03   0.26561976E-03   0.12782123E-02   0.12782123E-02   0.12782123E-02
  19.483   7.483   0.13597894E-11   0.17896042E-03   0.82983164E-03   0.26462037E-03   0.12734124E-02   0.12734124E-02   0.12734124E-02
  19.500   7.500   0.13546263E-11   0.17828999E-03   0.82667092E-03   0.26361289E-03   0.12685738E-02   0.12685738E-02   0.12685738E-02
  19.517   7.517   0.13494218E-11   0.17761431E-03   0.82348498E-03   0.26259737E-03   0.12636967E-02   0.12636967E-02   0.12636967E-02
  19.533   7.533   0.13441761E-11   0.17693343E-03   0.82027397E-03   0.26157385E-03   0.12587812E-02   0.12587812E-02   0.12587812E-02
  19.550   7.550   0.13388895E-11   0.17624736E-03   0.81703803E-03   0.26054238E-03   0.12538278E-02   0.12538278E-02   0.12538278E-02
  19.567   7.567   0.13335622E-11   0.17555613E-03   0.81377732E-03   0.25950300E-03   0.12488365E-02   0.12488365E-02   0.12488365E-02
  19.583   7.583   0.13281944E-11   0.17485978E-03   0.81049199E-03   0.25845577E-03   0.12438075E-02   0.12438075E-02   0.12438075E-02
  19.600   7.600   0.13227865E-11   0.17415833E-03   0.80718218E-03   0.25740074E-03   0.12387413E-02   0.12387413E-02   0.12387413E-02
  19.617   7.617   0.13173386E-11   0.17345181E-03   0.80384807E-03   0.25633795E-03   0.12336378E-02   0.12336378E-02   0.12336378E-02
  19.633   7.633   0.13118510E-11   0.17274025E-03   0.80048980E-03   0.25526745E-03   0.12284975E-02   0.12284975E-02   0.12284975E-02
  19.650   7.650   0.13063240E-11   0.17202368E-03   0.79710754E-03   0.25418931E-03   0.12233205E-02   0.12233205E-02   0.12233205E-02
  19.667   7.667   0.13007579E-11   0.17130213E-03   0.79370146E-03   0.25310356E-03   0.12181071E-02   0.12181071E-02   0.12181071E-02
  19.683   7.683   0.12951528E-11   0.17057563E-03   0.79027170E-03   0.25201026E-03   0.12128576E-02   0.12128576E-02   0.12128576E-02
  19.700   7.700   0.12895091E-11   0.16984421E-03   0.78681845E-03   0.25090946E-03   0.12075721E-02   0.12075721E-02   0.12075721E-02
  19.717   7.717   0.12838271E-11   0.16910790E-03   0.78334186E-03   0.24980122E-03   0.12022510E-02   0.12022510E-02   0.12022510E-02
  19.733   7.733   0.12781070E-11   0.16836674E-03   0.77984211E-03   0.24868559E-03   0.11968944E-02   0.11968944E-02   0.11968944E-02
  19.750   7.750   0.12723491E-11   0.16762075E-03   0.77631938E-03   0.24756263E-03   0.11915028E-02   0.11915028E-02   0.11915028E-02
  19.767   7.767   0.12665538E-11   0.16686998E-03   0.77277383E-03   0.24643239E-03   0.11860762E-02   0.11860762E-02   0.11860762E-02
  19.783   7.783   0.12607212E-11   0.16611444E-03   0.76920564E-03   0.24529493E-03   0.11806150E-02   0.11806150E-02   0.11806150E-02
  19.800   7.800   0.12548516E-11   0.16535417E-03   0.76561500E-03   0.24415030E-03   0.11751195E-02   0.11751195E-02   0.11751195E-02
  19.817   7.817   0.12489455E-11   0.16458922E-03   0.76200208E-03   0.24299857E-03   0.11695899E-02   0.11695899E-02   0.11695899E-02
  19.833   7.833   0.12430030E-11   0.16381960E-03   0.75836707E-03   0.24183979E-03   0.11640265E-02   0.11640265E-02   0.11640265E-02
  19.850   7.850   0.12370244E-11   0.16304537E-03   0.75471015E-03   0.24067402E-03   0.11584295E-02   0.11584295E-02   0.11584295E-02
  19.867   7.867   0.12310102E-11   0.16226654E-03   0.75103152E-03   0.23950132E-03   0.11527994E-02   0.11527994E-02   0.11527994E-02
  19.883   7.883   0.12249605E-11   0.16148316E-03   0.74733135E-03   0.23832175E-03   0.11471363E-02   0.11471363E-02   0.11471363E-02
  19.900   7.900   0.12188757E-11   0.16069526E-03   0.74360984E-03   0.23713537E-03   0.11414405E-02   0.11414405E-02   0.11414405E-02
  19.917   7.917   0.12127561E-11   0.15990288E-03   0.73986720E-03   0.23594224E-03   0.11357123E-02   0.11357123E-02   0.11357123E-02
  19.933   7.933   0.12066021E-11   0.15910606E-03   0.73610361E-03   0.23474244E-03   0.11299521E-02   0.11299521E-02   0.11299521E-02
  19.950   7.950   0.12004139E-11   0.15830483E-03   0.73231927E-03   0.23353601E-03   0.11241601E-02   0.11241601E-02   0.11241601E-02
  19.967   7.967   0.11941919E-11   0.15749923E-03   0.72851439E-03   0.23232303E-03   0.11183366E-02   0.11183366E-02   0.11183366E-02
  19.983   7.983   0.11879365E-11   0.15668929E-03   0.72468917E-03   0.23110356E-03   0.11124820E-02   0.11124820E-02   0.11124820E-02
  20.000   8.000   0.11816479E-11   0.15587507E-03   0.72084381E-03   0.22987767E-03   0.11065965E-02   0.11065965E-02   0.11065965E-02
  20.017   8.017   0.11753264E-11   0.15505659E-03   0.71697853E-03   0.22864542E-03   0.11006805E-02   0.11006805E-02   0.11006805E-02
  20.033   8.033   0.11689726E-11   0.15423389E-03   0.71309354E-03   0.22740687E-03   0.10947343E-02   0.10947343E-02   0.10947343E-02
  20.050   8.050   0.11625866E-11   0.15340702E-03   0.70918906E-03   0.22616211E-03   0.10887582E-02   0.10887582E-02   0.10887582E-02
  20.067   8.067   0.11561689E-11   0.15257601E-03   0.70526528E-03   0.22491119E-03   0.10827525E-02   0.10827525E-02   0.10827525E-02
  20.083   8.083   0.11497197E-11   0.15174091E-03   0.70132245E-03   0.22365419E-03   0.10767176E-02   0.10767176E-02   0.10767176E-02
  20.100   8.100   0.11432396E-11   0.15090176E-03   0.69736078E-03   0.22239118E-03   0.10706537E-02   0.10706537E-02   0.10706537E-02
  20.117   8.117   0.11367287E-11   0.15005860E-03   0.69338049E-03   0.22112223E-03   0.10645613E-02   0.10645613E-02   0.10645613E-02
  20.133   8.133   0.11301876E-11   0.14921148E-03   0.68938180E-03   0.21984740E-03   0.10584407E-02   0.10584407E-02   0.10584407E-02
  20.150   8.150   0.11236165E-11   0.14836043E-03   0.68536496E-03   0.21856679E-03   0.10522922E-02   0.10522922E-02   0.10522922E-02
  20.167   8.167   0.11170159E-11   0.14750550E-03   0.68133019E-03   0.21728045E-03   0.10461161E-02   0.10461161E-02   0.10461161E-02
  20.183   8.183   0.11103861E-11   0.14664673E-03   0.67727773E-03   0.21598846E-03   0.10399129E-02   0.10399129E-02   0.10399129E-02
  20.200   8.200   0.11037275E-11   0.14578417E-03   0.67320781E-03   0.21469090E-03   0.10336829E-02   0.10336829E-02   0.10336829E-02
  20.217   8.217   0.10970406E-11   0.14491787E-03   0.66912067E-03   0.21338785E-03   0.10274264E-02   0.10274264E-02   0.10274264E-02
  20.233   8.233   0.10903257E-11   0.14404786E-03   0.66501656E-03   0.21207938E-03   0.10211438E-02   0.10211438E-02   0.10211438E-02
  20.250   8.250   0.10835832E-11   0.14317421E-03   0.66089572E-03   0.21076558E-03   0.10148355E-02   0.10148355E-02   0.10148355E-02
  20.267   8.267   0.10768135E-11   0.14229695E-03   0.65675841E-03   0.20944651E-03   0.10085019E-02   0.10085019E-02   0.10085019E-02
  20.283   8.283   0.10700170E-11   0.14141613E-03   0.65260486E-03   0.20812226E-03   0.10021433E-02   0.10021433E-02   0.10021433E-02
  20.300   8.300   0.10631942E-11   0.14053180E-03   0.64843535E-03   0.20679292E-03   0.99576006E-03   0.99576006E-03   0.99576006E-03
  20.317   8.317   0.10563454E-11   0.13964400E-03   0.64425011E-03   0.20545856E-03   0.98935267E-03   0.98935267E-03   0.98935267E-03
  20.333   8.333   0.10494711E-11   0.13875280E-03   0.64004942E-03   0.20411926E-03   0.98292149E-03   0.98292149E-03   0.98292149E-03
  20.350   8.350   0.10425718E-11   0.13785824E-03   0.63583354E-03   0.20277512E-03   0.97646689E-03   0.97646689E-03   0.97646689E-03
  20.367   8.367   0.10356478E-11   0.13696036E-03   0.63160273E-03   0.20142621E-03   0.96998930E-03   0.96998930E-03   0.96998930E-03
  20.383   8.383   0.10286996E-11   0.13605923E-03   0.62735726E-03   0.20007262E-03   0.96348910E-03   0.96348910E-03   0.96348910E-03
  20.400   8.400   0.10217276E-11   0.13515489E-03   0.62309740E-03   0.19871443E-03   0.95696672E-03   0.95696672E-03   0.95696672E-03
  20.417   8.417   0.10147323E-11   0.13424740E-03   0.61882343E-03   0.19735175E-03   0.95042257E-03   0.95042257E-03   0.95042257E-03
  20.433   8.433   0.10077142E-11   0.13333681E-03   0.61453562E-03   0.19598464E-03   0.94385707E-03   0.94385707E-03   0.94385707E-03
  20.450   8.450   0.10006737E-11   0.13242317E-03   0.61023426E-03   0.19461321E-03   0.93727063E-03   0.93727063E-03   0.93727063E-03
  20.467   8.467   0.99361118E-12   0.13150653E-03   0.60591963E-03   0.19323754E-03   0.93066370E-03   0.93066370E-03   0.93066370E-03
  20.483   8.483   0.98652724E-12   0.13058697E-03   0.60159201E-03   0.19185773E-03   0.92403670E-03   0.92403670E-03   0.92403670E-03
  20.500   8.500   0.97942230E-12   0.12966452E-03   0.59725170E-03   0.19047386E-03   0.91739008E-03   0.91739008E-03   0.91739008E-03
  20.517   8.517   0.97229684E-12   0.12873925E-03   0.59289899E-03   0.18908603E-03   0.91072427E-03   0.91072427E-03   0.91072427E-03
  20.533   8.533   0.96515136E-12   0.12781121E-03   0.58853417E-03   0.18769434E-03   0.90403973E-03   0.90403973E-03   0.90403973E-03
  20.550   8.550   0.95798634E-12   0.12688047E-03   0.58415755E-03   0.18629888E-03   0.89733690E-03   0.89733690E-03   0.89733690E-03
  20.567   8.567   0.95080227E-12   0.12594708E-03   0.57976943E-03   0.18489974E-03   0.89061625E-03   0.89061625E-03   0.89061625E-03
  20.583   8.583   0.94359966E-12   0.12501110E-03   0.57537011E-03   0.18349703E-03   0.88387824E-03   0.88387824E-03   0.88387824E-03
  20.600   8.600   0.93637901E-12   0.12407259E-03   0.57095990E-03   0.18209085E-03   0.87712334E-03   0.87712334E-03   0.87712334E-03
  20.617   8.617   0.92914084E-12   0.12313162E-03   0.56653911E-03   0.18068128E-03   0.87035201E-03   0.87035201E-03   0.87035201E-03
  20.633   8.633   0.92188565E-12   0.12218824E-03   0.56210807E-03   0.17926844E-03   0.86356475E-03   0.86356475E-03   0.86356475E-03
  20.650   8.650   0.91461398E-12   0.12124252E-03   0.55766708E-03   0.17785242E-03   0.85676202E-03   0.85676202E-03   0.85676202E-03
  20.667   8.667   0.90732634E-12   0.12029452E-03   0.55321648E-03   0.17643333E-03   0.84994433E-03   0.84994433E-03   0.84994433E-03
  20.683   8.683   0.90002328E-12   0.11934431E-03   0.54875658E-03   0.17501127E-03   0.84311215E-03   0.84311215E-03   0.84311215E-03
  20.700   8.700   0.89270533E-12   0.11839195E-03   0.54428771E-03   0.17358635E-03   0.83626600E-03   0.83626600E-03   0.83626600E-03
  20.717   8.717   0.88537303E-12   0.11743750E-03   0.53981021E-03   0.17215867E-03   0.82940638E-03   0.82940638E-03   0.82940638E-03
  20.733   8.733   0.87802693E-12   0.11648104E-03   0.53532441E-03   0.17072833E-03   0.82253378E-03   0.82253378E-03   0.82253378E-03
  20.750   8.750   0.87066760E-12   0.11552263E-03   0.53083066E-03   0.16929546E-03   0.81564874E-03   0.81564874E-03   0.81564874E-03
  20.767   8.767   0.86329558E-12   0.11456233E-03   0.52632928E-03   0.16786014E-03   0.80875176E-03   0.80875176E-03   0.80875176E-03
  20.783   8.783   0.85591144E-12   0.11360023E-03   0.52182064E-03   0.16642251E-03   0.80184338E-03   0.80184338E-03   0.80184338E-03
  20.800   8.800   0.84851577E-12   0.11263638E-03   0.51730507E-03   0.16498266E-03   0.79492411E-03   0.79492411E-03   0.79492411E-03
  20.817   8.817   0.84110912E-12   0.11167086E-03   0.51278293E-03   0.16354071E-03   0.78799451E-03   0.78799451E-03   0.78799451E-03
  20.833   8.833   0.83369209E-12   0.11070374E-03   0.50825458E-03   0.16209678E-03   0.78105510E-03   0.78105510E-03   0.78105510E-03
  20.850   8.850   0.82626527E-12   0.10973510E-03   0.50372037E-03   0.16065097E-03   0.77410644E-03   0.77410644E-03   0.77410644E-03
  20.867   8.867   0.81882925E-12   0.10876499E-03   0.49918067E-03   0.15920341E-03   0.76714907E-03   0.76714907E-03   0.76714907E-03
  20.883   8.883   0.81138463E-12   0.10779351E-03   0.49463584E-03   0.15775420E-03   0.76018355E-03   0.76018355E-03   0.76018355E-03
  20.900   8.900   0.80393201E-12   0.10682073E-03   0.49008625E-03   0.15630347E-03   0.75321045E-03   0.75321045E-03   0.75321045E-03
  20.917   8.917   0.79647202E-12   0.10584671E-03   0.48553228E-03   0.15485134E-03   0.74623033E-03   0.74623033E-03   0.74623033E-03
  20.933   8.933   0.78900525E-12   0.10487154E-03   0.48097430E-03   0.15339793E-03   0.73924377E-03   0.73924377E-03   0.73924377E-03
  20.950   8.950   0.78153235E-12   0.10389529E-03   0.47641270E-03   0.15194336E-03   0.73225135E-03   0.73225135E-03   0.73225135E-03
  20.967   8.967   0.77405393E-12   0.10291805E-03   0.47184785E-03   0.15048774E-03   0.72525364E-03   0.72525364E-03   0.72525364E-03
