        RT(hours)           [OAbg]         tot_loss         tot_prod
  12.017   0.017   0.29996809E+00   0.00000000E+00   0.00000000E+00
  12.033   0.033   0.29993341E+00   0.00000000E+00   0.00000000E+00
  12.050   0.050   0.29989643E+00   0.00000000E+00   0.00000000E+00
  12.067   0.067   0.29985717E+00   0.00000000E+00   0.00000000E+00
  12.083   0.083   0.29981560E+00   0.00000000E+00   0.00000000E+00
  12.100   0.100   0.29977174E+00   0.00000000E+00   0.00000000E+00
  12.117   0.117   0.29972557E+00   0.00000000E+00   0.00000000E+00
  12.133   0.133   0.29967708E+00   0.00000000E+00   0.00000000E+00
  12.150   0.150   0.29962628E+00   0.00000000E+00   0.00000000E+00
  12.167   0.167   0.29957316E+00   0.00000000E+00   0.00000000E+00
  12.183   0.183   0.29951772E+00   0.00000000E+00   0.00000000E+00
  12.200   0.200   0.29945994E+00   0.00000000E+00   0.00000000E+00
  12.217   0.217   0.29939984E+00   0.00000000E+00   0.00000000E+00
  12.233   0.233   0.29933739E+00   0.00000000E+00   0.00000000E+00
  12.250   0.250   0.29927261E+00   0.00000000E+00   0.00000000E+00
  12.267   0.267   0.29920548E+00   0.00000000E+00   0.00000000E+00
  12.283   0.283   0.29913599E+00   0.00000000E+00   0.00000000E+00
  12.300   0.300   0.29906415E+00   0.00000000E+00   0.00000000E+00
  12.317   0.317   0.29898996E+00   0.00000000E+00   0.00000000E+00
  12.333   0.333   0.29891339E+00   0.00000000E+00   0.00000000E+00
  12.350   0.350   0.29883446E+00   0.00000000E+00   0.00000000E+00
  12.367   0.367   0.29875314E+00   0.00000000E+00   0.00000000E+00
  12.383   0.383   0.29866945E+00   0.00000000E+00   0.00000000E+00
  12.400   0.400   0.29858336E+00   0.00000000E+00   0.00000000E+00
  12.417   0.417   0.29849489E+00   0.00000000E+00   0.00000000E+00
  12.433   0.433   0.29840401E+00   0.00000000E+00   0.00000000E+00
  12.450   0.450   0.29831072E+00   0.00000000E+00   0.00000000E+00
  12.467   0.467   0.29821501E+00   0.00000000E+00   0.00000000E+00
  12.483   0.483   0.29811688E+00   0.00000000E+00   0.00000000E+00
  12.500   0.500   0.29801632E+00   0.00000000E+00   0.00000000E+00
  12.517   0.517   0.29791332E+00   0.00000000E+00   0.00000000E+00
  12.533   0.533   0.29780787E+00   0.00000000E+00   0.00000000E+00
  12.550   0.550   0.29769997E+00   0.00000000E+00   0.00000000E+00
  12.567   0.567   0.29758960E+00   0.00000000E+00   0.00000000E+00
  12.583   0.583   0.29747675E+00   0.00000000E+00   0.00000000E+00
  12.600   0.600   0.29736141E+00   0.00000000E+00   0.00000000E+00
  12.617   0.617   0.29724358E+00   0.00000000E+00   0.00000000E+00
  12.633   0.633   0.29712324E+00   0.00000000E+00   0.00000000E+00
  12.650   0.650   0.29700038E+00   0.00000000E+00   0.00000000E+00
  12.667   0.667   0.29687499E+00   0.00000000E+00   0.00000000E+00
  12.683   0.683   0.29674706E+00   0.00000000E+00   0.00000000E+00
  12.700   0.700   0.29661657E+00   0.00000000E+00   0.00000000E+00
  12.717   0.717   0.29648352E+00   0.00000000E+00   0.00000000E+00
  12.733   0.733   0.29634788E+00   0.00000000E+00   0.00000000E+00
  12.750   0.750   0.29620965E+00   0.00000000E+00   0.00000000E+00
  12.767   0.767   0.29606881E+00   0.00000000E+00   0.00000000E+00
  12.783   0.783   0.29592535E+00   0.00000000E+00   0.00000000E+00
  12.800   0.800   0.29577924E+00   0.00000000E+00   0.00000000E+00
  12.817   0.817   0.29563049E+00   0.00000000E+00   0.00000000E+00
  12.833   0.833   0.29547906E+00   0.00000000E+00   0.00000000E+00
  12.850   0.850   0.29532494E+00   0.00000000E+00   0.00000000E+00
  12.867   0.867   0.29516812E+00   0.00000000E+00   0.00000000E+00
  12.883   0.883   0.29500857E+00   0.00000000E+00   0.00000000E+00
  12.900   0.900   0.29484629E+00   0.00000000E+00   0.00000000E+00
  12.917   0.917   0.29468125E+00   0.00000000E+00   0.00000000E+00
  12.933   0.933   0.29451342E+00   0.00000000E+00   0.00000000E+00
  12.950   0.950   0.29434281E+00   0.00000000E+00   0.00000000E+00
  12.967   0.967   0.29416937E+00   0.00000000E+00   0.00000000E+00
  12.983   0.983   0.29399309E+00   0.00000000E+00   0.00000000E+00
  13.000   1.000   0.29381396E+00   0.00000000E+00   0.00000000E+00
  13.017   1.017   0.29363194E+00   0.00000000E+00   0.00000000E+00
  13.033   1.033   0.29344701E+00   0.00000000E+00   0.00000000E+00
  13.050   1.050   0.29325916E+00   0.00000000E+00   0.00000000E+00
  13.067   1.067   0.29306836E+00   0.00000000E+00   0.00000000E+00
  13.083   1.083   0.29287458E+00   0.00000000E+00   0.00000000E+00
  13.100   1.100   0.29267780E+00   0.00000000E+00   0.00000000E+00
  13.117   1.117   0.29247799E+00   0.00000000E+00   0.00000000E+00
  13.133   1.133   0.29227513E+00   0.00000000E+00   0.00000000E+00
  13.150   1.150   0.29206919E+00   0.00000000E+00   0.00000000E+00
  13.167   1.167   0.29186014E+00   0.00000000E+00   0.00000000E+00
  13.183   1.183   0.29164796E+00   0.00000000E+00   0.00000000E+00
  13.200   1.200   0.29143261E+00   0.00000000E+00   0.00000000E+00
  13.217   1.217   0.29121407E+00   0.00000000E+00   0.00000000E+00
  13.233   1.233   0.29099230E+00   0.00000000E+00   0.00000000E+00
  13.250   1.250   0.29076728E+00   0.00000000E+00   0.00000000E+00
  13.267   1.267   0.29053896E+00   0.00000000E+00   0.00000000E+00
  13.283   1.283   0.29030733E+00   0.00000000E+00   0.00000000E+00
  13.300   1.300   0.29007235E+00   0.00000000E+00   0.00000000E+00
  13.317   1.317   0.28983397E+00   0.00000000E+00   0.00000000E+00
  13.333   1.333   0.28959217E+00   0.00000000E+00   0.00000000E+00
  13.350   1.350   0.28934692E+00   0.00000000E+00   0.00000000E+00
  13.367   1.367   0.28909817E+00   0.00000000E+00   0.00000000E+00
  13.383   1.383   0.28884589E+00   0.00000000E+00   0.00000000E+00
  13.400   1.400   0.28859003E+00   0.00000000E+00   0.00000000E+00
  13.417   1.417   0.28833057E+00   0.00000000E+00   0.00000000E+00
  13.433   1.433   0.28806745E+00   0.00000000E+00   0.00000000E+00
  13.450   1.450   0.28780065E+00   0.00000000E+00   0.00000000E+00
  13.467   1.467   0.28753012E+00   0.00000000E+00   0.00000000E+00
  13.483   1.483   0.28725581E+00   0.00000000E+00   0.00000000E+00
  13.500   1.500   0.28697768E+00   0.00000000E+00   0.00000000E+00
  13.517   1.517   0.28669569E+00   0.00000000E+00   0.00000000E+00
  13.533   1.533   0.28640980E+00   0.00000000E+00   0.00000000E+00
  13.550   1.550   0.28611995E+00   0.00000000E+00   0.00000000E+00
  13.567   1.567   0.28582610E+00   0.00000000E+00   0.00000000E+00
  13.583   1.583   0.28552821E+00   0.00000000E+00   0.00000000E+00
  13.600   1.600   0.28522621E+00   0.00000000E+00   0.00000000E+00
  13.617   1.617   0.28492008E+00   0.00000000E+00   0.00000000E+00
  13.633   1.633   0.28460974E+00   0.00000000E+00   0.00000000E+00
  13.650   1.650   0.28429516E+00   0.00000000E+00   0.00000000E+00
  13.667   1.667   0.28397628E+00   0.00000000E+00   0.00000000E+00
  13.683   1.683   0.28365305E+00   0.00000000E+00   0.00000000E+00
  13.700   1.700   0.28332540E+00   0.00000000E+00   0.00000000E+00
  13.717   1.717   0.28299330E+00   0.00000000E+00   0.00000000E+00
  13.733   1.733   0.28265668E+00   0.00000000E+00   0.00000000E+00
  13.750   1.750   0.28231548E+00   0.00000000E+00   0.00000000E+00
  13.767   1.767   0.28196965E+00   0.00000000E+00   0.00000000E+00
  13.783   1.783   0.28161913E+00   0.00000000E+00   0.00000000E+00
  13.800   1.800   0.28126387E+00   0.00000000E+00   0.00000000E+00
  13.817   1.817   0.28090379E+00   0.00000000E+00   0.00000000E+00
  13.833   1.833   0.28053885E+00   0.00000000E+00   0.00000000E+00
  13.850   1.850   0.28016897E+00   0.00000000E+00   0.00000000E+00
  13.867   1.867   0.27979411E+00   0.00000000E+00   0.00000000E+00
  13.883   1.883   0.27941419E+00   0.00000000E+00   0.00000000E+00
  13.900   1.900   0.27902917E+00   0.00000000E+00   0.00000000E+00
  13.917   1.917   0.27863896E+00   0.00000000E+00   0.00000000E+00
  13.933   1.933   0.27824352E+00   0.00000000E+00   0.00000000E+00
  13.950   1.950   0.27784277E+00   0.00000000E+00   0.00000000E+00
  13.967   1.967   0.27743666E+00   0.00000000E+00   0.00000000E+00
  13.983   1.983   0.27702513E+00   0.00000000E+00   0.00000000E+00
  14.000   2.000   0.27660810E+00   0.00000000E+00   0.00000000E+00
  14.017   2.017   0.27618543E+00   0.00000000E+00   0.00000000E+00
  14.033   2.033   0.27575655E+00   0.00000000E+00   0.00000000E+00
  14.050   2.050   0.27532086E+00   0.00000000E+00   0.00000000E+00
  14.067   2.067   0.27487776E+00   0.00000000E+00   0.00000000E+00
  14.083   2.083   0.27442672E+00   0.00000000E+00   0.00000000E+00
  14.100   2.100   0.27396723E+00   0.00000000E+00   0.00000000E+00
  14.117   2.117   0.27349879E+00   0.00000000E+00   0.00000000E+00
  14.133   2.133   0.27302094E+00   0.00000000E+00   0.00000000E+00
  14.150   2.150   0.27253324E+00   0.00000000E+00   0.00000000E+00
  14.167   2.167   0.27203528E+00   0.00000000E+00   0.00000000E+00
  14.183   2.183   0.27152665E+00   0.00000000E+00   0.00000000E+00
  14.200   2.200   0.27100699E+00   0.00000000E+00   0.00000000E+00
  14.217   2.217   0.27047592E+00   0.00000000E+00   0.00000000E+00
  14.233   2.233   0.26993312E+00   0.00000000E+00   0.00000000E+00
  14.250   2.250   0.26937825E+00   0.00000000E+00   0.00000000E+00
  14.267   2.267   0.26881101E+00   0.00000000E+00   0.00000000E+00
  14.283   2.283   0.26823111E+00   0.00000000E+00   0.00000000E+00
  14.300   2.300   0.26763830E+00   0.00000000E+00   0.00000000E+00
  14.317   2.317   0.26703233E+00   0.00000000E+00   0.00000000E+00
  14.333   2.333   0.26641297E+00   0.00000000E+00   0.00000000E+00
  14.350   2.350   0.26578004E+00   0.00000000E+00   0.00000000E+00
  14.367   2.367   0.26513335E+00   0.00000000E+00   0.00000000E+00
  14.383   2.383   0.26447278E+00   0.00000000E+00   0.00000000E+00
  14.400   2.400   0.26379820E+00   0.00000000E+00   0.00000000E+00
  14.417   2.417   0.26310955E+00   0.00000000E+00   0.00000000E+00
  14.433   2.433   0.26240678E+00   0.00000000E+00   0.00000000E+00
  14.450   2.450   0.26168991E+00   0.00000000E+00   0.00000000E+00
  14.467   2.467   0.26095897E+00   0.00000000E+00   0.00000000E+00
  14.483   2.483   0.26021406E+00   0.00000000E+00   0.00000000E+00
  14.500   2.500   0.25945533E+00   0.00000000E+00   0.00000000E+00
  14.517   2.517   0.25868298E+00   0.00000000E+00   0.00000000E+00
  14.533   2.533   0.25789727E+00   0.00000000E+00   0.00000000E+00
  14.550   2.550   0.25709852E+00   0.00000000E+00   0.00000000E+00
  14.567   2.567   0.25628713E+00   0.00000000E+00   0.00000000E+00
  14.583   2.583   0.25546355E+00   0.00000000E+00   0.00000000E+00
  14.600   2.600   0.25462829E+00   0.00000000E+00   0.00000000E+00
  14.617   2.617   0.25378196E+00   0.00000000E+00   0.00000000E+00
  14.633   2.633   0.25292523E+00   0.00000000E+00   0.00000000E+00
  14.650   2.650   0.25205881E+00   0.00000000E+00   0.00000000E+00
  14.667   2.667   0.25118352E+00   0.00000000E+00   0.00000000E+00
  14.683   2.683   0.25030021E+00   0.00000000E+00   0.00000000E+00
  14.700   2.700   0.24940981E+00   0.00000000E+00   0.00000000E+00
  14.717   2.717   0.24851329E+00   0.00000000E+00   0.00000000E+00
  14.733   2.733   0.24761168E+00   0.00000000E+00   0.00000000E+00
  14.750   2.750   0.24670603E+00   0.00000000E+00   0.00000000E+00
  14.767   2.767   0.24579743E+00   0.00000000E+00   0.00000000E+00
  14.783   2.783   0.24488699E+00   0.00000000E+00   0.00000000E+00
  14.800   2.800   0.24397582E+00   0.00000000E+00   0.00000000E+00
  14.817   2.817   0.24306504E+00   0.00000000E+00   0.00000000E+00
  14.833   2.833   0.24215574E+00   0.00000000E+00   0.00000000E+00
  14.850   2.850   0.24124901E+00   0.00000000E+00   0.00000000E+00
  14.867   2.867   0.24034588E+00   0.00000000E+00   0.00000000E+00
  14.883   2.883   0.23944737E+00   0.00000000E+00   0.00000000E+00
  14.900   2.900   0.23855442E+00   0.00000000E+00   0.00000000E+00
  14.917   2.917   0.23766794E+00   0.00000000E+00   0.00000000E+00
  14.933   2.933   0.23678876E+00   0.00000000E+00   0.00000000E+00
  14.950   2.950   0.23591767E+00   0.00000000E+00   0.00000000E+00
  14.967   2.967   0.23505536E+00   0.00000000E+00   0.00000000E+00
  14.983   2.983   0.23420247E+00   0.00000000E+00   0.00000000E+00
  15.000   3.000   0.23335958E+00   0.00000000E+00   0.00000000E+00
  15.017   3.017   0.23252717E+00   0.00000000E+00   0.00000000E+00
  15.033   3.033   0.23170568E+00   0.00000000E+00   0.00000000E+00
  15.050   3.050   0.23089548E+00   0.00000000E+00   0.00000000E+00
  15.067   3.067   0.23009686E+00   0.00000000E+00   0.00000000E+00
  15.083   3.083   0.22931008E+00   0.00000000E+00   0.00000000E+00
  15.100   3.100   0.22853531E+00   0.00000000E+00   0.00000000E+00
  15.117   3.117   0.22777271E+00   0.00000000E+00   0.00000000E+00
  15.133   3.133   0.22702235E+00   0.00000000E+00   0.00000000E+00
  15.150   3.150   0.22628430E+00   0.00000000E+00   0.00000000E+00
  15.167   3.167   0.22555855E+00   0.00000000E+00   0.00000000E+00
  15.183   3.183   0.22484509E+00   0.00000000E+00   0.00000000E+00
  15.200   3.200   0.22414386E+00   0.00000000E+00   0.00000000E+00
  15.217   3.217   0.22345477E+00   0.00000000E+00   0.00000000E+00
  15.233   3.233   0.22277773E+00   0.00000000E+00   0.00000000E+00
  15.250   3.250   0.22211259E+00   0.00000000E+00   0.00000000E+00
  15.267   3.267   0.22145922E+00   0.00000000E+00   0.00000000E+00
  15.283   3.283   0.22081745E+00   0.00000000E+00   0.00000000E+00
  15.300   3.300   0.22018712E+00   0.00000000E+00   0.00000000E+00
  15.317   3.317   0.21956804E+00   0.00000000E+00   0.00000000E+00
  15.333   3.333   0.21896002E+00   0.00000000E+00   0.00000000E+00
  15.350   3.350   0.21836286E+00   0.00000000E+00   0.00000000E+00
  15.367   3.367   0.21777635E+00   0.00000000E+00   0.00000000E+00
  15.383   3.383   0.21720029E+00   0.00000000E+00   0.00000000E+00
  15.400   3.400   0.21663448E+00   0.00000000E+00   0.00000000E+00
  15.417   3.417   0.21607869E+00   0.00000000E+00   0.00000000E+00
  15.433   3.433   0.21553273E+00   0.00000000E+00   0.00000000E+00
  15.450   3.450   0.21499637E+00   0.00000000E+00   0.00000000E+00
  15.467   3.467   0.21446941E+00   0.00000000E+00   0.00000000E+00
  15.483   3.483   0.21395165E+00   0.00000000E+00   0.00000000E+00
  15.500   3.500   0.21344287E+00   0.00000000E+00   0.00000000E+00
  15.517   3.517   0.21294287E+00   0.00000000E+00   0.00000000E+00
  15.533   3.533   0.21245146E+00   0.00000000E+00   0.00000000E+00
  15.550   3.550   0.21196844E+00   0.00000000E+00   0.00000000E+00
  15.567   3.567   0.21149361E+00   0.00000000E+00   0.00000000E+00
  15.583   3.583   0.21102679E+00   0.00000000E+00   0.00000000E+00
  15.600   3.600   0.21056779E+00   0.00000000E+00   0.00000000E+00
  15.617   3.617   0.21011643E+00   0.00000000E+00   0.00000000E+00
  15.633   3.633   0.20967254E+00   0.00000000E+00   0.00000000E+00
  15.650   3.650   0.20923593E+00   0.00000000E+00   0.00000000E+00
  15.667   3.667   0.20880645E+00   0.00000000E+00   0.00000000E+00
  15.683   3.683   0.20838393E+00   0.00000000E+00   0.00000000E+00
  15.700   3.700   0.20796820E+00   0.00000000E+00   0.00000000E+00
  15.717   3.717   0.20755911E+00   0.00000000E+00   0.00000000E+00
  15.733   3.733   0.20715652E+00   0.00000000E+00   0.00000000E+00
  15.750   3.750   0.20676026E+00   0.00000000E+00   0.00000000E+00
  15.767   3.767   0.20637020E+00   0.00000000E+00   0.00000000E+00
  15.783   3.783   0.20598620E+00   0.00000000E+00   0.00000000E+00
  15.800   3.800   0.20560812E+00   0.00000000E+00   0.00000000E+00
  15.817   3.817   0.20523583E+00   0.00000000E+00   0.00000000E+00
  15.833   3.833   0.20486920E+00   0.00000000E+00   0.00000000E+00
  15.850   3.850   0.20450810E+00   0.00000000E+00   0.00000000E+00
  15.867   3.867   0.20415241E+00   0.00000000E+00   0.00000000E+00
  15.883   3.883   0.20380201E+00   0.00000000E+00   0.00000000E+00
  15.900   3.900   0.20345679E+00   0.00000000E+00   0.00000000E+00
  15.917   3.917   0.20311664E+00   0.00000000E+00   0.00000000E+00
  15.933   3.933   0.20278144E+00   0.00000000E+00   0.00000000E+00
  15.950   3.950   0.20245110E+00   0.00000000E+00   0.00000000E+00
  15.967   3.967   0.20212550E+00   0.00000000E+00   0.00000000E+00
  15.983   3.983   0.20180455E+00   0.00000000E+00   0.00000000E+00
  16.000   4.000   0.20148815E+00   0.00000000E+00   0.00000000E+00
  16.017   4.017   0.20117622E+00   0.00000000E+00   0.00000000E+00
  16.033   4.033   0.20086867E+00   0.00000000E+00   0.00000000E+00
  16.050   4.050   0.20056544E+00   0.00000000E+00   0.00000000E+00
  16.067   4.067   0.20026645E+00   0.00000000E+00   0.00000000E+00
  16.083   4.083   0.19997165E+00   0.00000000E+00   0.00000000E+00
  16.100   4.100   0.19968096E+00   0.00000000E+00   0.00000000E+00
  16.117   4.117   0.19939430E+00   0.00000000E+00   0.00000000E+00
  16.133   4.133   0.19911161E+00   0.00000000E+00   0.00000000E+00
  16.150   4.150   0.19883281E+00   0.00000000E+00   0.00000000E+00
  16.167   4.167   0.19856978E+00   0.00000000E+00   0.00000000E+00
  16.183   4.183   0.19833190E+00   0.00000000E+00   0.00000000E+00
  16.200   4.200   0.19811298E+00   0.00000000E+00   0.00000000E+00
  16.217   4.217   0.19790898E+00   0.00000000E+00   0.00000000E+00
  16.233   4.233   0.19771710E+00   0.00000000E+00   0.00000000E+00
  16.250   4.250   0.19753534E+00   0.00000000E+00   0.00000000E+00
  16.267   4.267   0.19736218E+00   0.00000000E+00   0.00000000E+00
  16.283   4.283   0.19719645E+00   0.00000000E+00   0.00000000E+00
  16.300   4.300   0.19703722E+00   0.00000000E+00   0.00000000E+00
  16.317   4.317   0.19688373E+00   0.00000000E+00   0.00000000E+00
  16.333   4.333   0.19673537E+00   0.00000000E+00   0.00000000E+00
  16.350   4.350   0.19659163E+00   0.00000000E+00   0.00000000E+00
  16.367   4.367   0.19645207E+00   0.00000000E+00   0.00000000E+00
  16.383   4.383   0.19631633E+00   0.00000000E+00   0.00000000E+00
  16.400   4.400   0.19618408E+00   0.00000000E+00   0.00000000E+00
  16.417   4.417   0.19605506E+00   0.00000000E+00   0.00000000E+00
  16.433   4.433   0.19592901E+00   0.00000000E+00   0.00000000E+00
  16.450   4.450   0.19580573E+00   0.00000000E+00   0.00000000E+00
  16.467   4.467   0.19568504E+00   0.00000000E+00   0.00000000E+00
  16.483   4.483   0.19556675E+00   0.00000000E+00   0.00000000E+00
  16.500   4.500   0.19545073E+00   0.00000000E+00   0.00000000E+00
  16.517   4.517   0.19533685E+00   0.00000000E+00   0.00000000E+00
  16.533   4.533   0.19522497E+00   0.00000000E+00   0.00000000E+00
  16.550   4.550   0.19511499E+00   0.00000000E+00   0.00000000E+00
  16.567   4.567   0.19500681E+00   0.00000000E+00   0.00000000E+00
  16.583   4.583   0.19490034E+00   0.00000000E+00   0.00000000E+00
  16.600   4.600   0.19479550E+00   0.00000000E+00   0.00000000E+00
  16.617   4.617   0.19469221E+00   0.00000000E+00   0.00000000E+00
  16.633   4.633   0.19459040E+00   0.00000000E+00   0.00000000E+00
  16.650   4.650   0.19449001E+00   0.00000000E+00   0.00000000E+00
  16.667   4.667   0.19439097E+00   0.00000000E+00   0.00000000E+00
  16.683   4.683   0.19429323E+00   0.00000000E+00   0.00000000E+00
  16.700   4.700   0.19419675E+00   0.00000000E+00   0.00000000E+00
  16.717   4.717   0.19410146E+00   0.00000000E+00   0.00000000E+00
  16.733   4.733   0.19400734E+00   0.00000000E+00   0.00000000E+00
  16.750   4.750   0.19391433E+00   0.00000000E+00   0.00000000E+00
  16.767   4.767   0.19382240E+00   0.00000000E+00   0.00000000E+00
  16.783   4.783   0.19373151E+00   0.00000000E+00   0.00000000E+00
  16.800   4.800   0.19364163E+00   0.00000000E+00   0.00000000E+00
  16.817   4.817   0.19355273E+00   0.00000000E+00   0.00000000E+00
  16.833   4.833   0.19346477E+00   0.00000000E+00   0.00000000E+00
  16.850   4.850   0.19337773E+00   0.00000000E+00   0.00000000E+00
  16.867   4.867   0.19329158E+00   0.00000000E+00   0.00000000E+00
  16.883   4.883   0.19320629E+00   0.00000000E+00   0.00000000E+00
  16.900   4.900   0.19312185E+00   0.00000000E+00   0.00000000E+00
  16.917   4.917   0.19303823E+00   0.00000000E+00   0.00000000E+00
  16.933   4.933   0.19295541E+00   0.00000000E+00   0.00000000E+00
  16.950   4.950   0.19287337E+00   0.00000000E+00   0.00000000E+00
  16.967   4.967   0.19279208E+00   0.00000000E+00   0.00000000E+00
  16.983   4.983   0.19271154E+00   0.00000000E+00   0.00000000E+00
  17.000   5.000   0.19263172E+00   0.00000000E+00   0.00000000E+00
  17.017   5.017   0.19255262E+00   0.00000000E+00   0.00000000E+00
  17.033   5.033   0.19247420E+00   0.00000000E+00   0.00000000E+00
  17.050   5.050   0.19239646E+00   0.00000000E+00   0.00000000E+00
  17.067   5.067   0.19231939E+00   0.00000000E+00   0.00000000E+00
  17.083   5.083   0.19224297E+00   0.00000000E+00   0.00000000E+00
  17.100   5.100   0.19216718E+00   0.00000000E+00   0.00000000E+00
  17.117   5.117   0.19209202E+00   0.00000000E+00   0.00000000E+00
  17.133   5.133   0.19201747E+00   0.00000000E+00   0.00000000E+00
  17.150   5.150   0.19194353E+00   0.00000000E+00   0.00000000E+00
  17.167   5.167   0.19187018E+00   0.00000000E+00   0.00000000E+00
  17.183   5.183   0.19179740E+00   0.00000000E+00   0.00000000E+00
  17.200   5.200   0.19172520E+00   0.00000000E+00   0.00000000E+00
  17.217   5.217   0.19165357E+00   0.00000000E+00   0.00000000E+00
  17.233   5.233   0.19158248E+00   0.00000000E+00   0.00000000E+00
  17.250   5.250   0.19151194E+00   0.00000000E+00   0.00000000E+00
  17.267   5.267   0.19144194E+00   0.00000000E+00   0.00000000E+00
  17.283   5.283   0.19137246E+00   0.00000000E+00   0.00000000E+00
  17.300   5.300   0.19130351E+00   0.00000000E+00   0.00000000E+00
  17.317   5.317   0.19123507E+00   0.00000000E+00   0.00000000E+00
  17.333   5.333   0.19116713E+00   0.00000000E+00   0.00000000E+00
  17.350   5.350   0.19109970E+00   0.00000000E+00   0.00000000E+00
  17.367   5.367   0.19103275E+00   0.00000000E+00   0.00000000E+00
  17.383   5.383   0.19096629E+00   0.00000000E+00   0.00000000E+00
  17.400   5.400   0.19090032E+00   0.00000000E+00   0.00000000E+00
  17.417   5.417   0.19083481E+00   0.00000000E+00   0.00000000E+00
  17.433   5.433   0.19076978E+00   0.00000000E+00   0.00000000E+00
  17.450   5.450   0.19070521E+00   0.00000000E+00   0.00000000E+00
  17.467   5.467   0.19064109E+00   0.00000000E+00   0.00000000E+00
  17.483   5.483   0.19057743E+00   0.00000000E+00   0.00000000E+00
  17.500   5.500   0.19051422E+00   0.00000000E+00   0.00000000E+00
  17.517   5.517   0.19045144E+00   0.00000000E+00   0.00000000E+00
  17.533   5.533   0.19038911E+00   0.00000000E+00   0.00000000E+00
  17.550   5.550   0.19032721E+00   0.00000000E+00   0.00000000E+00
  17.567   5.567   0.19026574E+00   0.00000000E+00   0.00000000E+00
  17.583   5.583   0.19020470E+00   0.00000000E+00   0.00000000E+00
  17.600   5.600   0.19014408E+00   0.00000000E+00   0.00000000E+00
  17.617   5.617   0.19008387E+00   0.00000000E+00   0.00000000E+00
  17.633   5.633   0.19002408E+00   0.00000000E+00   0.00000000E+00
  17.650   5.650   0.18996470E+00   0.00000000E+00   0.00000000E+00
  17.667   5.667   0.18990572E+00   0.00000000E+00   0.00000000E+00
  17.683   5.683   0.18984715E+00   0.00000000E+00   0.00000000E+00
  17.700   5.700   0.18978898E+00   0.00000000E+00   0.00000000E+00
  17.717   5.717   0.18973120E+00   0.00000000E+00   0.00000000E+00
  17.733   5.733   0.18967382E+00   0.00000000E+00   0.00000000E+00
  17.750   5.750   0.18961682E+00   0.00000000E+00   0.00000000E+00
  17.767   5.767   0.18956022E+00   0.00000000E+00   0.00000000E+00
  17.783   5.783   0.18950399E+00   0.00000000E+00   0.00000000E+00
  17.800   5.800   0.18944815E+00   0.00000000E+00   0.00000000E+00
  17.817   5.817   0.18939269E+00   0.00000000E+00   0.00000000E+00
  17.833   5.833   0.18933760E+00   0.00000000E+00   0.00000000E+00
  17.850   5.850   0.18928289E+00   0.00000000E+00   0.00000000E+00
  17.867   5.867   0.18922855E+00   0.00000000E+00   0.00000000E+00
  17.883   5.883   0.18917457E+00   0.00000000E+00   0.00000000E+00
  17.900   5.900   0.18912096E+00   0.00000000E+00   0.00000000E+00
  17.917   5.917   0.18906772E+00   0.00000000E+00   0.00000000E+00
  17.933   5.933   0.18901484E+00   0.00000000E+00   0.00000000E+00
  17.950   5.950   0.18896231E+00   0.00000000E+00   0.00000000E+00
  17.967   5.967   0.18891015E+00   0.00000000E+00   0.00000000E+00
  17.983   5.983   0.18885833E+00   0.00000000E+00   0.00000000E+00
  18.000   6.000   0.18880687E+00   0.00000000E+00   0.00000000E+00
  18.017   6.017   0.18875577E+00   0.00000000E+00   0.00000000E+00
  18.033   6.033   0.18870501E+00   0.00000000E+00   0.00000000E+00
  18.050   6.050   0.18865460E+00   0.00000000E+00   0.00000000E+00
  18.067   6.067   0.18860453E+00   0.00000000E+00   0.00000000E+00
  18.083   6.083   0.18855480E+00   0.00000000E+00   0.00000000E+00
  18.100   6.100   0.18850542E+00   0.00000000E+00   0.00000000E+00
  18.117   6.117   0.18845638E+00   0.00000000E+00   0.00000000E+00
  18.133   6.133   0.18840768E+00   0.00000000E+00   0.00000000E+00
  18.150   6.150   0.18835931E+00   0.00000000E+00   0.00000000E+00
  18.167   6.167   0.18831128E+00   0.00000000E+00   0.00000000E+00
  18.183   6.183   0.18826358E+00   0.00000000E+00   0.00000000E+00
  18.200   6.200   0.18821621E+00   0.00000000E+00   0.00000000E+00
  18.217   6.217   0.18816917E+00   0.00000000E+00   0.00000000E+00
  18.233   6.233   0.18812246E+00   0.00000000E+00   0.00000000E+00
  18.250   6.250   0.18807608E+00   0.00000000E+00   0.00000000E+00
  18.267   6.267   0.18803003E+00   0.00000000E+00   0.00000000E+00
  18.283   6.283   0.18798430E+00   0.00000000E+00   0.00000000E+00
  18.300   6.300   0.18793889E+00   0.00000000E+00   0.00000000E+00
  18.317   6.317   0.18789380E+00   0.00000000E+00   0.00000000E+00
  18.333   6.333   0.18784904E+00   0.00000000E+00   0.00000000E+00
  18.350   6.350   0.18780459E+00   0.00000000E+00   0.00000000E+00
  18.367   6.367   0.18776046E+00   0.00000000E+00   0.00000000E+00
  18.383   6.383   0.18771665E+00   0.00000000E+00   0.00000000E+00
  18.400   6.400   0.18767315E+00   0.00000000E+00   0.00000000E+00
  18.417   6.417   0.18762997E+00   0.00000000E+00   0.00000000E+00
  18.433   6.433   0.18758710E+00   0.00000000E+00   0.00000000E+00
  18.450   6.450   0.18754454E+00   0.00000000E+00   0.00000000E+00
  18.467   6.467   0.18750229E+00   0.00000000E+00   0.00000000E+00
  18.483   6.483   0.18746036E+00   0.00000000E+00   0.00000000E+00
  18.500   6.500   0.18741873E+00   0.00000000E+00   0.00000000E+00
  18.517   6.517   0.18737740E+00   0.00000000E+00   0.00000000E+00
  18.533   6.533   0.18733639E+00   0.00000000E+00   0.00000000E+00
  18.550   6.550   0.18729568E+00   0.00000000E+00   0.00000000E+00
  18.567   6.567   0.18725527E+00   0.00000000E+00   0.00000000E+00
  18.583   6.583   0.18721517E+00   0.00000000E+00   0.00000000E+00
  18.600   6.600   0.18717537E+00   0.00000000E+00   0.00000000E+00
  18.617   6.617   0.18713587E+00   0.00000000E+00   0.00000000E+00
  18.633   6.633   0.18709667E+00   0.00000000E+00   0.00000000E+00
  18.650   6.650   0.18705777E+00   0.00000000E+00   0.00000000E+00
  18.667   6.667   0.18701917E+00   0.00000000E+00   0.00000000E+00
  18.683   6.683   0.18698086E+00   0.00000000E+00   0.00000000E+00
  18.700   6.700   0.18694285E+00   0.00000000E+00   0.00000000E+00
  18.717   6.717   0.18690514E+00   0.00000000E+00   0.00000000E+00
  18.733   6.733   0.18686772E+00   0.00000000E+00   0.00000000E+00
  18.750   6.750   0.18683060E+00   0.00000000E+00   0.00000000E+00
  18.767   6.767   0.18679376E+00   0.00000000E+00   0.00000000E+00
  18.783   6.783   0.18675722E+00   0.00000000E+00   0.00000000E+00
  18.800   6.800   0.18672098E+00   0.00000000E+00   0.00000000E+00
  18.817   6.817   0.18668502E+00   0.00000000E+00   0.00000000E+00
  18.833   6.833   0.18664935E+00   0.00000000E+00   0.00000000E+00
  18.850   6.850   0.18661397E+00   0.00000000E+00   0.00000000E+00
  18.867   6.867   0.18657887E+00   0.00000000E+00   0.00000000E+00
  18.883   6.883   0.18654407E+00   0.00000000E+00   0.00000000E+00
  18.900   6.900   0.18650954E+00   0.00000000E+00   0.00000000E+00
  18.917   6.917   0.18647531E+00   0.00000000E+00   0.00000000E+00
  18.933   6.933   0.18644136E+00   0.00000000E+00   0.00000000E+00
  18.950   6.950   0.18640769E+00   0.00000000E+00   0.00000000E+00
  18.967   6.967   0.18637430E+00   0.00000000E+00   0.00000000E+00
  18.983   6.983   0.18634120E+00   0.00000000E+00   0.00000000E+00
  19.000   7.000   0.18630838E+00   0.00000000E+00   0.00000000E+00
  19.017   7.017   0.18627584E+00   0.00000000E+00   0.00000000E+00
  19.033   7.033   0.18624358E+00   0.00000000E+00   0.00000000E+00
  19.050   7.050   0.18621159E+00   0.00000000E+00   0.00000000E+00
  19.067   7.067   0.18617989E+00   0.00000000E+00   0.00000000E+00
  19.083   7.083   0.18614846E+00   0.00000000E+00   0.00000000E+00
  19.100   7.100   0.18611731E+00   0.00000000E+00   0.00000000E+00
  19.117   7.117   0.18608644E+00   0.00000000E+00   0.00000000E+00
  19.133   7.133   0.18605584E+00   0.00000000E+00   0.00000000E+00
  19.150   7.150   0.18602551E+00   0.00000000E+00   0.00000000E+00
  19.167   7.167   0.18599546E+00   0.00000000E+00   0.00000000E+00
  19.183   7.183   0.18596568E+00   0.00000000E+00   0.00000000E+00
  19.200   7.200   0.18593618E+00   0.00000000E+00   0.00000000E+00
  19.217   7.217   0.18590694E+00   0.00000000E+00   0.00000000E+00
  19.233   7.233   0.18587798E+00   0.00000000E+00   0.00000000E+00
  19.250   7.250   0.18584929E+00   0.00000000E+00   0.00000000E+00
  19.267   7.267   0.18582086E+00   0.00000000E+00   0.00000000E+00
  19.283   7.283   0.18579271E+00   0.00000000E+00   0.00000000E+00
  19.300   7.300   0.18576482E+00   0.00000000E+00   0.00000000E+00
  19.317   7.317   0.18573720E+00   0.00000000E+00   0.00000000E+00
  19.333   7.333   0.18570984E+00   0.00000000E+00   0.00000000E+00
  19.350   7.350   0.18568275E+00   0.00000000E+00   0.00000000E+00
  19.367   7.367   0.18565593E+00   0.00000000E+00   0.00000000E+00
  19.383   7.383   0.18562937E+00   0.00000000E+00   0.00000000E+00
  19.400   7.400   0.18560308E+00   0.00000000E+00   0.00000000E+00
  19.417   7.417   0.18557704E+00   0.00000000E+00   0.00000000E+00
  19.433   7.433   0.18555127E+00   0.00000000E+00   0.00000000E+00
  19.450   7.450   0.18552576E+00   0.00000000E+00   0.00000000E+00
  19.467   7.467   0.18550052E+00   0.00000000E+00   0.00000000E+00
  19.483   7.483   0.18547553E+00   0.00000000E+00   0.00000000E+00
  19.500   7.500   0.18545080E+00   0.00000000E+00   0.00000000E+00
  19.517   7.517   0.18542633E+00   0.00000000E+00   0.00000000E+00
  19.533   7.533   0.18540212E+00   0.00000000E+00   0.00000000E+00
  19.550   7.550   0.18537816E+00   0.00000000E+00   0.00000000E+00
  19.567   7.567   0.18535446E+00   0.00000000E+00   0.00000000E+00
  19.583   7.583   0.18533102E+00   0.00000000E+00   0.00000000E+00
  19.600   7.600   0.18530783E+00   0.00000000E+00   0.00000000E+00
  19.617   7.617   0.18528490E+00   0.00000000E+00   0.00000000E+00
  19.633   7.633   0.18526222E+00   0.00000000E+00   0.00000000E+00
  19.650   7.650   0.18523979E+00   0.00000000E+00   0.00000000E+00
  19.667   7.667   0.18521762E+00   0.00000000E+00   0.00000000E+00
  19.683   7.683   0.18519570E+00   0.00000000E+00   0.00000000E+00
  19.700   7.700   0.18517402E+00   0.00000000E+00   0.00000000E+00
  19.717   7.717   0.18515260E+00   0.00000000E+00   0.00000000E+00
  19.733   7.733   0.18513143E+00   0.00000000E+00   0.00000000E+00
  19.750   7.750   0.18511050E+00   0.00000000E+00   0.00000000E+00
  19.767   7.767   0.18508982E+00   0.00000000E+00   0.00000000E+00
  19.783   7.783   0.18506939E+00   0.00000000E+00   0.00000000E+00
  19.800   7.800   0.18504921E+00   0.00000000E+00   0.00000000E+00
  19.817   7.817   0.18502927E+00   0.00000000E+00   0.00000000E+00
  19.833   7.833   0.18500957E+00   0.00000000E+00   0.00000000E+00
  19.850   7.850   0.18499012E+00   0.00000000E+00   0.00000000E+00
  19.867   7.867   0.18497091E+00   0.00000000E+00   0.00000000E+00
  19.883   7.883   0.18495195E+00   0.00000000E+00   0.00000000E+00
  19.900   7.900   0.18493322E+00   0.00000000E+00   0.00000000E+00
  19.917   7.917   0.18491474E+00   0.00000000E+00   0.00000000E+00
  19.933   7.933   0.18489649E+00   0.00000000E+00   0.00000000E+00
  19.950   7.950   0.18487849E+00   0.00000000E+00   0.00000000E+00
  19.967   7.967   0.18486072E+00   0.00000000E+00   0.00000000E+00
  19.983   7.983   0.18484319E+00   0.00000000E+00   0.00000000E+00
  20.000   8.000   0.18482590E+00   0.00000000E+00   0.00000000E+00
  20.017   8.017   0.18480884E+00   0.00000000E+00   0.00000000E+00
  20.033   8.033   0.18479201E+00   0.00000000E+00   0.00000000E+00
  20.050   8.050   0.18477542E+00   0.00000000E+00   0.00000000E+00
  20.067   8.067   0.18475907E+00   0.00000000E+00   0.00000000E+00
  20.083   8.083   0.18474294E+00   0.00000000E+00   0.00000000E+00
  20.100   8.100   0.18472705E+00   0.00000000E+00   0.00000000E+00
  20.117   8.117   0.18471139E+00   0.00000000E+00   0.00000000E+00
  20.133   8.133   0.18469595E+00   0.00000000E+00   0.00000000E+00
  20.150   8.150   0.18468075E+00   0.00000000E+00   0.00000000E+00
  20.167   8.167   0.18466577E+00   0.00000000E+00   0.00000000E+00
  20.183   8.183   0.18465102E+00   0.00000000E+00   0.00000000E+00
  20.200   8.200   0.18463649E+00   0.00000000E+00   0.00000000E+00
  20.217   8.217   0.18462219E+00   0.00000000E+00   0.00000000E+00
  20.233   8.233   0.18460812E+00   0.00000000E+00   0.00000000E+00
  20.250   8.250   0.18459426E+00   0.00000000E+00   0.00000000E+00
  20.267   8.267   0.18458063E+00   0.00000000E+00   0.00000000E+00
  20.283   8.283   0.18456722E+00   0.00000000E+00   0.00000000E+00
  20.300   8.300   0.18455402E+00   0.00000000E+00   0.00000000E+00
  20.317   8.317   0.18454105E+00   0.00000000E+00   0.00000000E+00
  20.333   8.333   0.18452829E+00   0.00000000E+00   0.00000000E+00
  20.350   8.350   0.18451575E+00   0.00000000E+00   0.00000000E+00
  20.367   8.367   0.18450343E+00   0.00000000E+00   0.00000000E+00
  20.383   8.383   0.18449132E+00   0.00000000E+00   0.00000000E+00
  20.400   8.400   0.18447942E+00   0.00000000E+00   0.00000000E+00
  20.417   8.417   0.18446773E+00   0.00000000E+00   0.00000000E+00
  20.433   8.433   0.18445626E+00   0.00000000E+00   0.00000000E+00
  20.450   8.450   0.18444499E+00   0.00000000E+00   0.00000000E+00
  20.467   8.467   0.18443394E+00   0.00000000E+00   0.00000000E+00
  20.483   8.483   0.18442309E+00   0.00000000E+00   0.00000000E+00
  20.500   8.500   0.18441244E+00   0.00000000E+00   0.00000000E+00
  20.517   8.517   0.18440201E+00   0.00000000E+00   0.00000000E+00
  20.533   8.533   0.18439177E+00   0.00000000E+00   0.00000000E+00
  20.550   8.550   0.18438174E+00   0.00000000E+00   0.00000000E+00
  20.567   8.567   0.18437191E+00   0.00000000E+00   0.00000000E+00
  20.583   8.583   0.18436227E+00   0.00000000E+00   0.00000000E+00
  20.600   8.600   0.18435284E+00   0.00000000E+00   0.00000000E+00
  20.617   8.617   0.18434360E+00   0.00000000E+00   0.00000000E+00
  20.633   8.633   0.18433456E+00   0.00000000E+00   0.00000000E+00
  20.650   8.650   0.18432571E+00   0.00000000E+00   0.00000000E+00
  20.667   8.667   0.18431706E+00   0.00000000E+00   0.00000000E+00
  20.683   8.683   0.18430860E+00   0.00000000E+00   0.00000000E+00
  20.700   8.700   0.18430032E+00   0.00000000E+00   0.00000000E+00
  20.717   8.717   0.18429224E+00   0.00000000E+00   0.00000000E+00
  20.733   8.733   0.18428434E+00   0.00000000E+00   0.00000000E+00
  20.750   8.750   0.18427663E+00   0.00000000E+00   0.00000000E+00
  20.767   8.767   0.18426910E+00   0.00000000E+00   0.00000000E+00
  20.783   8.783   0.18426175E+00   0.00000000E+00   0.00000000E+00
  20.800   8.800   0.18425458E+00   0.00000000E+00   0.00000000E+00
  20.817   8.817   0.18424760E+00   0.00000000E+00   0.00000000E+00
  20.833   8.833   0.18424078E+00   0.00000000E+00   0.00000000E+00
  20.850   8.850   0.18423415E+00   0.00000000E+00   0.00000000E+00
  20.867   8.867   0.18422769E+00   0.00000000E+00   0.00000000E+00
  20.883   8.883   0.18422140E+00   0.00000000E+00   0.00000000E+00
  20.900   8.900   0.18421528E+00   0.00000000E+00   0.00000000E+00
  20.917   8.917   0.18420933E+00   0.00000000E+00   0.00000000E+00
  20.933   8.933   0.18420354E+00   0.00000000E+00   0.00000000E+00
  20.950   8.950   0.18419792E+00   0.00000000E+00   0.00000000E+00
  20.967   8.967   0.18419247E+00   0.00000000E+00   0.00000000E+00
