        RT(hours)            [CiT]         P_R_28           P_R_29           tot_loss         tot_prod
   5.817   0.017   0.33999171E-07   0.67946234E-09   0.96733696E-09   0.00000000E+00   0.16467993E-08
   5.833   0.033   0.28379432E-06   0.26634216E-08   0.45649461E-08   0.00000000E+00   0.72283677E-08
   5.850   0.050   0.10109911E-05   0.59323637E-08   0.11578940E-07   0.00000000E+00   0.17511304E-07
   5.867   0.067   0.25095336E-05   0.10462750E-07   0.22392785E-07   0.00000000E+00   0.32855535E-07
   5.883   0.083   0.50838010E-05   0.16228281E-07   0.37092673E-07   0.00000000E+00   0.53320954E-07
   5.900   0.100   0.90345951E-05   0.23200731E-07   0.55607577E-07   0.00000000E+00   0.78808308E-07
   5.917   0.117   0.14652712E-04   0.31350350E-07   0.77813465E-07   0.00000000E+00   0.10916381E-06
   5.933   0.133   0.22217184E-04   0.40646000E-07   0.10358588E-06   0.00000000E+00   0.14423188E-06
   5.950   0.150   0.31995519E-04   0.51055195E-07   0.13281718E-06   0.00000000E+00   0.18387238E-06
   5.967   0.167   0.44244429E-04   0.62544126E-07   0.16541699E-06   0.00000000E+00   0.22796112E-06
   5.983   0.183   0.59210403E-04   0.75077713E-07   0.20130684E-06   0.00000000E+00   0.27638455E-06
   6.000   0.200   0.77129986E-04   0.88619685E-07   0.24041436E-06   0.00000000E+00   0.32903405E-06
   6.017   0.217   0.98229775E-04   0.10313269E-06   0.28266858E-06   0.00000000E+00   0.38580127E-06
   6.033   0.233   0.12272625E-03   0.11857841E-06   0.32799659E-06   0.00000000E+00   0.44657500E-06
   6.050   0.250   0.15082547E-03   0.13491774E-06   0.37632149E-06   0.00000000E+00   0.51123923E-06
   6.067   0.267   0.18272276E-03   0.15211088E-06   0.42756118E-06   0.00000000E+00   0.57967205E-06
   6.083   0.283   0.21860239E-03   0.17011755E-06   0.48162784E-06   0.00000000E+00   0.65174540E-06
   6.100   0.300   0.25863726E-03   0.18889713E-06   0.53842791E-06   0.00000000E+00   0.72732504E-06
   6.117   0.317   0.30298873E-03   0.20840879E-06   0.59786226E-06   0.00000000E+00   0.80627105E-06
   6.133   0.333   0.35180638E-03   0.22861167E-06   0.65982671E-06   0.00000000E+00   0.88843839E-06
   6.150   0.350   0.40522802E-03   0.24946504E-06   0.72421267E-06   0.00000000E+00   0.97367772E-06
   6.167   0.367   0.46337961E-03   0.27092842E-06   0.79090778E-06   0.00000000E+00   0.10618362E-05
   6.183   0.383   0.52637539E-03   0.29296171E-06   0.85979672E-06   0.00000000E+00   0.11527584E-05
   6.200   0.400   0.59431800E-03   0.31552536E-06   0.93076195E-06   0.00000000E+00   0.12462873E-05
   6.217   0.417   0.66729871E-03   0.33858043E-06   0.10036845E-05   0.00000000E+00   0.13422649E-05
   6.233   0.433   0.74539773E-03   0.36208873E-06   0.10784446E-05   0.00000000E+00   0.14405334E-05
   6.250   0.450   0.82868451E-03   0.38601293E-06   0.11549227E-05   0.00000000E+00   0.15409356E-05
   6.267   0.467   0.91721816E-03   0.41031661E-06   0.12329995E-05   0.00000000E+00   0.16433161E-05
   6.283   0.483   0.10110479E-02   0.43496434E-06   0.13125572E-05   0.00000000E+00   0.17475215E-05
   6.300   0.500   0.11102133E-02   0.45992177E-06   0.13934795E-05   0.00000000E+00   0.18534013E-05
   6.317   0.517   0.12147452E-02   0.48515568E-06   0.14756525E-05   0.00000000E+00   0.19608082E-05
   6.333   0.533   0.13246658E-02   0.51063397E-06   0.15589647E-05   0.00000000E+00   0.20695986E-05
   6.350   0.550   0.14399893E-02   0.53632578E-06   0.16433075E-05   0.00000000E+00   0.21796333E-05
   6.367   0.567   0.15607225E-02   0.56220144E-06   0.17285757E-05   0.00000000E+00   0.22907772E-05
   6.383   0.583   0.16868651E-02   0.58823251E-06   0.18146674E-05   0.00000000E+00   0.24029000E-05
   6.400   0.600   0.18184104E-02   0.61439182E-06   0.19014844E-05   0.00000000E+00   0.25158762E-05
   6.417   0.617   0.19553457E-02   0.64065340E-06   0.19889321E-05   0.00000000E+00   0.26295855E-05
   6.433   0.633   0.20976528E-02   0.66699255E-06   0.20769199E-05   0.00000000E+00   0.27439124E-05
   6.450   0.650   0.22453083E-02   0.69338577E-06   0.21653611E-05   0.00000000E+00   0.28587468E-05
   6.467   0.667   0.23982844E-02   0.71981078E-06   0.22541728E-05   0.00000000E+00   0.29739836E-05
   6.483   0.683   0.25565488E-02   0.74624648E-06   0.23432764E-05   0.00000000E+00   0.30895228E-05
   6.500   0.700   0.27200657E-02   0.77267291E-06   0.24325967E-05   0.00000000E+00   0.32052696E-05
   6.517   0.717   0.28887956E-02   0.79907126E-06   0.25220627E-05   0.00000000E+00   0.33211340E-05
   6.533   0.733   0.30626960E-02   0.82542382E-06   0.26116071E-05   0.00000000E+00   0.34370310E-05
   6.550   0.750   0.32417216E-02   0.85171392E-06   0.27011664E-05   0.00000000E+00   0.35528803E-05
   6.567   0.767   0.34258248E-02   0.87792594E-06   0.27906805E-05   0.00000000E+00   0.36686064E-05
   6.583   0.783   0.36149556E-02   0.90404523E-06   0.28800929E-05   0.00000000E+00   0.37841382E-05
   6.600   0.800   0.38090623E-02   0.93005812E-06   0.29693506E-05   0.00000000E+00   0.38994087E-05
   6.617   0.817   0.40080914E-02   0.95595183E-06   0.30584037E-05   0.00000000E+00   0.40143555E-05
   6.633   0.833   0.42119879E-02   0.98171447E-06   0.31472054E-05   0.00000000E+00   0.41289198E-05
   6.650   0.850   0.44206959E-02   0.10073350E-05   0.32357120E-05   0.00000000E+00   0.42430470E-05
   6.667   0.867   0.46341582E-02   0.10328031E-05   0.33238827E-05   0.00000000E+00   0.43566858E-05
   6.683   0.883   0.48523167E-02   0.10581094E-05   0.34116794E-05   0.00000000E+00   0.44697888E-05
   6.700   0.900   0.50751128E-02   0.10832450E-05   0.34990667E-05   0.00000000E+00   0.45823117E-05
   6.717   0.917   0.53024872E-02   0.11082019E-05   0.35860114E-05   0.00000000E+00   0.46942133E-05
   6.733   0.933   0.55343803E-02   0.11329727E-05   0.36724830E-05   0.00000000E+00   0.48054557E-05
   6.750   0.950   0.57707320E-02   0.11575506E-05   0.37584531E-05   0.00000000E+00   0.49160037E-05
   6.767   0.967   0.60114821E-02   0.11819293E-05   0.38438953E-05   0.00000000E+00   0.50258247E-05
   6.783   0.983   0.62565705E-02   0.12061033E-05   0.39287855E-05   0.00000000E+00   0.51348888E-05
   6.800   1.000   0.65059369E-02   0.12300673E-05   0.40131013E-05   0.00000000E+00   0.52431686E-05
   6.817   1.017   0.67595210E-02   0.12538168E-05   0.40968220E-05   0.00000000E+00   0.53506388E-05
   6.833   1.033   0.70172628E-02   0.12773476E-05   0.41799287E-05   0.00000000E+00   0.54572764E-05
   6.850   1.050   0.72791024E-02   0.13006560E-05   0.42624042E-05   0.00000000E+00   0.55630602E-05
   6.867   1.067   0.75449803E-02   0.13237387E-05   0.43442326E-05   0.00000000E+00   0.56679713E-05
   6.883   1.083   0.78148372E-02   0.13465928E-05   0.44253996E-05   0.00000000E+00   0.57719923E-05
   6.900   1.100   0.80886141E-02   0.13692156E-05   0.45058919E-05   0.00000000E+00   0.58751076E-05
   6.917   1.117   0.83662526E-02   0.13916051E-05   0.45856979E-05   0.00000000E+00   0.59773030E-05
   6.933   1.133   0.86476945E-02   0.14137594E-05   0.46648067E-05   0.00000000E+00   0.60785661E-05
   6.950   1.150   0.89328823E-02   0.14356768E-05   0.47432089E-05   0.00000000E+00   0.61788857E-05
   6.967   1.167   0.92217587E-02   0.14573561E-05   0.48208958E-05   0.00000000E+00   0.62782519E-05
   6.983   1.183   0.95142671E-02   0.14787963E-05   0.48978598E-05   0.00000000E+00   0.63766561E-05
   7.000   1.200   0.98103515E-02   0.14999966E-05   0.49740942E-05   0.00000000E+00   0.64740908E-05
   7.017   1.217   0.10109956E-01   0.15209565E-05   0.50495932E-05   0.00000000E+00   0.65705497E-05
   7.033   1.233   0.10413026E-01   0.15416756E-05   0.51243517E-05   0.00000000E+00   0.66660273E-05
   7.050   1.250   0.10719507E-01   0.15621538E-05   0.51983653E-05   0.00000000E+00   0.67605191E-05
   7.067   1.267   0.11029346E-01   0.15823912E-05   0.52716305E-05   0.00000000E+00   0.68540217E-05
   7.083   1.283   0.11342488E-01   0.16023881E-05   0.53441441E-05   0.00000000E+00   0.69465322E-05
   7.100   1.300   0.11658881E-01   0.16221448E-05   0.54159038E-05   0.00000000E+00   0.70380486E-05
   7.117   1.317   0.11978473E-01   0.16416619E-05   0.54869077E-05   0.00000000E+00   0.71285696E-05
   7.133   1.333   0.12301212E-01   0.16609402E-05   0.55571546E-05   0.00000000E+00   0.72180948E-05
   7.150   1.350   0.12627049E-01   0.16799804E-05   0.56266435E-05   0.00000000E+00   0.73066239E-05
   7.167   1.367   0.12955932E-01   0.16987836E-05   0.56953742E-05   0.00000000E+00   0.73941577E-05
   7.183   1.383   0.13287811E-01   0.17173507E-05   0.57633466E-05   0.00000000E+00   0.74806973E-05
   7.200   1.400   0.13622638E-01   0.17356831E-05   0.58305612E-05   0.00000000E+00   0.75662443E-05
   7.217   1.417   0.13960365E-01   0.17537819E-05   0.58970189E-05   0.00000000E+00   0.76508008E-05
   7.233   1.433   0.14300943E-01   0.17716485E-05   0.59627207E-05   0.00000000E+00   0.77343692E-05
   7.250   1.450   0.14644324E-01   0.17892844E-05   0.60276683E-05   0.00000000E+00   0.78169526E-05
   7.267   1.467   0.14990463E-01   0.18066910E-05   0.60918633E-05   0.00000000E+00   0.78985543E-05
   7.283   1.483   0.15339313E-01   0.18238700E-05   0.61553078E-05   0.00000000E+00   0.79791778E-05
   7.300   1.500   0.15690829E-01   0.18408231E-05   0.62180042E-05   0.00000000E+00   0.80588272E-05
   7.317   1.517   0.16044965E-01   0.18575518E-05   0.62799549E-05   0.00000000E+00   0.81375067E-05
   7.333   1.533   0.16401678E-01   0.18740581E-05   0.63411628E-05   0.00000000E+00   0.82152209E-05
   7.350   1.550   0.16760923E-01   0.18903436E-05   0.64016309E-05   0.00000000E+00   0.82919745E-05
   7.367   1.567   0.17122657E-01   0.19064103E-05   0.64613622E-05   0.00000000E+00   0.83677726E-05
   7.383   1.583   0.17486838E-01   0.19222601E-05   0.65203603E-05   0.00000000E+00   0.84426203E-05
   7.400   1.600   0.17853422E-01   0.19378948E-05   0.65786285E-05   0.00000000E+00   0.85165233E-05
   7.417   1.617   0.18222370E-01   0.19533164E-05   0.66361706E-05   0.00000000E+00   0.85894869E-05
   7.433   1.633   0.18593638E-01   0.19685269E-05   0.66929903E-05   0.00000000E+00   0.86615172E-05
   7.450   1.650   0.18967188E-01   0.19835283E-05   0.67490916E-05   0.00000000E+00   0.87326198E-05
   7.467   1.667   0.19342978E-01   0.19983226E-05   0.68044785E-05   0.00000000E+00   0.88028011E-05
   7.483   1.683   0.19720969E-01   0.20129119E-05   0.68591552E-05   0.00000000E+00   0.88720671E-05
   7.500   1.700   0.20101123E-01   0.20272982E-05   0.69131260E-05   0.00000000E+00   0.89404242E-05
   7.517   1.717   0.20483400E-01   0.20414836E-05   0.69663951E-05   0.00000000E+00   0.90078787E-05
   7.533   1.733   0.20867763E-01   0.20554702E-05   0.70189671E-05   0.00000000E+00   0.90744373E-05
   7.550   1.750   0.21254174E-01   0.20692601E-05   0.70708464E-05   0.00000000E+00   0.91401064E-05
   7.567   1.767   0.21642596E-01   0.20828553E-05   0.71220375E-05   0.00000000E+00   0.92048929E-05
   7.583   1.783   0.22032992E-01   0.20962580E-05   0.71725453E-05   0.00000000E+00   0.92688033E-05
   7.600   1.800   0.22425326E-01   0.21094702E-05   0.72223743E-05   0.00000000E+00   0.93318445E-05
   7.617   1.817   0.22819563E-01   0.21224941E-05   0.72715292E-05   0.00000000E+00   0.93940233E-05
   7.633   1.833   0.23215668E-01   0.21353318E-05   0.73200149E-05   0.00000000E+00   0.94553467E-05
   7.650   1.850   0.23613605E-01   0.21479853E-05   0.73678363E-05   0.00000000E+00   0.95158216E-05
   7.667   1.867   0.24013340E-01   0.21604568E-05   0.74149981E-05   0.00000000E+00   0.95754548E-05
   7.683   1.883   0.24414840E-01   0.21727483E-05   0.74615052E-05   0.00000000E+00   0.96342535E-05
   7.700   1.900   0.24818071E-01   0.21848619E-05   0.75073627E-05   0.00000000E+00   0.96922246E-05
   7.717   1.917   0.25223000E-01   0.21967997E-05   0.75525754E-05   0.00000000E+00   0.97493750E-05
   7.733   1.933   0.25629595E-01   0.22085637E-05   0.75971482E-05   0.00000000E+00   0.98057120E-05
   7.750   1.950   0.26037823E-01   0.22201561E-05   0.76410863E-05   0.00000000E+00   0.98612424E-05
   7.767   1.967   0.26447653E-01   0.22315788E-05   0.76843945E-05   0.00000000E+00   0.99159733E-05
   7.783   1.983   0.26859053E-01   0.22428339E-05   0.77270779E-05   0.00000000E+00   0.99699118E-05
   7.800   2.000   0.27271992E-01   0.22539234E-05   0.77691415E-05   0.00000000E+00   0.10023065E-04
   7.817   2.017   0.27686441E-01   0.22648493E-05   0.78105903E-05   0.00000000E+00   0.10075440E-04
   7.833   2.033   0.28102368E-01   0.22756137E-05   0.78514293E-05   0.00000000E+00   0.10127043E-04
   7.850   2.050   0.28519744E-01   0.22862184E-05   0.78916635E-05   0.00000000E+00   0.10177882E-04
   7.867   2.067   0.28938541E-01   0.22966654E-05   0.79312980E-05   0.00000000E+00   0.10227963E-04
   7.883   2.083   0.29358728E-01   0.23069568E-05   0.79703376E-05   0.00000000E+00   0.10277294E-04
   7.900   2.100   0.29780277E-01   0.23170944E-05   0.80087876E-05   0.00000000E+00   0.10325882E-04
   7.917   2.117   0.30203160E-01   0.23270801E-05   0.80466527E-05   0.00000000E+00   0.10373733E-04
   7.933   2.133   0.30627349E-01   0.23369159E-05   0.80839381E-05   0.00000000E+00   0.10420854E-04
   7.950   2.150   0.31052817E-01   0.23466037E-05   0.81206486E-05   0.00000000E+00   0.10467252E-04
   7.967   2.167   0.31479537E-01   0.23561452E-05   0.81567892E-05   0.00000000E+00   0.10512934E-04
   7.983   2.183   0.31907481E-01   0.23655425E-05   0.81923648E-05   0.00000000E+00   0.10557907E-04
   8.000   2.200   0.32336623E-01   0.23747972E-05   0.82273805E-05   0.00000000E+00   0.10602178E-04
   8.017   2.217   0.32766938E-01   0.23839112E-05   0.82618410E-05   0.00000000E+00   0.10645752E-04
   8.033   2.233   0.33198399E-01   0.23928863E-05   0.82957512E-05   0.00000000E+00   0.10688638E-04
   8.050   2.250   0.33630981E-01   0.24017243E-05   0.83291160E-05   0.00000000E+00   0.10730840E-04
   8.067   2.267   0.34064658E-01   0.24104270E-05   0.83619403E-05   0.00000000E+00   0.10772367E-04
   8.083   2.283   0.34499407E-01   0.24189961E-05   0.83942288E-05   0.00000000E+00   0.10813225E-04
   8.100   2.300   0.34935203E-01   0.24274332E-05   0.84259864E-05   0.00000000E+00   0.10853420E-04
   8.117   2.317   0.35372021E-01   0.24357402E-05   0.84572178E-05   0.00000000E+00   0.10892958E-04
   8.133   2.333   0.35809837E-01   0.24439187E-05   0.84879277E-05   0.00000000E+00   0.10931846E-04
   8.150   2.350   0.36248629E-01   0.24519704E-05   0.85181209E-05   0.00000000E+00   0.10970091E-04
   8.167   2.367   0.36688373E-01   0.24598969E-05   0.85478020E-05   0.00000000E+00   0.11007699E-04
   8.183   2.383   0.37129046E-01   0.24676998E-05   0.85769758E-05   0.00000000E+00   0.11044676E-04
   8.200   2.400   0.37570626E-01   0.24753809E-05   0.86056468E-05   0.00000000E+00   0.11081028E-04
   8.217   2.417   0.38013089E-01   0.24829415E-05   0.86338197E-05   0.00000000E+00   0.11116761E-04
   8.233   2.433   0.38456415E-01   0.24903835E-05   0.86614990E-05   0.00000000E+00   0.11151882E-04
   8.250   2.450   0.38900581E-01   0.24977082E-05   0.86886892E-05   0.00000000E+00   0.11186397E-04
   8.267   2.467   0.39345566E-01   0.25049172E-05   0.87153950E-05   0.00000000E+00   0.11220312E-04
   8.283   2.483   0.39791349E-01   0.25120120E-05   0.87416207E-05   0.00000000E+00   0.11253633E-04
   8.300   2.500   0.40237908E-01   0.25189943E-05   0.87673708E-05   0.00000000E+00   0.11286365E-04
   8.317   2.517   0.40685224E-01   0.25258653E-05   0.87926498E-05   0.00000000E+00   0.11318515E-04
   8.333   2.533   0.41133276E-01   0.25326266E-05   0.88174620E-05   0.00000000E+00   0.11350089E-04
   8.350   2.550   0.41582044E-01   0.25392796E-05   0.88418119E-05   0.00000000E+00   0.11381091E-04
   8.367   2.567   0.42031507E-01   0.25458258E-05   0.88657036E-05   0.00000000E+00   0.11411529E-04
   8.383   2.583   0.42481647E-01   0.25522665E-05   0.88891416E-05   0.00000000E+00   0.11441408E-04
   8.400   2.600   0.42932444E-01   0.25586032E-05   0.89121300E-05   0.00000000E+00   0.11470733E-04
   8.417   2.617   0.43383879E-01   0.25648372E-05   0.89346732E-05   0.00000000E+00   0.11499510E-04
   8.433   2.633   0.43835934E-01   0.25709699E-05   0.89567752E-05   0.00000000E+00   0.11527745E-04
   8.450   2.650   0.44288589E-01   0.25770026E-05   0.89784403E-05   0.00000000E+00   0.11555443E-04
   8.467   2.667   0.44741826E-01   0.25829366E-05   0.89996726E-05   0.00000000E+00   0.11582609E-04
   8.483   2.683   0.45195628E-01   0.25887732E-05   0.90204762E-05   0.00000000E+00   0.11609249E-04
   8.500   2.700   0.45649976E-01   0.25945137E-05   0.90408551E-05   0.00000000E+00   0.11635369E-04
   8.517   2.717   0.46104853E-01   0.26001594E-05   0.90608133E-05   0.00000000E+00   0.11660973E-04
   8.533   2.733   0.46560242E-01   0.26057115E-05   0.90803550E-05   0.00000000E+00   0.11686066E-04
   8.550   2.750   0.47016125E-01   0.26111712E-05   0.90994839E-05   0.00000000E+00   0.11710655E-04
   8.567   2.767   0.47472485E-01   0.26165398E-05   0.91182041E-05   0.00000000E+00   0.11734744E-04
   8.583   2.783   0.47929306E-01   0.26218185E-05   0.91365195E-05   0.00000000E+00   0.11758338E-04
   8.600   2.800   0.48386571E-01   0.26270083E-05   0.91544338E-05   0.00000000E+00   0.11781442E-04
   8.617   2.817   0.48844264E-01   0.26321106E-05   0.91719509E-05   0.00000000E+00   0.11804062E-04
   8.633   2.833   0.49302369E-01   0.26371265E-05   0.91890746E-05   0.00000000E+00   0.11826201E-04
   8.650   2.850   0.49760870E-01   0.26420570E-05   0.92058087E-05   0.00000000E+00   0.11847866E-04
   8.667   2.867   0.50219751E-01   0.26469033E-05   0.92221568E-05   0.00000000E+00   0.11869060E-04
   8.683   2.883   0.50678998E-01   0.26516665E-05   0.92381227E-05   0.00000000E+00   0.11889789E-04
   8.700   2.900   0.51138594E-01   0.26563476E-05   0.92537100E-05   0.00000000E+00   0.11910058E-04
   8.717   2.917   0.51598524E-01   0.26609479E-05   0.92689223E-05   0.00000000E+00   0.11929870E-04
   8.733   2.933   0.52058775E-01   0.26654682E-05   0.92837632E-05   0.00000000E+00   0.11949231E-04
   8.750   2.950   0.52519331E-01   0.26699096E-05   0.92982363E-05   0.00000000E+00   0.11968146E-04
   8.767   2.967   0.52980178E-01   0.26742732E-05   0.93123450E-05   0.00000000E+00   0.11986618E-04
   8.783   2.983   0.53441301E-01   0.26785600E-05   0.93260929E-05   0.00000000E+00   0.12004653E-04
   8.800   3.000   0.53902687E-01   0.26827710E-05   0.93394834E-05   0.00000000E+00   0.12022254E-04
   8.817   3.017   0.54364322E-01   0.26869070E-05   0.93525199E-05   0.00000000E+00   0.12039427E-04
   8.833   3.033   0.54826191E-01   0.26909692E-05   0.93652057E-05   0.00000000E+00   0.12056175E-04
   8.850   3.050   0.55288282E-01   0.26949585E-05   0.93775443E-05   0.00000000E+00   0.12072503E-04
   8.867   3.067   0.55750581E-01   0.26988757E-05   0.93895390E-05   0.00000000E+00   0.12088415E-04
   8.883   3.083   0.56213075E-01   0.27027218E-05   0.94011930E-05   0.00000000E+00   0.12103915E-04
   8.900   3.100   0.56675750E-01   0.27064978E-05   0.94125095E-05   0.00000000E+00   0.12119007E-04
   8.917   3.117   0.57138595E-01   0.27102045E-05   0.94234919E-05   0.00000000E+00   0.12133696E-04
   8.933   3.133   0.57601596E-01   0.27138427E-05   0.94341433E-05   0.00000000E+00   0.12147986E-04
   8.950   3.150   0.58064741E-01   0.27174135E-05   0.94444667E-05   0.00000000E+00   0.12161880E-04
   8.967   3.167   0.58528018E-01   0.27209176E-05   0.94544655E-05   0.00000000E+00   0.12175383E-04
   8.983   3.183   0.58991414E-01   0.27243558E-05   0.94641425E-05   0.00000000E+00   0.12188498E-04
   9.000   3.200   0.59454918E-01   0.27277290E-05   0.94735010E-05   0.00000000E+00   0.12201230E-04
   9.017   3.217   0.59918517E-01   0.27310380E-05   0.94825439E-05   0.00000000E+00   0.12213582E-04
   9.033   3.233   0.60382200E-01   0.27342837E-05   0.94912741E-05   0.00000000E+00   0.12225558E-04
   9.050   3.250   0.60845955E-01   0.27374667E-05   0.94996948E-05   0.00000000E+00   0.12237162E-04
   9.067   3.267   0.61309771E-01   0.27405880E-05   0.95078087E-05   0.00000000E+00   0.12248397E-04
   9.083   3.283   0.61773637E-01   0.27436482E-05   0.95156188E-05   0.00000000E+00   0.12259267E-04
   9.100   3.300   0.62237541E-01   0.27466481E-05   0.95231280E-05   0.00000000E+00   0.12269776E-04
   9.117   3.317   0.62701473E-01   0.27495885E-05   0.95303391E-05   0.00000000E+00   0.12279928E-04
   9.133   3.333   0.63165422E-01   0.27524700E-05   0.95372549E-05   0.00000000E+00   0.12289725E-04
   9.150   3.350   0.63629377E-01   0.27552935E-05   0.95438781E-05   0.00000000E+00   0.12299172E-04
   9.167   3.367   0.64093328E-01   0.27580596E-05   0.95502116E-05   0.00000000E+00   0.12308271E-04
   9.183   3.383   0.64557263E-01   0.27607690E-05   0.95562580E-05   0.00000000E+00   0.12317027E-04
   9.200   3.400   0.65021174E-01   0.27634224E-05   0.95620200E-05   0.00000000E+00   0.12325442E-04
   9.217   3.417   0.65485049E-01   0.27660206E-05   0.95675004E-05   0.00000000E+00   0.12333521E-04
   9.233   3.433   0.65948879E-01   0.27685640E-05   0.95727016E-05   0.00000000E+00   0.12341266E-04
   9.250   3.450   0.66412654E-01   0.27710535E-05   0.95776263E-05   0.00000000E+00   0.12348680E-04
   9.267   3.467   0.66876364E-01   0.27734896E-05   0.95822772E-05   0.00000000E+00   0.12355767E-04
   9.283   3.483   0.67339999E-01   0.27758731E-05   0.95866566E-05   0.00000000E+00   0.12362530E-04
   9.300   3.500   0.67803551E-01   0.27782044E-05   0.95907672E-05   0.00000000E+00   0.12368972E-04
   9.317   3.517   0.68267009E-01   0.27804843E-05   0.95946114E-05   0.00000000E+00   0.12375096E-04
   9.333   3.533   0.68730364E-01   0.27827134E-05   0.95981917E-05   0.00000000E+00   0.12380905E-04
   9.350   3.550   0.69193608E-01   0.27848921E-05   0.96015105E-05   0.00000000E+00   0.12386403E-04
   9.367   3.567   0.69656730E-01   0.27870212E-05   0.96045702E-05   0.00000000E+00   0.12391591E-04
   9.383   3.583   0.70119723E-01   0.27891013E-05   0.96073732E-05   0.00000000E+00   0.12396475E-04
   9.400   3.600   0.70582577E-01   0.27911327E-05   0.96099219E-05   0.00000000E+00   0.12401055E-04
   9.417   3.617   0.71045284E-01   0.27931163E-05   0.96122185E-05   0.00000000E+00   0.12405335E-04
   9.433   3.633   0.71507836E-01   0.27950524E-05   0.96142654E-05   0.00000000E+00   0.12409318E-04
   9.450   3.650   0.71970222E-01   0.27969416E-05   0.96160648E-05   0.00000000E+00   0.12413006E-04
   9.467   3.667   0.72432436E-01   0.27987845E-05   0.96176190E-05   0.00000000E+00   0.12416404E-04
   9.483   3.683   0.72894469E-01   0.28005816E-05   0.96189302E-05   0.00000000E+00   0.12419512E-04
   9.500   3.700   0.73356313E-01   0.28023333E-05   0.96200006E-05   0.00000000E+00   0.12422334E-04
   9.517   3.717   0.73817960E-01   0.28040403E-05   0.96208323E-05   0.00000000E+00   0.12424873E-04
   9.533   3.733   0.74279401E-01   0.28057030E-05   0.96214275E-05   0.00000000E+00   0.12427131E-04
   9.550   3.750   0.74740630E-01   0.28073219E-05   0.96217884E-05   0.00000000E+00   0.12429110E-04
   9.567   3.767   0.75201637E-01   0.28088975E-05   0.96219169E-05   0.00000000E+00   0.12430814E-04
   9.583   3.783   0.75662416E-01   0.28104302E-05   0.96218153E-05   0.00000000E+00   0.12432246E-04
   9.600   3.800   0.76122959E-01   0.28119206E-05   0.96214855E-05   0.00000000E+00   0.12433406E-04
   9.617   3.817   0.76583258E-01   0.28133690E-05   0.96209295E-05   0.00000000E+00   0.12434298E-04
   9.633   3.833   0.77043307E-01   0.28147760E-05   0.96201494E-05   0.00000000E+00   0.12434925E-04
   9.650   3.850   0.77503097E-01   0.28161420E-05   0.96191470E-05   0.00000000E+00   0.12435289E-04
   9.667   3.867   0.77962621E-01   0.28174673E-05   0.96179245E-05   0.00000000E+00   0.12435392E-04
   9.683   3.883   0.78421873E-01   0.28187526E-05   0.96164837E-05   0.00000000E+00   0.12435236E-04
   9.700   3.900   0.78880845E-01   0.28199981E-05   0.96148265E-05   0.00000000E+00   0.12434825E-04
   9.717   3.917   0.79339531E-01   0.28212043E-05   0.96129547E-05   0.00000000E+00   0.12434159E-04
   9.733   3.933   0.79797923E-01   0.28223716E-05   0.96108704E-05   0.00000000E+00   0.12433242E-04
   9.750   3.950   0.80256014E-01   0.28235004E-05   0.96085752E-05   0.00000000E+00   0.12432076E-04
   9.767   3.967   0.80713799E-01   0.28245912E-05   0.96060710E-05   0.00000000E+00   0.12430662E-04
   9.783   3.983   0.81171270E-01   0.28256442E-05   0.96033597E-05   0.00000000E+00   0.12429004E-04
   9.800   4.000   0.81628420E-01   0.28266599E-05   0.96004429E-05   0.00000000E+00   0.12427103E-04
   9.817   4.017   0.82085244E-01   0.28276386E-05   0.95973225E-05   0.00000000E+00   0.12424961E-04
   9.833   4.033   0.82541734E-01   0.28285808E-05   0.95940001E-05   0.00000000E+00   0.12422581E-04
   9.850   4.050   0.82997885E-01   0.28294868E-05   0.95904776E-05   0.00000000E+00   0.12419964E-04
   9.867   4.067   0.83453691E-01   0.28303569E-05   0.95867565E-05   0.00000000E+00   0.12417113E-04
   9.883   4.083   0.83909144E-01   0.28311915E-05   0.95828385E-05   0.00000000E+00   0.12414030E-04
   9.900   4.100   0.84364239E-01   0.28319909E-05   0.95787254E-05   0.00000000E+00   0.12410716E-04
   9.917   4.117   0.84818970E-01   0.28327556E-05   0.95744187E-05   0.00000000E+00   0.12407174E-04
   9.933   4.133   0.85273331E-01   0.28334858E-05   0.95699200E-05   0.00000000E+00   0.12403406E-04
   9.950   4.150   0.85727316E-01   0.28341818E-05   0.95652310E-05   0.00000000E+00   0.12399413E-04
   9.967   4.167   0.86180919E-01   0.28348441E-05   0.95603532E-05   0.00000000E+00   0.12395197E-04
   9.983   4.183   0.86634134E-01   0.28354728E-05   0.95552882E-05   0.00000000E+00   0.12390761E-04
  10.000   4.200   0.87086956E-01   0.28360683E-05   0.95500375E-05   0.00000000E+00   0.12386106E-04
  10.017   4.217   0.87539379E-01   0.28366310E-05   0.95446027E-05   0.00000000E+00   0.12381234E-04
  10.033   4.233   0.87991398E-01   0.28371611E-05   0.95389851E-05   0.00000000E+00   0.12376146E-04
  10.050   4.250   0.88443006E-01   0.28376589E-05   0.95331864E-05   0.00000000E+00   0.12370845E-04
  10.067   4.267   0.88894198E-01   0.28381247E-05   0.95272079E-05   0.00000000E+00   0.12365333E-04
  10.083   4.283   0.89344970E-01   0.28385589E-05   0.95210512E-05   0.00000000E+00   0.12359610E-04
  10.100   4.300   0.89795315E-01   0.28389616E-05   0.95147177E-05   0.00000000E+00   0.12353679E-04
  10.117   4.317   0.90245228E-01   0.28393332E-05   0.95082087E-05   0.00000000E+00   0.12347542E-04
  10.133   4.333   0.90694705E-01   0.28396740E-05   0.95015257E-05   0.00000000E+00   0.12341200E-04
  10.150   4.350   0.91143739E-01   0.28399841E-05   0.94946700E-05   0.00000000E+00   0.12334654E-04
  10.167   4.367   0.91592326E-01   0.28402640E-05   0.94876430E-05   0.00000000E+00   0.12327907E-04
  10.183   4.383   0.92040461E-01   0.28405138E-05   0.94804461E-05   0.00000000E+00   0.12320960E-04
  10.200   4.400   0.92488138E-01   0.28407338E-05   0.94730806E-05   0.00000000E+00   0.12313814E-04
  10.217   4.417   0.92935353E-01   0.28409242E-05   0.94655477E-05   0.00000000E+00   0.12306472E-04
  10.233   4.433   0.93382101E-01   0.28410854E-05   0.94578489E-05   0.00000000E+00   0.12298934E-04
  10.250   4.450   0.93828377E-01   0.28412175E-05   0.94499854E-05   0.00000000E+00   0.12291203E-04
  10.267   4.467   0.94274176E-01   0.28413208E-05   0.94419583E-05   0.00000000E+00   0.12283279E-04
  10.283   4.483   0.94719493E-01   0.28413955E-05   0.94337691E-05   0.00000000E+00   0.12275165E-04
  10.300   4.500   0.95164324E-01   0.28414418E-05   0.94254190E-05   0.00000000E+00   0.12266861E-04
  10.317   4.517   0.95608664E-01   0.28414601E-05   0.94169091E-05   0.00000000E+00   0.12258369E-04
  10.333   4.533   0.96052508E-01   0.28414504E-05   0.94082406E-05   0.00000000E+00   0.12249691E-04
  10.350   4.550   0.96495852E-01   0.28414131E-05   0.93994148E-05   0.00000000E+00   0.12240828E-04
  10.367   4.567   0.96938691E-01   0.28413483E-05   0.93904329E-05   0.00000000E+00   0.12231781E-04
  10.383   4.583   0.97381021E-01   0.28412562E-05   0.93812960E-05   0.00000000E+00   0.12222552E-04
  10.400   4.600   0.97822837E-01   0.28411372E-05   0.93720052E-05   0.00000000E+00   0.12213142E-04
  10.417   4.617   0.98264135E-01   0.28409913E-05   0.93625617E-05   0.00000000E+00   0.12203553E-04
  10.433   4.633   0.98704910E-01   0.28408188E-05   0.93529666E-05   0.00000000E+00   0.12193785E-04
  10.450   4.650   0.99145159E-01   0.28406198E-05   0.93432210E-05   0.00000000E+00   0.12183841E-04
  10.467   4.667   0.99584876E-01   0.28403947E-05   0.93333261E-05   0.00000000E+00   0.12173721E-04
  10.483   4.683   0.10002406E+00   0.28401435E-05   0.93232829E-05   0.00000000E+00   0.12163426E-04
  10.500   4.700   0.10046270E+00   0.28398664E-05   0.93130924E-05   0.00000000E+00   0.12152959E-04
  10.517   4.717   0.10090080E+00   0.28395637E-05   0.93027558E-05   0.00000000E+00   0.12142319E-04
  10.533   4.733   0.10133835E+00   0.28392355E-05   0.92922740E-05   0.00000000E+00   0.12131510E-04
  10.550   4.750   0.10177535E+00   0.28388821E-05   0.92816482E-05   0.00000000E+00   0.12120530E-04
  10.567   4.767   0.10221179E+00   0.28385035E-05   0.92708793E-05   0.00000000E+00   0.12109383E-04
  10.583   4.783   0.10264768E+00   0.28381000E-05   0.92599683E-05   0.00000000E+00   0.12098068E-04
  10.600   4.800   0.10308300E+00   0.28376717E-05   0.92489163E-05   0.00000000E+00   0.12086588E-04
  10.617   4.817   0.10351775E+00   0.28372188E-05   0.92377242E-05   0.00000000E+00   0.12074943E-04
  10.633   4.833   0.10395193E+00   0.28367415E-05   0.92263930E-05   0.00000000E+00   0.12063134E-04
  10.650   4.850   0.10438553E+00   0.28362399E-05   0.92149236E-05   0.00000000E+00   0.12051164E-04
  10.667   4.867   0.10481855E+00   0.28357142E-05   0.92033171E-05   0.00000000E+00   0.12039031E-04
  10.683   4.883   0.10525100E+00   0.28351645E-05   0.91915743E-05   0.00000000E+00   0.12026739E-04
  10.700   4.900   0.10568285E+00   0.28345911E-05   0.91796962E-05   0.00000000E+00   0.12014287E-04
  10.717   4.917   0.10611411E+00   0.28339940E-05   0.91676836E-05   0.00000000E+00   0.12001678E-04
  10.733   4.933   0.10654478E+00   0.28333734E-05   0.91555376E-05   0.00000000E+00   0.11988911E-04
  10.750   4.950   0.10697485E+00   0.28327295E-05   0.91432589E-05   0.00000000E+00   0.11975988E-04
  10.767   4.967   0.10740432E+00   0.28320624E-05   0.91308485E-05   0.00000000E+00   0.11962911E-04
  10.783   4.983   0.10783318E+00   0.28313723E-05   0.91183073E-05   0.00000000E+00   0.11949680E-04
  10.800   5.000   0.10826144E+00   0.28306592E-05   0.91056361E-05   0.00000000E+00   0.11936295E-04
  10.817   5.017   0.10868908E+00   0.28299234E-05   0.90928358E-05   0.00000000E+00   0.11922759E-04
  10.833   5.033   0.10911611E+00   0.28291649E-05   0.90799072E-05   0.00000000E+00   0.11909072E-04
  10.850   5.050   0.10954251E+00   0.28283840E-05   0.90668511E-05   0.00000000E+00   0.11895235E-04
  10.867   5.067   0.10996829E+00   0.28275806E-05   0.90536684E-05   0.00000000E+00   0.11881249E-04
  10.883   5.083   0.11039345E+00   0.28267551E-05   0.90403599E-05   0.00000000E+00   0.11867115E-04
  10.900   5.100   0.11081798E+00   0.28259074E-05   0.90269264E-05   0.00000000E+00   0.11852834E-04
  10.917   5.117   0.11124187E+00   0.28250378E-05   0.90133687E-05   0.00000000E+00   0.11838406E-04
  10.933   5.133   0.11166513E+00   0.28241463E-05   0.89996876E-05   0.00000000E+00   0.11823834E-04
  10.950   5.150   0.11208774E+00   0.28232330E-05   0.89858838E-05   0.00000000E+00   0.11809117E-04
  10.967   5.167   0.11250971E+00   0.28222982E-05   0.89719582E-05   0.00000000E+00   0.11794256E-04
  10.983   5.183   0.11293104E+00   0.28213418E-05   0.89579114E-05   0.00000000E+00   0.11779253E-04
  11.000   5.200   0.11335171E+00   0.28203641E-05   0.89437443E-05   0.00000000E+00   0.11764108E-04
  11.017   5.217   0.11377174E+00   0.28193651E-05   0.89294576E-05   0.00000000E+00   0.11748823E-04
  11.033   5.233   0.11419110E+00   0.28183450E-05   0.89150520E-05   0.00000000E+00   0.11733397E-04
  11.050   5.250   0.11460981E+00   0.28173039E-05   0.89005283E-05   0.00000000E+00   0.11717832E-04
  11.067   5.267   0.11502785E+00   0.28162418E-05   0.88858871E-05   0.00000000E+00   0.11702129E-04
  11.083   5.283   0.11544523E+00   0.28151589E-05   0.88711293E-05   0.00000000E+00   0.11686288E-04
  11.100   5.300   0.11586194E+00   0.28140553E-05   0.88562554E-05   0.00000000E+00   0.11670311E-04
  11.117   5.317   0.11627797E+00   0.28129310E-05   0.88412661E-05   0.00000000E+00   0.11654197E-04
  11.133   5.333   0.11669334E+00   0.28117863E-05   0.88261623E-05   0.00000000E+00   0.11637949E-04
  11.150   5.350   0.11710802E+00   0.28106212E-05   0.88109445E-05   0.00000000E+00   0.11621566E-04
  11.167   5.367   0.11752202E+00   0.28094358E-05   0.87956134E-05   0.00000000E+00   0.11605049E-04
  11.183   5.383   0.11793533E+00   0.28082302E-05   0.87801697E-05   0.00000000E+00   0.11588400E-04
  11.200   5.400   0.11834796E+00   0.28070044E-05   0.87646141E-05   0.00000000E+00   0.11571619E-04
  11.217   5.417   0.11875990E+00   0.28057587E-05   0.87489471E-05   0.00000000E+00   0.11554706E-04
  11.233   5.433   0.11917115E+00   0.28044931E-05   0.87331695E-05   0.00000000E+00   0.11537663E-04
  11.250   5.450   0.11958169E+00   0.28032076E-05   0.87172818E-05   0.00000000E+00   0.11520489E-04
  11.267   5.467   0.11999154E+00   0.28019024E-05   0.87012848E-05   0.00000000E+00   0.11503187E-04
  11.283   5.483   0.12040069E+00   0.28005776E-05   0.86851790E-05   0.00000000E+00   0.11485757E-04
  11.300   5.500   0.12080913E+00   0.27992332E-05   0.86689650E-05   0.00000000E+00   0.11468198E-04
  11.317   5.517   0.12121686E+00   0.27978694E-05   0.86526435E-05   0.00000000E+00   0.11450513E-04
  11.333   5.533   0.12162389E+00   0.27964861E-05   0.86362150E-05   0.00000000E+00   0.11432701E-04
  11.350   5.550   0.12203020E+00   0.27950837E-05   0.86196801E-05   0.00000000E+00   0.11414764E-04
  11.367   5.567   0.12243579E+00   0.27936620E-05   0.86030396E-05   0.00000000E+00   0.11396702E-04
  11.383   5.583   0.12284066E+00   0.27922211E-05   0.85862938E-05   0.00000000E+00   0.11378515E-04
  11.400   5.600   0.12324481E+00   0.27907613E-05   0.85694434E-05   0.00000000E+00   0.11360205E-04
  11.417   5.617   0.12364824E+00   0.27892825E-05   0.85524890E-05   0.00000000E+00   0.11341771E-04
  11.433   5.633   0.12405093E+00   0.27877848E-05   0.85354311E-05   0.00000000E+00   0.11323216E-04
  11.450   5.650   0.12445290E+00   0.27862683E-05   0.85182704E-05   0.00000000E+00   0.11304539E-04
  11.467   5.667   0.12485413E+00   0.27847331E-05   0.85010073E-05   0.00000000E+00   0.11285740E-04
  11.483   5.683   0.12525463E+00   0.27831793E-05   0.84836424E-05   0.00000000E+00   0.11266822E-04
  11.500   5.700   0.12565439E+00   0.27816069E-05   0.84661762E-05   0.00000000E+00   0.11247783E-04
  11.517   5.717   0.12605341E+00   0.27800160E-05   0.84486093E-05   0.00000000E+00   0.11228625E-04
  11.533   5.733   0.12645168E+00   0.27784067E-05   0.84309422E-05   0.00000000E+00   0.11209349E-04
  11.550   5.750   0.12684921E+00   0.27767790E-05   0.84131755E-05   0.00000000E+00   0.11189954E-04
  11.567   5.767   0.12724598E+00   0.27751331E-05   0.83953096E-05   0.00000000E+00   0.11170443E-04
  11.583   5.783   0.12764201E+00   0.27734689E-05   0.83773451E-05   0.00000000E+00   0.11150814E-04
  11.600   5.800   0.12803728E+00   0.27717867E-05   0.83592825E-05   0.00000000E+00   0.11131069E-04
  11.617   5.817   0.12843179E+00   0.27700863E-05   0.83411223E-05   0.00000000E+00   0.11111209E-04
  11.633   5.833   0.12882555E+00   0.27683680E-05   0.83228649E-05   0.00000000E+00   0.11091233E-04
  11.650   5.850   0.12921854E+00   0.27666317E-05   0.83045110E-05   0.00000000E+00   0.11071143E-04
  11.667   5.867   0.12961077E+00   0.27648776E-05   0.82860609E-05   0.00000000E+00   0.11050939E-04
  11.683   5.883   0.13000222E+00   0.27631057E-05   0.82675152E-05   0.00000000E+00   0.11030621E-04
  11.700   5.900   0.13039291E+00   0.27613161E-05   0.82488744E-05   0.00000000E+00   0.11010190E-04
  11.717   5.917   0.13078283E+00   0.27595088E-05   0.82301389E-05   0.00000000E+00   0.10989648E-04
  11.733   5.933   0.13117197E+00   0.27576839E-05   0.82113091E-05   0.00000000E+00   0.10968993E-04
  11.750   5.950   0.13156033E+00   0.27558415E-05   0.81923857E-05   0.00000000E+00   0.10948227E-04
  11.767   5.967   0.13194792E+00   0.27539816E-05   0.81733690E-05   0.00000000E+00   0.10927351E-04
  11.783   5.983   0.13233472E+00   0.27521042E-05   0.81542594E-05   0.00000000E+00   0.10906364E-04
  11.800   6.000   0.13272073E+00   0.27502096E-05   0.81350575E-05   0.00000000E+00   0.10885267E-04
  11.817   6.017   0.13310596E+00   0.27482976E-05   0.81157637E-05   0.00000000E+00   0.10864061E-04
  11.833   6.033   0.13349040E+00   0.27463684E-05   0.80963785E-05   0.00000000E+00   0.10842747E-04
  11.850   6.050   0.13387404E+00   0.27444220E-05   0.80769022E-05   0.00000000E+00   0.10821324E-04
  11.867   6.067   0.13425689E+00   0.27424585E-05   0.80573354E-05   0.00000000E+00   0.10799794E-04
  11.883   6.083   0.13463895E+00   0.27404780E-05   0.80376784E-05   0.00000000E+00   0.10778156E-04
  11.900   6.100   0.13502020E+00   0.27384804E-05   0.80179318E-05   0.00000000E+00   0.10756412E-04
  11.917   6.117   0.13540065E+00   0.27364659E-05   0.79980958E-05   0.00000000E+00   0.10734562E-04
  11.933   6.133   0.13578030E+00   0.27344345E-05   0.79781710E-05   0.00000000E+00   0.10712606E-04
  11.950   6.150   0.13615914E+00   0.27323863E-05   0.79581578E-05   0.00000000E+00   0.10690544E-04
  11.967   6.167   0.13653717E+00   0.27303213E-05   0.79380565E-05   0.00000000E+00   0.10668378E-04
  11.983   6.183   0.13691439E+00   0.27282396E-05   0.79178676E-05   0.00000000E+00   0.10646107E-04
  12.000   6.200   0.13729080E+00   0.27261412E-05   0.78975916E-05   0.00000000E+00   0.10623733E-04
  12.017   6.217   0.13766639E+00   0.27240262E-05   0.78772288E-05   0.00000000E+00   0.10601255E-04
  12.033   6.233   0.13804116E+00   0.27218946E-05   0.78567795E-05   0.00000000E+00   0.10578674E-04
  12.050   6.250   0.13841511E+00   0.27197465E-05   0.78362443E-05   0.00000000E+00   0.10555991E-04
  12.067   6.267   0.13878823E+00   0.27175819E-05   0.78156235E-05   0.00000000E+00   0.10533205E-04
  12.083   6.283   0.13916054E+00   0.27154009E-05   0.77949176E-05   0.00000000E+00   0.10510318E-04
  12.100   6.300   0.13953201E+00   0.27132036E-05   0.77741268E-05   0.00000000E+00   0.10487330E-04
  12.117   6.317   0.13990265E+00   0.27109900E-05   0.77532516E-05   0.00000000E+00   0.10464242E-04
  12.133   6.333   0.14027246E+00   0.27087601E-05   0.77322923E-05   0.00000000E+00   0.10441052E-04
  12.150   6.350   0.14064144E+00   0.27065140E-05   0.77112495E-05   0.00000000E+00   0.10417763E-04
  12.167   6.367   0.14100958E+00   0.27042517E-05   0.76901233E-05   0.00000000E+00   0.10394375E-04
  12.183   6.383   0.14137688E+00   0.27019733E-05   0.76689143E-05   0.00000000E+00   0.10370888E-04
  12.200   6.400   0.14174334E+00   0.26996788E-05   0.76476227E-05   0.00000000E+00   0.10347302E-04
  12.217   6.417   0.14210895E+00   0.26973684E-05   0.76262491E-05   0.00000000E+00   0.10323617E-04
  12.233   6.433   0.14247372E+00   0.26950419E-05   0.76047936E-05   0.00000000E+00   0.10299836E-04
  12.250   6.450   0.14283765E+00   0.26926996E-05   0.75832567E-05   0.00000000E+00   0.10275956E-04
  12.267   6.467   0.14320072E+00   0.26903413E-05   0.75616388E-05   0.00000000E+00   0.10251980E-04
  12.283   6.483   0.14356294E+00   0.26879672E-05   0.75399401E-05   0.00000000E+00   0.10227907E-04
  12.300   6.500   0.14392430E+00   0.26855774E-05   0.75181612E-05   0.00000000E+00   0.10203739E-04
  12.317   6.517   0.14428481E+00   0.26831718E-05   0.74963023E-05   0.00000000E+00   0.10179474E-04
  12.333   6.533   0.14464446E+00   0.26807505E-05   0.74743637E-05   0.00000000E+00   0.10155114E-04
  12.350   6.550   0.14500325E+00   0.26783136E-05   0.74523459E-05   0.00000000E+00   0.10130659E-04
  12.367   6.567   0.14536117E+00   0.26758610E-05   0.74302492E-05   0.00000000E+00   0.10106110E-04
  12.383   6.583   0.14571823E+00   0.26733929E-05   0.74080739E-05   0.00000000E+00   0.10081467E-04
  12.400   6.600   0.14607442E+00   0.26709093E-05   0.73858203E-05   0.00000000E+00   0.10056730E-04
  12.417   6.617   0.14642975E+00   0.26684102E-05   0.73634889E-05   0.00000000E+00   0.10031899E-04
  12.433   6.633   0.14678420E+00   0.26658956E-05   0.73410800E-05   0.00000000E+00   0.10006976E-04
  12.450   6.650   0.14713777E+00   0.26633657E-05   0.73185938E-05   0.00000000E+00   0.99819595E-05
  12.467   6.667   0.14749047E+00   0.26608204E-05   0.72960308E-05   0.00000000E+00   0.99568512E-05
  12.483   6.683   0.14784230E+00   0.26582599E-05   0.72733913E-05   0.00000000E+00   0.99316511E-05
  12.500   6.700   0.14819324E+00   0.26556840E-05   0.72506755E-05   0.00000000E+00   0.99063596E-05
  12.517   6.717   0.14854330E+00   0.26530930E-05   0.72278839E-05   0.00000000E+00   0.98809769E-05
  12.533   6.733   0.14889247E+00   0.26504867E-05   0.72050168E-05   0.00000000E+00   0.98555036E-05
  12.550   6.750   0.14924076E+00   0.26478654E-05   0.71820745E-05   0.00000000E+00   0.98299399E-05
  12.567   6.767   0.14958816E+00   0.26452289E-05   0.71590573E-05   0.00000000E+00   0.98042862E-05
  12.583   6.783   0.14993467E+00   0.26425774E-05   0.71359655E-05   0.00000000E+00   0.97785429E-05
  12.600   6.800   0.15028029E+00   0.26399109E-05   0.71127996E-05   0.00000000E+00   0.97527104E-05
  12.617   6.817   0.15062501E+00   0.26372293E-05   0.70895597E-05   0.00000000E+00   0.97267890E-05
  12.633   6.833   0.15096884E+00   0.26345329E-05   0.70662463E-05   0.00000000E+00   0.97007792E-05
  12.650   6.850   0.15131177E+00   0.26318216E-05   0.70428596E-05   0.00000000E+00   0.96746811E-05
  12.667   6.867   0.15165380E+00   0.26290954E-05   0.70193999E-05   0.00000000E+00   0.96484953E-05
  12.683   6.883   0.15199492E+00   0.26263543E-05   0.69958677E-05   0.00000000E+00   0.96222220E-05
  12.700   6.900   0.15233514E+00   0.26235985E-05   0.69722631E-05   0.00000000E+00   0.95958617E-05
  12.717   6.917   0.15267445E+00   0.26208280E-05   0.69485866E-05   0.00000000E+00   0.95694146E-05
  12.733   6.933   0.15301286E+00   0.26180428E-05   0.69248384E-05   0.00000000E+00   0.95428812E-05
  12.750   6.950   0.15335035E+00   0.26152429E-05   0.69010188E-05   0.00000000E+00   0.95162617E-05
  12.767   6.967   0.15368693E+00   0.26124283E-05   0.68771282E-05   0.00000000E+00   0.94895566E-05
  12.783   6.983   0.15402260E+00   0.26095992E-05   0.68531669E-05   0.00000000E+00   0.94627661E-05
  12.800   7.000   0.15435735E+00   0.26067555E-05   0.68291352E-05   0.00000000E+00   0.94358907E-05
  12.817   7.017   0.15469118E+00   0.26038974E-05   0.68050333E-05   0.00000000E+00   0.94089307E-05
  12.833   7.033   0.15502409E+00   0.26010247E-05   0.67808617E-05   0.00000000E+00   0.93818864E-05
  12.850   7.050   0.15535608E+00   0.25981376E-05   0.67566205E-05   0.00000000E+00   0.93547582E-05
  12.867   7.067   0.15568714E+00   0.25952361E-05   0.67323102E-05   0.00000000E+00   0.93275463E-05
  12.883   7.083   0.15601728E+00   0.25923202E-05   0.67079311E-05   0.00000000E+00   0.93002513E-05
  12.900   7.100   0.15634649E+00   0.25893900E-05   0.66834833E-05   0.00000000E+00   0.92728734E-05
  12.917   7.117   0.15667477E+00   0.25864455E-05   0.66589674E-05   0.00000000E+00   0.92454129E-05
  12.933   7.133   0.15700212E+00   0.25834868E-05   0.66343834E-05   0.00000000E+00   0.92178702E-05
  12.950   7.150   0.15732853E+00   0.25805138E-05   0.66097319E-05   0.00000000E+00   0.91902457E-05
  12.967   7.167   0.15765401E+00   0.25775266E-05   0.65850130E-05   0.00000000E+00   0.91625396E-05
  12.983   7.183   0.15797855E+00   0.25745253E-05   0.65602270E-05   0.00000000E+00   0.91347523E-05
  13.000   7.200   0.15830215E+00   0.25715099E-05   0.65353744E-05   0.00000000E+00   0.91068843E-05
  13.017   7.217   0.15862481E+00   0.25684803E-05   0.65104553E-05   0.00000000E+00   0.90789357E-05
  13.033   7.233   0.15894653E+00   0.25654367E-05   0.64854702E-05   0.00000000E+00   0.90509069E-05
  13.050   7.250   0.15926730E+00   0.25623791E-05   0.64604192E-05   0.00000000E+00   0.90227984E-05
  13.067   7.267   0.15958712E+00   0.25593076E-05   0.64353028E-05   0.00000000E+00   0.89946103E-05
  13.083   7.283   0.15990600E+00   0.25562220E-05   0.64101211E-05   0.00000000E+00   0.89663432E-05
  13.100   7.300   0.16022392E+00   0.25531226E-05   0.63848746E-05   0.00000000E+00   0.89379972E-05
  13.117   7.317   0.16054089E+00   0.25500092E-05   0.63595635E-05   0.00000000E+00   0.89095728E-05
  13.133   7.333   0.16085691E+00   0.25468821E-05   0.63341882E-05   0.00000000E+00   0.88810702E-05
  13.150   7.350   0.16117197E+00   0.25437411E-05   0.63087489E-05   0.00000000E+00   0.88524899E-05
  13.167   7.367   0.16148608E+00   0.25405863E-05   0.62832459E-05   0.00000000E+00   0.88238322E-05
  13.183   7.383   0.16179922E+00   0.25374177E-05   0.62576796E-05   0.00000000E+00   0.87950973E-05
  13.200   7.400   0.16211141E+00   0.25342354E-05   0.62320503E-05   0.00000000E+00   0.87662857E-05
  13.217   7.417   0.16242263E+00   0.25310395E-05   0.62063582E-05   0.00000000E+00   0.87373977E-05
  13.233   7.433   0.16273288E+00   0.25278299E-05   0.61806037E-05   0.00000000E+00   0.87084336E-05
  13.250   7.450   0.16304217E+00   0.25246066E-05   0.61547872E-05   0.00000000E+00   0.86793938E-05
  13.267   7.467   0.16335049E+00   0.25213698E-05   0.61289088E-05   0.00000000E+00   0.86502786E-05
  13.283   7.483   0.16365784E+00   0.25181194E-05   0.61029690E-05   0.00000000E+00   0.86210883E-05
  13.300   7.500   0.16396422E+00   0.25148554E-05   0.60769680E-05   0.00000000E+00   0.85918234E-05
  13.317   7.517   0.16426962E+00   0.25115780E-05   0.60509062E-05   0.00000000E+00   0.85624841E-05
  13.333   7.533   0.16457405E+00   0.25082870E-05   0.60247838E-05   0.00000000E+00   0.85330708E-05
  13.350   7.550   0.16487751E+00   0.25049826E-05   0.59986012E-05   0.00000000E+00   0.85035838E-05
  13.367   7.567   0.16517998E+00   0.25016648E-05   0.59723587E-05   0.00000000E+00   0.84740236E-05
  13.383   7.583   0.16548147E+00   0.24983336E-05   0.59460567E-05   0.00000000E+00   0.84443903E-05
  13.400   7.600   0.16578198E+00   0.24949891E-05   0.59196954E-05   0.00000000E+00   0.84146845E-05
  13.417   7.617   0.16608151E+00   0.24916312E-05   0.58932752E-05   0.00000000E+00   0.83849063E-05
  13.433   7.633   0.16638006E+00   0.24882600E-05   0.58667963E-05   0.00000000E+00   0.83550563E-05
  13.450   7.650   0.16667761E+00   0.24848755E-05   0.58402592E-05   0.00000000E+00   0.83251347E-05
  13.467   7.667   0.16697418E+00   0.24814777E-05   0.58136642E-05   0.00000000E+00   0.82951419E-05
  13.483   7.683   0.16726975E+00   0.24780668E-05   0.57870115E-05   0.00000000E+00   0.82650782E-05
  13.500   7.700   0.16756434E+00   0.24746426E-05   0.57603015E-05   0.00000000E+00   0.82349441E-05
  13.517   7.717   0.16785793E+00   0.24712053E-05   0.57335346E-05   0.00000000E+00   0.82047398E-05
  13.533   7.733   0.16815053E+00   0.24677548E-05   0.57067110E-05   0.00000000E+00   0.81744658E-05
  13.550   7.750   0.16844213E+00   0.24642912E-05   0.56798312E-05   0.00000000E+00   0.81441223E-05
  13.567   7.767   0.16873273E+00   0.24608145E-05   0.56528954E-05   0.00000000E+00   0.81137099E-05
  13.583   7.783   0.16902233E+00   0.24573247E-05   0.56259040E-05   0.00000000E+00   0.80832287E-05
  13.600   7.800   0.16931093E+00   0.24538218E-05   0.55988574E-05   0.00000000E+00   0.80526792E-05
  13.617   7.817   0.16959853E+00   0.24503060E-05   0.55717558E-05   0.00000000E+00   0.80220618E-05
  13.633   7.833   0.16988512E+00   0.24467771E-05   0.55445997E-05   0.00000000E+00   0.79913768E-05
  13.650   7.850   0.17017071E+00   0.24432352E-05   0.55173894E-05   0.00000000E+00   0.79606246E-05
  13.667   7.867   0.17045529E+00   0.24396804E-05   0.54901252E-05   0.00000000E+00   0.79298056E-05
  13.683   7.883   0.17073886E+00   0.24361127E-05   0.54628075E-05   0.00000000E+00   0.78989202E-05
  13.700   7.900   0.17102142E+00   0.24325320E-05   0.54354367E-05   0.00000000E+00   0.78679687E-05
  13.717   7.917   0.17130297E+00   0.24289385E-05   0.54080131E-05   0.00000000E+00   0.78369516E-05
  13.733   7.933   0.17158350E+00   0.24253320E-05   0.53805372E-05   0.00000000E+00   0.78058692E-05
  13.750   7.950   0.17186302E+00   0.24217127E-05   0.53530091E-05   0.00000000E+00   0.77747219E-05
  13.767   7.967   0.17214153E+00   0.24180806E-05   0.53254295E-05   0.00000000E+00   0.77435100E-05
  13.783   7.983   0.17241901E+00   0.24144356E-05   0.52977985E-05   0.00000000E+00   0.77122341E-05
  13.800   8.000   0.17269548E+00   0.24107779E-05   0.52701166E-05   0.00000000E+00   0.76808945E-05
  13.817   8.017   0.17297093E+00   0.24071073E-05   0.52423842E-05   0.00000000E+00   0.76494916E-05
  13.833   8.033   0.17324535E+00   0.24034240E-05   0.52146017E-05   0.00000000E+00   0.76180258E-05
  13.850   8.050   0.17351876E+00   0.23997280E-05   0.51867695E-05   0.00000000E+00   0.75864974E-05
  13.867   8.067   0.17379113E+00   0.23960192E-05   0.51588879E-05   0.00000000E+00   0.75549071E-05
  13.883   8.083   0.17406249E+00   0.23922977E-05   0.51309574E-05   0.00000000E+00   0.75232550E-05
  13.900   8.100   0.17433281E+00   0.23885634E-05   0.51029783E-05   0.00000000E+00   0.74915417E-05
  13.917   8.117   0.17460211E+00   0.23848165E-05   0.50749511E-05   0.00000000E+00   0.74597676E-05
  13.933   8.133   0.17487037E+00   0.23810569E-05   0.50468762E-05   0.00000000E+00   0.74279331E-05
  13.950   8.150   0.17513761E+00   0.23772847E-05   0.50187540E-05   0.00000000E+00   0.73960387E-05
  13.967   8.167   0.17540381E+00   0.23734998E-05   0.49905849E-05   0.00000000E+00   0.73640847E-05
  13.983   8.183   0.17566898E+00   0.23697022E-05   0.49623694E-05   0.00000000E+00   0.73320716E-05
  14.000   8.200   0.17593311E+00   0.23658920E-05   0.49341079E-05   0.00000000E+00   0.72999999E-05
  14.017   8.217   0.17619621E+00   0.23620692E-05   0.49058008E-05   0.00000000E+00   0.72678700E-05
  14.033   8.233   0.17645827E+00   0.23582337E-05   0.48774486E-05   0.00000000E+00   0.72356823E-05
  14.050   8.250   0.17671929E+00   0.23543857E-05   0.48490517E-05   0.00000000E+00   0.72034374E-05
  14.067   8.267   0.17697928E+00   0.23505250E-05   0.48206107E-05   0.00000000E+00   0.71711357E-05
  14.083   8.283   0.17723822E+00   0.23466518E-05   0.47921258E-05   0.00000000E+00   0.71387776E-05
  14.100   8.300   0.17749612E+00   0.23427659E-05   0.47635977E-05   0.00000000E+00   0.71063636E-05
  14.117   8.317   0.17775298E+00   0.23388675E-05   0.47350267E-05   0.00000000E+00   0.70738942E-05
  14.133   8.333   0.17800879E+00   0.23349564E-05   0.47064135E-05   0.00000000E+00   0.70413699E-05
  14.150   8.350   0.17826356E+00   0.23310328E-05   0.46777583E-05   0.00000000E+00   0.70087911E-05
  14.167   8.367   0.17851728E+00   0.23270966E-05   0.46490619E-05   0.00000000E+00   0.69761585E-05
  14.183   8.383   0.17876995E+00   0.23231478E-05   0.46203245E-05   0.00000000E+00   0.69434724E-05
  14.200   8.400   0.17902158E+00   0.23191864E-05   0.45915469E-05   0.00000000E+00   0.69107333E-05
  14.217   8.417   0.17927215E+00   0.23152125E-05   0.45627294E-05   0.00000000E+00   0.68779419E-05
  14.233   8.433   0.17952168E+00   0.23112259E-05   0.45338726E-05   0.00000000E+00   0.68450985E-05
  14.250   8.450   0.17977015E+00   0.23072268E-05   0.45049770E-05   0.00000000E+00   0.68122038E-05
  14.267   8.467   0.18001758E+00   0.23032150E-05   0.44760432E-05   0.00000000E+00   0.67792583E-05
  14.283   8.483   0.18026395E+00   0.22991907E-05   0.44470718E-05   0.00000000E+00   0.67462624E-05
  14.300   8.500   0.18050926E+00   0.22951537E-05   0.44180632E-05   0.00000000E+00   0.67132169E-05
  14.317   8.517   0.18075352E+00   0.22911041E-05   0.43890180E-05   0.00000000E+00   0.66801221E-05
  14.333   8.533   0.18099673E+00   0.22870419E-05   0.43599368E-05   0.00000000E+00   0.66469787E-05
  14.350   8.550   0.18123888E+00   0.22829670E-05   0.43308202E-05   0.00000000E+00   0.66137872E-05
  14.367   8.567   0.18147997E+00   0.22788794E-05   0.43016688E-05   0.00000000E+00   0.65805482E-05
  14.383   8.583   0.18172000E+00   0.22747792E-05   0.42724832E-05   0.00000000E+00   0.65472623E-05
  14.400   8.600   0.18195898E+00   0.22706663E-05   0.42432639E-05   0.00000000E+00   0.65139302E-05
  14.417   8.617   0.18219689E+00   0.22665406E-05   0.42140117E-05   0.00000000E+00   0.64805523E-05
  14.433   8.633   0.18243374E+00   0.22624023E-05   0.41847271E-05   0.00000000E+00   0.64471293E-05
  14.450   8.650   0.18266954E+00   0.22582511E-05   0.41554107E-05   0.00000000E+00   0.64136619E-05
  14.467   8.667   0.18290427E+00   0.22540872E-05   0.41260633E-05   0.00000000E+00   0.63801506E-05
  14.483   8.683   0.18313794E+00   0.22499105E-05   0.40966855E-05   0.00000000E+00   0.63465960E-05
  14.500   8.700   0.18337055E+00   0.22457210E-05   0.40672779E-05   0.00000000E+00   0.63129990E-05
  14.517   8.717   0.18360209E+00   0.22415187E-05   0.40378413E-05   0.00000000E+00   0.62793600E-05
  14.533   8.733   0.18383257E+00   0.22373034E-05   0.40083764E-05   0.00000000E+00   0.62456798E-05
  14.550   8.750   0.18406199E+00   0.22330752E-05   0.39788837E-05   0.00000000E+00   0.62119590E-05
  14.567   8.767   0.18429034E+00   0.22288341E-05   0.39493642E-05   0.00000000E+00   0.61781983E-05
  14.583   8.783   0.18451763E+00   0.22245800E-05   0.39198185E-05   0.00000000E+00   0.61443985E-05
  14.600   8.800   0.18474385E+00   0.22203129E-05   0.38902473E-05   0.00000000E+00   0.61105602E-05
  14.617   8.817   0.18496900E+00   0.22160328E-05   0.38606514E-05   0.00000000E+00   0.60766842E-05
  14.633   8.833   0.18519309E+00   0.22117395E-05   0.38310316E-05   0.00000000E+00   0.60427711E-05
  14.650   8.850   0.18541611E+00   0.22074331E-05   0.38013887E-05   0.00000000E+00   0.60088218E-05
  14.667   8.867   0.18563807E+00   0.22031135E-05   0.37717234E-05   0.00000000E+00   0.59748370E-05
  14.683   8.883   0.18585895E+00   0.21987807E-05   0.37420367E-05   0.00000000E+00   0.59408174E-05
  14.700   8.900   0.18607877E+00   0.21944346E-05   0.37123293E-05   0.00000000E+00   0.59067638E-05
  14.717   8.917   0.18629753E+00   0.21900751E-05   0.36826020E-05   0.00000000E+00   0.58726771E-05
  14.733   8.933   0.18651521E+00   0.21857023E-05   0.36528558E-05   0.00000000E+00   0.58385581E-05
  14.750   8.950   0.18673183E+00   0.21813160E-05   0.36230914E-05   0.00000000E+00   0.58044075E-05
  14.767   8.967   0.18694738E+00   0.21769163E-05   0.35933099E-05   0.00000000E+00   0.57702261E-05
  14.783   8.983   0.18716187E+00   0.21725029E-05   0.35635121E-05   0.00000000E+00   0.57360150E-05
  14.800   9.000   0.18737528E+00   0.21680759E-05   0.35336989E-05   0.00000000E+00   0.57017748E-05
  14.817   9.017   0.18758763E+00   0.21636352E-05   0.35038713E-05   0.00000000E+00   0.56675066E-05
  14.833   9.033   0.18779891E+00   0.21591808E-05   0.34740303E-05   0.00000000E+00   0.56332111E-05
  14.850   9.050   0.18800913E+00   0.21547125E-05   0.34441768E-05   0.00000000E+00   0.55988893E-05
  14.867   9.067   0.18821827E+00   0.21502303E-05   0.34143118E-05   0.00000000E+00   0.55645421E-05
  14.883   9.083   0.18842635E+00   0.21457341E-05   0.33844364E-05   0.00000000E+00   0.55301705E-05
  14.900   9.100   0.18863337E+00   0.21412238E-05   0.33545516E-05   0.00000000E+00   0.54957754E-05
  14.917   9.117   0.18883932E+00   0.21366993E-05   0.33246584E-05   0.00000000E+00   0.54613577E-05
  14.933   9.133   0.18904420E+00   0.21321606E-05   0.32947580E-05   0.00000000E+00   0.54269186E-05
  14.950   9.150   0.18924802E+00   0.21276075E-05   0.32648514E-05   0.00000000E+00   0.53924590E-05
  14.967   9.167   0.18945077E+00   0.21230400E-05   0.32349398E-05   0.00000000E+00   0.53579799E-05
  14.983   9.183   0.18965246E+00   0.21184580E-05   0.32050243E-05   0.00000000E+00   0.53234823E-05
  15.000   9.200   0.18985309E+00   0.21138613E-05   0.31751061E-05   0.00000000E+00   0.52889674E-05
  15.017   9.217   0.19005265E+00   0.21092499E-05   0.31451863E-05   0.00000000E+00   0.52544362E-05
  15.033   9.233   0.19025116E+00   0.21046236E-05   0.31152662E-05   0.00000000E+00   0.52198898E-05
  15.050   9.250   0.19044860E+00   0.20999824E-05   0.30853470E-05   0.00000000E+00   0.51853294E-05
  15.067   9.267   0.19064498E+00   0.20953260E-05   0.30554300E-05   0.00000000E+00   0.51507561E-05
  15.083   9.283   0.19084030E+00   0.20906545E-05   0.30255165E-05   0.00000000E+00   0.51161710E-05
  15.100   9.300   0.19103457E+00   0.20859676E-05   0.29956078E-05   0.00000000E+00   0.50815754E-05
  15.117   9.317   0.19122777E+00   0.20812653E-05   0.29657052E-05   0.00000000E+00   0.50469704E-05
  15.133   9.333   0.19141992E+00   0.20765473E-05   0.29358100E-05   0.00000000E+00   0.50123574E-05
  15.150   9.350   0.19161102E+00   0.20718137E-05   0.29059238E-05   0.00000000E+00   0.49777375E-05
  15.167   9.367   0.19180106E+00   0.20670641E-05   0.28760478E-05   0.00000000E+00   0.49431120E-05
  15.183   9.383   0.19199005E+00   0.20622986E-05   0.28461837E-05   0.00000000E+00   0.49084822E-05
  15.200   9.400   0.19217799E+00   0.20575168E-05   0.28163327E-05   0.00000000E+00   0.48738495E-05
  15.217   9.417   0.19236488E+00   0.20527188E-05   0.27864965E-05   0.00000000E+00   0.48392152E-05
  15.233   9.433   0.19255072E+00   0.20479042E-05   0.27566765E-05   0.00000000E+00   0.48045807E-05
  15.250   9.450   0.19273552E+00   0.20430730E-05   0.27268744E-05   0.00000000E+00   0.47699474E-05
  15.267   9.467   0.19291927E+00   0.20382250E-05   0.26970917E-05   0.00000000E+00   0.47353167E-05
  15.283   9.483   0.19310198E+00   0.20333599E-05   0.26673302E-05   0.00000000E+00   0.47006901E-05
  15.300   9.500   0.19328364E+00   0.20284777E-05   0.26375913E-05   0.00000000E+00   0.46660690E-05
  15.317   9.517   0.19346427E+00   0.20235780E-05   0.26078769E-05   0.00000000E+00   0.46314549E-05
  15.333   9.533   0.19364386E+00   0.20186609E-05   0.25781887E-05   0.00000000E+00   0.45968495E-05
  15.350   9.550   0.19382242E+00   0.20137259E-05   0.25485284E-05   0.00000000E+00   0.45622542E-05
  15.367   9.567   0.19399994E+00   0.20087730E-05   0.25188978E-05   0.00000000E+00   0.45276707E-05
  15.383   9.583   0.19417643E+00   0.20038018E-05   0.24892988E-05   0.00000000E+00   0.44931006E-05
  15.400   9.600   0.19435189E+00   0.19988123E-05   0.24597333E-05   0.00000000E+00   0.44585456E-05
  15.417   9.617   0.19452633E+00   0.19938042E-05   0.24302031E-05   0.00000000E+00   0.44240072E-05
  15.433   9.633   0.19469975E+00   0.19887771E-05   0.24007102E-05   0.00000000E+00   0.43894873E-05
  15.450   9.650   0.19487214E+00   0.19837310E-05   0.23712566E-05   0.00000000E+00   0.43549876E-05
  15.467   9.667   0.19504352E+00   0.19786656E-05   0.23418443E-05   0.00000000E+00   0.43205099E-05
  15.483   9.683   0.19521388E+00   0.19735806E-05   0.23124754E-05   0.00000000E+00   0.42860560E-05
  15.500   9.700   0.19538323E+00   0.19684757E-05   0.22831520E-05   0.00000000E+00   0.42516277E-05
  15.517   9.717   0.19555157E+00   0.19633507E-05   0.22538762E-05   0.00000000E+00   0.42172269E-05
  15.533   9.733   0.19571890E+00   0.19582053E-05   0.22246503E-05   0.00000000E+00   0.41828556E-05
  15.550   9.750   0.19588523E+00   0.19530393E-05   0.21954764E-05   0.00000000E+00   0.41485157E-05
  15.567   9.767   0.19605056E+00   0.19478523E-05   0.21663568E-05   0.00000000E+00   0.41142091E-05
  15.583   9.783   0.19621490E+00   0.19426441E-05   0.21372939E-05   0.00000000E+00   0.40799380E-05
  15.600   9.800   0.19637824E+00   0.19374144E-05   0.21082899E-05   0.00000000E+00   0.40457043E-05
  15.617   9.817   0.19654060E+00   0.19321627E-05   0.20793474E-05   0.00000000E+00   0.40115101E-05
  15.633   9.833   0.19670197E+00   0.19268890E-05   0.20504687E-05   0.00000000E+00   0.39773577E-05
  15.650   9.850   0.19686235E+00   0.19215927E-05   0.20216564E-05   0.00000000E+00   0.39432491E-05
  15.667   9.867   0.19702177E+00   0.19162735E-05   0.19929130E-05   0.00000000E+00   0.39091865E-05
  15.683   9.883   0.19718021E+00   0.19109312E-05   0.19642410E-05   0.00000000E+00   0.38751722E-05
  15.700   9.900   0.19733768E+00   0.19055654E-05   0.19356432E-05   0.00000000E+00   0.38412086E-05
  15.717   9.917   0.19749419E+00   0.19001756E-05   0.19071222E-05   0.00000000E+00   0.38072978E-05
  15.733   9.933   0.19764973E+00   0.18947616E-05   0.18786808E-05   0.00000000E+00   0.37734423E-05
  15.750   9.950   0.19780433E+00   0.18893229E-05   0.18503217E-05   0.00000000E+00   0.37396445E-05
  15.767   9.967   0.19795797E+00   0.18838592E-05   0.18220477E-05   0.00000000E+00   0.37059069E-05
  15.783   9.983   0.19811067E+00   0.18783700E-05   0.17938618E-05   0.00000000E+00   0.36722318E-05
  15.800  10.000   0.19826243E+00   0.18728549E-05   0.17657669E-05   0.00000000E+00   0.36386218E-05
  15.817  10.017   0.19841326E+00   0.18673136E-05   0.17377659E-05   0.00000000E+00   0.36050795E-05
  15.833  10.033   0.19856316E+00   0.18617456E-05   0.17098620E-05   0.00000000E+00   0.35716075E-05
  15.850  10.050   0.19871213E+00   0.18561503E-05   0.16820581E-05   0.00000000E+00   0.35382085E-05
  15.867  10.067   0.19886019E+00   0.18505275E-05   0.16543575E-05   0.00000000E+00   0.35048850E-05
  15.883  10.083   0.19900733E+00   0.18448766E-05   0.16267633E-05   0.00000000E+00   0.34716399E-05
  15.900  10.100   0.19915357E+00   0.18391972E-05   0.15992788E-05   0.00000000E+00   0.34384760E-05
  15.917  10.117   0.19929891E+00   0.18334887E-05   0.15719072E-05   0.00000000E+00   0.34053959E-05
  15.933  10.133   0.19944336E+00   0.18277506E-05   0.15446520E-05   0.00000000E+00   0.33724026E-05
  15.950  10.150   0.19958692E+00   0.18219826E-05   0.15175164E-05   0.00000000E+00   0.33394990E-05
  15.967  10.167   0.19972960E+00   0.18161839E-05   0.14905041E-05   0.00000000E+00   0.33066880E-05
  15.983  10.183   0.19987141E+00   0.18103541E-05   0.14636184E-05   0.00000000E+00   0.32739725E-05
  16.000  10.200   0.20001236E+00   0.18044927E-05   0.14368629E-05   0.00000000E+00   0.32413556E-05
  16.017  10.217   0.20015244E+00   0.17985990E-05   0.14102413E-05   0.00000000E+00   0.32088403E-05
  16.033  10.233   0.20029168E+00   0.17926726E-05   0.13837572E-05   0.00000000E+00   0.31764298E-05
  16.050  10.250   0.20043007E+00   0.17867128E-05   0.13574143E-05   0.00000000E+00   0.31441270E-05
  16.067  10.267   0.20056763E+00   0.17807190E-05   0.13312163E-05   0.00000000E+00   0.31119353E-05
  16.083  10.283   0.20070435E+00   0.17746906E-05   0.13051671E-05   0.00000000E+00   0.30798577E-05
  16.100  10.300   0.20084026E+00   0.17686270E-05   0.12792706E-05   0.00000000E+00   0.30478976E-05
  16.117  10.317   0.20097536E+00   0.17625276E-05   0.12535306E-05   0.00000000E+00   0.30160582E-05
  16.133  10.333   0.20110966E+00   0.17563916E-05   0.12279511E-05   0.00000000E+00   0.29843427E-05
  16.150  10.350   0.20124316E+00   0.17502185E-05   0.12025361E-05   0.00000000E+00   0.29527546E-05
  16.167  10.367   0.20137587E+00   0.17440075E-05   0.11772897E-05   0.00000000E+00   0.29212972E-05
  16.183  10.383   0.20150781E+00   0.17377580E-05   0.11522159E-05   0.00000000E+00   0.28899739E-05
  16.200  10.400   0.20163899E+00   0.17314692E-05   0.11273188E-05   0.00000000E+00   0.28587881E-05
  16.217  10.417   0.20176941E+00   0.17251405E-05   0.11026027E-05   0.00000000E+00   0.28277432E-05
  16.233  10.433   0.20189908E+00   0.17187710E-05   0.10780717E-05   0.00000000E+00   0.27968428E-05
  16.250  10.450   0.20202801E+00   0.17123601E-05   0.10537302E-05   0.00000000E+00   0.27660902E-05
  16.267  10.467   0.20215622E+00   0.17059069E-05   0.10295822E-05   0.00000000E+00   0.27354891E-05
  16.283  10.483   0.20228371E+00   0.16994107E-05   0.10056323E-05   0.00000000E+00   0.27050430E-05
  16.300  10.500   0.20241049E+00   0.16928707E-05   0.98188469E-06   0.00000000E+00   0.26747554E-05
  16.317  10.517   0.20253658E+00   0.16862861E-05   0.95834377E-06   0.00000000E+00   0.26446298E-05
  16.333  10.533   0.20266199E+00   0.16796560E-05   0.93501394E-06   0.00000000E+00   0.26146699E-05
  16.350  10.550   0.20278672E+00   0.16729796E-05   0.91189960E-06   0.00000000E+00   0.25848792E-05
  16.367  10.567   0.20291079E+00   0.16662560E-05   0.88900520E-06   0.00000000E+00   0.25552612E-05
  16.383  10.583   0.20303421E+00   0.16594844E-05   0.86633519E-06   0.00000000E+00   0.25258196E-05
  16.400  10.600   0.20315700E+00   0.16526639E-05   0.84389402E-06   0.00000000E+00   0.24965580E-05
  16.417  10.617   0.20327915E+00   0.16457936E-05   0.82168615E-06   0.00000000E+00   0.24674798E-05
  16.433  10.633   0.20340070E+00   0.16388725E-05   0.79971607E-06   0.00000000E+00   0.24385886E-05
  16.450  10.650   0.20352164E+00   0.16318998E-05   0.77798823E-06   0.00000000E+00   0.24098880E-05
  16.467  10.667   0.20364199E+00   0.16248744E-05   0.75650710E-06   0.00000000E+00   0.23813815E-05
  16.483  10.683   0.20376177E+00   0.16177954E-05   0.73527714E-06   0.00000000E+00   0.23530726E-05
  16.500  10.700   0.20388098E+00   0.16106619E-05   0.71430277E-06   0.00000000E+00   0.23249646E-05
  16.517  10.717   0.20399965E+00   0.16034728E-05   0.69358841E-06   0.00000000E+00   0.22970612E-05
  16.533  10.733   0.20411778E+00   0.15962271E-05   0.67313845E-06   0.00000000E+00   0.22693655E-05
  16.550  10.750   0.20423539E+00   0.15889238E-05   0.65295724E-06   0.00000000E+00   0.22418810E-05
  16.567  10.767   0.20435249E+00   0.15815618E-05   0.63304911E-06   0.00000000E+00   0.22146109E-05
  16.583  10.783   0.20446910E+00   0.15741402E-05   0.61341831E-06   0.00000000E+00   0.21875585E-05
  16.600  10.800   0.20458523E+00   0.15666578E-05   0.59406907E-06   0.00000000E+00   0.21607269E-05
  16.617  10.817   0.20470089E+00   0.15591136E-05   0.57500555E-06   0.00000000E+00   0.21341191E-05
  16.633  10.833   0.20481610E+00   0.15515064E-05   0.55623184E-06   0.00000000E+00   0.21077383E-05
  16.650  10.850   0.20493088E+00   0.15438352E-05   0.53775196E-06   0.00000000E+00   0.20815872E-05
  16.667  10.867   0.20504524E+00   0.15360989E-05   0.51956985E-06   0.00000000E+00   0.20556687E-05
  16.683  10.883   0.20515919E+00   0.15282962E-05   0.50168935E-06   0.00000000E+00   0.20299856E-05
  16.700  10.900   0.20527275E+00   0.15204262E-05   0.48411421E-06   0.00000000E+00   0.20045404E-05
  16.717  10.917   0.20538594E+00   0.15124875E-05   0.46684808E-06   0.00000000E+00   0.19793356E-05
  16.733  10.933   0.20549877E+00   0.15044791E-05   0.44989447E-06   0.00000000E+00   0.19543736E-05
  16.750  10.950   0.20561126E+00   0.14963998E-05   0.43325681E-06   0.00000000E+00   0.19296566E-05
  16.767  10.967   0.20572342E+00   0.14882483E-05   0.41693834E-06   0.00000000E+00   0.19051867E-05
  16.783  10.983   0.20583527E+00   0.14800236E-05   0.40094219E-06   0.00000000E+00   0.18809658E-05
  16.800  11.000   0.20594683E+00   0.14717243E-05   0.38527134E-06   0.00000000E+00   0.18569956E-05
