        RT(hours)             [O2]         L_R_04           P_R_01           P_R_23           tot_loss         tot_prod
   5.817   0.017   0.20000000E+09   0.64664598E-04   0.28970107E-03   0.20871124E-05   0.64664598E-04   0.29178818E-03
   5.833   0.033   0.20000000E+09   0.65079416E-04   0.29155728E-03   0.21402793E-05   0.65079416E-04   0.29369755E-03
   5.850   0.050   0.20000000E+09   0.65501687E-04   0.29344539E-03   0.21789420E-05   0.65501687E-04   0.29562433E-03
   5.867   0.067   0.20000000E+09   0.65930420E-04   0.29536095E-03   0.22104050E-05   0.65930420E-04   0.29757136E-03
   5.883   0.083   0.20000000E+09   0.66365089E-04   0.29730159E-03   0.22376492E-05   0.66365089E-04   0.29953924E-03
   5.900   0.100   0.20000000E+09   0.66805350E-04   0.29926575E-03   0.22620705E-05   0.66805350E-04   0.30152782E-03
   5.917   0.117   0.20000000E+09   0.67250943E-04   0.30125225E-03   0.22844910E-05   0.67250943E-04   0.30353674E-03
   5.933   0.133   0.20000000E+09   0.67701659E-04   0.30326016E-03   0.23054869E-05   0.67701659E-04   0.30556565E-03
   5.950   0.150   0.20000000E+09   0.68157317E-04   0.30528866E-03   0.23254895E-05   0.68157317E-04   0.30761415E-03
   5.967   0.167   0.20000000E+09   0.68617761E-04   0.30733705E-03   0.23448209E-05   0.68617761E-04   0.30968187E-03
   5.983   0.183   0.20000000E+09   0.69082843E-04   0.30940468E-03   0.23637159E-05   0.69082843E-04   0.31176840E-03
   6.000   0.200   0.20000000E+09   0.69552420E-04   0.31149091E-03   0.23823407E-05   0.69552420E-04   0.31387326E-03
   6.017   0.217   0.20000000E+09   0.70026352E-04   0.31359513E-03   0.24008088E-05   0.70026352E-04   0.31599594E-03
   6.033   0.233   0.20000000E+09   0.70504492E-04   0.31571670E-03   0.24191944E-05   0.70504492E-04   0.31813589E-03
   6.050   0.250   0.20000000E+09   0.70986688E-04   0.31785494E-03   0.24375430E-05   0.70986688E-04   0.32029248E-03
   6.067   0.267   0.20000000E+09   0.71472780E-04   0.32000917E-03   0.24558792E-05   0.71472780E-04   0.32246505E-03
   6.083   0.283   0.20000000E+09   0.71962598E-04   0.32217865E-03   0.24742130E-05   0.71962598E-04   0.32465287E-03
   6.100   0.300   0.20000000E+09   0.72455964E-04   0.32436262E-03   0.24925435E-05   0.72455964E-04   0.32685516E-03
   6.117   0.317   0.20000000E+09   0.72952691E-04   0.32656025E-03   0.25108627E-05   0.72952691E-04   0.32907112E-03
   6.133   0.333   0.20000000E+09   0.73452585E-04   0.32877073E-03   0.25291577E-05   0.73452585E-04   0.33129989E-03
   6.150   0.350   0.20000000E+09   0.73955444E-04   0.33099317E-03   0.25474120E-05   0.73955444E-04   0.33354058E-03
   6.167   0.367   0.20000000E+09   0.74461057E-04   0.33322667E-03   0.25656070E-05   0.74461057E-04   0.33579228E-03
   6.183   0.383   0.20000000E+09   0.74969213E-04   0.33547033E-03   0.25837230E-05   0.74969213E-04   0.33805405E-03
   6.200   0.400   0.20000000E+09   0.75479691E-04   0.33772320E-03   0.26017397E-05   0.75479691E-04   0.34032494E-03
   6.217   0.417   0.20000000E+09   0.75992272E-04   0.33998433E-03   0.26196365E-05   0.75992272E-04   0.34260396E-03
   6.233   0.433   0.20000000E+09   0.76506732E-04   0.34225276E-03   0.26373934E-05   0.76506732E-04   0.34489016E-03
   6.250   0.450   0.20000000E+09   0.77022846E-04   0.34452755E-03   0.26549908E-05   0.77022846E-04   0.34718254E-03
   6.267   0.467   0.20000000E+09   0.77540393E-04   0.34680773E-03   0.26724096E-05   0.77540393E-04   0.34948014E-03
   6.283   0.483   0.20000000E+09   0.78059148E-04   0.34909236E-03   0.26896320E-05   0.78059148E-04   0.35178199E-03
   6.300   0.500   0.20000000E+09   0.78578894E-04   0.35138050E-03   0.27066409E-05   0.78578894E-04   0.35408714E-03
   6.317   0.517   0.20000000E+09   0.79099413E-04   0.35367121E-03   0.27234204E-05   0.79099413E-04   0.35639463E-03
   6.333   0.533   0.20000000E+09   0.79620492E-04   0.35596361E-03   0.27399555E-05   0.79620492E-04   0.35870357E-03
   6.350   0.550   0.20000000E+09   0.80141926E-04   0.35825680E-03   0.27562326E-05   0.80141926E-04   0.36101303E-03
   6.367   0.567   0.20000000E+09   0.80663511E-04   0.36054993E-03   0.27722389E-05   0.80663511E-04   0.36332217E-03
   6.383   0.583   0.20000000E+09   0.81185052E-04   0.36284216E-03   0.27879631E-05   0.81185052E-04   0.36563012E-03
   6.400   0.600   0.20000000E+09   0.81706359E-04   0.36513269E-03   0.28033947E-05   0.81706359E-04   0.36793609E-03
   6.417   0.617   0.20000000E+09   0.82227250E-04   0.36742074E-03   0.28185246E-05   0.82227250E-04   0.37023927E-03
   6.433   0.633   0.20000000E+09   0.82747549E-04   0.36970557E-03   0.28333444E-05   0.82747549E-04   0.37253892E-03
   6.450   0.650   0.20000000E+09   0.83267088E-04   0.37198647E-03   0.28478471E-05   0.83267088E-04   0.37483432E-03
   6.467   0.667   0.20000000E+09   0.83785707E-04   0.37426275E-03   0.28620265E-05   0.83785707E-04   0.37712478E-03
   6.483   0.683   0.20000000E+09   0.84303252E-04   0.37653378E-03   0.28758773E-05   0.84303252E-04   0.37940965E-03
   6.500   0.700   0.20000000E+09   0.84819578E-04   0.37879893E-03   0.28893953E-05   0.84819578E-04   0.38168832E-03
   6.517   0.717   0.20000000E+09   0.85334549E-04   0.38105762E-03   0.29025771E-05   0.85334549E-04   0.38396020E-03
   6.533   0.733   0.20000000E+09   0.85848033E-04   0.38330931E-03   0.29154200E-05   0.85848033E-04   0.38622473E-03
   6.550   0.750   0.20000000E+09   0.86359908E-04   0.38555349E-03   0.29279221E-05   0.86359908E-04   0.38848141E-03
   6.567   0.767   0.20000000E+09   0.86870059E-04   0.38778966E-03   0.29400825E-05   0.86870059E-04   0.39072974E-03
   6.583   0.783   0.20000000E+09   0.87378377E-04   0.39001736E-03   0.29519005E-05   0.87378377E-04   0.39296926E-03
   6.600   0.800   0.20000000E+09   0.87884761E-04   0.39223619E-03   0.29633764E-05   0.87884761E-04   0.39519956E-03
   6.617   0.817   0.20000000E+09   0.88389116E-04   0.39444573E-03   0.29745110E-05   0.88389116E-04   0.39742024E-03
   6.633   0.833   0.20000000E+09   0.88891355E-04   0.39664562E-03   0.29853054E-05   0.88891355E-04   0.39963093E-03
   6.650   0.850   0.20000000E+09   0.89391396E-04   0.39883553E-03   0.29957616E-05   0.89391396E-04   0.40183129E-03
   6.667   0.867   0.20000000E+09   0.89889161E-04   0.40101512E-03   0.30058817E-05   0.89889161E-04   0.40402100E-03
   6.683   0.883   0.20000000E+09   0.90384583E-04   0.40318411E-03   0.30156683E-05   0.90384583E-04   0.40619978E-03
   6.700   0.900   0.20000000E+09   0.90877594E-04   0.40534223E-03   0.30251245E-05   0.90877594E-04   0.40836736E-03
   6.717   0.917   0.20000000E+09   0.91368137E-04   0.40748924E-03   0.30342537E-05   0.91368137E-04   0.41052350E-03
   6.733   0.933   0.20000000E+09   0.91856156E-04   0.40962491E-03   0.30430593E-05   0.91856156E-04   0.41266797E-03
   6.750   0.950   0.20000000E+09   0.92341602E-04   0.41174902E-03   0.30515455E-05   0.92341602E-04   0.41480057E-03
   6.767   0.967   0.20000000E+09   0.92824429E-04   0.41386140E-03   0.30597163E-05   0.92824429E-04   0.41692112E-03
   6.783   0.983   0.20000000E+09   0.93304595E-04   0.41596188E-03   0.30675760E-05   0.93304595E-04   0.41902946E-03
   6.800   1.000   0.20000000E+09   0.93782064E-04   0.41805030E-03   0.30751293E-05   0.93782064E-04   0.42112543E-03
   6.817   1.017   0.20000000E+09   0.94256802E-04   0.42012653E-03   0.30823808E-05   0.94256802E-04   0.42320891E-03
   6.833   1.033   0.20000000E+09   0.94728778E-04   0.42219045E-03   0.30893353E-05   0.94728778E-04   0.42527978E-03
   6.850   1.050   0.20000000E+09   0.95197967E-04   0.42424194E-03   0.30959979E-05   0.95197967E-04   0.42733793E-03
   6.867   1.067   0.20000000E+09   0.95664344E-04   0.42628091E-03   0.31023734E-05   0.95664344E-04   0.42938328E-03
   6.883   1.083   0.20000000E+09   0.96127888E-04   0.42830728E-03   0.31084672E-05   0.96127888E-04   0.43141575E-03
   6.900   1.100   0.20000000E+09   0.96588582E-04   0.43032098E-03   0.31142842E-05   0.96588582E-04   0.43343527E-03
   6.917   1.117   0.20000000E+09   0.97046410E-04   0.43232195E-03   0.31198298E-05   0.97046410E-04   0.43544178E-03
   6.933   1.133   0.20000000E+09   0.97501358E-04   0.43431014E-03   0.31251092E-05   0.97501358E-04   0.43743525E-03
   6.950   1.150   0.20000000E+09   0.97953416E-04   0.43628550E-03   0.31301276E-05   0.97953416E-04   0.43941563E-03
   6.967   1.167   0.20000000E+09   0.98402574E-04   0.43824801E-03   0.31348903E-05   0.98402574E-04   0.44138290E-03
   6.983   1.183   0.20000000E+09   0.98848826E-04   0.44019764E-03   0.31394026E-05   0.98848826E-04   0.44333704E-03
   7.000   1.200   0.20000000E+09   0.99292167E-04   0.44213437E-03   0.31436697E-05   0.99292167E-04   0.44527804E-03
   7.017   1.217   0.20000000E+09   0.99732592E-04   0.44405818E-03   0.31476969E-05   0.99732592E-04   0.44720588E-03
   7.033   1.233   0.20000000E+09   0.10017010E-03   0.44596909E-03   0.31514892E-05   0.10017010E-03   0.44912058E-03
   7.050   1.250   0.20000000E+09   0.10060469E-03   0.44786709E-03   0.31550519E-05   0.10060469E-03   0.45102214E-03
   7.067   1.267   0.20000000E+09   0.10103636E-03   0.44975218E-03   0.31583901E-05   0.10103636E-03   0.45291057E-03
   7.083   1.283   0.20000000E+09   0.10146512E-03   0.45162439E-03   0.31615087E-05   0.10146512E-03   0.45478589E-03
   7.100   1.300   0.20000000E+09   0.10189096E-03   0.45348371E-03   0.31644128E-05   0.10189096E-03   0.45664813E-03
   7.117   1.317   0.20000000E+09   0.10231390E-03   0.45533019E-03   0.31671074E-05   0.10231390E-03   0.45849730E-03
   7.133   1.333   0.20000000E+09   0.10273393E-03   0.45716384E-03   0.31695972E-05   0.10273393E-03   0.46033344E-03
   7.150   1.350   0.20000000E+09   0.10315107E-03   0.45898469E-03   0.31718872E-05   0.10315107E-03   0.46215658E-03
   7.167   1.367   0.20000000E+09   0.10356531E-03   0.46079278E-03   0.31739819E-05   0.10356531E-03   0.46396676E-03
   7.183   1.383   0.20000000E+09   0.10397667E-03   0.46258813E-03   0.31758861E-05   0.10397667E-03   0.46576402E-03
   7.200   1.400   0.20000000E+09   0.10438515E-03   0.46437080E-03   0.31776043E-05   0.10438515E-03   0.46754840E-03
   7.217   1.417   0.20000000E+09   0.10479076E-03   0.46614081E-03   0.31791411E-05   0.10479076E-03   0.46931995E-03
   7.233   1.433   0.20000000E+09   0.10519352E-03   0.46789821E-03   0.31805008E-05   0.10519352E-03   0.47107871E-03
   7.250   1.450   0.20000000E+09   0.10559343E-03   0.46964304E-03   0.31816879E-05   0.10559343E-03   0.47282473E-03
   7.267   1.467   0.20000000E+09   0.10599050E-03   0.47137536E-03   0.31827065E-05   0.10599050E-03   0.47455806E-03
   7.283   1.483   0.20000000E+09   0.10638474E-03   0.47309520E-03   0.31835609E-05   0.10638474E-03   0.47627876E-03
   7.300   1.500   0.20000000E+09   0.10677616E-03   0.47480263E-03   0.31842552E-05   0.10677616E-03   0.47798688E-03
   7.317   1.517   0.20000000E+09   0.10716478E-03   0.47649768E-03   0.31847934E-05   0.10716478E-03   0.47968247E-03
   7.333   1.533   0.20000000E+09   0.10755060E-03   0.47818042E-03   0.31851794E-05   0.10755060E-03   0.48136560E-03
   7.350   1.550   0.20000000E+09   0.10793364E-03   0.47985089E-03   0.31854172E-05   0.10793364E-03   0.48303631E-03
   7.367   1.567   0.20000000E+09   0.10831391E-03   0.48150915E-03   0.31855105E-05   0.10831391E-03   0.48469466E-03
   7.383   1.583   0.20000000E+09   0.10869142E-03   0.48315526E-03   0.31854630E-05   0.10869142E-03   0.48634072E-03
   7.400   1.600   0.20000000E+09   0.10906619E-03   0.48478927E-03   0.31852783E-05   0.10906619E-03   0.48797454E-03
   7.417   1.617   0.20000000E+09   0.10943822E-03   0.48641123E-03   0.31849600E-05   0.10943822E-03   0.48959619E-03
   7.433   1.633   0.20000000E+09   0.10980753E-03   0.48802121E-03   0.31845116E-05   0.10980753E-03   0.49120572E-03
   7.450   1.650   0.20000000E+09   0.11017413E-03   0.48961926E-03   0.31839365E-05   0.11017413E-03   0.49280319E-03
   7.467   1.667   0.20000000E+09   0.11053804E-03   0.49120543E-03   0.31832380E-05   0.11053804E-03   0.49438867E-03
   7.483   1.683   0.20000000E+09   0.11089926E-03   0.49277979E-03   0.31824193E-05   0.11089926E-03   0.49596221E-03
   7.500   1.700   0.20000000E+09   0.11125781E-03   0.49434240E-03   0.31814837E-05   0.11125781E-03   0.49752388E-03
   7.517   1.717   0.20000000E+09   0.11161371E-03   0.49589331E-03   0.31804342E-05   0.11161371E-03   0.49907374E-03
   7.533   1.733   0.20000000E+09   0.11196696E-03   0.49743257E-03   0.31792739E-05   0.11196696E-03   0.50061184E-03
   7.550   1.750   0.20000000E+09   0.11231758E-03   0.49896025E-03   0.31780057E-05   0.11231758E-03   0.50213826E-03
   7.567   1.767   0.20000000E+09   0.11266559E-03   0.50047641E-03   0.31766326E-05   0.11266559E-03   0.50365305E-03
   7.583   1.783   0.20000000E+09   0.11301099E-03   0.50198111E-03   0.31751574E-05   0.11301099E-03   0.50515626E-03
   7.600   1.800   0.20000000E+09   0.11335380E-03   0.50347439E-03   0.31735828E-05   0.11335380E-03   0.50664797E-03
   7.617   1.817   0.20000000E+09   0.11369403E-03   0.50495632E-03   0.31719116E-05   0.11369403E-03   0.50812823E-03
   7.633   1.833   0.20000000E+09   0.11403169E-03   0.50642696E-03   0.31701463E-05   0.11403169E-03   0.50959710E-03
   7.650   1.850   0.20000000E+09   0.11436681E-03   0.50788636E-03   0.31682896E-05   0.11436681E-03   0.51105465E-03
   7.667   1.867   0.20000000E+09   0.11469938E-03   0.50933458E-03   0.31663441E-05   0.11469938E-03   0.51250092E-03
   7.683   1.883   0.20000000E+09   0.11502942E-03   0.51077168E-03   0.31643120E-05   0.11502942E-03   0.51393599E-03
   7.700   1.900   0.20000000E+09   0.11535696E-03   0.51219771E-03   0.31621959E-05   0.11535696E-03   0.51535990E-03
   7.717   1.917   0.20000000E+09   0.11568198E-03   0.51361273E-03   0.31599981E-05   0.11568198E-03   0.51677273E-03
   7.733   1.933   0.20000000E+09   0.11600452E-03   0.51501679E-03   0.31577209E-05   0.11600452E-03   0.51817451E-03
   7.750   1.950   0.20000000E+09   0.11632459E-03   0.51640995E-03   0.31553666E-05   0.11632459E-03   0.51956532E-03
   7.767   1.967   0.20000000E+09   0.11664219E-03   0.51779227E-03   0.31529372E-05   0.11664219E-03   0.52094521E-03
   7.783   1.983   0.20000000E+09   0.11695733E-03   0.51916380E-03   0.31504349E-05   0.11695733E-03   0.52231423E-03
   7.800   2.000   0.20000000E+09   0.11727004E-03   0.52052458E-03   0.31478619E-05   0.11727004E-03   0.52367244E-03
   7.817   2.017   0.20000000E+09   0.11758032E-03   0.52187468E-03   0.31452201E-05   0.11758032E-03   0.52501991E-03
   7.833   2.033   0.20000000E+09   0.11788818E-03   0.52321416E-03   0.31425115E-05   0.11788818E-03   0.52635667E-03
   7.850   2.050   0.20000000E+09   0.11819364E-03   0.52454305E-03   0.31397381E-05   0.11819364E-03   0.52768279E-03
   7.867   2.067   0.20000000E+09   0.11849671E-03   0.52586142E-03   0.31369017E-05   0.11849671E-03   0.52899832E-03
   7.883   2.083   0.20000000E+09   0.11879740E-03   0.52716931E-03   0.31340043E-05   0.11879740E-03   0.53030331E-03
   7.900   2.100   0.20000000E+09   0.11909572E-03   0.52846677E-03   0.31310475E-05   0.11909572E-03   0.53159782E-03
   7.917   2.117   0.20000000E+09   0.11939168E-03   0.52975387E-03   0.31280331E-05   0.11939168E-03   0.53288190E-03
   7.933   2.133   0.20000000E+09   0.11968529E-03   0.53103064E-03   0.31249629E-05   0.11968529E-03   0.53415560E-03
   7.950   2.150   0.20000000E+09   0.11997657E-03   0.53229713E-03   0.31218386E-05   0.11997657E-03   0.53541897E-03
   7.967   2.167   0.20000000E+09   0.12026553E-03   0.53355341E-03   0.31186617E-05   0.12026553E-03   0.53667207E-03
   7.983   2.183   0.20000000E+09   0.12055218E-03   0.53479950E-03   0.31154338E-05   0.12055218E-03   0.53791494E-03
   8.000   2.200   0.20000000E+09   0.12083652E-03   0.53603547E-03   0.31121566E-05   0.12083652E-03   0.53914763E-03
   8.017   2.217   0.20000000E+09   0.12111857E-03   0.53726136E-03   0.31088316E-05   0.12111857E-03   0.54037019E-03
   8.033   2.233   0.20000000E+09   0.12139835E-03   0.53847722E-03   0.31054601E-05   0.12139835E-03   0.54158268E-03
   8.050   2.250   0.20000000E+09   0.12167585E-03   0.53968309E-03   0.31020437E-05   0.12167585E-03   0.54278513E-03
   8.067   2.267   0.20000000E+09   0.12195109E-03   0.54087902E-03   0.30985838E-05   0.12195109E-03   0.54397761E-03
   8.083   2.283   0.20000000E+09   0.12222409E-03   0.54206506E-03   0.30950818E-05   0.12222409E-03   0.54516014E-03
   8.100   2.300   0.20000000E+09   0.12249485E-03   0.54324125E-03   0.30915389E-05   0.12249485E-03   0.54633279E-03
   8.117   2.317   0.20000000E+09   0.12276338E-03   0.54440763E-03   0.30879566E-05   0.12276338E-03   0.54749559E-03
   8.133   2.333   0.20000000E+09   0.12302969E-03   0.54556426E-03   0.30843361E-05   0.12302969E-03   0.54864859E-03
   8.150   2.350   0.20000000E+09   0.12329379E-03   0.54671116E-03   0.30806787E-05   0.12329379E-03   0.54979184E-03
   8.167   2.367   0.20000000E+09   0.12355570E-03   0.54784840E-03   0.30769855E-05   0.12355570E-03   0.55092539E-03
   8.183   2.383   0.20000000E+09   0.12381541E-03   0.54897600E-03   0.30732579E-05   0.12381541E-03   0.55204926E-03
   8.200   2.400   0.20000000E+09   0.12407295E-03   0.55009402E-03   0.30694968E-05   0.12407295E-03   0.55316352E-03
   8.217   2.417   0.20000000E+09   0.12432832E-03   0.55120249E-03   0.30657036E-05   0.12432832E-03   0.55426820E-03
   8.233   2.433   0.20000000E+09   0.12458153E-03   0.55230146E-03   0.30618793E-05   0.12458153E-03   0.55536334E-03
   8.250   2.450   0.20000000E+09   0.12483258E-03   0.55339096E-03   0.30580249E-05   0.12483258E-03   0.55644898E-03
   8.267   2.467   0.20000000E+09   0.12508150E-03   0.55447104E-03   0.30541416E-05   0.12508150E-03   0.55752518E-03
   8.283   2.483   0.20000000E+09   0.12532828E-03   0.55554173E-03   0.30502304E-05   0.12532828E-03   0.55859196E-03
   8.300   2.500   0.20000000E+09   0.12557294E-03   0.55660308E-03   0.30462923E-05   0.12557294E-03   0.55964937E-03
   8.317   2.517   0.20000000E+09   0.12581548E-03   0.55765512E-03   0.30423283E-05   0.12581548E-03   0.56069745E-03
   8.333   2.533   0.20000000E+09   0.12605592E-03   0.55869790E-03   0.30383393E-05   0.12605592E-03   0.56173624E-03
   8.350   2.550   0.20000000E+09   0.12629426E-03   0.55973144E-03   0.30343263E-05   0.12629426E-03   0.56276577E-03
   8.367   2.567   0.20000000E+09   0.12653051E-03   0.56075580E-03   0.30302903E-05   0.12653051E-03   0.56378609E-03
   8.383   2.583   0.20000000E+09   0.12676468E-03   0.56177100E-03   0.30262320E-05   0.12676468E-03   0.56479723E-03
   8.400   2.600   0.20000000E+09   0.12699677E-03   0.56277708E-03   0.30221525E-05   0.12699677E-03   0.56579923E-03
   8.417   2.617   0.20000000E+09   0.12722681E-03   0.56377408E-03   0.30180524E-05   0.12722681E-03   0.56679214E-03
   8.433   2.633   0.20000000E+09   0.12745478E-03   0.56476204E-03   0.30139328E-05   0.12745478E-03   0.56777597E-03
   8.450   2.650   0.20000000E+09   0.12768071E-03   0.56574099E-03   0.30097944E-05   0.12768071E-03   0.56875078E-03
   8.467   2.667   0.20000000E+09   0.12790460E-03   0.56671096E-03   0.30056380E-05   0.12790460E-03   0.56971660E-03
   8.483   2.683   0.20000000E+09   0.12812646E-03   0.56767199E-03   0.30014643E-05   0.12812646E-03   0.57067345E-03
   8.500   2.700   0.20000000E+09   0.12834629E-03   0.56862411E-03   0.29972743E-05   0.12834629E-03   0.57162139E-03
   8.517   2.717   0.20000000E+09   0.12856410E-03   0.56956736E-03   0.29930685E-05   0.12856410E-03   0.57256043E-03
   8.533   2.733   0.20000000E+09   0.12877991E-03   0.57050177E-03   0.29888477E-05   0.12877991E-03   0.57349062E-03
   8.550   2.750   0.20000000E+09   0.12899371E-03   0.57142738E-03   0.29846127E-05   0.12899371E-03   0.57441199E-03
   8.567   2.767   0.20000000E+09   0.12920552E-03   0.57234421E-03   0.29803641E-05   0.12920552E-03   0.57532457E-03
   8.583   2.783   0.20000000E+09   0.12941535E-03   0.57325230E-03   0.29761026E-05   0.12941535E-03   0.57622840E-03
   8.600   2.800   0.20000000E+09   0.12962319E-03   0.57415168E-03   0.29718289E-05   0.12962319E-03   0.57712351E-03
   8.617   2.817   0.20000000E+09   0.12982906E-03   0.57504238E-03   0.29675436E-05   0.12982906E-03   0.57800992E-03
   8.633   2.833   0.20000000E+09   0.13003296E-03   0.57592443E-03   0.29632474E-05   0.13003296E-03   0.57888767E-03
   8.650   2.850   0.20000000E+09   0.13023491E-03   0.57679786E-03   0.29589408E-05   0.13023491E-03   0.57975680E-03
   8.667   2.867   0.20000000E+09   0.13043490E-03   0.57766271E-03   0.29546245E-05   0.13043490E-03   0.58061733E-03
   8.683   2.883   0.20000000E+09   0.13063294E-03   0.57851900E-03   0.29502991E-05   0.13063294E-03   0.58146929E-03
   8.700   2.900   0.20000000E+09   0.13082905E-03   0.57936676E-03   0.29459652E-05   0.13082905E-03   0.58231272E-03
   8.717   2.917   0.20000000E+09   0.13102323E-03   0.58020602E-03   0.29416232E-05   0.13102323E-03   0.58314764E-03
   8.733   2.933   0.20000000E+09   0.13121548E-03   0.58103681E-03   0.29372739E-05   0.13121548E-03   0.58397408E-03
   8.750   2.950   0.20000000E+09   0.13140581E-03   0.58185916E-03   0.29329176E-05   0.13140581E-03   0.58479207E-03
   8.767   2.967   0.20000000E+09   0.13159423E-03   0.58267309E-03   0.29285550E-05   0.13159423E-03   0.58560165E-03
   8.783   2.983   0.20000000E+09   0.13178074E-03   0.58347864E-03   0.29241865E-05   0.13178074E-03   0.58640282E-03
   8.800   3.000   0.20000000E+09   0.13196535E-03   0.58427583E-03   0.29198127E-05   0.13196535E-03   0.58719564E-03
   8.817   3.017   0.20000000E+09   0.13214806E-03   0.58506468E-03   0.29154340E-05   0.13214806E-03   0.58798012E-03
   8.833   3.033   0.20000000E+09   0.13232889E-03   0.58584523E-03   0.29110510E-05   0.13232889E-03   0.58875628E-03
   8.850   3.050   0.20000000E+09   0.13250783E-03   0.58661750E-03   0.29066640E-05   0.13250783E-03   0.58952416E-03
   8.867   3.067   0.20000000E+09   0.13268490E-03   0.58738152E-03   0.29022736E-05   0.13268490E-03   0.59028379E-03
   8.883   3.083   0.20000000E+09   0.13286010E-03   0.58813730E-03   0.28978802E-05   0.13286010E-03   0.59103518E-03
   8.900   3.100   0.20000000E+09   0.13303343E-03   0.58888489E-03   0.28934843E-05   0.13303343E-03   0.59177837E-03
   8.917   3.117   0.20000000E+09   0.13320490E-03   0.58962429E-03   0.28890862E-05   0.13320490E-03   0.59251338E-03
   8.933   3.133   0.20000000E+09   0.13337452E-03   0.59035555E-03   0.28846865E-05   0.13337452E-03   0.59324023E-03
   8.950   3.150   0.20000000E+09   0.13354229E-03   0.59107867E-03   0.28802854E-05   0.13354229E-03   0.59395895E-03
   8.967   3.167   0.20000000E+09   0.13370821E-03   0.59179368E-03   0.28758835E-05   0.13370821E-03   0.59466957E-03
   8.983   3.183   0.20000000E+09   0.13387230E-03   0.59250062E-03   0.28714810E-05   0.13387230E-03   0.59537210E-03
   9.000   3.200   0.20000000E+09   0.13403456E-03   0.59319949E-03   0.28670785E-05   0.13403456E-03   0.59606657E-03
   9.017   3.217   0.20000000E+09   0.13419498E-03   0.59389033E-03   0.28626762E-05   0.13419498E-03   0.59675301E-03
   9.033   3.233   0.20000000E+09   0.13435359E-03   0.59457316E-03   0.28582745E-05   0.13435359E-03   0.59743143E-03
   9.050   3.250   0.20000000E+09   0.13451038E-03   0.59524800E-03   0.28538738E-05   0.13451038E-03   0.59810187E-03
   9.067   3.267   0.20000000E+09   0.13466535E-03   0.59591486E-03   0.28494745E-05   0.13466535E-03   0.59876434E-03
   9.083   3.283   0.20000000E+09   0.13481852E-03   0.59657378E-03   0.28450768E-05   0.13481852E-03   0.59941886E-03
   9.100   3.300   0.20000000E+09   0.13496988E-03   0.59722477E-03   0.28406811E-05   0.13496988E-03   0.60006546E-03
   9.117   3.317   0.20000000E+09   0.13511945E-03   0.59786786E-03   0.28362878E-05   0.13511945E-03   0.60070415E-03
   9.133   3.333   0.20000000E+09   0.13526723E-03   0.59850307E-03   0.28318972E-05   0.13526723E-03   0.60133497E-03
   9.150   3.350   0.20000000E+09   0.13541321E-03   0.59913041E-03   0.28275095E-05   0.13541321E-03   0.60195792E-03
   9.167   3.367   0.20000000E+09   0.13555741E-03   0.59974991E-03   0.28231251E-05   0.13555741E-03   0.60257303E-03
   9.183   3.383   0.20000000E+09   0.13569983E-03   0.60036159E-03   0.28187443E-05   0.13569983E-03   0.60318033E-03
   9.200   3.400   0.20000000E+09   0.13584048E-03   0.60096546E-03   0.28143673E-05   0.13584048E-03   0.60377983E-03
   9.217   3.417   0.20000000E+09   0.13597936E-03   0.60156155E-03   0.28099945E-05   0.13597936E-03   0.60437154E-03
   9.233   3.433   0.20000000E+09   0.13611646E-03   0.60214987E-03   0.28056262E-05   0.13611646E-03   0.60495550E-03
   9.250   3.450   0.20000000E+09   0.13625181E-03   0.60273045E-03   0.28012626E-05   0.13625181E-03   0.60553171E-03
   9.267   3.467   0.20000000E+09   0.13638540E-03   0.60330330E-03   0.27969039E-05   0.13638540E-03   0.60610020E-03
   9.283   3.483   0.20000000E+09   0.13651724E-03   0.60386844E-03   0.27925506E-05   0.13651724E-03   0.60666099E-03
   9.300   3.500   0.20000000E+09   0.13664732E-03   0.60442589E-03   0.27882027E-05   0.13664732E-03   0.60721409E-03
   9.317   3.517   0.20000001E+09   0.13677566E-03   0.60497567E-03   0.27838605E-05   0.13677566E-03   0.60775953E-03
   9.333   3.533   0.20000001E+09   0.13690226E-03   0.60551779E-03   0.27795244E-05   0.13690226E-03   0.60829731E-03
   9.350   3.550   0.20000001E+09   0.13702712E-03   0.60605227E-03   0.27751944E-05   0.13702712E-03   0.60882746E-03
   9.367   3.567   0.20000001E+09   0.13715024E-03   0.60657913E-03   0.27708710E-05   0.13715024E-03   0.60935000E-03
   9.383   3.583   0.20000001E+09   0.13727164E-03   0.60709839E-03   0.27665543E-05   0.13727164E-03   0.60986494E-03
   9.400   3.600   0.20000001E+09   0.13739130E-03   0.60761005E-03   0.27622444E-05   0.13739130E-03   0.61037230E-03
   9.417   3.617   0.20000001E+09   0.13750925E-03   0.60811415E-03   0.27579418E-05   0.13750925E-03   0.61087209E-03
   9.433   3.633   0.20000001E+09   0.13762547E-03   0.60861069E-03   0.27536464E-05   0.13762547E-03   0.61136433E-03
   9.450   3.650   0.20000001E+09   0.13773998E-03   0.60909968E-03   0.27493587E-05   0.13773998E-03   0.61184904E-03
   9.467   3.667   0.20000001E+09   0.13785278E-03   0.60958116E-03   0.27450787E-05   0.13785278E-03   0.61232624E-03
   9.483   3.683   0.20000001E+09   0.13796387E-03   0.61005512E-03   0.27408067E-05   0.13796387E-03   0.61279593E-03
   9.500   3.700   0.20000001E+09   0.13807325E-03   0.61052159E-03   0.27365428E-05   0.13807325E-03   0.61325813E-03
   9.517   3.717   0.20000001E+09   0.13818093E-03   0.61098057E-03   0.27322873E-05   0.13818093E-03   0.61371286E-03
   9.533   3.733   0.20000001E+09   0.13828691E-03   0.61143209E-03   0.27280403E-05   0.13828691E-03   0.61416013E-03
   9.550   3.750   0.20000001E+09   0.13839119E-03   0.61187616E-03   0.27238021E-05   0.13839119E-03   0.61459996E-03
   9.567   3.767   0.20000001E+09   0.13849378E-03   0.61231279E-03   0.27195728E-05   0.13849378E-03   0.61503236E-03
   9.583   3.783   0.20000001E+09   0.13859468E-03   0.61274200E-03   0.27153526E-05   0.13859468E-03   0.61545735E-03
   9.600   3.800   0.20000001E+09   0.13869389E-03   0.61316379E-03   0.27111416E-05   0.13869389E-03   0.61587493E-03
   9.617   3.817   0.20000001E+09   0.13879142E-03   0.61357819E-03   0.27069400E-05   0.13879142E-03   0.61628513E-03
   9.633   3.833   0.20000001E+09   0.13888727E-03   0.61398520E-03   0.27027481E-05   0.13888727E-03   0.61668795E-03
   9.650   3.850   0.20000001E+09   0.13898144E-03   0.61438484E-03   0.26985658E-05   0.13898144E-03   0.61708341E-03
   9.667   3.867   0.20000001E+09   0.13907393E-03   0.61477713E-03   0.26943935E-05   0.13907393E-03   0.61747152E-03
   9.683   3.883   0.20000001E+09   0.13916475E-03   0.61516206E-03   0.26902312E-05   0.13916475E-03   0.61785229E-03
   9.700   3.900   0.20000001E+09   0.13925390E-03   0.61553966E-03   0.26860792E-05   0.13925390E-03   0.61822574E-03
   9.717   3.917   0.20000001E+09   0.13934139E-03   0.61590994E-03   0.26819374E-05   0.13934139E-03   0.61859187E-03
   9.733   3.933   0.20000001E+09   0.13942720E-03   0.61627290E-03   0.26778062E-05   0.13942720E-03   0.61895071E-03
   9.750   3.950   0.20000001E+09   0.13951136E-03   0.61662857E-03   0.26736856E-05   0.13951136E-03   0.61930225E-03
   9.767   3.967   0.20000001E+09   0.13959386E-03   0.61697694E-03   0.26695758E-05   0.13959386E-03   0.61964652E-03
   9.783   3.983   0.20000001E+09   0.13967470E-03   0.61731804E-03   0.26654769E-05   0.13967470E-03   0.61998351E-03
   9.800   4.000   0.20000001E+09   0.13975388E-03   0.61765187E-03   0.26613891E-05   0.13975388E-03   0.62031326E-03
   9.817   4.017   0.20000001E+09   0.13983141E-03   0.61797844E-03   0.26573124E-05   0.13983141E-03   0.62063575E-03
   9.833   4.033   0.20000001E+09   0.13990729E-03   0.61829776E-03   0.26532469E-05   0.13990729E-03   0.62095101E-03
   9.850   4.050   0.20000001E+09   0.13998153E-03   0.61860985E-03   0.26491930E-05   0.13998153E-03   0.62125905E-03
   9.867   4.067   0.20000001E+09   0.14005411E-03   0.61891472E-03   0.26451505E-05   0.14005411E-03   0.62155987E-03
   9.883   4.083   0.20000001E+09   0.14012506E-03   0.61921236E-03   0.26411197E-05   0.14012506E-03   0.62185348E-03
   9.900   4.100   0.20000001E+09   0.14019436E-03   0.61950280E-03   0.26371006E-05   0.14019436E-03   0.62213990E-03
   9.917   4.117   0.20000001E+09   0.14026202E-03   0.61978603E-03   0.26330935E-05   0.14026202E-03   0.62241913E-03
   9.933   4.133   0.20000001E+09   0.14032804E-03   0.62006208E-03   0.26290983E-05   0.14032804E-03   0.62269118E-03
   9.950   4.150   0.20000001E+09   0.14039243E-03   0.62033095E-03   0.26251152E-05   0.14039243E-03   0.62295606E-03
   9.967   4.167   0.20000001E+09   0.14045518E-03   0.62059264E-03   0.26211443E-05   0.14045518E-03   0.62321378E-03
   9.983   4.183   0.20000001E+09   0.14051630E-03   0.62084717E-03   0.26171857E-05   0.14051630E-03   0.62346435E-03
  10.000   4.200   0.20000001E+09   0.14057579E-03   0.62109454E-03   0.26132395E-05   0.14057579E-03   0.62370778E-03
  10.017   4.217   0.20000001E+09   0.14063366E-03   0.62133477E-03   0.26093059E-05   0.14063366E-03   0.62394407E-03
  10.033   4.233   0.20000001E+09   0.14068989E-03   0.62156785E-03   0.26053848E-05   0.14068989E-03   0.62417323E-03
  10.050   4.250   0.20000001E+09   0.14074450E-03   0.62179380E-03   0.26014764E-05   0.14074450E-03   0.62439528E-03
  10.067   4.267   0.20000001E+09   0.14079749E-03   0.62201262E-03   0.25975808E-05   0.14079749E-03   0.62461020E-03
  10.083   4.283   0.20000001E+09   0.14084885E-03   0.62222433E-03   0.25936980E-05   0.14084885E-03   0.62481803E-03
  10.100   4.300   0.20000001E+09   0.14089860E-03   0.62242892E-03   0.25898283E-05   0.14089860E-03   0.62501875E-03
  10.117   4.317   0.20000001E+09   0.14094672E-03   0.62262641E-03   0.25859715E-05   0.14094672E-03   0.62521238E-03
  10.133   4.333   0.20000001E+09   0.14099323E-03   0.62281680E-03   0.25821279E-05   0.14099323E-03   0.62539892E-03
  10.150   4.350   0.20000001E+09   0.14103812E-03   0.62300009E-03   0.25782975E-05   0.14103812E-03   0.62557839E-03
  10.167   4.367   0.20000001E+09   0.14108139E-03   0.62317630E-03   0.25744804E-05   0.14108139E-03   0.62575078E-03
  10.183   4.383   0.20000001E+09   0.14112306E-03   0.62334543E-03   0.25706767E-05   0.14112306E-03   0.62591610E-03
  10.200   4.400   0.20000001E+09   0.14116310E-03   0.62350748E-03   0.25668864E-05   0.14116310E-03   0.62607437E-03
  10.217   4.417   0.20000001E+09   0.14120154E-03   0.62366246E-03   0.25631097E-05   0.14120154E-03   0.62622557E-03
  10.233   4.433   0.20000001E+09   0.14123837E-03   0.62381038E-03   0.25593465E-05   0.14123837E-03   0.62636972E-03
  10.250   4.450   0.20000001E+09   0.14127359E-03   0.62395123E-03   0.25555970E-05   0.14127359E-03   0.62650683E-03
  10.267   4.467   0.20000001E+09   0.14130720E-03   0.62408504E-03   0.25518612E-05   0.14130720E-03   0.62663690E-03
  10.283   4.483   0.20000001E+09   0.14133920E-03   0.62421179E-03   0.25481393E-05   0.14133920E-03   0.62675993E-03
  10.300   4.500   0.20000001E+09   0.14136960E-03   0.62433149E-03   0.25444312E-05   0.14136960E-03   0.62687592E-03
  10.317   4.517   0.20000001E+09   0.14139839E-03   0.62444416E-03   0.25407371E-05   0.14139839E-03   0.62698489E-03
  10.333   4.533   0.20000001E+09   0.14142557E-03   0.62454978E-03   0.25370570E-05   0.14142557E-03   0.62708684E-03
  10.350   4.550   0.20000001E+09   0.14145116E-03   0.62464837E-03   0.25333909E-05   0.14145116E-03   0.62718177E-03
  10.367   4.567   0.20000001E+09   0.14147514E-03   0.62473994E-03   0.25297390E-05   0.14147514E-03   0.62726968E-03
  10.383   4.583   0.20000001E+09   0.14149751E-03   0.62482447E-03   0.25261012E-05   0.14149751E-03   0.62735057E-03
  10.400   4.600   0.20000001E+09   0.14151829E-03   0.62490198E-03   0.25224777E-05   0.14151829E-03   0.62742446E-03
  10.417   4.617   0.20000001E+09   0.14153747E-03   0.62497247E-03   0.25188685E-05   0.14153747E-03   0.62749134E-03
  10.433   4.633   0.20000001E+09   0.14155504E-03   0.62503595E-03   0.25152737E-05   0.14155504E-03   0.62755122E-03
  10.450   4.650   0.20000001E+09   0.14157102E-03   0.62509240E-03   0.25116933E-05   0.14157102E-03   0.62760410E-03
  10.467   4.667   0.20000001E+09   0.14158539E-03   0.62514185E-03   0.25081274E-05   0.14158539E-03   0.62764998E-03
  10.483   4.683   0.20000001E+09   0.14159817E-03   0.62518428E-03   0.25045760E-05   0.14159817E-03   0.62768886E-03
  10.500   4.700   0.20000001E+09   0.14160935E-03   0.62521971E-03   0.25010392E-05   0.14160935E-03   0.62772075E-03
  10.517   4.717   0.20000001E+09   0.14161893E-03   0.62524813E-03   0.24975170E-05   0.14161893E-03   0.62774565E-03
  10.533   4.733   0.20000001E+09   0.14162692E-03   0.62526955E-03   0.24940095E-05   0.14162692E-03   0.62776356E-03
  10.550   4.750   0.20000001E+09   0.14163330E-03   0.62528396E-03   0.24905167E-05   0.14163330E-03   0.62777448E-03
  10.567   4.767   0.20000001E+09   0.14163809E-03   0.62529137E-03   0.24870387E-05   0.14163809E-03   0.62777841E-03
  10.583   4.783   0.20000001E+09   0.14164129E-03   0.62529178E-03   0.24835755E-05   0.14164129E-03   0.62777535E-03
  10.600   4.800   0.20000001E+09   0.14164288E-03   0.62528519E-03   0.24801272E-05   0.14164288E-03   0.62776532E-03
  10.617   4.817   0.20000001E+09   0.14164288E-03   0.62527160E-03   0.24766938E-05   0.14164288E-03   0.62774829E-03
  10.633   4.833   0.20000001E+09   0.14164129E-03   0.62525101E-03   0.24732753E-05   0.14164129E-03   0.62772429E-03
  10.650   4.850   0.20000001E+09   0.14163809E-03   0.62522343E-03   0.24698719E-05   0.14163809E-03   0.62769330E-03
  10.667   4.867   0.20000001E+09   0.14163331E-03   0.62518884E-03   0.24664835E-05   0.14163331E-03   0.62765533E-03
  10.683   4.883   0.20000001E+09   0.14162692E-03   0.62514726E-03   0.24631102E-05   0.14162692E-03   0.62761037E-03
  10.700   4.900   0.20000001E+09   0.14161894E-03   0.62509868E-03   0.24597520E-05   0.14161894E-03   0.62755844E-03
  10.717   4.917   0.20000001E+09   0.14160936E-03   0.62504311E-03   0.24564090E-05   0.14160936E-03   0.62749952E-03
  10.733   4.933   0.20000001E+09   0.14159818E-03   0.62498053E-03   0.24530811E-05   0.14159818E-03   0.62743361E-03
  10.750   4.950   0.20000001E+09   0.14158541E-03   0.62491095E-03   0.24497686E-05   0.14158541E-03   0.62736072E-03
  10.767   4.967   0.20000001E+09   0.14157104E-03   0.62483438E-03   0.24464713E-05   0.14157104E-03   0.62728085E-03
  10.783   4.983   0.20000001E+09   0.14155507E-03   0.62475080E-03   0.24431893E-05   0.14155507E-03   0.62719399E-03
  10.800   5.000   0.20000001E+09   0.14153751E-03   0.62466022E-03   0.24399227E-05   0.14153751E-03   0.62710014E-03
  10.817   5.017   0.20000001E+09   0.14151834E-03   0.62456263E-03   0.24366714E-05   0.14151834E-03   0.62699930E-03
  10.833   5.033   0.20000001E+09   0.14149758E-03   0.62445804E-03   0.24334356E-05   0.14149758E-03   0.62689147E-03
  10.850   5.050   0.20000001E+09   0.14147522E-03   0.62434644E-03   0.24302152E-05   0.14147522E-03   0.62677665E-03
  10.867   5.067   0.20000001E+09   0.14145125E-03   0.62422783E-03   0.24270104E-05   0.14145125E-03   0.62665484E-03
  10.883   5.083   0.20000001E+09   0.14142569E-03   0.62410220E-03   0.24238210E-05   0.14142569E-03   0.62652602E-03
  10.900   5.100   0.20000001E+09   0.14139853E-03   0.62396956E-03   0.24206473E-05   0.14139853E-03   0.62639021E-03
  10.917   5.117   0.20000001E+09   0.14136976E-03   0.62382991E-03   0.24174891E-05   0.14136976E-03   0.62624740E-03
  10.933   5.133   0.20000001E+09   0.14133939E-03   0.62368323E-03   0.24143465E-05   0.14133939E-03   0.62609758E-03
  10.950   5.150   0.20000001E+09   0.14130742E-03   0.62352954E-03   0.24112196E-05   0.14130742E-03   0.62594075E-03
  10.967   5.167   0.20000001E+09   0.14127385E-03   0.62336881E-03   0.24081084E-05   0.14127385E-03   0.62577692E-03
  10.983   5.183   0.20000001E+09   0.14123867E-03   0.62320106E-03   0.24050128E-05   0.14123867E-03   0.62560607E-03
  11.000   5.200   0.20000001E+09   0.14120189E-03   0.62302627E-03   0.24019331E-05   0.14120189E-03   0.62542820E-03
  11.017   5.217   0.20000001E+09   0.14116350E-03   0.62284444E-03   0.23988691E-05   0.14116350E-03   0.62524331E-03
  11.033   5.233   0.20000001E+09   0.14112350E-03   0.62265558E-03   0.23958209E-05   0.14112350E-03   0.62505140E-03
  11.050   5.250   0.20000001E+09   0.14108189E-03   0.62245967E-03   0.23927885E-05   0.14108189E-03   0.62485246E-03
  11.067   5.267   0.20000001E+09   0.14103868E-03   0.62225671E-03   0.23897720E-05   0.14103868E-03   0.62464648E-03
  11.083   5.283   0.20000001E+09   0.14099385E-03   0.62204670E-03   0.23867713E-05   0.14099385E-03   0.62443347E-03
  11.100   5.300   0.20000001E+09   0.14094742E-03   0.62182963E-03   0.23837866E-05   0.14094742E-03   0.62421342E-03
  11.117   5.317   0.20000001E+09   0.14089937E-03   0.62160550E-03   0.23808178E-05   0.14089937E-03   0.62398632E-03
  11.133   5.333   0.20000001E+09   0.14084970E-03   0.62137430E-03   0.23778650E-05   0.14084970E-03   0.62375216E-03
  11.150   5.350   0.20000001E+09   0.14079843E-03   0.62113603E-03   0.23749282E-05   0.14079843E-03   0.62351095E-03
  11.167   5.367   0.20000001E+09   0.14074553E-03   0.62089068E-03   0.23720074E-05   0.14074553E-03   0.62326268E-03
  11.183   5.383   0.20000001E+09   0.14069102E-03   0.62063824E-03   0.23691026E-05   0.14069102E-03   0.62300734E-03
  11.200   5.400   0.20000001E+09   0.14063489E-03   0.62037872E-03   0.23662139E-05   0.14063489E-03   0.62274493E-03
  11.217   5.417   0.20000001E+09   0.14057714E-03   0.62011210E-03   0.23633413E-05   0.14057714E-03   0.62247544E-03
  11.233   5.433   0.20000001E+09   0.14051777E-03   0.61983838E-03   0.23604848E-05   0.14051777E-03   0.62219886E-03
  11.250   5.450   0.20000001E+09   0.14045678E-03   0.61955755E-03   0.23576444E-05   0.14045678E-03   0.62191520E-03
  11.267   5.467   0.20000001E+09   0.14039416E-03   0.61926961E-03   0.23548203E-05   0.14039416E-03   0.62162443E-03
  11.283   5.483   0.20000001E+09   0.14032991E-03   0.61897455E-03   0.23520123E-05   0.14032991E-03   0.62132656E-03
  11.300   5.500   0.20000001E+09   0.14026404E-03   0.61867236E-03   0.23492205E-05   0.14026404E-03   0.62102158E-03
  11.317   5.517   0.20000001E+09   0.14019654E-03   0.61836304E-03   0.23464450E-05   0.14019654E-03   0.62070948E-03
  11.333   5.533   0.20000001E+09   0.14012740E-03   0.61804658E-03   0.23436857E-05   0.14012740E-03   0.62039026E-03
  11.350   5.550   0.20000001E+09   0.14005664E-03   0.61772296E-03   0.23409427E-05   0.14005664E-03   0.62006391E-03
  11.367   5.567   0.20000001E+09   0.13998424E-03   0.61739220E-03   0.23382160E-05   0.13998424E-03   0.61973041E-03
  11.383   5.583   0.20000001E+09   0.13991020E-03   0.61705426E-03   0.23355057E-05   0.13991020E-03   0.61938977E-03
  11.400   5.600   0.20000001E+09   0.13983453E-03   0.61670916E-03   0.23328117E-05   0.13983453E-03   0.61904197E-03
  11.417   5.617   0.20000001E+09   0.13975721E-03   0.61635688E-03   0.23301341E-05   0.13975721E-03   0.61868701E-03
  11.433   5.633   0.20000001E+09   0.13967826E-03   0.61599741E-03   0.23274728E-05   0.13967826E-03   0.61832488E-03
  11.450   5.650   0.20000001E+09   0.13959766E-03   0.61563075E-03   0.23248281E-05   0.13959766E-03   0.61795557E-03
  11.467   5.667   0.20000001E+09   0.13951541E-03   0.61525688E-03   0.23221997E-05   0.13951541E-03   0.61757907E-03
  11.483   5.683   0.20000001E+09   0.13943152E-03   0.61487579E-03   0.23195878E-05   0.13943152E-03   0.61719538E-03
  11.500   5.700   0.20000001E+09   0.13934598E-03   0.61448749E-03   0.23169925E-05   0.13934598E-03   0.61680448E-03
  11.517   5.717   0.20000001E+09   0.13925878E-03   0.61409195E-03   0.23144136E-05   0.13925878E-03   0.61640636E-03
  11.533   5.733   0.20000001E+09   0.13916993E-03   0.61368917E-03   0.23118513E-05   0.13916993E-03   0.61600103E-03
  11.550   5.750   0.20000001E+09   0.13907943E-03   0.61327915E-03   0.23093055E-05   0.13907943E-03   0.61558845E-03
  11.567   5.767   0.20000001E+09   0.13898726E-03   0.61286186E-03   0.23067763E-05   0.13898726E-03   0.61516864E-03
  11.583   5.783   0.20000001E+09   0.13889344E-03   0.61243731E-03   0.23042637E-05   0.13889344E-03   0.61474157E-03
  11.600   5.800   0.20000001E+09   0.13879795E-03   0.61200547E-03   0.23017678E-05   0.13879795E-03   0.61430724E-03
  11.617   5.817   0.20000001E+09   0.13870080E-03   0.61156635E-03   0.22992885E-05   0.13870080E-03   0.61386564E-03
  11.633   5.833   0.20000001E+09   0.13860198E-03   0.61111993E-03   0.22968259E-05   0.13860198E-03   0.61341675E-03
  11.650   5.850   0.20000001E+09   0.13850149E-03   0.61066619E-03   0.22943800E-05   0.13850149E-03   0.61296057E-03
  11.667   5.867   0.20000001E+09   0.13839933E-03   0.61020514E-03   0.22919507E-05   0.13839933E-03   0.61249709E-03
  11.683   5.883   0.20000001E+09   0.13829549E-03   0.60973675E-03   0.22895383E-05   0.13829549E-03   0.61202629E-03
  11.700   5.900   0.20000001E+09   0.13818998E-03   0.60926103E-03   0.22871426E-05   0.13818998E-03   0.61154817E-03
  11.717   5.917   0.20000001E+09   0.13808278E-03   0.60877795E-03   0.22847637E-05   0.13808278E-03   0.61106271E-03
  11.733   5.933   0.20000001E+09   0.13797390E-03   0.60828750E-03   0.22824016E-05   0.13797390E-03   0.61056990E-03
  11.750   5.950   0.20000001E+09   0.13786334E-03   0.60778968E-03   0.22800563E-05   0.13786334E-03   0.61006973E-03
  11.767   5.967   0.20000001E+09   0.13775108E-03   0.60728446E-03   0.22777279E-05   0.13775108E-03   0.60956219E-03
  11.783   5.983   0.20000001E+09   0.13763714E-03   0.60677185E-03   0.22754164E-05   0.13763714E-03   0.60904727E-03
  11.800   6.000   0.20000001E+09   0.13752150E-03   0.60625183E-03   0.22731218E-05   0.13752150E-03   0.60852495E-03
  11.817   6.017   0.20000001E+09   0.13740417E-03   0.60572438E-03   0.22708441E-05   0.13740417E-03   0.60799522E-03
  11.833   6.033   0.20000001E+09   0.13728514E-03   0.60518950E-03   0.22685833E-05   0.13728514E-03   0.60745808E-03
  11.850   6.050   0.20000001E+09   0.13716440E-03   0.60464716E-03   0.22663396E-05   0.13716440E-03   0.60691350E-03
  11.867   6.067   0.20000001E+09   0.13704196E-03   0.60409736E-03   0.22641128E-05   0.13704196E-03   0.60636148E-03
  11.883   6.083   0.20000001E+09   0.13691781E-03   0.60354009E-03   0.22619031E-05   0.13691781E-03   0.60580200E-03
  11.900   6.100   0.20000001E+09   0.13679195E-03   0.60297533E-03   0.22597104E-05   0.13679195E-03   0.60523504E-03
  11.917   6.117   0.20000001E+09   0.13666437E-03   0.60240307E-03   0.22575348E-05   0.13666437E-03   0.60466061E-03
  11.933   6.133   0.20000001E+09   0.13653508E-03   0.60182329E-03   0.22553763E-05   0.13653508E-03   0.60407867E-03
  11.950   6.150   0.20000001E+09   0.13640407E-03   0.60123599E-03   0.22532350E-05   0.13640407E-03   0.60348923E-03
  11.967   6.167   0.20000001E+09   0.13627133E-03   0.60064114E-03   0.22511107E-05   0.13627133E-03   0.60289225E-03
  11.983   6.183   0.20000001E+09   0.13613687E-03   0.60003874E-03   0.22490037E-05   0.13613687E-03   0.60228774E-03
  12.000   6.200   0.20000001E+09   0.13600067E-03   0.59942877E-03   0.22469139E-05   0.13600067E-03   0.60167568E-03
  12.017   6.217   0.20000001E+09   0.13586275E-03   0.59881121E-03   0.22448413E-05   0.13586275E-03   0.60105605E-03
  12.033   6.233   0.20000001E+09   0.13572308E-03   0.59818605E-03   0.22427859E-05   0.13572308E-03   0.60042884E-03
  12.050   6.250   0.20000001E+09   0.13558168E-03   0.59755328E-03   0.22407479E-05   0.13558168E-03   0.59979403E-03
  12.067   6.267   0.20000001E+09   0.13543853E-03   0.59691288E-03   0.22387271E-05   0.13543853E-03   0.59915161E-03
  12.083   6.283   0.20000001E+09   0.13529364E-03   0.59626484E-03   0.22367237E-05   0.13529364E-03   0.59850156E-03
  12.100   6.300   0.20000001E+09   0.13514699E-03   0.59560914E-03   0.22347377E-05   0.13514699E-03   0.59784387E-03
  12.117   6.317   0.20000001E+09   0.13499859E-03   0.59494576E-03   0.22327691E-05   0.13499859E-03   0.59717853E-03
  12.133   6.333   0.20000001E+09   0.13484843E-03   0.59427470E-03   0.22308179E-05   0.13484843E-03   0.59650551E-03
  12.150   6.350   0.20000001E+09   0.13469652E-03   0.59359593E-03   0.22288841E-05   0.13469652E-03   0.59582481E-03
  12.167   6.367   0.20000001E+09   0.13454283E-03   0.59290944E-03   0.22269679E-05   0.13454283E-03   0.59513641E-03
  12.183   6.383   0.20000001E+09   0.13438738E-03   0.59221521E-03   0.22250691E-05   0.13438738E-03   0.59444028E-03
  12.200   6.400   0.20000001E+09   0.13423016E-03   0.59151323E-03   0.22231879E-05   0.13423016E-03   0.59373642E-03
  12.217   6.417   0.20000001E+09   0.13407116E-03   0.59080348E-03   0.22213243E-05   0.13407116E-03   0.59302481E-03
  12.233   6.433   0.20000001E+09   0.13391038E-03   0.59008595E-03   0.22194782E-05   0.13391038E-03   0.59230543E-03
  12.250   6.450   0.20000001E+09   0.13374782E-03   0.58936061E-03   0.22176498E-05   0.13374782E-03   0.59157826E-03
  12.267   6.467   0.20000001E+09   0.13358347E-03   0.58862746E-03   0.22158391E-05   0.13358347E-03   0.59084329E-03
  12.283   6.483   0.20000001E+09   0.13341733E-03   0.58788646E-03   0.22140461E-05   0.13341733E-03   0.59010051E-03
  12.300   6.500   0.20000001E+09   0.13324939E-03   0.58713762E-03   0.22122708E-05   0.13324939E-03   0.58934989E-03
  12.317   6.517   0.20000001E+09   0.13307966E-03   0.58638091E-03   0.22105133E-05   0.13307966E-03   0.58859142E-03
  12.333   6.533   0.20000001E+09   0.13290812E-03   0.58561630E-03   0.22087735E-05   0.13290812E-03   0.58782508E-03
  12.350   6.550   0.20000001E+09   0.13273478E-03   0.58484380E-03   0.22070516E-05   0.13273478E-03   0.58705085E-03
  12.367   6.567   0.20000001E+09   0.13255962E-03   0.58406337E-03   0.22053476E-05   0.13255962E-03   0.58626871E-03
  12.383   6.583   0.20000001E+09   0.13238265E-03   0.58327499E-03   0.22036615E-05   0.13238265E-03   0.58547866E-03
  12.400   6.600   0.20000001E+09   0.13220386E-03   0.58247866E-03   0.22019933E-05   0.13220386E-03   0.58468066E-03
  12.417   6.617   0.20000001E+09   0.13202324E-03   0.58167436E-03   0.22003431E-05   0.13202324E-03   0.58387470E-03
  12.433   6.633   0.20000001E+09   0.13184080E-03   0.58086206E-03   0.21987108E-05   0.13184080E-03   0.58306077E-03
  12.450   6.650   0.20000001E+09   0.13165653E-03   0.58004174E-03   0.21970967E-05   0.13165653E-03   0.58223884E-03
  12.467   6.667   0.20000001E+09   0.13147042E-03   0.57921339E-03   0.21955006E-05   0.13147042E-03   0.58140889E-03
  12.483   6.683   0.20000001E+09   0.13128247E-03   0.57837699E-03   0.21939226E-05   0.13128247E-03   0.58057091E-03
  12.500   6.700   0.20000001E+09   0.13109267E-03   0.57753252E-03   0.21923628E-05   0.13109267E-03   0.57972488E-03
  12.517   6.717   0.20000001E+09   0.13090102E-03   0.57667996E-03   0.21908212E-05   0.13090102E-03   0.57887078E-03
  12.533   6.733   0.20000001E+09   0.13070753E-03   0.57581929E-03   0.21892978E-05   0.13070753E-03   0.57800859E-03
  12.550   6.750   0.20000001E+09   0.13051217E-03   0.57495049E-03   0.21877927E-05   0.13051217E-03   0.57713829E-03
  12.567   6.767   0.20000001E+09   0.13031495E-03   0.57407355E-03   0.21863059E-05   0.13031495E-03   0.57625986E-03
  12.583   6.783   0.20000001E+09   0.13011586E-03   0.57318844E-03   0.21848375E-05   0.13011586E-03   0.57537328E-03
  12.600   6.800   0.20000001E+09   0.12991490E-03   0.57229514E-03   0.21833874E-05   0.12991490E-03   0.57447853E-03
  12.617   6.817   0.20000001E+09   0.12971207E-03   0.57139363E-03   0.21819559E-05   0.12971207E-03   0.57357559E-03
  12.633   6.833   0.20000001E+09   0.12950735E-03   0.57048390E-03   0.21805427E-05   0.12950735E-03   0.57266444E-03
  12.650   6.850   0.20000001E+09   0.12930075E-03   0.56956592E-03   0.21791481E-05   0.12930075E-03   0.57174507E-03
  12.667   6.867   0.20000001E+09   0.12909226E-03   0.56863967E-03   0.21777721E-05   0.12909226E-03   0.57081744E-03
  12.683   6.883   0.20000001E+09   0.12888188E-03   0.56770513E-03   0.21764147E-05   0.12888188E-03   0.56988155E-03
  12.700   6.900   0.20000001E+09   0.12866959E-03   0.56676229E-03   0.21750760E-05   0.12866959E-03   0.56893736E-03
  12.717   6.917   0.20000001E+09   0.12845540E-03   0.56581111E-03   0.21737559E-05   0.12845540E-03   0.56798487E-03
  12.733   6.933   0.20000001E+09   0.12823930E-03   0.56485158E-03   0.21724547E-05   0.12823930E-03   0.56702404E-03
  12.750   6.950   0.20000001E+09   0.12802129E-03   0.56388368E-03   0.21711722E-05   0.12802129E-03   0.56605486E-03
  12.767   6.967   0.20000001E+09   0.12780136E-03   0.56290739E-03   0.21699085E-05   0.12780136E-03   0.56507730E-03
  12.783   6.983   0.20000001E+09   0.12757950E-03   0.56192269E-03   0.21686638E-05   0.12757950E-03   0.56409135E-03
  12.800   7.000   0.20000001E+09   0.12735572E-03   0.56092955E-03   0.21674380E-05   0.12735572E-03   0.56309698E-03
  12.817   7.017   0.20000001E+09   0.12713000E-03   0.55992795E-03   0.21662311E-05   0.12713000E-03   0.56209418E-03
  12.833   7.033   0.20000001E+09   0.12690235E-03   0.55891787E-03   0.21650434E-05   0.12690235E-03   0.56108291E-03
  12.850   7.050   0.20000001E+09   0.12667275E-03   0.55789929E-03   0.21638747E-05   0.12667275E-03   0.56006316E-03
  12.867   7.067   0.20000001E+09   0.12644120E-03   0.55687219E-03   0.21627252E-05   0.12644120E-03   0.55903491E-03
  12.883   7.083   0.20000001E+09   0.12620770E-03   0.55583654E-03   0.21615948E-05   0.12620770E-03   0.55799814E-03
  12.900   7.100   0.20000001E+09   0.12597224E-03   0.55479233E-03   0.21604838E-05   0.12597224E-03   0.55695281E-03
  12.917   7.117   0.20000001E+09   0.12573482E-03   0.55373952E-03   0.21593920E-05   0.12573482E-03   0.55589892E-03
  12.933   7.133   0.20000001E+09   0.12549543E-03   0.55267811E-03   0.21583196E-05   0.12549543E-03   0.55483643E-03
  12.950   7.150   0.20000001E+09   0.12525406E-03   0.55160806E-03   0.21572666E-05   0.12525406E-03   0.55376533E-03
  12.967   7.167   0.20000001E+09   0.12501072E-03   0.55052936E-03   0.21562331E-05   0.12501072E-03   0.55268559E-03
  12.983   7.183   0.20000001E+09   0.12476539E-03   0.54944198E-03   0.21552191E-05   0.12476539E-03   0.55159719E-03
  13.000   7.200   0.20000001E+09   0.12451807E-03   0.54834589E-03   0.21542247E-05   0.12451807E-03   0.55050012E-03
  13.017   7.217   0.20000001E+09   0.12426876E-03   0.54724108E-03   0.21532499E-05   0.12426876E-03   0.54939433E-03
  13.033   7.233   0.20000001E+09   0.12401745E-03   0.54612752E-03   0.21522949E-05   0.12401745E-03   0.54827982E-03
  13.050   7.250   0.20000001E+09   0.12376413E-03   0.54500519E-03   0.21513596E-05   0.12376413E-03   0.54715655E-03
  13.067   7.267   0.20000001E+09   0.12350880E-03   0.54387407E-03   0.21504441E-05   0.12350880E-03   0.54602452E-03
  13.083   7.283   0.20000001E+09   0.12325146E-03   0.54273413E-03   0.21495486E-05   0.12325146E-03   0.54488368E-03
  13.100   7.300   0.20000001E+09   0.12299209E-03   0.54158535E-03   0.21486730E-05   0.12299209E-03   0.54373403E-03
  13.117   7.317   0.20000001E+09   0.12273070E-03   0.54042771E-03   0.21478174E-05   0.12273070E-03   0.54257553E-03
  13.133   7.333   0.20000001E+09   0.12246728E-03   0.53926118E-03   0.21469819E-05   0.12246728E-03   0.54140816E-03
  13.150   7.350   0.20000001E+09   0.12220182E-03   0.53808574E-03   0.21461665E-05   0.12220182E-03   0.54023191E-03
  13.167   7.367   0.20000001E+09   0.12193432E-03   0.53690136E-03   0.21453714E-05   0.12193432E-03   0.53904674E-03
  13.183   7.383   0.20000001E+09   0.12166477E-03   0.53570803E-03   0.21445965E-05   0.12166477E-03   0.53785263E-03
  13.200   7.400   0.20000001E+09   0.12139317E-03   0.53450572E-03   0.21438420E-05   0.12139317E-03   0.53664956E-03
  13.217   7.417   0.20000001E+09   0.12111951E-03   0.53329440E-03   0.21431080E-05   0.12111951E-03   0.53543751E-03
  13.233   7.433   0.20000001E+09   0.12084379E-03   0.53207405E-03   0.21423944E-05   0.12084379E-03   0.53421644E-03
  13.250   7.450   0.20000001E+09   0.12056599E-03   0.53084465E-03   0.21417013E-05   0.12056599E-03   0.53298635E-03
  13.267   7.467   0.20000001E+09   0.12028612E-03   0.52960617E-03   0.21410289E-05   0.12028612E-03   0.53174720E-03
  13.283   7.483   0.20000001E+09   0.12000418E-03   0.52835859E-03   0.21403772E-05   0.12000418E-03   0.53049897E-03
  13.300   7.500   0.20000001E+09   0.11972014E-03   0.52710189E-03   0.21397463E-05   0.11972014E-03   0.52924163E-03
  13.317   7.517   0.20000001E+09   0.11943401E-03   0.52583604E-03   0.21391362E-05   0.11943401E-03   0.52797517E-03
  13.333   7.533   0.20000001E+09   0.11914579E-03   0.52456101E-03   0.21385471E-05   0.11914579E-03   0.52669956E-03
  13.350   7.550   0.20000001E+09   0.11885547E-03   0.52327679E-03   0.21379790E-05   0.11885547E-03   0.52541477E-03
  13.367   7.567   0.20000001E+09   0.11856303E-03   0.52198335E-03   0.21374319E-05   0.11856303E-03   0.52412078E-03
  13.383   7.583   0.20000001E+09   0.11826849E-03   0.52068066E-03   0.21369060E-05   0.11826849E-03   0.52281757E-03
  13.400   7.600   0.20000001E+09   0.11797182E-03   0.51936870E-03   0.21364014E-05   0.11797182E-03   0.52150510E-03
  13.417   7.617   0.20000001E+09   0.11767303E-03   0.51804745E-03   0.21359181E-05   0.11767303E-03   0.52018337E-03
  13.433   7.633   0.20000001E+09   0.11737211E-03   0.51671689E-03   0.21354562E-05   0.11737211E-03   0.51885234E-03
  13.450   7.650   0.20000001E+09   0.11706906E-03   0.51537698E-03   0.21350158E-05   0.11706906E-03   0.51751200E-03
  13.467   7.667   0.20000001E+09   0.11676387E-03   0.51402771E-03   0.21345970E-05   0.11676387E-03   0.51616230E-03
  13.483   7.683   0.20000001E+09   0.11645653E-03   0.51266905E-03   0.21341998E-05   0.11645653E-03   0.51480324E-03
  13.500   7.700   0.20000001E+09   0.11614703E-03   0.51130097E-03   0.21338244E-05   0.11614703E-03   0.51343479E-03
  13.517   7.717   0.20000001E+09   0.11583538E-03   0.50992346E-03   0.21334708E-05   0.11583538E-03   0.51205693E-03
  13.533   7.733   0.20000001E+09   0.11552157E-03   0.50853648E-03   0.21331391E-05   0.11552157E-03   0.51066962E-03
  13.550   7.750   0.20000001E+09   0.11520559E-03   0.50714002E-03   0.21328295E-05   0.11520559E-03   0.50927285E-03
  13.567   7.767   0.20000001E+09   0.11488744E-03   0.50573406E-03   0.21325419E-05   0.11488744E-03   0.50786660E-03
  13.583   7.783   0.20000001E+09   0.11456711E-03   0.50431856E-03   0.21322766E-05   0.11456711E-03   0.50645083E-03
  13.600   7.800   0.20000001E+09   0.11424459E-03   0.50289350E-03   0.21320335E-05   0.11424459E-03   0.50502553E-03
  13.617   7.817   0.20000001E+09   0.11391989E-03   0.50145886E-03   0.21318128E-05   0.11391989E-03   0.50359068E-03
  13.633   7.833   0.20000001E+09   0.11359299E-03   0.50001462E-03   0.21316146E-05   0.11359299E-03   0.50214624E-03
  13.650   7.850   0.20000001E+09   0.11326388E-03   0.49856075E-03   0.21314390E-05   0.11326388E-03   0.50069219E-03
  13.667   7.867   0.20000001E+09   0.11293258E-03   0.49709724E-03   0.21312860E-05   0.11293258E-03   0.49922852E-03
  13.683   7.883   0.20000001E+09   0.11259906E-03   0.49562404E-03   0.21311559E-05   0.11259906E-03   0.49775520E-03
  13.700   7.900   0.20000001E+09   0.11226333E-03   0.49414115E-03   0.21310486E-05   0.11226333E-03   0.49627220E-03
  13.717   7.917   0.20000001E+09   0.11192537E-03   0.49264854E-03   0.21309642E-05   0.11192537E-03   0.49477951E-03
  13.733   7.933   0.20000001E+09   0.11158519E-03   0.49114619E-03   0.21309030E-05   0.11158519E-03   0.49327710E-03
  13.750   7.950   0.20000001E+09   0.11124277E-03   0.48963407E-03   0.21308649E-05   0.11124277E-03   0.49176494E-03
  13.767   7.967   0.20000001E+09   0.11089812E-03   0.48811217E-03   0.21308501E-05   0.11089812E-03   0.49024302E-03
  13.783   7.983   0.20000001E+09   0.11055123E-03   0.48658045E-03   0.21308587E-05   0.11055123E-03   0.48871131E-03
  13.800   8.000   0.20000001E+09   0.11020209E-03   0.48503890E-03   0.21308908E-05   0.11020209E-03   0.48716979E-03
  13.817   8.017   0.20000001E+09   0.10985070E-03   0.48348749E-03   0.21309466E-05   0.10985070E-03   0.48561844E-03
  13.833   8.033   0.20000001E+09   0.10949705E-03   0.48192621E-03   0.21310260E-05   0.10949705E-03   0.48405724E-03
  13.850   8.050   0.20000001E+09   0.10914114E-03   0.48035503E-03   0.21311293E-05   0.10914114E-03   0.48248616E-03
  13.867   8.067   0.20000001E+09   0.10878296E-03   0.47877392E-03   0.21312565E-05   0.10878296E-03   0.48090518E-03
  13.883   8.083   0.20000001E+09   0.10842251E-03   0.47718288E-03   0.21314078E-05   0.10842251E-03   0.47931428E-03
  13.900   8.100   0.20000001E+09   0.10805978E-03   0.47558187E-03   0.21315833E-05   0.10805978E-03   0.47771345E-03
  13.917   8.117   0.20000001E+09   0.10769477E-03   0.47397087E-03   0.21317830E-05   0.10769477E-03   0.47610266E-03
  13.933   8.133   0.20000001E+09   0.10732747E-03   0.47234988E-03   0.21320072E-05   0.10732747E-03   0.47448188E-03
  13.950   8.150   0.20000001E+09   0.10695788E-03   0.47071885E-03   0.21322559E-05   0.10695788E-03   0.47285111E-03
  13.967   8.167   0.20000001E+09   0.10658600E-03   0.46907778E-03   0.21325293E-05   0.10658600E-03   0.47121031E-03
  13.983   8.183   0.20000001E+09   0.10621182E-03   0.46742665E-03   0.21328274E-05   0.10621182E-03   0.46955948E-03
  14.000   8.200   0.20000001E+09   0.10583533E-03   0.46576543E-03   0.21331504E-05   0.10583533E-03   0.46789858E-03
  14.017   8.217   0.20000001E+09   0.10545654E-03   0.46409410E-03   0.21334985E-05   0.10545654E-03   0.46622760E-03
  14.033   8.233   0.20000001E+09   0.10507543E-03   0.46241266E-03   0.21338717E-05   0.10507543E-03   0.46454653E-03
  14.050   8.250   0.20000001E+09   0.10469200E-03   0.46072107E-03   0.21342702E-05   0.10469200E-03   0.46285534E-03
  14.067   8.267   0.20000001E+09   0.10430625E-03   0.45901932E-03   0.21346941E-05   0.10430625E-03   0.46115401E-03
  14.083   8.283   0.20000001E+09   0.10391818E-03   0.45730739E-03   0.21351435E-05   0.10391818E-03   0.45944254E-03
  14.100   8.300   0.20000001E+09   0.10352778E-03   0.45558527E-03   0.21356186E-05   0.10352778E-03   0.45772089E-03
  14.117   8.317   0.20000001E+09   0.10313504E-03   0.45385294E-03   0.21361195E-05   0.10313504E-03   0.45598906E-03
  14.133   8.333   0.20000001E+09   0.10273997E-03   0.45211038E-03   0.21366464E-05   0.10273997E-03   0.45424702E-03
  14.150   8.350   0.20000001E+09   0.10234255E-03   0.45035757E-03   0.21371993E-05   0.10234255E-03   0.45249477E-03
  14.167   8.367   0.20000001E+09   0.10194279E-03   0.44859450E-03   0.21377785E-05   0.10194279E-03   0.45073227E-03
  14.183   8.383   0.20000001E+09   0.10154069E-03   0.44682115E-03   0.21383840E-05   0.10154069E-03   0.44895953E-03
  14.200   8.400   0.20000001E+09   0.10113623E-03   0.44503751E-03   0.21390160E-05   0.10113623E-03   0.44717653E-03
  14.217   8.417   0.20000001E+09   0.10072941E-03   0.44324357E-03   0.21396747E-05   0.10072941E-03   0.44538324E-03
  14.233   8.433   0.20000001E+09   0.10032024E-03   0.44143930E-03   0.21403601E-05   0.10032024E-03   0.44357966E-03
  14.250   8.450   0.20000001E+09   0.99908711E-04   0.43962470E-03   0.21410725E-05   0.99908711E-04   0.44176578E-03
  14.267   8.467   0.20000001E+09   0.99494815E-04   0.43779976E-03   0.21418119E-05   0.99494815E-04   0.43994157E-03
  14.283   8.483   0.20000001E+09   0.99078553E-04   0.43596446E-03   0.21425786E-05   0.99078553E-04   0.43810703E-03
  14.300   8.500   0.20000001E+09   0.98659921E-04   0.43411878E-03   0.21433726E-05   0.98659921E-04   0.43626215E-03
  14.317   8.517   0.20000001E+09   0.98238918E-04   0.43226273E-03   0.21441942E-05   0.98238918E-04   0.43440692E-03
  14.333   8.533   0.20000001E+09   0.97815540E-04   0.43039628E-03   0.21450434E-05   0.97815540E-04   0.43254132E-03
  14.350   8.550   0.20000001E+09   0.97389786E-04   0.42851943E-03   0.21459205E-05   0.97389786E-04   0.43066535E-03
  14.367   8.567   0.20000001E+09   0.96961654E-04   0.42663217E-03   0.21468256E-05   0.96961654E-04   0.42877900E-03
  14.383   8.583   0.20000001E+09   0.96531141E-04   0.42473449E-03   0.21477588E-05   0.96531141E-04   0.42688225E-03
  14.400   8.600   0.20000001E+09   0.96098246E-04   0.42282639E-03   0.21487203E-05   0.96098246E-04   0.42497511E-03
  14.417   8.617   0.20000001E+09   0.95662968E-04   0.42090785E-03   0.21497103E-05   0.95662968E-04   0.42305756E-03
  14.433   8.633   0.20000001E+09   0.95225304E-04   0.41897887E-03   0.21507290E-05   0.95225304E-04   0.42112960E-03
  14.450   8.650   0.20000001E+09   0.94785254E-04   0.41703944E-03   0.21517764E-05   0.94785254E-04   0.41919122E-03
  14.467   8.667   0.20000001E+09   0.94342817E-04   0.41508956E-03   0.21528527E-05   0.94342817E-04   0.41724242E-03
  14.483   8.683   0.20000001E+09   0.93897992E-04   0.41312923E-03   0.21539582E-05   0.93897992E-04   0.41528319E-03
  14.500   8.700   0.20000001E+09   0.93450777E-04   0.41115844E-03   0.21550930E-05   0.93450777E-04   0.41331353E-03
  14.517   8.717   0.20000001E+09   0.93001173E-04   0.40917719E-03   0.21562572E-05   0.93001173E-04   0.41133345E-03
  14.533   8.733   0.20000001E+09   0.92549180E-04   0.40718548E-03   0.21574511E-05   0.92549180E-04   0.40934293E-03
  14.550   8.750   0.20000001E+09   0.92094796E-04   0.40518331E-03   0.21586748E-05   0.92094796E-04   0.40734198E-03
  14.567   8.767   0.20000001E+09   0.91638024E-04   0.40317068E-03   0.21599284E-05   0.91638024E-04   0.40533060E-03
  14.583   8.783   0.20000001E+09   0.91178862E-04   0.40114758E-03   0.21612122E-05   0.91178862E-04   0.40330880E-03
  14.600   8.800   0.20000001E+09   0.90717311E-04   0.39911404E-03   0.21625263E-05   0.90717311E-04   0.40127656E-03
  14.617   8.817   0.20000001E+09   0.90253373E-04   0.39707003E-03   0.21638709E-05   0.90253373E-04   0.39923391E-03
  14.633   8.833   0.20000001E+09   0.89787049E-04   0.39501559E-03   0.21652462E-05   0.89787049E-04   0.39718083E-03
  14.650   8.850   0.20000001E+09   0.89318339E-04   0.39295070E-03   0.21666524E-05   0.89318339E-04   0.39511735E-03
  14.667   8.867   0.20000001E+09   0.88847246E-04   0.39087537E-03   0.21680896E-05   0.88847246E-04   0.39304346E-03
  14.683   8.883   0.20000001E+09   0.88373771E-04   0.38878962E-03   0.21695580E-05   0.88373771E-04   0.39095918E-03
  14.700   8.900   0.20000001E+09   0.87897917E-04   0.38669345E-03   0.21710579E-05   0.87897917E-04   0.38886451E-03
  14.717   8.917   0.20000001E+09   0.87419686E-04   0.38458687E-03   0.21725893E-05   0.87419686E-04   0.38675946E-03
  14.733   8.933   0.20000001E+09   0.86939081E-04   0.38246990E-03   0.21741525E-05   0.86939081E-04   0.38464406E-03
  14.750   8.950   0.20000001E+09   0.86456105E-04   0.38034255E-03   0.21757477E-05   0.86456105E-04   0.38251830E-03
  14.767   8.967   0.20000001E+09   0.85970760E-04   0.37820484E-03   0.21773750E-05   0.85970760E-04   0.38038221E-03
  14.783   8.983   0.20000001E+09   0.85483052E-04   0.37605677E-03   0.21790347E-05   0.85483052E-04   0.37823580E-03
  14.800   9.000   0.20000001E+09   0.84992984E-04   0.37389837E-03   0.21807270E-05   0.84992984E-04   0.37607910E-03
  14.817   9.017   0.20000001E+09   0.84500560E-04   0.37172966E-03   0.21824519E-05   0.84500560E-04   0.37391211E-03
  14.833   9.033   0.20000001E+09   0.84005786E-04   0.36955065E-03   0.21842098E-05   0.84005786E-04   0.37173486E-03
  14.850   9.050   0.20000001E+09   0.83508665E-04   0.36736137E-03   0.21860008E-05   0.83508665E-04   0.36954737E-03
  14.867   9.067   0.20000001E+09   0.83009204E-04   0.36516185E-03   0.21878251E-05   0.83009204E-04   0.36734967E-03
  14.883   9.083   0.20000001E+09   0.82507408E-04   0.36295210E-03   0.21896829E-05   0.82507408E-04   0.36514179E-03
  14.900   9.100   0.20000001E+09   0.82003283E-04   0.36073216E-03   0.21915744E-05   0.82003283E-04   0.36292374E-03
  14.917   9.117   0.20000001E+09   0.81496837E-04   0.35850205E-03   0.21934999E-05   0.81496837E-04   0.36069555E-03
  14.933   9.133   0.20000001E+09   0.80988076E-04   0.35626181E-03   0.21954594E-05   0.80988076E-04   0.35845727E-03
  14.950   9.150   0.20000001E+09   0.80477007E-04   0.35401146E-03   0.21974532E-05   0.80477007E-04   0.35620892E-03
  14.967   9.167   0.20000001E+09   0.79963639E-04   0.35175105E-03   0.21994816E-05   0.79963639E-04   0.35395053E-03
  14.983   9.183   0.20000001E+09   0.79447979E-04   0.34948060E-03   0.22015446E-05   0.79447979E-04   0.35168214E-03
  15.000   9.200   0.20000001E+09   0.78930036E-04   0.34720016E-03   0.22036425E-05   0.78930036E-04   0.34940380E-03
  15.017   9.217   0.20000001E+09   0.78409820E-04   0.34490976E-03   0.22057755E-05   0.78409820E-04   0.34711554E-03
  15.033   9.233   0.20000001E+09   0.77887340E-04   0.34260945E-03   0.22079439E-05   0.77887340E-04   0.34481739E-03
  15.050   9.250   0.20000001E+09   0.77362606E-04   0.34029927E-03   0.22101477E-05   0.77362606E-04   0.34250942E-03
  15.067   9.267   0.20000001E+09   0.76835629E-04   0.33797927E-03   0.22123873E-05   0.76835629E-04   0.34019166E-03
  15.083   9.283   0.20000001E+09   0.76306420E-04   0.33564950E-03   0.22146627E-05   0.76306420E-04   0.33786417E-03
  15.100   9.300   0.20000001E+09   0.75774991E-04   0.33331001E-03   0.22169743E-05   0.75774991E-04   0.33552699E-03
  15.117   9.317   0.20000001E+09   0.75241353E-04   0.33096085E-03   0.22193222E-05   0.75241353E-04   0.33318017E-03
  15.133   9.333   0.20000001E+09   0.74705521E-04   0.32860208E-03   0.22217066E-05   0.74705521E-04   0.33082379E-03
  15.150   9.350   0.20000001E+09   0.74167506E-04   0.32623376E-03   0.22241277E-05   0.74167506E-04   0.32845788E-03
  15.167   9.367   0.20000001E+09   0.73627324E-04   0.32385594E-03   0.22265857E-05   0.73627324E-04   0.32608252E-03
  15.183   9.383   0.20000001E+09   0.73084988E-04   0.32146869E-03   0.22290809E-05   0.73084988E-04   0.32369777E-03
  15.200   9.400   0.20000001E+09   0.72540513E-04   0.31907209E-03   0.22316133E-05   0.72540513E-04   0.32130370E-03
  15.217   9.417   0.20000001E+09   0.71993916E-04   0.31666618E-03   0.22341833E-05   0.71993916E-04   0.31890037E-03
  15.233   9.433   0.20000001E+09   0.71445213E-04   0.31425106E-03   0.22367910E-05   0.71445213E-04   0.31648785E-03
  15.250   9.450   0.20000001E+09   0.70894420E-04   0.31182679E-03   0.22394366E-05   0.70894420E-04   0.31406623E-03
  15.267   9.467   0.20000001E+09   0.70341556E-04   0.30939345E-03   0.22421204E-05   0.70341556E-04   0.31163557E-03
  15.283   9.483   0.20000001E+09   0.69786639E-04   0.30695112E-03   0.22448424E-05   0.69786639E-04   0.30919597E-03
  15.300   9.500   0.20000001E+09   0.69229688E-04   0.30449989E-03   0.22476029E-05   0.69229688E-04   0.30674749E-03
  15.317   9.517   0.20000001E+09   0.68670723E-04   0.30203984E-03   0.22504022E-05   0.68670723E-04   0.30429024E-03
  15.333   9.533   0.20000001E+09   0.68109764E-04   0.29957106E-03   0.22532403E-05   0.68109764E-04   0.30182430E-03
  15.350   9.550   0.20000001E+09   0.67546832E-04   0.29709365E-03   0.22561175E-05   0.67546832E-04   0.29934977E-03
  15.367   9.567   0.20000001E+09   0.66981951E-04   0.29460770E-03   0.22590339E-05   0.66981951E-04   0.29686674E-03
  15.383   9.583   0.20000001E+09   0.66415142E-04   0.29211332E-03   0.22619898E-05   0.66415142E-04   0.29437531E-03
  15.400   9.600   0.20000001E+09   0.65846430E-04   0.28961060E-03   0.22649853E-05   0.65846430E-04   0.29187558E-03
  15.417   9.617   0.20000001E+09   0.65275839E-04   0.28709965E-03   0.22680206E-05   0.65275839E-04   0.28936767E-03
  15.433   9.633   0.20000001E+09   0.64703394E-04   0.28458060E-03   0.22710959E-05   0.64703394E-04   0.28685169E-03
  15.450   9.650   0.20000001E+09   0.64129122E-04   0.28205354E-03   0.22742113E-05   0.64129122E-04   0.28432775E-03
  15.467   9.667   0.20000001E+09   0.63553049E-04   0.27951861E-03   0.22773671E-05   0.63553049E-04   0.28179597E-03
  15.483   9.683   0.20000001E+09   0.62975205E-04   0.27697591E-03   0.22805633E-05   0.62975205E-04   0.27925648E-03
  15.500   9.700   0.20000001E+09   0.62395617E-04   0.27442559E-03   0.22838002E-05   0.62395617E-04   0.27670939E-03
  15.517   9.717   0.20000001E+09   0.61814316E-04   0.27186777E-03   0.22870779E-05   0.61814316E-04   0.27415485E-03
  15.533   9.733   0.20000001E+09   0.61231333E-04   0.26930259E-03   0.22903965E-05   0.61231333E-04   0.27159299E-03
  15.550   9.750   0.20000001E+09   0.60646699E-04   0.26673019E-03   0.22937562E-05   0.60646699E-04   0.26902395E-03
  15.567   9.767   0.20000001E+09   0.60060448E-04   0.26415071E-03   0.22971572E-05   0.60060448E-04   0.26644787E-03
  15.583   9.783   0.20000001E+09   0.59472614E-04   0.26156430E-03   0.23005996E-05   0.59472614E-04   0.26386490E-03
  15.600   9.800   0.20000001E+09   0.58883231E-04   0.25897112E-03   0.23040835E-05   0.58883231E-04   0.26127520E-03
  15.617   9.817   0.20000001E+09   0.58292336E-04   0.25637132E-03   0.23076090E-05   0.58292336E-04   0.25867893E-03
  15.633   9.833   0.20000001E+09   0.57699966E-04   0.25376507E-03   0.23111763E-05   0.57699966E-04   0.25607625E-03
  15.650   9.850   0.20000001E+09   0.57106159E-04   0.25115254E-03   0.23147855E-05   0.57106159E-04   0.25346732E-03
  15.667   9.867   0.20000001E+09   0.56510955E-04   0.24853389E-03   0.23184367E-05   0.56510955E-04   0.25085233E-03
  15.683   9.883   0.20000001E+09   0.55914395E-04   0.24590931E-03   0.23221299E-05   0.55914395E-04   0.24823144E-03
  15.700   9.900   0.20000001E+09   0.55316520E-04   0.24327899E-03   0.23258653E-05   0.55316520E-04   0.24560485E-03
  15.717   9.917   0.20000001E+09   0.54717374E-04   0.24064310E-03   0.23296430E-05   0.54717374E-04   0.24297275E-03
  15.733   9.933   0.20000001E+09   0.54117001E-04   0.23800185E-03   0.23334630E-05   0.54117001E-04   0.24033532E-03
  15.750   9.950   0.20000001E+09   0.53515447E-04   0.23535544E-03   0.23373254E-05   0.53515447E-04   0.23769277E-03
  15.767   9.967   0.20000001E+09   0.52912759E-04   0.23270408E-03   0.23412302E-05   0.52912759E-04   0.23504531E-03
  15.783   9.983   0.20000001E+09   0.52308985E-04   0.23004797E-03   0.23451775E-05   0.52308985E-04   0.23239314E-03
  15.800  10.000   0.20000001E+09   0.51704175E-04   0.22738733E-03   0.23491673E-05   0.51704175E-04   0.22973650E-03
  15.817  10.017   0.20000001E+09   0.51098379E-04   0.22472239E-03   0.23531997E-05   0.51098379E-04   0.22707559E-03
  15.833  10.033   0.20000001E+09   0.50491652E-04   0.22205338E-03   0.23572747E-05   0.50491652E-04   0.22441066E-03
  15.850  10.050   0.20000001E+09   0.49884046E-04   0.21938054E-03   0.23613921E-05   0.49884046E-04   0.22174193E-03
  15.867  10.067   0.20000001E+09   0.49275617E-04   0.21670411E-03   0.23655521E-05   0.49275617E-04   0.21906966E-03
  15.883  10.083   0.20000001E+09   0.48666422E-04   0.21402433E-03   0.23697547E-05   0.48666422E-04   0.21639409E-03
  15.900  10.100   0.20000001E+09   0.48056519E-04   0.21134147E-03   0.23739996E-05   0.48056519E-04   0.21371547E-03
  15.917  10.117   0.20000001E+09   0.47445968E-04   0.20865580E-03   0.23782870E-05   0.47445968E-04   0.21103408E-03
  15.933  10.133   0.20000001E+09   0.46834832E-04   0.20596757E-03   0.23826167E-05   0.46834832E-04   0.20835018E-03
  15.950  10.150   0.20000001E+09   0.46223173E-04   0.20327707E-03   0.23869887E-05   0.46223173E-04   0.20566406E-03
  15.967  10.167   0.20000001E+09   0.45611056E-04   0.20058458E-03   0.23914027E-05   0.45611056E-04   0.20297599E-03
  15.983  10.183   0.20000001E+09   0.44998548E-04   0.19789040E-03   0.23958588E-05   0.44998548E-04   0.20028626E-03
  16.000  10.200   0.20000001E+09   0.44385717E-04   0.19519483E-03   0.24003568E-05   0.44385717E-04   0.19759518E-03
  16.017  10.217   0.20000001E+09   0.43772633E-04   0.19249816E-03   0.24048964E-05   0.43772633E-04   0.19490306E-03
  16.033  10.233   0.20000001E+09   0.43159367E-04   0.18980073E-03   0.24094775E-05   0.43159367E-04   0.19221020E-03
  16.050  10.250   0.20000001E+09   0.42545994E-04   0.18710284E-03   0.24141000E-05   0.42545994E-04   0.18951694E-03
  16.067  10.267   0.20000001E+09   0.41932588E-04   0.18440483E-03   0.24187635E-05   0.41932588E-04   0.18682360E-03
  16.083  10.283   0.20000001E+09   0.41319227E-04   0.18170705E-03   0.24234679E-05   0.41319227E-04   0.18413052E-03
  16.100  10.300   0.20000001E+09   0.40705989E-04   0.17900983E-03   0.24282128E-05   0.40705989E-04   0.18143804E-03
  16.117  10.317   0.20000002E+09   0.40092956E-04   0.17631353E-03   0.24329980E-05   0.40092956E-04   0.17874653E-03
  16.133  10.333   0.20000002E+09   0.39480211E-04   0.17361852E-03   0.24378231E-05   0.39480211E-04   0.17605635E-03
  16.150  10.350   0.20000002E+09   0.38867838E-04   0.17092517E-03   0.24426878E-05   0.38867838E-04   0.17336786E-03
  16.167  10.367   0.20000002E+09   0.38255923E-04   0.16823386E-03   0.24475916E-05   0.38255923E-04   0.17068145E-03
  16.183  10.383   0.20000002E+09   0.37644557E-04   0.16554497E-03   0.24525343E-05   0.37644557E-04   0.16799751E-03
  16.200  10.400   0.20000002E+09   0.37033829E-04   0.16285892E-03   0.24575153E-05   0.37033829E-04   0.16531643E-03
  16.217  10.417   0.20000002E+09   0.36423832E-04   0.16017610E-03   0.24625342E-05   0.36423832E-04   0.16263863E-03
  16.233  10.433   0.20000002E+09   0.35814661E-04   0.15749693E-03   0.24675904E-05   0.35814661E-04   0.15996452E-03
  16.250  10.450   0.20000002E+09   0.35206413E-04   0.15482184E-03   0.24726835E-05   0.35206413E-04   0.15729452E-03
  16.267  10.467   0.20000002E+09   0.34599188E-04   0.15215126E-03   0.24778128E-05   0.34599188E-04   0.15462908E-03
  16.283  10.483   0.20000002E+09   0.33993085E-04   0.14948565E-03   0.24829778E-05   0.33993085E-04   0.15196862E-03
  16.300  10.500   0.20000002E+09   0.33388210E-04   0.14682544E-03   0.24881778E-05   0.33388210E-04   0.14931362E-03
  16.317  10.517   0.20000002E+09   0.32784666E-04   0.14417111E-03   0.24934120E-05   0.32784666E-04   0.14666452E-03
  16.333  10.533   0.20000002E+09   0.32182563E-04   0.14152312E-03   0.24986798E-05   0.32182563E-04   0.14402180E-03
  16.350  10.550   0.20000002E+09   0.31582009E-04   0.13888197E-03   0.25039805E-05   0.31582009E-04   0.14138595E-03
  16.367  10.567   0.20000002E+09   0.30983116E-04   0.13624814E-03   0.25093131E-05   0.30983116E-04   0.13875745E-03
  16.383  10.583   0.20000002E+09   0.30386000E-04   0.13362213E-03   0.25146768E-05   0.30386000E-04   0.13613681E-03
  16.400  10.600   0.20000002E+09   0.29790775E-04   0.13100446E-03   0.25200707E-05   0.29790775E-04   0.13352453E-03
  16.417  10.617   0.20000002E+09   0.29197562E-04   0.12839565E-03   0.25254939E-05   0.29197562E-04   0.13092114E-03
  16.433  10.633   0.20000002E+09   0.28606481E-04   0.12579622E-03   0.25309453E-05   0.28606481E-04   0.12832717E-03
  16.450  10.650   0.20000002E+09   0.28017654E-04   0.12320673E-03   0.25364238E-05   0.28017654E-04   0.12574315E-03
  16.467  10.667   0.20000002E+09   0.27431208E-04   0.12062771E-03   0.25419285E-05   0.27431208E-04   0.12316964E-03
  16.483  10.683   0.20000002E+09   0.26847270E-04   0.11805974E-03   0.25474580E-05   0.26847270E-04   0.12060720E-03
  16.500  10.700   0.20000002E+09   0.26265969E-04   0.11550337E-03   0.25530111E-05   0.26265969E-04   0.11805638E-03
  16.517  10.717   0.20000002E+09   0.25687437E-04   0.11295920E-03   0.25585866E-05   0.25687437E-04   0.11551778E-03
  16.533  10.733   0.20000002E+09   0.25111808E-04   0.11042780E-03   0.25641832E-05   0.25111808E-04   0.11299198E-03
  16.550  10.750   0.20000002E+09   0.24539219E-04   0.10790978E-03   0.25697993E-05   0.24539219E-04   0.11047958E-03
  16.567  10.767   0.20000002E+09   0.23969808E-04   0.10540574E-03   0.25754335E-05   0.23969808E-04   0.10798117E-03
  16.583  10.783   0.20000002E+09   0.23403715E-04   0.10291630E-03   0.25810843E-05   0.23403715E-04   0.10549739E-03
  16.600  10.800   0.20000002E+09   0.22841082E-04   0.10044209E-03   0.25867500E-05   0.22841082E-04   0.10302884E-03
  16.617  10.817   0.20000002E+09   0.22282054E-04   0.97983742E-04   0.25924290E-05   0.22282054E-04   0.10057617E-03
  16.633  10.833   0.20000002E+09   0.21726777E-04   0.95541896E-04   0.25981195E-05   0.21726777E-04   0.98140015E-04
  16.650  10.850   0.20000002E+09   0.21175399E-04   0.93117204E-04   0.26038196E-05   0.21175399E-04   0.95721024E-04
  16.667  10.867   0.20000002E+09   0.20628071E-04   0.90710326E-04   0.26095275E-05   0.20628071E-04   0.93319854E-04
  16.683  10.883   0.20000002E+09   0.20084943E-04   0.88321929E-04   0.26152411E-05   0.20084943E-04   0.90937170E-04
  16.700  10.900   0.20000002E+09   0.19546170E-04   0.85952688E-04   0.26209584E-05   0.19546170E-04   0.88573646E-04
  16.717  10.917   0.20000002E+09   0.19011907E-04   0.83603283E-04   0.26266773E-05   0.19011907E-04   0.86229960E-04
  16.733  10.933   0.20000002E+09   0.18482310E-04   0.81274402E-04   0.26323954E-05   0.18482310E-04   0.83906798E-04
  16.750  10.950   0.20000002E+09   0.17957536E-04   0.78966741E-04   0.26381104E-05   0.17957536E-04   0.81604851E-04
  16.767  10.967   0.20000002E+09   0.17437747E-04   0.76680998E-04   0.26438199E-05   0.17437747E-04   0.79324818E-04
  16.783  10.983   0.20000002E+09   0.16923100E-04   0.74417879E-04   0.26495215E-05   0.16923100E-04   0.77067401E-04
  16.800  11.000   0.20000002E+09   0.16413759E-04   0.72178094E-04   0.26552125E-05   0.16413759E-04   0.74833306E-04
