TIMS
 450
    UTC(hours)    RT(h-ours)         zi(m)      qm(g/kg)      dq(g/kg)           wqe           wqs         betaq       cm(ppm)       dc(ppm)           wce           wcs         betac            q2           wqm
       -1.4833        0.0167      299.4605       11.5022       -0.1022        0.0000        0.0114   -0.00000E+00    0.00000E+00    0.00000E+00   -0.00000E+00    0.00000E+00    0.00000E+00    0.00000E+00    0.00000E+00
       -1.4667        0.0333      298.9219       11.5046       -0.1046        0.0000        0.0119   -0.00000E+00    0.00000E+00    0.00000E+00   -0.00000E+00    0.00000E+00    0.00000E+00    0.00000E+00    0.00000E+00
       -1.4500        0.0500      298.3843       11.5070       -0.1070        0.0000        0.0125   -0.00000E+00    0.00000E+00    0.00000E+00   -0.00000E+00    0.00000E+00    0.00000E+00    0.00000E+00    0.00000E+00
       -1.4333        0.0667      297.8477       11.5096       -0.1096        0.0000        0.0130   -0.00000E+00    0.00000E+00    0.00000E+00   -0.00000E+00    0.00000E+00    0.00000E+00    0.00000E+00    0.00000E+00
       -1.4167        0.0833      297.3121       11.5123       -0.1123        0.0000        0.0135   -0.00000E+00    0.00000E+00    0.00000E+00   -0.00000E+00    0.00000E+00    0.00000E+00    0.00000E+00    0.00000E+00
       -1.4000        0.1000      296.7774       11.5150       -0.1150        0.0000        0.0140   -0.00000E+00    0.00000E+00    0.00000E+00   -0.00000E+00    0.00000E+00    0.00000E+00    0.00000E+00    0.00000E+00
       -1.3833        0.1167      296.2437       11.5179       -0.1179        0.0000        0.0146   -0.00000E+00    0.00000E+00    0.00000E+00   -0.00000E+00    0.00000E+00    0.00000E+00    0.00000E+00    0.00000E+00
       -1.3667        0.1333      295.7109       11.5209       -0.1209        0.0000        0.0151   -0.00000E+00    0.00000E+00    0.00000E+00   -0.00000E+00    0.00000E+00    0.00000E+00    0.00000E+00    0.00000E+00
       -1.3500        0.1500      295.1791       11.5241       -0.1241        0.0000        0.0156   -0.00000E+00    0.00000E+00    0.00000E+00   -0.00000E+00    0.00000E+00    0.00000E+00    0.00000E+00    0.00000E+00
       -1.3333        0.1667      294.6482       11.5273       -0.1273        0.0000        0.0161   -0.00000E+00    0.00000E+00    0.00000E+00   -0.00000E+00    0.00000E+00    0.00000E+00    0.00000E+00    0.00000E+00
       -1.3167        0.1833      294.1183       11.5306       -0.1306        0.0000        0.0167   -0.00000E+00    0.00000E+00    0.00000E+00   -0.00000E+00    0.00000E+00    0.00000E+00    0.00000E+00    0.00000E+00
       -1.3000        0.2000      293.5894       11.5341       -0.1341        0.0000        0.0172   -0.00000E+00    0.00000E+00    0.00000E+00   -0.00000E+00    0.00000E+00    0.00000E+00    0.00000E+00    0.00000E+00
       -1.2833        0.2167      293.0614       11.5377       -0.1377        0.0000        0.0177   -0.00000E+00    0.00000E+00    0.00000E+00   -0.00000E+00    0.00000E+00    0.00000E+00    0.00000E+00    0.00000E+00
       -1.2667        0.2333      292.5344       11.5414       -0.1414        0.0000        0.0183   -0.00000E+00    0.00000E+00    0.00000E+00   -0.00000E+00    0.00000E+00    0.00000E+00    0.00000E+00    0.00000E+00
       -1.2500        0.2500      292.0083       11.5452       -0.1452        0.0000        0.0188   -0.00000E+00    0.00000E+00    0.00000E+00   -0.00000E+00    0.00000E+00    0.00000E+00    0.00000E+00    0.00000E+00
       -1.2333        0.2667      291.4831       11.5491       -0.1491        0.0000        0.0193   -0.00000E+00    0.00000E+00    0.00000E+00   -0.00000E+00    0.00000E+00    0.00000E+00    0.00000E+00    0.00000E+00
       -1.2167        0.2833      290.9589       11.5531       -0.1531        0.0000        0.0198   -0.00000E+00    0.00000E+00    0.00000E+00   -0.00000E+00    0.00000E+00    0.00000E+00    0.00000E+00    0.00000E+00
       -1.2000        0.3000      290.4356       11.5573       -0.1573        0.0000        0.0204   -0.00000E+00    0.00000E+00    0.00000E+00   -0.00000E+00    0.00000E+00    0.00000E+00    0.00000E+00    0.00000E+00
       -1.1833        0.3167      289.9133       11.5615       -0.1615        0.0000        0.0209   -0.00000E+00    0.00000E+00    0.00000E+00   -0.00000E+00    0.00000E+00    0.00000E+00    0.00000E+00    0.00000E+00
       -1.1667        0.3333      289.3919       11.5659       -0.1659        0.0000        0.0214   -0.00000E+00    0.00000E+00    0.00000E+00   -0.00000E+00    0.00000E+00    0.00000E+00    0.00000E+00    0.00000E+00
       -1.1500        0.3500      288.8715       11.5704       -0.1704        0.0000        0.0219   -0.00000E+00    0.00000E+00    0.00000E+00   -0.00000E+00    0.00000E+00    0.00000E+00    0.00000E+00    0.00000E+00
       -1.1333        0.3667      288.3520       11.5750       -0.1750        0.0000        0.0224   -0.00000E+00    0.00000E+00    0.00000E+00   -0.00000E+00    0.00000E+00    0.00000E+00    0.00000E+00    0.00000E+00
       -1.1167        0.3833      287.8334       11.5798       -0.1798        0.0000        0.0230   -0.00000E+00    0.00000E+00    0.00000E+00   -0.00000E+00    0.00000E+00    0.00000E+00    0.00000E+00    0.00000E+00
       -1.1000        0.4000      287.3158       11.5846       -0.1846        0.0000        0.0235   -0.00000E+00    0.00000E+00    0.00000E+00   -0.00000E+00    0.00000E+00    0.00000E+00    0.00000E+00    0.00000E+00
       -1.0833        0.4167      286.7991       11.5896       -0.1896        0.0000        0.0240   -0.00000E+00    0.00000E+00    0.00000E+00   -0.00000E+00    0.00000E+00    0.00000E+00    0.00000E+00    0.00000E+00
       -1.0667        0.4333      286.2833       11.5947       -0.1947        0.0000        0.0245   -0.00000E+00    0.00000E+00    0.00000E+00   -0.00000E+00    0.00000E+00    0.00000E+00    0.00000E+00    0.00000E+00
       -1.0500        0.4500      285.7684       11.5999       -0.1999        0.0000        0.0250   -0.00000E+00    0.00000E+00    0.00000E+00   -0.00000E+00    0.00000E+00    0.00000E+00    0.00000E+00    0.00000E+00
       -1.0333        0.4667      285.2545       11.6052       -0.2052        0.0000        0.0256   -0.00000E+00    0.00000E+00    0.00000E+00   -0.00000E+00    0.00000E+00    0.00000E+00    0.00000E+00    0.00000E+00
       -1.0167        0.4833      284.7415       11.6106       -0.2106        0.0000        0.0261   -0.00000E+00    0.00000E+00    0.00000E+00   -0.00000E+00    0.00000E+00    0.00000E+00    0.00000E+00    0.00000E+00
       -1.0000        0.5000      284.2294       11.6162       -0.2162        0.0000        0.0266   -0.00000E+00    0.00000E+00    0.00000E+00   -0.00000E+00    0.00000E+00    0.00000E+00    0.00000E+00    0.00000E+00
       -0.9833        0.5167      283.7182       11.6218       -0.2218        0.0000        0.0271   -0.00000E+00    0.00000E+00    0.00000E+00   -0.00000E+00    0.00000E+00    0.00000E+00    0.00000E+00    0.00000E+00
       -0.9667        0.5333      283.2080       11.6276       -0.2276        0.0000        0.0276   -0.00000E+00    0.00000E+00    0.00000E+00   -0.00000E+00    0.00000E+00    0.00000E+00    0.00000E+00    0.00000E+00
       -0.9500        0.5500      282.6987       11.6335       -0.2335        0.0000        0.0281   -0.00000E+00    0.00000E+00    0.00000E+00   -0.00000E+00    0.00000E+00    0.00000E+00    0.00000E+00    0.00000E+00
       -0.9333        0.5667      282.1903       11.6396       -0.2396        0.0000        0.0287   -0.00000E+00    0.00000E+00    0.00000E+00   -0.00000E+00    0.00000E+00    0.00000E+00    0.00000E+00    0.00000E+00
       -0.9167        0.5833      281.6828       11.6457       -0.2457        0.0000        0.0292   -0.00000E+00    0.00000E+00    0.00000E+00   -0.00000E+00    0.00000E+00    0.00000E+00    0.00000E+00    0.00000E+00
       -0.9000        0.6000      281.1762       11.6520       -0.2520        0.0000        0.0297   -0.00000E+00    0.00000E+00    0.00000E+00   -0.00000E+00    0.00000E+00    0.00000E+00    0.00000E+00    0.00000E+00
       -0.8833        0.6167      280.6705       11.6584       -0.2584        0.0000        0.0302   -0.00000E+00    0.00000E+00    0.00000E+00   -0.00000E+00    0.00000E+00    0.00000E+00    0.00000E+00    0.00000E+00
       -0.8667        0.6333      280.1658       11.6649       -0.2649        0.0000        0.0307   -0.00000E+00    0.00000E+00    0.00000E+00   -0.00000E+00    0.00000E+00    0.00000E+00    0.00000E+00    0.00000E+00
       -0.8500        0.6500      279.6619       11.6715       -0.2715        0.0000        0.0312   -0.00000E+00    0.00000E+00    0.00000E+00   -0.00000E+00    0.00000E+00    0.00000E+00    0.00000E+00    0.00000E+00
       -0.8333        0.6667      279.1590       11.6783       -0.2783        0.0000        0.0317   -0.00000E+00    0.00000E+00    0.00000E+00   -0.00000E+00    0.00000E+00    0.00000E+00    0.00000E+00    0.00000E+00
       -0.8167        0.6833      278.6569       11.6852       -0.2852        0.0000        0.0322   -0.00000E+00    0.00000E+00    0.00000E+00   -0.00000E+00    0.00000E+00    0.00000E+00    0.00000E+00    0.00000E+00
       -0.8000        0.7000      278.1558       11.6922       -0.2922        0.0000        0.0327   -0.00000E+00    0.00000E+00    0.00000E+00   -0.00000E+00    0.00000E+00    0.00000E+00    0.00000E+00    0.00000E+00
       -0.7833        0.7167      277.6555       11.6993       -0.2993        0.0000        0.0332   -0.00000E+00    0.00000E+00    0.00000E+00   -0.00000E+00    0.00000E+00    0.00000E+00    0.00000E+00    0.00000E+00
       -0.7667        0.7333      277.1562       11.7065       -0.3065        0.0000        0.0337   -0.00000E+00    0.00000E+00    0.00000E+00   -0.00000E+00    0.00000E+00    0.00000E+00    0.00000E+00    0.00000E+00
       -0.7500        0.7500      276.6578       11.7139       -0.3139        0.0000        0.0342   -0.00000E+00    0.00000E+00    0.00000E+00   -0.00000E+00    0.00000E+00    0.00000E+00    0.00000E+00    0.00000E+00
       -0.7333        0.7667      276.1602       11.7214       -0.3214        0.0000        0.0347   -0.00000E+00    0.00000E+00    0.00000E+00   -0.00000E+00    0.00000E+00    0.00000E+00    0.00000E+00    0.00000E+00
       -0.7167        0.7833      275.6636       11.7290       -0.3290        0.0000        0.0352   -0.00000E+00    0.00000E+00    0.00000E+00   -0.00000E+00    0.00000E+00    0.00000E+00    0.00000E+00    0.00000E+00
       -0.7000        0.8000      275.1678       11.7367       -0.3367        0.0000        0.0357   -0.00000E+00    0.00000E+00    0.00000E+00   -0.00000E+00    0.00000E+00    0.00000E+00    0.00000E+00    0.00000E+00
       -0.6833        0.8167      274.6730       11.7445       -0.3445        0.0000        0.0362   -0.00000E+00    0.00000E+00    0.00000E+00   -0.00000E+00    0.00000E+00    0.00000E+00    0.00000E+00    0.00000E+00
       -0.6667        0.8333      274.1790       11.7525       -0.3525        0.0000        0.0367   -0.00000E+00    0.00000E+00    0.00000E+00   -0.00000E+00    0.00000E+00    0.00000E+00    0.00000E+00    0.00000E+00
       -0.6500        0.8500      273.6859       11.7606       -0.3606        0.0000        0.0372   -0.00000E+00    0.00000E+00    0.00000E+00   -0.00000E+00    0.00000E+00    0.00000E+00    0.00000E+00    0.00000E+00
       -0.6333        0.8667      273.1937       11.7688       -0.3688        0.0000        0.0377   -0.00000E+00    0.00000E+00    0.00000E+00   -0.00000E+00    0.00000E+00    0.00000E+00    0.00000E+00    0.00000E+00
       -0.6167        0.8833      272.7024       11.7772       -0.3772        0.0000        0.0382   -0.00000E+00    0.00000E+00    0.00000E+00   -0.00000E+00    0.00000E+00    0.00000E+00    0.00000E+00    0.00000E+00
       -0.6000        0.9000      272.2120       11.7856       -0.3856        0.0000        0.0387   -0.00000E+00    0.00000E+00    0.00000E+00   -0.00000E+00    0.00000E+00    0.00000E+00    0.00000E+00    0.00000E+00
       -0.5833        0.9167      271.7224       11.7942       -0.3942        0.0000        0.0392   -0.00000E+00    0.00000E+00    0.00000E+00   -0.00000E+00    0.00000E+00    0.00000E+00    0.00000E+00    0.00000E+00
       -0.5667        0.9333      271.2337       11.8029       -0.4029        0.0000        0.0396   -0.00000E+00    0.00000E+00    0.00000E+00   -0.00000E+00    0.00000E+00    0.00000E+00    0.00000E+00    0.00000E+00
       -0.5500        0.9500      270.7460       11.8118       -0.4118        0.0000        0.0401   -0.00000E+00    0.00000E+00    0.00000E+00   -0.00000E+00    0.00000E+00    0.00000E+00    0.00000E+00    0.00000E+00
       -0.5333        0.9667      270.2590       11.8207       -0.4207        0.0000        0.0406   -0.00000E+00    0.00000E+00    0.00000E+00   -0.00000E+00    0.00000E+00    0.00000E+00    0.00000E+00    0.00000E+00
       -0.5167        0.9833      269.7730       11.8298       -0.4298        0.0000        0.0411   -0.00000E+00    0.00000E+00    0.00000E+00   -0.00000E+00    0.00000E+00    0.00000E+00    0.00000E+00    0.00000E+00
       -0.5000        1.0000      269.2878       11.8390       -0.4390        0.0000        0.0416   -0.00000E+00    0.00000E+00    0.00000E+00   -0.00000E+00    0.00000E+00    0.00000E+00    0.00000E+00    0.00000E+00
       -0.4833        1.0167      268.8036       11.8483       -0.4483        0.0000        0.0421   -0.00000E+00    0.00000E+00    0.00000E+00   -0.00000E+00    0.00000E+00    0.00000E+00    0.00000E+00    0.00000E+00
       -0.4667        1.0333      268.3201       11.8578       -0.4578        0.0000        0.0425   -0.00000E+00    0.00000E+00    0.00000E+00   -0.00000E+00    0.00000E+00    0.00000E+00    0.00000E+00    0.00000E+00
       -0.4500        1.0500      267.8376       11.8674       -0.4674        0.0000        0.0430   -0.00000E+00    0.00000E+00    0.00000E+00   -0.00000E+00    0.00000E+00    0.00000E+00    0.00000E+00    0.00000E+00
       -0.4333        1.0667      267.3559       11.8771       -0.4771        0.0000        0.0435   -0.00000E+00    0.00000E+00    0.00000E+00   -0.00000E+00    0.00000E+00    0.00000E+00    0.00000E+00    0.00000E+00
       -0.4167        1.0833      266.8751       11.8869       -0.4869        0.0000        0.0440   -0.00000E+00    0.00000E+00    0.00000E+00   -0.00000E+00    0.00000E+00    0.00000E+00    0.00000E+00    0.00000E+00
       -0.4000        1.1000      266.3951       11.8968       -0.4968        0.0000        0.0445   -0.00000E+00    0.00000E+00    0.00000E+00   -0.00000E+00    0.00000E+00    0.00000E+00    0.00000E+00    0.00000E+00
       -0.3833        1.1167      265.9161       11.9069       -0.5069        0.0000        0.0449   -0.00000E+00    0.00000E+00    0.00000E+00   -0.00000E+00    0.00000E+00    0.00000E+00    0.00000E+00    0.00000E+00
       -0.3667        1.1333      265.4378       11.9171       -0.5171        0.0000        0.0454   -0.00000E+00    0.00000E+00    0.00000E+00   -0.00000E+00    0.00000E+00    0.00000E+00    0.00000E+00    0.00000E+00
       -0.3500        1.1500      264.9605       11.9274       -0.5274        0.0000        0.0459   -0.00000E+00    0.00000E+00    0.00000E+00   -0.00000E+00    0.00000E+00    0.00000E+00    0.00000E+00    0.00000E+00
       -0.3333        1.1667      264.4840       11.9379       -0.5379        0.0000        0.0464   -0.00000E+00    0.00000E+00    0.00000E+00   -0.00000E+00    0.00000E+00    0.00000E+00    0.00000E+00    0.00000E+00
       -0.3167        1.1833      264.0083       11.9485       -0.5485        0.0000        0.0468   -0.00000E+00    0.00000E+00    0.00000E+00   -0.00000E+00    0.00000E+00    0.00000E+00    0.00000E+00    0.00000E+00
       -0.3000        1.2000      263.5335       11.9592       -0.5592        0.0000        0.0473   -0.00000E+00    0.00000E+00    0.00000E+00   -0.00000E+00    0.00000E+00    0.00000E+00    0.00000E+00    0.00000E+00
       -0.2833        1.2167      263.0596       11.9700       -0.5700        0.0000        0.0478   -0.00000E+00    0.00000E+00    0.00000E+00   -0.00000E+00    0.00000E+00    0.00000E+00    0.00000E+00    0.00000E+00
       -0.2667        1.2333      262.5865       11.9810       -0.5810        0.0000        0.0482   -0.00000E+00    0.00000E+00    0.00000E+00   -0.00000E+00    0.00000E+00    0.00000E+00    0.00000E+00    0.00000E+00
       -0.2500        1.2500      262.1150       11.9921       -0.5921        0.0000        0.0487   -0.32803E-03    0.00000E+00    0.00000E+00   -0.00000E+00    0.00000E+00    0.00000E+00    0.00000E+00    0.00000E+00
       -0.2333        1.2667      261.6462       12.0033       -0.6033        0.0000        0.0491   -0.72615E-03    0.00000E+00    0.00000E+00   -0.00000E+00    0.00000E+00    0.00000E+00    0.00000E+00    0.00000E+00
       -0.2167        1.2833      261.1802       12.0146       -0.6146        0.0001        0.0496   -0.11385E-02    0.00000E+00    0.00000E+00   -0.00000E+00    0.00000E+00    0.00000E+00    0.00000E+00    0.00000E+00
       -0.2000        1.3000      260.7170       12.0260       -0.6261        0.0001        0.0500   -0.15640E-02    0.00000E+00    0.00000E+00   -0.00000E+00    0.00000E+00    0.00000E+00    0.00000E+00    0.00000E+00
       -0.1833        1.3167      260.2566       12.0376       -0.6376        0.0001        0.0504   -0.20023E-02    0.00000E+00    0.00000E+00   -0.00000E+00    0.00000E+00    0.00000E+00    0.00000E+00    0.00000E+00
       -0.1667        1.3333      259.7991       12.0492       -0.6493        0.0001        0.0509   -0.24529E-02    0.00000E+00    0.00000E+00   -0.00000E+00    0.00000E+00    0.00000E+00    0.00000E+00    0.00000E+00
       -0.1500        1.3500      259.3444       12.0610       -0.6611        0.0001        0.0513   -0.29155E-02    0.00000E+00    0.00000E+00   -0.00000E+00    0.00000E+00    0.00000E+00    0.00000E+00    0.00000E+00
       -0.1333        1.3667      258.8926       12.0729       -0.6730        0.0002        0.0517   -0.33898E-02    0.00000E+00    0.00000E+00   -0.00000E+00    0.00000E+00    0.00000E+00    0.00000E+00    0.00000E+00
       -0.1167        1.3833      258.4437       12.0849       -0.6851        0.0002        0.0521   -0.38758E-02    0.00000E+00    0.00000E+00   -0.00000E+00    0.00000E+00    0.00000E+00    0.00000E+00    0.00000E+00
       -0.1000        1.4000      257.9976       12.0970       -0.6972        0.0002        0.0525   -0.43731E-02    0.00000E+00    0.00000E+00   -0.00000E+00    0.00000E+00    0.00000E+00    0.00000E+00    0.00000E+00
       -0.0833        1.4167      257.5545       12.1092       -0.7095        0.0003        0.0529   -0.48818E-02    0.00000E+00    0.00000E+00   -0.00000E+00    0.00000E+00    0.00000E+00    0.00000E+00    0.00000E+00
       -0.0667        1.4333      257.1142       12.1215       -0.7219        0.0003        0.0533   -0.54016E-02    0.00000E+00    0.00000E+00   -0.00000E+00    0.00000E+00    0.00000E+00    0.00000E+00    0.00000E+00
       -0.0500        1.4500      256.6768       12.1340       -0.7344        0.0003        0.0537   -0.59325E-02    0.00000E+00    0.00000E+00   -0.00000E+00    0.00000E+00    0.00000E+00    0.00000E+00    0.00000E+00
       -0.0333        1.4667      256.2423       12.1465       -0.7470        0.0004        0.0541   -0.64744E-02    0.00000E+00    0.00000E+00   -0.00000E+00    0.00000E+00    0.00000E+00    0.00000E+00    0.00000E+00
       -0.0167        1.4833      255.8107       12.1592       -0.7597        0.0004        0.0545   -0.70273E-02    0.00000E+00    0.00000E+00   -0.00000E+00    0.00000E+00    0.00000E+00    0.00000E+00    0.00000E+00
        0.0000        1.5000      255.3820       12.1719       -0.7726        0.0004        0.0549   -0.75910E-02    0.00000E+00    0.00000E+00   -0.00000E+00    0.00000E+00    0.00000E+00    0.00000E+00    0.00000E+00
        0.0167        1.5167      254.9561       12.1848       -0.7855        0.0005        0.0553   -0.81656E-02    0.00000E+00    0.00000E+00   -0.00000E+00    0.00000E+00    0.00000E+00    0.00000E+00    0.00000E+00
        0.0333        1.5333      254.5332       12.1978       -0.7986        0.0005        0.0557   -0.87510E-02    0.00000E+00    0.00000E+00   -0.00000E+00    0.00000E+00    0.00000E+00    0.00000E+00    0.00000E+00
        0.0500        1.5500      254.1132       12.2108       -0.8118        0.0005        0.0561   -0.93473E-02    0.00000E+00    0.00000E+00   -0.00000E+00    0.00000E+00    0.00000E+00    0.00000E+00    0.00000E+00
        0.0667        1.5667      253.6960       12.2240       -0.8251        0.0006        0.0565   -0.99542E-02    0.00000E+00    0.00000E+00   -0.00000E+00    0.00000E+00    0.00000E+00    0.00000E+00    0.00000E+00
        0.0833        1.5833      253.2817       12.2373       -0.8385        0.0006        0.0569   -0.10572E-01    0.00000E+00    0.00000E+00   -0.00000E+00    0.00000E+00    0.00000E+00    0.00000E+00    0.00000E+00
        0.1000        1.6000      252.8704       12.2507       -0.8520        0.0006        0.0573   -0.11200E-01    0.00000E+00    0.00000E+00   -0.00000E+00    0.00000E+00    0.00000E+00    0.00000E+00    0.00000E+00
        0.1167        1.6167      252.4619       12.2642       -0.8656        0.0007        0.0577   -0.11840E-01    0.00000E+00    0.00000E+00   -0.00000E+00    0.00000E+00    0.00000E+00    0.00000E+00    0.00000E+00
        0.1333        1.6333      252.0563       12.2778       -0.8793        0.0007        0.0581   -0.12490E-01    0.00000E+00    0.00000E+00   -0.00000E+00    0.00000E+00    0.00000E+00    0.00000E+00    0.00000E+00
        0.1500        1.6500      251.6536       12.2916       -0.8932        0.0008        0.0585   -0.13150E-01    0.00000E+00    0.00000E+00   -0.00000E+00    0.00000E+00    0.00000E+00    0.00000E+00    0.00000E+00
        0.1667        1.6667      251.2538       12.3054       -0.9072        0.0008        0.0589   -0.13822E-01    0.00000E+00    0.00000E+00   -0.00000E+00    0.00000E+00    0.00000E+00    0.00000E+00    0.00000E+00
        0.1833        1.6833      250.8569       12.3193       -0.9212        0.0009        0.0593   -0.14504E-01    0.00000E+00    0.00000E+00   -0.00000E+00    0.00000E+00    0.00000E+00    0.00000E+00    0.00000E+00
        0.2000        1.7000      250.4628       12.3333       -0.9354        0.0009        0.0597   -0.15197E-01    0.00000E+00    0.00000E+00   -0.00000E+00    0.00000E+00    0.00000E+00    0.00000E+00    0.00000E+00
        0.2167        1.7167      250.0716       12.3475       -0.9497        0.0010        0.0601   -0.15901E-01    0.00000E+00    0.00000E+00   -0.00000E+00    0.00000E+00    0.00000E+00    0.00000E+00    0.00000E+00
        0.2333        1.7333      249.6833       12.3617       -0.9641        0.0010        0.0605   -0.16616E-01    0.00000E+00    0.00000E+00   -0.00000E+00    0.00000E+00    0.00000E+00    0.00000E+00    0.00000E+00
        0.2500        1.7500      249.2979       12.3761       -0.9786        0.0011        0.0609   -0.17341E-01    0.00000E+00    0.00000E+00   -0.00000E+00    0.00000E+00    0.00000E+00    0.00000E+00    0.00000E+00
        0.2667        1.7667      248.9153       12.3905       -0.9932        0.0011        0.0613   -0.18078E-01    0.00000E+00    0.00000E+00   -0.00000E+00    0.00000E+00    0.00000E+00    0.00000E+00    0.00000E+00
        0.2833        1.7833      248.5357       12.4051       -1.0080        0.0012        0.0617   -0.18825E-01    0.00000E+00    0.00000E+00   -0.00000E+00    0.00000E+00    0.00000E+00    0.00000E+00    0.00000E+00
        0.3000        1.8000      248.1589       12.4197       -1.0228        0.0012        0.0621   -0.19584E-01    0.00000E+00    0.00000E+00   -0.00000E+00    0.00000E+00    0.00000E+00    0.00000E+00    0.00000E+00
        0.3167        1.8167      247.7849       12.4345       -1.0377        0.0013        0.0624   -0.20353E-01    0.00000E+00    0.00000E+00   -0.00000E+00    0.00000E+00    0.00000E+00    0.00000E+00    0.00000E+00
        0.3333        1.8333      247.4139       12.4493       -1.0528        0.0013        0.0628   -0.21134E-01    0.00000E+00    0.00000E+00   -0.00000E+00    0.00000E+00    0.00000E+00    0.00000E+00    0.00000E+00
        0.3500        1.8500      247.0457       12.4643       -1.0680        0.0014        0.0632   -0.21925E-01    0.00000E+00    0.00000E+00   -0.00000E+00    0.00000E+00    0.00000E+00    0.00000E+00    0.00000E+00
        0.3667        1.8667      246.6803       12.4794       -1.0832        0.0014        0.0636   -0.22728E-01    0.00000E+00    0.00000E+00   -0.00000E+00    0.00000E+00    0.00000E+00    0.00000E+00    0.00000E+00
        0.3833        1.8833      246.3179       12.4946       -1.0986        0.0015        0.0640   -0.23542E-01    0.00000E+00    0.00000E+00   -0.00000E+00    0.00000E+00    0.00000E+00    0.00000E+00    0.00000E+00
        0.4000        1.9000      245.9583       12.5098       -1.1141        0.0016        0.0644   -0.24367E-01    0.00000E+00    0.00000E+00   -0.00000E+00    0.00000E+00    0.00000E+00    0.00000E+00    0.00000E+00
        0.4167        1.9167      245.6015       12.5252       -1.1297        0.0016        0.0648   -0.25204E-01    0.00000E+00    0.00000E+00   -0.00000E+00    0.00000E+00    0.00000E+00    0.00000E+00    0.00000E+00
        0.4333        1.9333      245.2477       12.5407       -1.1454        0.0017        0.0652   -0.26052E-01    0.00000E+00    0.00000E+00   -0.00000E+00    0.00000E+00    0.00000E+00    0.00000E+00    0.00000E+00
        0.4500        1.9500      244.8966       12.5563       -1.1613        0.0018        0.0656   -0.26912E-01    0.00000E+00    0.00000E+00   -0.00000E+00    0.00000E+00    0.00000E+00    0.00000E+00    0.00000E+00
        0.4667        1.9667      244.5485       12.5720       -1.1772        0.0018        0.0660   -0.27783E-01    0.00000E+00    0.00000E+00   -0.00000E+00    0.00000E+00    0.00000E+00    0.00000E+00    0.00000E+00
        0.4833        1.9833      244.2032       12.5878       -1.1932        0.0019        0.0664   -0.28666E-01    0.00000E+00    0.00000E+00   -0.00000E+00    0.00000E+00    0.00000E+00    0.00000E+00    0.00000E+00
        0.5000        2.0000      243.8608       12.6037       -1.2094        0.0020        0.0668   -0.29560E-01    0.00000E+00    0.00000E+00   -0.00000E+00    0.00000E+00    0.00000E+00    0.00000E+00    0.00000E+00
        0.5167        2.0167      243.5213       12.6197       -1.2256        0.0020        0.0672   -0.30466E-01    0.00000E+00    0.00000E+00   -0.00000E+00    0.00000E+00    0.00000E+00    0.00000E+00    0.00000E+00
        0.5333        2.0333      243.1846       12.6358       -1.2420        0.0021        0.0676   -0.31385E-01    0.00000E+00    0.00000E+00   -0.00000E+00    0.00000E+00    0.00000E+00    0.00000E+00    0.00000E+00
        0.5500        2.0500      242.8507       12.6520       -1.2585        0.0022        0.0680   -0.32315E-01    0.00000E+00    0.00000E+00   -0.00000E+00    0.00000E+00    0.00000E+00    0.00000E+00    0.00000E+00
        0.5667        2.0667      242.5198       12.6683       -1.2750        0.0023        0.0684   -0.33257E-01    0.00000E+00    0.00000E+00   -0.00000E+00    0.00000E+00    0.00000E+00    0.00000E+00    0.00000E+00
        0.5833        2.0833      242.1917       12.6847       -1.2917        0.0024        0.0688   -0.34212E-01    0.00000E+00    0.00000E+00   -0.00000E+00    0.00000E+00    0.00000E+00    0.00000E+00    0.00000E+00
        0.6000        2.1000      241.8665       12.7012       -1.3085        0.0024        0.0692   -0.35179E-01    0.00000E+00    0.00000E+00   -0.00000E+00    0.00000E+00    0.00000E+00    0.00000E+00    0.00000E+00
        0.6167        2.1167      241.5442       12.7178       -1.3254        0.0025        0.0696   -0.36158E-01    0.00000E+00    0.00000E+00   -0.00000E+00    0.00000E+00    0.00000E+00    0.00000E+00    0.00000E+00
        0.6333        2.1333      241.2247       12.7345       -1.3424        0.0026        0.0699   -0.37150E-01    0.00000E+00    0.00000E+00   -0.00000E+00    0.00000E+00    0.00000E+00    0.00000E+00    0.00000E+00
        0.6500        2.1500      240.9081       12.7513       -1.3595        0.0027        0.0703   -0.38154E-01    0.00000E+00    0.00000E+00   -0.00000E+00    0.00000E+00    0.00000E+00    0.00000E+00    0.00000E+00
        0.6667        2.1667      240.5944       12.7682       -1.3767        0.0028        0.0707   -0.39172E-01    0.00000E+00    0.00000E+00   -0.00000E+00    0.00000E+00    0.00000E+00    0.00000E+00    0.00000E+00
        0.6833        2.1833      240.2836       12.7852       -1.3940        0.0029        0.0711   -0.40202E-01    0.00000E+00    0.00000E+00   -0.00000E+00    0.00000E+00    0.00000E+00    0.00000E+00    0.00000E+00
        0.7000        2.2000      239.9757       12.8023       -1.4115        0.0030        0.0715   -0.41245E-01    0.00000E+00    0.00000E+00   -0.00000E+00    0.00000E+00    0.00000E+00    0.00000E+00    0.00000E+00
        0.7167        2.2167      239.6707       12.8195       -1.4290        0.0030        0.0719   -0.42301E-01    0.00000E+00    0.00000E+00   -0.00000E+00    0.00000E+00    0.00000E+00    0.00000E+00    0.00000E+00
        0.7333        2.2333      239.3685       12.8368       -1.4466        0.0031        0.0723   -0.43371E-01    0.00000E+00    0.00000E+00   -0.00000E+00    0.00000E+00    0.00000E+00    0.00000E+00    0.00000E+00
        0.7500        2.2500      239.0693       12.8542       -1.4644        0.0032        0.0727   -0.44454E-01    0.00000E+00    0.00000E+00   -0.00000E+00    0.00000E+00    0.00000E+00    0.00000E+00    0.00000E+00
        0.7667        2.2667      238.7730       12.8717       -1.4822        0.0033        0.0731   -0.45551E-01    0.00000E+00    0.00000E+00   -0.00000E+00    0.00000E+00    0.00000E+00    0.00000E+00    0.00000E+00
        0.7833        2.2833      238.4795       12.8892       -1.5002        0.0034        0.0735   -0.46662E-01    0.00000E+00    0.00000E+00   -0.00000E+00    0.00000E+00    0.00000E+00    0.00000E+00    0.00000E+00
        0.8000        2.3000      238.1890       12.9069       -1.5182        0.0035        0.0739   -0.47786E-01    0.00000E+00    0.00000E+00   -0.00000E+00    0.00000E+00    0.00000E+00    0.00000E+00    0.00000E+00
        0.8167        2.3167      237.9014       12.9247       -1.5364        0.0036        0.0743   -0.48925E-01    0.00000E+00    0.00000E+00   -0.00000E+00    0.00000E+00    0.00000E+00    0.00000E+00    0.00000E+00
        0.8333        2.3333      237.6168       12.9426       -1.5546        0.0037        0.0747   -0.50078E-01    0.00000E+00    0.00000E+00   -0.00000E+00    0.00000E+00    0.00000E+00    0.00000E+00    0.00000E+00
        0.8500        2.3500      237.3350       12.9606       -1.5730        0.0039        0.0751   -0.51245E-01    0.00000E+00    0.00000E+00   -0.00000E+00    0.00000E+00    0.00000E+00    0.00000E+00    0.00000E+00
        0.8667        2.3667      237.0562       12.9786       -1.5914        0.0040        0.0756   -0.52427E-01    0.00000E+00    0.00000E+00   -0.00000E+00    0.00000E+00    0.00000E+00    0.00000E+00    0.00000E+00
        0.8833        2.3833      236.7804       12.9968       -1.6100        0.0041        0.0760   -0.53624E-01    0.00000E+00    0.00000E+00   -0.00000E+00    0.00000E+00    0.00000E+00    0.00000E+00    0.00000E+00
        0.9000        2.4000      236.5075       13.0151       -1.6286        0.0042        0.0764   -0.54836E-01    0.00000E+00    0.00000E+00   -0.00000E+00    0.00000E+00    0.00000E+00    0.00000E+00    0.00000E+00
        0.9167        2.4167      236.2376       13.0334       -1.6474        0.0043        0.0768   -0.56063E-01    0.00000E+00    0.00000E+00   -0.00000E+00    0.00000E+00    0.00000E+00    0.00000E+00    0.00000E+00
        0.9333        2.4333      235.9706       13.0519       -1.6663        0.0044        0.0772   -0.57306E-01    0.00000E+00    0.00000E+00   -0.00000E+00    0.00000E+00    0.00000E+00    0.00000E+00    0.00000E+00
        0.9500        2.4500      235.7066       13.0704       -1.6852        0.0045        0.0776   -0.58565E-01    0.00000E+00    0.00000E+00   -0.00000E+00    0.00000E+00    0.00000E+00    0.00000E+00    0.00000E+00
        0.9667        2.4667      235.4457       13.0891       -1.7043        0.0047        0.0780   -0.59839E-01    0.00000E+00    0.00000E+00   -0.00000E+00    0.00000E+00    0.00000E+00    0.00000E+00    0.00000E+00
        0.9833        2.4833      235.1877       13.1078       -1.7234        0.0048        0.0784   -0.61129E-01    0.00000E+00    0.00000E+00   -0.00000E+00    0.00000E+00    0.00000E+00    0.00000E+00    0.00000E+00
        1.0000        2.5000      234.9327       13.1266       -1.7427        0.0049        0.0788   -0.62436E-01    0.00000E+00    0.00000E+00   -0.00000E+00    0.00000E+00    0.00000E+00    0.00000E+00    0.00000E+00
        1.0167        2.5167      234.6807       13.1455       -1.7620        0.0050        0.0791   -0.63792E-01    0.00000E+00    0.00000E+00   -0.00000E+00    0.00000E+00    0.00000E+00    0.00000E+00    0.00000E+00
        1.0333        2.5333      234.4316       13.1645       -1.7815        0.0052        0.0794   -0.65161E-01    0.00000E+00    0.00000E+00   -0.00000E+00    0.00000E+00    0.00000E+00    0.00000E+00    0.00000E+00
        1.0500        2.5500      234.1854       13.1835       -1.8009        0.0053        0.0797   -0.66541E-01    0.00000E+00    0.00000E+00   -0.00000E+00    0.00000E+00    0.00000E+00    0.00000E+00    0.00000E+00
        1.0667        2.5667      233.9421       13.2026       -1.8205        0.0054        0.0801   -0.67932E-01    0.00000E+00    0.00000E+00   -0.00000E+00    0.00000E+00    0.00000E+00    0.00000E+00    0.00000E+00
        1.0833        2.5833      233.7018       13.2218       -1.8402        0.0056        0.0804   -0.69335E-01    0.00000E+00    0.00000E+00   -0.00000E+00    0.00000E+00    0.00000E+00    0.00000E+00    0.00000E+00
        1.1000        2.6000      233.4643       13.2410       -1.8599        0.0057        0.0807   -0.70751E-01    0.00000E+00    0.00000E+00   -0.00000E+00    0.00000E+00    0.00000E+00    0.00000E+00    0.00000E+00
        1.1167        2.6167      233.2297       13.2603       -1.8797        0.0058        0.0810   -0.72178E-01    0.00000E+00    0.00000E+00   -0.00000E+00    0.00000E+00    0.00000E+00    0.00000E+00    0.00000E+00
        1.1333        2.6333      232.9981       13.2797       -1.8995        0.0060        0.0813   -0.73617E-01    0.00000E+00    0.00000E+00   -0.00000E+00    0.00000E+00    0.00000E+00    0.00000E+00    0.00000E+00
        1.1500        2.6500      232.7693       13.2991       -1.9194        0.0061        0.0817   -0.75068E-01    0.00000E+00    0.00000E+00   -0.00000E+00    0.00000E+00    0.00000E+00    0.00000E+00    0.00000E+00
        1.1667        2.6667      232.5434       13.3186       -1.9394        0.0063        0.0820   -0.76531E-01    0.00000E+00    0.00000E+00   -0.00000E+00    0.00000E+00    0.00000E+00    0.00000E+00    0.00000E+00
        1.1833        2.6833      232.3204       13.3382       -1.9595        0.0064        0.0823   -0.78007E-01    0.00000E+00    0.00000E+00   -0.00000E+00    0.00000E+00    0.00000E+00    0.00000E+00    0.00000E+00
        1.2000        2.7000      232.1002       13.3578       -1.9797        0.0066        0.0826   -0.79494E-01    0.00000E+00    0.00000E+00   -0.00000E+00    0.00000E+00    0.00000E+00    0.00000E+00    0.00000E+00
        1.2167        2.7167      231.8830       13.3775       -1.9999        0.0067        0.0829   -0.80995E-01    0.00000E+00    0.00000E+00   -0.00000E+00    0.00000E+00    0.00000E+00    0.00000E+00    0.00000E+00
        1.2333        2.7333      231.6686       13.3973       -2.0201        0.0069        0.0833   -0.82507E-01    0.00000E+00    0.00000E+00   -0.00000E+00    0.00000E+00    0.00000E+00    0.00000E+00    0.00000E+00
        1.2500        2.7500      231.4571       13.4171       -2.0405        0.0070        0.0836   -0.84032E-01    0.00000E+00    0.00000E+00   -0.00000E+00    0.00000E+00    0.00000E+00    0.00000E+00    0.00000E+00
        1.2667        2.7667      231.2485       13.4369       -2.0609        0.0072        0.0839   -0.85570E-01    0.00000E+00    0.00000E+00   -0.00000E+00    0.00000E+00    0.00000E+00    0.00000E+00    0.00000E+00
        1.2833        2.7833      231.0427       13.4569       -2.0814        0.0073        0.0842   -0.87121E-01    0.00000E+00    0.00000E+00   -0.00000E+00    0.00000E+00    0.00000E+00    0.00000E+00    0.00000E+00
        1.3000        2.8000      230.8398       13.4769       -2.1019        0.0075        0.0845   -0.88685E-01    0.00000E+00    0.00000E+00   -0.00000E+00    0.00000E+00    0.00000E+00    0.00000E+00    0.00000E+00
        1.3167        2.8167      230.6398       13.4969       -2.1225        0.0077        0.0849   -0.90261E-01    0.00000E+00    0.00000E+00   -0.00000E+00    0.00000E+00    0.00000E+00    0.00000E+00    0.00000E+00
        1.3333        2.8333      230.4426       13.5170       -2.1432        0.0078        0.0852   -0.91851E-01    0.00000E+00    0.00000E+00   -0.00000E+00    0.00000E+00    0.00000E+00    0.00000E+00    0.00000E+00
        1.3500        2.8500      230.2483       13.5372       -2.1640        0.0080        0.0855   -0.93454E-01    0.00000E+00    0.00000E+00   -0.00000E+00    0.00000E+00    0.00000E+00    0.00000E+00    0.00000E+00
        1.3667        2.8667      230.0569       13.5574       -2.1848        0.0082        0.0858   -0.95070E-01    0.00000E+00    0.00000E+00   -0.00000E+00    0.00000E+00    0.00000E+00    0.00000E+00    0.00000E+00
        1.3833        2.8833      229.8684       13.5777       -2.2056        0.0083        0.0861   -0.96700E-01    0.00000E+00    0.00000E+00   -0.00000E+00    0.00000E+00    0.00000E+00    0.00000E+00    0.00000E+00
        1.4000        2.9000      229.6827       13.5981       -2.2266        0.0085        0.0865   -0.98343E-01    0.00000E+00    0.00000E+00   -0.00000E+00    0.00000E+00    0.00000E+00    0.00000E+00    0.00000E+00
        1.4167        2.9167      229.4999       13.6185       -2.2476        0.0087        0.0868   -0.10000E+00    0.00000E+00    0.00000E+00   -0.00000E+00    0.00000E+00    0.00000E+00    0.00000E+00    0.00000E+00
        1.4333        2.9333      229.3200       13.6389       -2.2686        0.0089        0.0871   -0.10167E+00    0.00000E+00    0.00000E+00   -0.00000E+00    0.00000E+00    0.00000E+00    0.00000E+00    0.00000E+00
        1.4500        2.9500      229.1429       13.6594       -2.2897        0.0090        0.0874   -0.10336E+00    0.00000E+00    0.00000E+00   -0.00000E+00    0.00000E+00    0.00000E+00    0.00000E+00    0.00000E+00
        1.4667        2.9667      228.9688       13.6800       -2.3109        0.0092        0.0878   -0.10506E+00    0.00000E+00    0.00000E+00   -0.00000E+00    0.00000E+00    0.00000E+00    0.00000E+00    0.00000E+00
        1.4833        2.9833      228.7975       13.7006       -2.3321        0.0094        0.0881   -0.10677E+00    0.00000E+00    0.00000E+00   -0.00000E+00    0.00000E+00    0.00000E+00    0.00000E+00    0.00000E+00
        1.5000        3.0000      228.6291       13.7212       -2.3534        0.0096        0.0884   -0.10850E+00    0.00000E+00    0.00000E+00   -0.00000E+00    0.00000E+00    0.00000E+00    0.00000E+00    0.00000E+00
        1.5167        3.0167      228.4636       13.7419       -2.3748        0.0098        0.0887   -0.11024E+00    0.00000E+00    0.00000E+00   -0.00000E+00    0.00000E+00    0.00000E+00    0.00000E+00    0.00000E+00
        1.5333        3.0333      228.3009       13.7627       -2.3962        0.0100        0.0890   -0.11200E+00    0.00000E+00    0.00000E+00   -0.00000E+00    0.00000E+00    0.00000E+00    0.00000E+00    0.00000E+00
        1.5500        3.0500      228.1412       13.7835       -2.4176        0.0102        0.0894   -0.11377E+00    0.00000E+00    0.00000E+00   -0.00000E+00    0.00000E+00    0.00000E+00    0.00000E+00    0.00000E+00
        1.5667        3.0667      227.9844       13.8043       -2.4391        0.0104        0.0897   -0.11556E+00    0.00000E+00    0.00000E+00   -0.00000E+00    0.00000E+00    0.00000E+00    0.00000E+00    0.00000E+00
        1.5833        3.0833      227.8305       13.8252       -2.4607        0.0106        0.0900   -0.11736E+00    0.00000E+00    0.00000E+00   -0.00000E+00    0.00000E+00    0.00000E+00    0.00000E+00    0.00000E+00
        1.6000        3.1000      227.6795       13.8462       -2.4823        0.0108        0.0903   -0.11918E+00    0.00000E+00    0.00000E+00   -0.00000E+00    0.00000E+00    0.00000E+00    0.00000E+00    0.00000E+00
        1.6167        3.1167      227.5314       13.8672       -2.5040        0.0110        0.0907   -0.12101E+00    0.00000E+00    0.00000E+00   -0.00000E+00    0.00000E+00    0.00000E+00    0.00000E+00    0.00000E+00
        1.6333        3.1333      227.3862       13.8882       -2.5257        0.0112        0.0910   -0.12286E+00    0.00000E+00    0.00000E+00   -0.00000E+00    0.00000E+00    0.00000E+00    0.00000E+00    0.00000E+00
        1.6500        3.1500      227.2440       13.9093       -2.5475        0.0114        0.0913   -0.12473E+00    0.00000E+00    0.00000E+00   -0.00000E+00    0.00000E+00    0.00000E+00    0.00000E+00    0.00000E+00
        1.6667        3.1667      227.1047       13.9304       -2.5693        0.0116        0.0916   -0.12661E+00    0.00000E+00    0.00000E+00   -0.00000E+00    0.00000E+00    0.00000E+00    0.00000E+00    0.00000E+00
        1.6833        3.1833      226.9683       13.9516       -2.5912        0.0118        0.0919   -0.12851E+00    0.00000E+00    0.00000E+00   -0.00000E+00    0.00000E+00    0.00000E+00    0.00000E+00    0.00000E+00
        1.7000        3.2000      226.8349       13.9728       -2.6131        0.0120        0.0923   -0.13043E+00    0.00000E+00    0.00000E+00   -0.00000E+00    0.00000E+00    0.00000E+00    0.00000E+00    0.00000E+00
        1.7167        3.2167      226.7045       13.9940       -2.6351        0.0123        0.0926   -0.13236E+00    0.00000E+00    0.00000E+00   -0.00000E+00    0.00000E+00    0.00000E+00    0.00000E+00    0.00000E+00
        1.7333        3.2333      226.5770       14.0153       -2.6571        0.0125        0.0929   -0.13431E+00    0.00000E+00    0.00000E+00   -0.00000E+00    0.00000E+00    0.00000E+00    0.00000E+00    0.00000E+00
        1.7500        3.2500      226.4525       14.0366       -2.6791        0.0127        0.0932   -0.13628E+00    0.00000E+00    0.00000E+00   -0.00000E+00    0.00000E+00    0.00000E+00    0.00000E+00    0.00000E+00
        1.7667        3.2667      226.3309       14.0580       -2.7012        0.0129        0.0935   -0.13826E+00    0.00000E+00    0.00000E+00   -0.00000E+00    0.00000E+00    0.00000E+00    0.00000E+00    0.00000E+00
        1.7833        3.2833      226.2124       14.0793       -2.7234        0.0132        0.0939   -0.14027E+00    0.00000E+00    0.00000E+00   -0.00000E+00    0.00000E+00    0.00000E+00    0.00000E+00    0.00000E+00
        1.8000        3.3000      226.0969       14.1008       -2.7455        0.0134        0.0942   -0.14229E+00    0.00000E+00    0.00000E+00   -0.00000E+00    0.00000E+00    0.00000E+00    0.00000E+00    0.00000E+00
        1.8167        3.3167      225.9843       14.1222       -2.7678        0.0136        0.0945   -0.14433E+00    0.00000E+00    0.00000E+00   -0.00000E+00    0.00000E+00    0.00000E+00    0.00000E+00    0.00000E+00
        1.8333        3.3333      225.8748       14.1437       -2.7900        0.0139        0.0948   -0.14638E+00    0.00000E+00    0.00000E+00   -0.00000E+00    0.00000E+00    0.00000E+00    0.00000E+00    0.00000E+00
        1.8500        3.3500      225.7684       14.1652       -2.8123        0.0141        0.0951   -0.14846E+00    0.00000E+00    0.00000E+00   -0.00000E+00    0.00000E+00    0.00000E+00    0.00000E+00    0.00000E+00
        1.8667        3.3667      225.6650       14.1868       -2.8347        0.0144        0.0955   -0.15056E+00    0.00000E+00    0.00000E+00   -0.00000E+00    0.00000E+00    0.00000E+00    0.00000E+00    0.00000E+00
        1.8833        3.3833      225.5646       14.2084       -2.8570        0.0146        0.0958   -0.15267E+00    0.00000E+00    0.00000E+00   -0.00000E+00    0.00000E+00    0.00000E+00    0.00000E+00    0.00000E+00
        1.9000        3.4000      225.4673       14.2300       -2.8794        0.0149        0.0961   -0.15481E+00    0.00000E+00    0.00000E+00   -0.00000E+00    0.00000E+00    0.00000E+00    0.00000E+00    0.00000E+00
        1.9167        3.4167      225.3731       14.2516       -2.9019        0.0151        0.0964   -0.15696E+00    0.00000E+00    0.00000E+00   -0.00000E+00    0.00000E+00    0.00000E+00    0.00000E+00    0.00000E+00
        1.9333        3.4333      225.2819       14.2732       -2.9243        0.0154        0.0967   -0.15914E+00    0.00000E+00    0.00000E+00   -0.00000E+00    0.00000E+00    0.00000E+00    0.00000E+00    0.00000E+00
        1.9500        3.4500      225.1939       14.2949       -2.9468        0.0157        0.0971   -0.16133E+00    0.00000E+00    0.00000E+00   -0.00000E+00    0.00000E+00    0.00000E+00    0.00000E+00    0.00000E+00
        1.9667        3.4667      225.1090       14.3166       -2.9694        0.0159        0.0974   -0.16355E+00    0.00000E+00    0.00000E+00   -0.00000E+00    0.00000E+00    0.00000E+00    0.00000E+00    0.00000E+00
        1.9833        3.4833      225.0273       14.3383       -2.9919        0.0162        0.0977   -0.16578E+00    0.00000E+00    0.00000E+00   -0.00000E+00    0.00000E+00    0.00000E+00    0.00000E+00    0.00000E+00
        2.0000        3.5000      224.9486       14.3601       -3.0145        0.0165        0.0980   -0.16804E+00    0.00000E+00    0.00000E+00   -0.00000E+00    0.00000E+00    0.00000E+00    0.00000E+00    0.00000E+00
        2.0167        3.5167      224.8732       14.3818       -3.0371        0.0167        0.0983   -0.17032E+00    0.00000E+00    0.00000E+00   -0.00000E+00    0.00000E+00    0.00000E+00    0.00000E+00    0.00000E+00
        2.0333        3.5333      224.8009       14.4036       -3.0598        0.0170        0.0986   -0.17262E+00    0.00000E+00    0.00000E+00   -0.00000E+00    0.00000E+00    0.00000E+00    0.00000E+00    0.00000E+00
        2.0500        3.5500      224.7318       14.4254       -3.0824        0.0173        0.0990   -0.17495E+00    0.00000E+00    0.00000E+00   -0.00000E+00    0.00000E+00    0.00000E+00    0.00000E+00    0.00000E+00
        2.0667        3.5667      224.6660       14.4472       -3.1051        0.0176        0.0993   -0.17730E+00    0.00000E+00    0.00000E+00   -0.00000E+00    0.00000E+00    0.00000E+00    0.00000E+00    0.00000E+00
        2.0833        3.5833      224.6033       14.4690       -3.1278        0.0179        0.0996   -0.17967E+00    0.00000E+00    0.00000E+00   -0.00000E+00    0.00000E+00    0.00000E+00    0.00000E+00    0.00000E+00
        2.1000        3.6000      224.5440       14.4908       -3.1506        0.0182        0.0999   -0.18206E+00    0.00000E+00    0.00000E+00   -0.00000E+00    0.00000E+00    0.00000E+00    0.00000E+00    0.00000E+00
        2.1167        3.6167      224.4878       14.5127       -3.1733        0.0185        0.1002   -0.18448E+00    0.00000E+00    0.00000E+00   -0.00000E+00    0.00000E+00    0.00000E+00    0.00000E+00    0.00000E+00
        2.1333        3.6333      224.4350       14.5345       -3.1961        0.0188        0.1005   -0.18692E+00    0.00000E+00    0.00000E+00   -0.00000E+00    0.00000E+00    0.00000E+00    0.00000E+00    0.00000E+00
        2.1500        3.6500      224.3855       14.5564       -3.2188        0.0191        0.1008   -0.18938E+00    0.00000E+00    0.00000E+00   -0.00000E+00    0.00000E+00    0.00000E+00    0.00000E+00    0.00000E+00
        2.1667        3.6667      224.3393       14.5782       -3.2416        0.0194        0.1011   -0.19187E+00    0.00000E+00    0.00000E+00   -0.00000E+00    0.00000E+00    0.00000E+00    0.00000E+00    0.00000E+00
        2.1833        3.6833      224.2964       14.6001       -3.2644        0.0197        0.1014   -0.19439E+00    0.00000E+00    0.00000E+00   -0.00000E+00    0.00000E+00    0.00000E+00    0.00000E+00    0.00000E+00
        2.2000        3.7000      224.2569       14.6220       -3.2872        0.0200        0.1018   -0.19693E+00    0.00000E+00    0.00000E+00   -0.00000E+00    0.00000E+00    0.00000E+00    0.00000E+00    0.00000E+00
        2.2167        3.7167      224.2207       14.6438       -3.3100        0.0204        0.1021   -0.19950E+00    0.00000E+00    0.00000E+00   -0.00000E+00    0.00000E+00    0.00000E+00    0.00000E+00    0.00000E+00
        2.2333        3.7333      224.1880       14.6657       -3.3329        0.0207        0.1024   -0.20209E+00    0.00000E+00    0.00000E+00   -0.00000E+00    0.00000E+00    0.00000E+00    0.00000E+00    0.00000E+00
        2.2500        3.7500      224.1587       14.6876       -3.3557        0.0210        0.1027   -0.20471E+00    0.00000E+00    0.00000E+00   -0.00000E+00    0.00000E+00    0.00000E+00    0.00000E+00    0.00000E+00
        2.2667        3.7667      224.1329       14.7094       -3.3785        0.0214        0.1030   -0.20736E+00    0.00000E+00    0.00000E+00   -0.00000E+00    0.00000E+00    0.00000E+00    0.00000E+00    0.00000E+00
        2.2833        3.7833      224.1105       14.7313       -3.4014        0.0217        0.1033   -0.21004E+00    0.00000E+00    0.00000E+00   -0.00000E+00    0.00000E+00    0.00000E+00    0.00000E+00    0.00000E+00
        2.3000        3.8000      224.0916       14.7531       -3.4242        0.0220        0.1036   -0.21274E+00    0.00000E+00    0.00000E+00   -0.00000E+00    0.00000E+00    0.00000E+00    0.00000E+00    0.00000E+00
        2.3167        3.8167      224.0763       14.7749       -3.4471        0.0224        0.1039   -0.21547E+00    0.00000E+00    0.00000E+00   -0.00000E+00    0.00000E+00    0.00000E+00    0.00000E+00    0.00000E+00
        2.3333        3.8333      224.0645       14.7967       -3.4699        0.0227        0.1042   -0.21823E+00    0.00000E+00    0.00000E+00   -0.00000E+00    0.00000E+00    0.00000E+00    0.00000E+00    0.00000E+00
        2.3500        3.8500      224.0562       14.8186       -3.4927        0.0231        0.1045   -0.22102E+00    0.00000E+00    0.00000E+00   -0.00000E+00    0.00000E+00    0.00000E+00    0.00000E+00    0.00000E+00
        2.3667        3.8667      224.0516       14.8403       -3.5156        0.0235        0.1048   -0.22384E+00    0.00000E+00    0.00000E+00   -0.00000E+00    0.00000E+00    0.00000E+00    0.00000E+00    0.00000E+00
        2.3833        3.8833      224.0506       14.8621       -3.5384        0.0238        0.1051   -0.22669E+00    0.00000E+00    0.00000E+00   -0.00000E+00    0.00000E+00    0.00000E+00    0.00000E+00    0.00000E+00
        2.4000        3.9000      224.0532       14.8839       -3.5612        0.0242        0.1054   -0.22958E+00    0.00000E+00    0.00000E+00   -0.00000E+00    0.00000E+00    0.00000E+00    0.00000E+00    0.00000E+00
        2.4167        3.9167      224.0595       14.9056       -3.5840        0.0246        0.1057   -0.23249E+00    0.00000E+00    0.00000E+00   -0.00000E+00    0.00000E+00    0.00000E+00    0.00000E+00    0.00000E+00
        2.4333        3.9333      224.0696       14.9273       -3.6068        0.0250        0.1060   -0.23543E+00    0.00000E+00    0.00000E+00   -0.00000E+00    0.00000E+00    0.00000E+00    0.00000E+00    0.00000E+00
        2.4500        3.9500      224.0833       14.9490       -3.6296        0.0253        0.1063   -0.23841E+00    0.00000E+00    0.00000E+00   -0.00000E+00    0.00000E+00    0.00000E+00    0.00000E+00    0.00000E+00
        2.4667        3.9667      224.1009       14.9707       -3.6523        0.0257        0.1066   -0.24142E+00    0.00000E+00    0.00000E+00   -0.00000E+00    0.00000E+00    0.00000E+00    0.00000E+00    0.00000E+00
        2.4833        3.9833      224.1222       14.9923       -3.6751        0.0261        0.1069   -0.24446E+00    0.00000E+00    0.00000E+00   -0.00000E+00    0.00000E+00    0.00000E+00    0.00000E+00    0.00000E+00
        2.5000        4.0000      224.1473       15.0139       -3.6978        0.0265        0.1072   -0.24754E+00    0.00000E+00    0.00000E+00   -0.00000E+00    0.00000E+00    0.00000E+00    0.00000E+00    0.00000E+00
        2.5167        4.0167      224.1764       15.0355       -3.7205        0.0269        0.1075   -0.25065E+00    0.00000E+00    0.00000E+00   -0.00000E+00    0.00000E+00    0.00000E+00    0.00000E+00    0.00000E+00
        2.5333        4.0333      224.2093       15.0570       -3.7431        0.0273        0.1078   -0.25380E+00    0.00000E+00    0.00000E+00   -0.00000E+00    0.00000E+00    0.00000E+00    0.00000E+00    0.00000E+00
        2.5500        4.0500      224.2461       15.0785       -3.7658        0.0278        0.1080   -0.25698E+00    0.00000E+00    0.00000E+00   -0.00000E+00    0.00000E+00    0.00000E+00    0.00000E+00    0.00000E+00
        2.5667        4.0667      224.2869       15.1000       -3.7884        0.0282        0.1083   -0.26020E+00    0.00000E+00    0.00000E+00   -0.00000E+00    0.00000E+00    0.00000E+00    0.00000E+00    0.00000E+00
        2.5833        4.0833      224.3317       15.1214       -3.8110        0.0286        0.1086   -0.26345E+00    0.00000E+00    0.00000E+00   -0.00000E+00    0.00000E+00    0.00000E+00    0.00000E+00    0.00000E+00
        2.6000        4.1000      224.3806       15.1428       -3.8335        0.0290        0.1089   -0.26675E+00    0.00000E+00    0.00000E+00   -0.00000E+00    0.00000E+00    0.00000E+00    0.00000E+00    0.00000E+00
        2.6167        4.1167      224.4335       15.1641       -3.8560        0.0295        0.1092   -0.27008E+00    0.00000E+00    0.00000E+00   -0.00000E+00    0.00000E+00    0.00000E+00    0.00000E+00    0.00000E+00
        2.6333        4.1333      224.4905       15.1854       -3.8785        0.0299        0.1095   -0.27345E+00    0.00000E+00    0.00000E+00   -0.00000E+00    0.00000E+00    0.00000E+00    0.00000E+00    0.00000E+00
        2.6500        4.1500      224.5516       15.2066       -3.9010        0.0304        0.1098   -0.27685E+00    0.00000E+00    0.00000E+00   -0.00000E+00    0.00000E+00    0.00000E+00    0.00000E+00    0.00000E+00
        2.6667        4.1667      224.6170       15.2278       -3.9234        0.0308        0.1100   -0.28030E+00    0.00000E+00    0.00000E+00   -0.00000E+00    0.00000E+00    0.00000E+00    0.00000E+00    0.00000E+00
        2.6833        4.1833      224.6865       15.2489       -3.9457        0.0313        0.1103   -0.28379E+00    0.00000E+00    0.00000E+00   -0.00000E+00    0.00000E+00    0.00000E+00    0.00000E+00    0.00000E+00
        2.7000        4.2000      224.7604       15.2700       -3.9680        0.0318        0.1106   -0.28732E+00    0.00000E+00    0.00000E+00   -0.00000E+00    0.00000E+00    0.00000E+00    0.00000E+00    0.00000E+00
        2.7167        4.2167      224.8385       15.2910       -3.9903        0.0323        0.1109   -0.29089E+00    0.00000E+00    0.00000E+00   -0.00000E+00    0.00000E+00    0.00000E+00    0.00000E+00    0.00000E+00
        2.7333        4.2333      224.9210       15.3119       -4.0125        0.0327        0.1111   -0.29450E+00    0.00000E+00    0.00000E+00   -0.00000E+00    0.00000E+00    0.00000E+00    0.00000E+00    0.00000E+00
        2.7500        4.2500      225.0079       15.3328       -4.0347        0.0332        0.1114   -0.29816E+00    0.00000E+00    0.00000E+00   -0.00000E+00    0.00000E+00    0.00000E+00    0.00000E+00    0.00000E+00
        2.7667        4.2667      225.0992       15.3536       -4.0568        0.0337        0.1117   -0.30186E+00    0.00000E+00    0.00000E+00   -0.00000E+00    0.00000E+00    0.00000E+00    0.00000E+00    0.00000E+00
        2.7833        4.2833      225.1950       15.3744       -4.0788        0.0342        0.1120   -0.30561E+00    0.00000E+00    0.00000E+00   -0.00000E+00    0.00000E+00    0.00000E+00    0.00000E+00    0.00000E+00
        2.8000        4.3000      225.2953       15.3951       -4.1008        0.0347        0.1122   -0.30940E+00    0.00000E+00    0.00000E+00   -0.00000E+00    0.00000E+00    0.00000E+00    0.00000E+00    0.00000E+00
        2.8167        4.3167      225.4002       15.4157       -4.1228        0.0352        0.1125   -0.31324E+00    0.00000E+00    0.00000E+00   -0.00000E+00    0.00000E+00    0.00000E+00    0.00000E+00    0.00000E+00
        2.8333        4.3333      225.5097       15.4362       -4.1446        0.0358        0.1128   -0.31712E+00    0.00000E+00    0.00000E+00   -0.00000E+00    0.00000E+00    0.00000E+00    0.00000E+00    0.00000E+00
        2.8500        4.3500      225.6239       15.4566       -4.1664        0.0363        0.1130   -0.32105E+00    0.00000E+00    0.00000E+00   -0.00000E+00    0.00000E+00    0.00000E+00    0.00000E+00    0.00000E+00
        2.8667        4.3667      225.7428       15.4770       -4.1882        0.0368        0.1133   -0.32503E+00    0.00000E+00    0.00000E+00   -0.00000E+00    0.00000E+00    0.00000E+00    0.00000E+00    0.00000E+00
        2.8833        4.3833      225.8664       15.4973       -4.2098        0.0374        0.1136   -0.32906E+00    0.00000E+00    0.00000E+00   -0.00000E+00    0.00000E+00    0.00000E+00    0.00000E+00    0.00000E+00
        2.9000        4.4000      225.9949       15.5175       -4.2314        0.0379        0.1138   -0.33314E+00    0.00000E+00    0.00000E+00   -0.00000E+00    0.00000E+00    0.00000E+00    0.00000E+00    0.00000E+00
        2.9167        4.4167      226.1283       15.5376       -4.2529        0.0385        0.1141   -0.33726E+00    0.00000E+00    0.00000E+00   -0.00000E+00    0.00000E+00    0.00000E+00    0.00000E+00    0.00000E+00
        2.9333        4.4333      226.2665       15.5576       -4.2743        0.0390        0.1143   -0.34145E+00    0.00000E+00    0.00000E+00   -0.00000E+00    0.00000E+00    0.00000E+00    0.00000E+00    0.00000E+00
        2.9500        4.4500      226.4098       15.5775       -4.2957        0.0396        0.1146   -0.34568E+00    0.00000E+00    0.00000E+00   -0.00000E+00    0.00000E+00    0.00000E+00    0.00000E+00    0.00000E+00
        2.9667        4.4667      226.5581       15.5973       -4.3170        0.0402        0.1148   -0.34996E+00    0.00000E+00    0.00000E+00   -0.00000E+00    0.00000E+00    0.00000E+00    0.00000E+00    0.00000E+00
        2.9833        4.4833      226.7115       15.6171       -4.3381        0.0408        0.1151   -0.35430E+00    0.00000E+00    0.00000E+00   -0.00000E+00    0.00000E+00    0.00000E+00    0.00000E+00    0.00000E+00
        3.0000        4.5000      226.8701       15.6367       -4.3592        0.0414        0.1153   -0.35870E+00    0.00000E+00    0.00000E+00   -0.00000E+00    0.00000E+00    0.00000E+00    0.00000E+00    0.00000E+00
        3.0167        4.5167      227.0339       15.6562       -4.3802        0.0420        0.1156   -0.36315E+00    0.00000E+00    0.00000E+00   -0.00000E+00    0.00000E+00    0.00000E+00    0.00000E+00    0.00000E+00
        3.0333        4.5333      227.2029       15.6756       -4.4011        0.0426        0.1158   -0.36766E+00    0.00000E+00    0.00000E+00   -0.00000E+00    0.00000E+00    0.00000E+00    0.00000E+00    0.00000E+00
        3.0500        4.5500      227.3773       15.6949       -4.4219        0.0432        0.1161   -0.37222E+00    0.00000E+00    0.00000E+00   -0.00000E+00    0.00000E+00    0.00000E+00    0.00000E+00    0.00000E+00
        3.0667        4.5667      227.5571       15.7140       -4.4426        0.0438        0.1163   -0.37684E+00    0.00000E+00    0.00000E+00   -0.00000E+00    0.00000E+00    0.00000E+00    0.00000E+00    0.00000E+00
        3.0833        4.5833      227.7423       15.7331       -4.4632        0.0445        0.1166   -0.38153E+00    0.00000E+00    0.00000E+00   -0.00000E+00    0.00000E+00    0.00000E+00    0.00000E+00    0.00000E+00
        3.1000        4.6000      227.9331       15.7520       -4.4837        0.0451        0.1168   -0.38627E+00    0.00000E+00    0.00000E+00   -0.00000E+00    0.00000E+00    0.00000E+00    0.00000E+00    0.00000E+00
        3.1167        4.6167      228.1294       15.7708       -4.5041        0.0458        0.1170   -0.39107E+00    0.00000E+00    0.00000E+00   -0.00000E+00    0.00000E+00    0.00000E+00    0.00000E+00    0.00000E+00
        3.1333        4.6333      228.3314       15.7895       -4.5244        0.0464        0.1173   -0.39594E+00    0.00000E+00    0.00000E+00   -0.00000E+00    0.00000E+00    0.00000E+00    0.00000E+00    0.00000E+00
        3.1500        4.6500      228.5392       15.8080       -4.5445        0.0471        0.1175   -0.40087E+00    0.00000E+00    0.00000E+00   -0.00000E+00    0.00000E+00    0.00000E+00    0.00000E+00    0.00000E+00
        3.1667        4.6667      228.7527       15.8265       -4.5646        0.0478        0.1177   -0.40586E+00    0.00000E+00    0.00000E+00   -0.00000E+00    0.00000E+00    0.00000E+00    0.00000E+00    0.00000E+00
        3.1833        4.6833      228.9721       15.8447       -4.5845        0.0485        0.1180   -0.41092E+00    0.00000E+00    0.00000E+00   -0.00000E+00    0.00000E+00    0.00000E+00    0.00000E+00    0.00000E+00
        3.2000        4.7000      229.1975       15.8629       -4.6043        0.0492        0.1182   -0.41604E+00    0.00000E+00    0.00000E+00   -0.00000E+00    0.00000E+00    0.00000E+00    0.00000E+00    0.00000E+00
        3.2167        4.7167      229.4289       15.8809       -4.6240        0.0499        0.1184   -0.42123E+00    0.00000E+00    0.00000E+00   -0.00000E+00    0.00000E+00    0.00000E+00    0.00000E+00    0.00000E+00
        3.2333        4.7333      229.6664       15.8987       -4.6435        0.0506        0.1186   -0.42649E+00    0.00000E+00    0.00000E+00   -0.00000E+00    0.00000E+00    0.00000E+00    0.00000E+00    0.00000E+00
        3.2500        4.7500      229.9100       15.9164       -4.6629        0.0513        0.1189   -0.43181E+00    0.00000E+00    0.00000E+00   -0.00000E+00    0.00000E+00    0.00000E+00    0.00000E+00    0.00000E+00
        3.2667        4.7667      230.1599       15.9340       -4.6822        0.0521        0.1191   -0.43721E+00    0.00000E+00    0.00000E+00   -0.00000E+00    0.00000E+00    0.00000E+00    0.00000E+00    0.00000E+00
        3.2833        4.7833      230.4161       15.9514       -4.7013        0.0528        0.1193   -0.44268E+00    0.00000E+00    0.00000E+00   -0.00000E+00    0.00000E+00    0.00000E+00    0.00000E+00    0.00000E+00
        3.3000        4.8000      230.6787       15.9686       -4.7203        0.0536        0.1195   -0.44822E+00    0.00000E+00    0.00000E+00   -0.00000E+00    0.00000E+00    0.00000E+00    0.00000E+00    0.00000E+00
        3.3167        4.8167      230.9479       15.9857       -4.7392        0.0543        0.1197   -0.45383E+00    0.00000E+00    0.00000E+00   -0.00000E+00    0.00000E+00    0.00000E+00    0.00000E+00    0.00000E+00
        3.3333        4.8333      231.2235       16.0026       -4.7579        0.0551        0.1200   -0.45952E+00    0.00000E+00    0.00000E+00   -0.00000E+00    0.00000E+00    0.00000E+00    0.00000E+00    0.00000E+00
        3.3500        4.8500      231.5059       16.0193       -4.7764        0.0559        0.1202   -0.46528E+00    0.00000E+00    0.00000E+00   -0.00000E+00    0.00000E+00    0.00000E+00    0.00000E+00    0.00000E+00
        3.3667        4.8667      231.7950       16.0359       -4.7948        0.0567        0.1204   -0.47112E+00    0.00000E+00    0.00000E+00   -0.00000E+00    0.00000E+00    0.00000E+00    0.00000E+00    0.00000E+00
        3.3833        4.8833      232.0909       16.0523       -4.8131        0.0575        0.1206   -0.47703E+00    0.00000E+00    0.00000E+00   -0.00000E+00    0.00000E+00    0.00000E+00    0.00000E+00    0.00000E+00
        3.4000        4.9000      232.3938       16.0685       -4.8312        0.0583        0.1208   -0.48303E+00    0.00000E+00    0.00000E+00   -0.00000E+00    0.00000E+00    0.00000E+00    0.00000E+00    0.00000E+00
        3.4167        4.9167      232.7037       16.0845       -4.8491        0.0592        0.1210   -0.48910E+00    0.00000E+00    0.00000E+00   -0.00000E+00    0.00000E+00    0.00000E+00    0.00000E+00    0.00000E+00
        3.4333        4.9333      233.0206       16.1003       -4.8668        0.0600        0.1212   -0.49525E+00    0.00000E+00    0.00000E+00   -0.00000E+00    0.00000E+00    0.00000E+00    0.00000E+00    0.00000E+00
        3.4500        4.9500      233.3448       16.1160       -4.8844        0.0609        0.1214   -0.50148E+00    0.00000E+00    0.00000E+00   -0.00000E+00    0.00000E+00    0.00000E+00    0.00000E+00    0.00000E+00
        3.4667        4.9667      233.6763       16.1315       -4.9018        0.0617        0.1216   -0.50780E+00    0.00000E+00    0.00000E+00   -0.00000E+00    0.00000E+00    0.00000E+00    0.00000E+00    0.00000E+00
        3.4833        4.9833      234.0152       16.1467       -4.9191        0.0626        0.1218   -0.51420E+00    0.00000E+00    0.00000E+00   -0.00000E+00    0.00000E+00    0.00000E+00    0.00000E+00    0.00000E+00
        3.5000        5.0000      234.3615       16.1618       -4.9361        0.0635        0.1220   -0.52068E+00    0.00000E+00    0.00000E+00   -0.00000E+00    0.00000E+00    0.00000E+00    0.00000E+00    0.00000E+00
        3.5167        5.0167      234.7155       16.1767       -4.9530        0.0644        0.1221   -0.52725E+00    0.00000E+00    0.00000E+00   -0.00000E+00    0.00000E+00    0.00000E+00    0.00000E+00    0.00000E+00
        3.5333        5.0333      235.0771       16.1913       -4.9697        0.0653        0.1223   -0.53390E+00    0.00000E+00    0.00000E+00   -0.00000E+00    0.00000E+00    0.00000E+00    0.00000E+00    0.00000E+00
        3.5500        5.0500      235.4465       16.2058       -4.9862        0.0662        0.1225   -0.54064E+00    0.00000E+00    0.00000E+00   -0.00000E+00    0.00000E+00    0.00000E+00    0.00000E+00    0.00000E+00
        3.5667        5.0667      235.8239       16.2200       -5.0025        0.0672        0.1227   -0.54747E+00    0.00000E+00    0.00000E+00   -0.00000E+00    0.00000E+00    0.00000E+00    0.00000E+00    0.00000E+00
        3.5833        5.0833      236.2092       16.2340       -5.0187        0.0681        0.1229   -0.55438E+00    0.00000E+00    0.00000E+00   -0.00000E+00    0.00000E+00    0.00000E+00    0.00000E+00    0.00000E+00
        3.6000        5.1000      236.6026       16.2478       -5.0346        0.0691        0.1231   -0.56139E+00    0.00000E+00    0.00000E+00   -0.00000E+00    0.00000E+00    0.00000E+00    0.00000E+00    0.00000E+00
        3.6167        5.1167      237.0043       16.2614       -5.0503        0.0701        0.1232   -0.56848E+00    0.00000E+00    0.00000E+00   -0.00000E+00    0.00000E+00    0.00000E+00    0.00000E+00    0.00000E+00
        3.6333        5.1333      237.4143       16.2747       -5.0658        0.0710        0.1234   -0.57567E+00    0.00000E+00    0.00000E+00   -0.00000E+00    0.00000E+00    0.00000E+00    0.00000E+00    0.00000E+00
        3.6500        5.1500      237.8327       16.2878       -5.0811        0.0720        0.1236   -0.58295E+00    0.00000E+00    0.00000E+00   -0.00000E+00    0.00000E+00    0.00000E+00    0.00000E+00    0.00000E+00
        3.6667        5.1667      238.2597       16.3007       -5.0963        0.0730        0.1237   -0.59032E+00    0.00000E+00    0.00000E+00   -0.00000E+00    0.00000E+00    0.00000E+00    0.00000E+00    0.00000E+00
        3.6833        5.1833      238.6953       16.3134       -5.1112        0.0741        0.1239   -0.59779E+00    0.00000E+00    0.00000E+00   -0.00000E+00    0.00000E+00    0.00000E+00    0.00000E+00    0.00000E+00
        3.7000        5.2000      239.1397       16.3258       -5.1258        0.0751        0.1241   -0.60535E+00    0.00000E+00    0.00000E+00   -0.00000E+00    0.00000E+00    0.00000E+00    0.00000E+00    0.00000E+00
        3.7167        5.2167      239.5931       16.3379       -5.1403        0.0762        0.1242   -0.61301E+00    0.00000E+00    0.00000E+00   -0.00000E+00    0.00000E+00    0.00000E+00    0.00000E+00    0.00000E+00
        3.7333        5.2333      240.0554       16.3499       -5.1545        0.0772        0.1244   -0.62076E+00    0.00000E+00    0.00000E+00   -0.00000E+00    0.00000E+00    0.00000E+00    0.00000E+00    0.00000E+00
        3.7500        5.2500      240.5268       16.3615       -5.1685        0.0783        0.1245   -0.62860E+00    0.00000E+00    0.00000E+00   -0.00000E+00    0.00000E+00    0.00000E+00    0.00000E+00    0.00000E+00
        3.7667        5.2667      241.0075       16.3729       -5.1823        0.0794        0.1247   -0.63654E+00    0.00000E+00    0.00000E+00   -0.00000E+00    0.00000E+00    0.00000E+00    0.00000E+00    0.00000E+00
        3.7833        5.2833      241.4976       16.3841       -5.1959        0.0805        0.1249   -0.64458E+00    0.00000E+00    0.00000E+00   -0.00000E+00    0.00000E+00    0.00000E+00    0.00000E+00    0.00000E+00
        3.8000        5.3000      241.9971       16.3950       -5.2092        0.0816        0.1250   -0.65272E+00    0.00000E+00    0.00000E+00   -0.00000E+00    0.00000E+00    0.00000E+00    0.00000E+00    0.00000E+00
        3.8167        5.3167      242.5062       16.4056       -5.2223        0.0827        0.1252   -0.66095E+00    0.00000E+00    0.00000E+00   -0.00000E+00    0.00000E+00    0.00000E+00    0.00000E+00    0.00000E+00
        3.8333        5.3333      243.0251       16.4160       -5.2351        0.0839        0.1253   -0.66928E+00    0.00000E+00    0.00000E+00   -0.00000E+00    0.00000E+00    0.00000E+00    0.00000E+00    0.00000E+00
        3.8500        5.3500      243.5539       16.4261       -5.2477        0.0850        0.1254   -0.67771E+00    0.00000E+00    0.00000E+00   -0.00000E+00    0.00000E+00    0.00000E+00    0.00000E+00    0.00000E+00
        3.8667        5.3667      244.0926       16.4359       -5.2601        0.0862        0.1256   -0.68624E+00    0.00000E+00    0.00000E+00   -0.00000E+00    0.00000E+00    0.00000E+00    0.00000E+00    0.00000E+00
        3.8833        5.3833      244.6414       16.4454       -5.2722        0.0874        0.1257   -0.69486E+00    0.00000E+00    0.00000E+00   -0.00000E+00    0.00000E+00    0.00000E+00    0.00000E+00    0.00000E+00
        3.9000        5.4000      245.2004       16.4547       -5.2841        0.0885        0.1258   -0.70358E+00    0.00000E+00    0.00000E+00   -0.00000E+00    0.00000E+00    0.00000E+00    0.00000E+00    0.00000E+00
        3.9167        5.4167      245.7697       16.4637       -5.2957        0.0897        0.1260   -0.71240E+00    0.00000E+00    0.00000E+00   -0.00000E+00    0.00000E+00    0.00000E+00    0.00000E+00    0.00000E+00
        3.9333        5.4333      246.3496       16.4724       -5.3071        0.0910        0.1261   -0.72131E+00    0.00000E+00    0.00000E+00   -0.00000E+00    0.00000E+00    0.00000E+00    0.00000E+00    0.00000E+00
        3.9500        5.4500      246.9400       16.4808       -5.3182        0.0922        0.1262   -0.73032E+00    0.00000E+00    0.00000E+00   -0.00000E+00    0.00000E+00    0.00000E+00    0.00000E+00    0.00000E+00
        3.9667        5.4667      247.5411       16.4889       -5.3290        0.0934        0.1264   -0.73942E+00    0.00000E+00    0.00000E+00   -0.00000E+00    0.00000E+00    0.00000E+00    0.00000E+00    0.00000E+00
        3.9833        5.4833      248.1531       16.4967       -5.3396        0.0947        0.1265   -0.74862E+00    0.00000E+00    0.00000E+00   -0.00000E+00    0.00000E+00    0.00000E+00    0.00000E+00    0.00000E+00
        4.0000        5.5000      248.7760       16.5043       -5.3499        0.0960        0.1266   -0.75791E+00    0.00000E+00    0.00000E+00   -0.00000E+00    0.00000E+00    0.00000E+00    0.00000E+00    0.00000E+00
        4.0167        5.5167      249.4101       16.5115       -5.3600        0.0972        0.1267   -0.76730E+00    0.00000E+00    0.00000E+00   -0.00000E+00    0.00000E+00    0.00000E+00    0.00000E+00    0.00000E+00
        4.0333        5.5333      250.0553       16.5185       -5.3698        0.0985        0.1268   -0.77677E+00    0.00000E+00    0.00000E+00   -0.00000E+00    0.00000E+00    0.00000E+00    0.00000E+00    0.00000E+00
        4.0500        5.5500      250.7118       16.5251       -5.3793        0.0998        0.1269   -0.78634E+00    0.00000E+00    0.00000E+00   -0.00000E+00    0.00000E+00    0.00000E+00    0.00000E+00    0.00000E+00
        4.0667        5.5667      251.3798       16.5314       -5.3885        0.1011        0.1270   -0.79599E+00    0.00000E+00    0.00000E+00   -0.00000E+00    0.00000E+00    0.00000E+00    0.00000E+00    0.00000E+00
        4.0833        5.5833      252.0593       16.5375       -5.3975        0.1025        0.1272   -0.80573E+00    0.00000E+00    0.00000E+00   -0.00000E+00    0.00000E+00    0.00000E+00    0.00000E+00    0.00000E+00
        4.1000        5.6000      252.7505       16.5432       -5.4062        0.1038        0.1273   -0.81555E+00    0.00000E+00    0.00000E+00   -0.00000E+00    0.00000E+00    0.00000E+00    0.00000E+00    0.00000E+00
        4.1167        5.6167      253.4534       16.5486       -5.4146        0.1051        0.1274   -0.82546E+00    0.00000E+00    0.00000E+00   -0.00000E+00    0.00000E+00    0.00000E+00    0.00000E+00    0.00000E+00
        4.1333        5.6333      254.1683       16.5537       -5.4228        0.1065        0.1275   -0.83544E+00    0.00000E+00    0.00000E+00   -0.00000E+00    0.00000E+00    0.00000E+00    0.00000E+00    0.00000E+00
        4.1500        5.6500      254.8951       16.5585       -5.4307        0.1078        0.1276   -0.84550E+00    0.00000E+00    0.00000E+00   -0.00000E+00    0.00000E+00    0.00000E+00    0.00000E+00    0.00000E+00
        4.1667        5.6667      255.6341       16.5630       -5.4383        0.1092        0.1276   -0.85564E+00    0.00000E+00    0.00000E+00   -0.00000E+00    0.00000E+00    0.00000E+00    0.00000E+00    0.00000E+00
        4.1833        5.6833      256.3852       16.5672       -5.4456        0.1106        0.1277   -0.86584E+00    0.00000E+00    0.00000E+00   -0.00000E+00    0.00000E+00    0.00000E+00    0.00000E+00    0.00000E+00
        4.2000        5.7000      257.1486       16.5710       -5.4526        0.1120        0.1278   -0.87612E+00    0.00000E+00    0.00000E+00   -0.00000E+00    0.00000E+00    0.00000E+00    0.00000E+00    0.00000E+00
        4.2167        5.7167      257.9244       16.5745       -5.4594        0.1134        0.1279   -0.88645E+00    0.00000E+00    0.00000E+00   -0.00000E+00    0.00000E+00    0.00000E+00    0.00000E+00    0.00000E+00
        4.2333        5.7333      258.7126       16.5778       -5.4658        0.1148        0.1280   -0.89685E+00    0.00000E+00    0.00000E+00   -0.00000E+00    0.00000E+00    0.00000E+00    0.00000E+00    0.00000E+00
        4.2500        5.7500      259.5134       16.5807       -5.4720        0.1162        0.1281   -0.90731E+00    0.00000E+00    0.00000E+00   -0.00000E+00    0.00000E+00    0.00000E+00    0.00000E+00    0.00000E+00
        4.2667        5.7667      260.3269       16.5832       -5.4779        0.1176        0.1281   -0.91781E+00    0.00000E+00    0.00000E+00   -0.00000E+00    0.00000E+00    0.00000E+00    0.00000E+00    0.00000E+00
        4.2833        5.7833      261.1530       16.5855       -5.4836        0.1190        0.1282   -0.92836E+00    0.00000E+00    0.00000E+00   -0.00000E+00    0.00000E+00    0.00000E+00    0.00000E+00    0.00000E+00
        4.3000        5.8000      261.9919       16.5875       -5.4889        0.1205        0.1283   -0.93895E+00    0.00000E+00    0.00000E+00   -0.00000E+00    0.00000E+00    0.00000E+00    0.00000E+00    0.00000E+00
        4.3167        5.8167      262.8436       16.5891       -5.4940        0.1219        0.1284   -0.94958E+00    0.00000E+00    0.00000E+00   -0.00000E+00    0.00000E+00    0.00000E+00    0.00000E+00    0.00000E+00
        4.3333        5.8333      263.7081       16.5904       -5.4988        0.1233        0.1284   -0.96025E+00    0.00000E+00    0.00000E+00   -0.00000E+00    0.00000E+00    0.00000E+00    0.00000E+00    0.00000E+00
        4.3500        5.8500      264.5856       16.5914       -5.5033        0.1247        0.1285   -0.97093E+00    0.00000E+00    0.00000E+00   -0.00000E+00    0.00000E+00    0.00000E+00    0.00000E+00    0.00000E+00
        4.3667        5.8667      265.4760       16.5921       -5.5076        0.1262        0.1285   -0.98164E+00    0.00000E+00    0.00000E+00   -0.00000E+00    0.00000E+00    0.00000E+00    0.00000E+00    0.00000E+00
        4.3833        5.8833      266.3794       16.5925       -5.5115        0.1276        0.1286   -0.99235E+00    0.00000E+00    0.00000E+00   -0.00000E+00    0.00000E+00    0.00000E+00    0.00000E+00    0.00000E+00
        4.4000        5.9000      267.2958       16.5925       -5.5152        0.1290        0.1286   -0.10031E+01    0.00000E+00    0.00000E+00   -0.00000E+00    0.00000E+00    0.00000E+00    0.00000E+00    0.00000E+00
        4.4167        5.9167      268.2252       16.5923       -5.5187        0.1305        0.1287   -0.10138E+01    0.00000E+00    0.00000E+00   -0.00000E+00    0.00000E+00    0.00000E+00    0.00000E+00    0.00000E+00
        4.4333        5.9333      269.1676       16.5917       -5.5218        0.1319        0.1287   -0.10245E+01    0.00000E+00    0.00000E+00   -0.00000E+00    0.00000E+00    0.00000E+00    0.00000E+00    0.00000E+00
        4.4500        5.9500      270.1230       16.5909       -5.5247        0.1333        0.1288   -0.10352E+01    0.00000E+00    0.00000E+00   -0.00000E+00    0.00000E+00    0.00000E+00    0.00000E+00    0.00000E+00
        4.4667        5.9667      271.0914       16.5897       -5.5273        0.1347        0.1288   -0.10459E+01    0.00000E+00    0.00000E+00   -0.00000E+00    0.00000E+00    0.00000E+00    0.00000E+00    0.00000E+00
        4.4833        5.9833      272.0727       16.5883       -5.5297        0.1362        0.1289   -0.10565E+01    0.00000E+00    0.00000E+00   -0.00000E+00    0.00000E+00    0.00000E+00    0.00000E+00    0.00000E+00
        4.5000        6.0000      273.0669       16.5865       -5.5318        0.1376        0.1289   -0.10671E+01    0.00000E+00    0.00000E+00   -0.00000E+00    0.00000E+00    0.00000E+00    0.00000E+00    0.00000E+00
        4.5167        6.0167      274.0740       16.5844       -5.5336        0.1390        0.1289   -0.10777E+01    0.00000E+00    0.00000E+00   -0.00000E+00    0.00000E+00    0.00000E+00    0.00000E+00    0.00000E+00
        4.5333        6.0333      275.0938       16.5821       -5.5352        0.1403        0.1290   -0.10882E+01    0.00000E+00    0.00000E+00   -0.00000E+00    0.00000E+00    0.00000E+00    0.00000E+00    0.00000E+00
        4.5500        6.0500      276.1263       16.5795       -5.5366        0.1417        0.1290   -0.10986E+01    0.00000E+00    0.00000E+00   -0.00000E+00    0.00000E+00    0.00000E+00    0.00000E+00    0.00000E+00
        4.5667        6.0667      277.1714       16.5766       -5.5377        0.1431        0.1290   -0.11089E+01    0.00000E+00    0.00000E+00   -0.00000E+00    0.00000E+00    0.00000E+00    0.00000E+00    0.00000E+00
        4.5833        6.0833      278.2290       16.5734       -5.5386        0.1444        0.1290   -0.11192E+01    0.00000E+00    0.00000E+00   -0.00000E+00    0.00000E+00    0.00000E+00    0.00000E+00    0.00000E+00
        4.6000        6.1000      279.2989       16.5699       -5.5392        0.1457        0.1291   -0.11294E+01    0.00000E+00    0.00000E+00   -0.00000E+00    0.00000E+00    0.00000E+00    0.00000E+00    0.00000E+00
        4.6167        6.1167      280.3811       16.5662       -5.5396        0.1471        0.1291   -0.11394E+01    0.00000E+00    0.00000E+00   -0.00000E+00    0.00000E+00    0.00000E+00    0.00000E+00    0.00000E+00
        4.6333        6.1333      281.4754       16.5622       -5.5398        0.1483        0.1291   -0.11494E+01    0.00000E+00    0.00000E+00   -0.00000E+00    0.00000E+00    0.00000E+00    0.00000E+00    0.00000E+00
        4.6500        6.1500      282.5815       16.5580       -5.5397        0.1496        0.1291   -0.11592E+01    0.00000E+00    0.00000E+00   -0.00000E+00    0.00000E+00    0.00000E+00    0.00000E+00    0.00000E+00
        4.6667        6.1667      283.6994       16.5535       -5.5395        0.1509        0.1291   -0.11688E+01    0.00000E+00    0.00000E+00   -0.00000E+00    0.00000E+00    0.00000E+00    0.00000E+00    0.00000E+00
        4.6833        6.1833      284.8287       16.5488       -5.5390        0.1521        0.1291   -0.11784E+01    0.00000E+00    0.00000E+00   -0.00000E+00    0.00000E+00    0.00000E+00    0.00000E+00    0.00000E+00
        4.7000        6.2000      285.9694       16.5438       -5.5383        0.1533        0.1291   -0.11877E+01    0.00000E+00    0.00000E+00   -0.00000E+00    0.00000E+00    0.00000E+00    0.00000E+00    0.00000E+00
        4.7167        6.2167      287.1212       16.5386       -5.5375        0.1545        0.1291   -0.11969E+01    0.00000E+00    0.00000E+00   -0.00000E+00    0.00000E+00    0.00000E+00    0.00000E+00    0.00000E+00
        4.7333        6.2333      288.2837       16.5332       -5.5364        0.1556        0.1291   -0.12059E+01    0.00000E+00    0.00000E+00   -0.00000E+00    0.00000E+00    0.00000E+00    0.00000E+00    0.00000E+00
        4.7500        6.2500      289.4568       16.5275       -5.5352        0.1568        0.1290   -0.12147E+01    0.00000E+00    0.00000E+00   -0.00000E+00    0.00000E+00    0.00000E+00    0.00000E+00    0.00000E+00
        4.7667        6.2667      290.6402       16.5217       -5.5338        0.1578        0.1290   -0.12233E+01    0.00000E+00    0.00000E+00   -0.00000E+00    0.00000E+00    0.00000E+00    0.00000E+00    0.00000E+00
        4.7833        6.2833      291.8336       16.5156       -5.5322        0.1589        0.1290   -0.12318E+01    0.00000E+00    0.00000E+00   -0.00000E+00    0.00000E+00    0.00000E+00    0.00000E+00    0.00000E+00
        4.8000        6.3000      293.0366       16.5094       -5.5304        0.1599        0.1290   -0.12399E+01    0.00000E+00    0.00000E+00   -0.00000E+00    0.00000E+00    0.00000E+00    0.00000E+00    0.00000E+00
        4.8167        6.3167      294.2490       16.5030       -5.5285        0.1609        0.1290   -0.12479E+01    0.00000E+00    0.00000E+00   -0.00000E+00    0.00000E+00    0.00000E+00    0.00000E+00    0.00000E+00
        4.8333        6.3333      295.4703       16.4964       -5.5265        0.1619        0.1289   -0.12556E+01    0.00000E+00    0.00000E+00   -0.00000E+00    0.00000E+00    0.00000E+00    0.00000E+00    0.00000E+00
        4.8500        6.3500      296.7003       16.4896       -5.5243        0.1628        0.1289   -0.12630E+01    0.00000E+00    0.00000E+00   -0.00000E+00    0.00000E+00    0.00000E+00    0.00000E+00    0.00000E+00
        4.8667        6.3667      297.9385       16.4826       -5.5220        0.1637        0.1289   -0.12702E+01    0.00000E+00    0.00000E+00   -0.00000E+00    0.00000E+00    0.00000E+00    0.00000E+00    0.00000E+00
        4.8833        6.3833      299.1846       16.4756       -5.5195        0.1645        0.1288   -0.12772E+01    0.00000E+00    0.00000E+00   -0.00000E+00    0.00000E+00    0.00000E+00    0.00000E+00    0.00000E+00
        4.9000        6.4000      300.4381       16.4683       -5.5169        0.1653        0.1288   -0.12838E+01    0.00000E+00    0.00000E+00   -0.00000E+00    0.00000E+00    0.00000E+00    0.00000E+00    0.00000E+00
        4.9167        6.4167      301.6986       16.4610       -5.5143        0.1661        0.1287   -0.12902E+01    0.00000E+00    0.00000E+00   -0.00000E+00    0.00000E+00    0.00000E+00    0.00000E+00    0.00000E+00
        4.9333        6.4333      302.9657       16.4535       -5.5115        0.1668        0.1287   -0.12962E+01    0.00000E+00    0.00000E+00   -0.00000E+00    0.00000E+00    0.00000E+00    0.00000E+00    0.00000E+00
        4.9500        6.4500      304.2390       16.4459       -5.5086        0.1674        0.1286   -0.13020E+01    0.00000E+00    0.00000E+00   -0.00000E+00    0.00000E+00    0.00000E+00    0.00000E+00    0.00000E+00
        4.9667        6.4667      305.5179       16.4382       -5.5056        0.1681        0.1285   -0.13075E+01    0.00000E+00    0.00000E+00   -0.00000E+00    0.00000E+00    0.00000E+00    0.00000E+00    0.00000E+00
        4.9833        6.4833      306.8020       16.4303       -5.5026        0.1686        0.1285   -0.13126E+01    0.00000E+00    0.00000E+00   -0.00000E+00    0.00000E+00    0.00000E+00    0.00000E+00    0.00000E+00
        5.0000        6.5000      308.0909       16.4224       -5.4995        0.1692        0.1284   -0.13174E+01    0.00000E+00    0.00000E+00   -0.00000E+00    0.00000E+00    0.00000E+00    0.00000E+00    0.00000E+00
        5.0167        6.5167      309.3840       16.4145       -5.4963        0.1696        0.1283   -0.13219E+01    0.00000E+00    0.00000E+00   -0.00000E+00    0.00000E+00    0.00000E+00    0.00000E+00    0.00000E+00
        5.0333        6.5333      310.6808       16.4064       -5.4931        0.1701        0.1283   -0.13261E+01    0.00000E+00    0.00000E+00   -0.00000E+00    0.00000E+00    0.00000E+00    0.00000E+00    0.00000E+00
        5.0500        6.5500      311.9809       16.3983       -5.4898        0.1705        0.1282   -0.13299E+01    0.00000E+00    0.00000E+00   -0.00000E+00    0.00000E+00    0.00000E+00    0.00000E+00    0.00000E+00
        5.0667        6.5667      313.2836       16.3902       -5.4865        0.1708        0.1281   -0.13334E+01    0.00000E+00    0.00000E+00   -0.00000E+00    0.00000E+00    0.00000E+00    0.00000E+00    0.00000E+00
        5.0833        6.5833      314.5885       16.3820       -5.4832        0.1711        0.1280   -0.13366E+01    0.00000E+00    0.00000E+00   -0.00000E+00    0.00000E+00    0.00000E+00    0.00000E+00    0.00000E+00
        5.1000        6.6000      315.8951       16.3737       -5.4798        0.1713        0.1279   -0.13394E+01    0.00000E+00    0.00000E+00   -0.00000E+00    0.00000E+00    0.00000E+00    0.00000E+00    0.00000E+00
        5.1167        6.6167      317.2027       16.3655       -5.4765        0.1715        0.1278   -0.13419E+01    0.00000E+00    0.00000E+00   -0.00000E+00    0.00000E+00    0.00000E+00    0.00000E+00    0.00000E+00
        5.1333        6.6333      318.5110       16.3572       -5.4731        0.1716        0.1277   -0.13440E+01    0.00000E+00    0.00000E+00   -0.00000E+00    0.00000E+00    0.00000E+00    0.00000E+00    0.00000E+00
        5.1500        6.6500      319.8192       16.3489       -5.4697        0.1717        0.1276   -0.13458E+01    0.00000E+00    0.00000E+00   -0.00000E+00    0.00000E+00    0.00000E+00    0.00000E+00    0.00000E+00
        5.1667        6.6667      321.1270       16.3406       -5.4663        0.1718        0.1275   -0.13473E+01    0.00000E+00    0.00000E+00   -0.00000E+00    0.00000E+00    0.00000E+00    0.00000E+00    0.00000E+00
        5.1833        6.6833      322.4337       16.3324       -5.4629        0.1718        0.1274   -0.13484E+01    0.00000E+00    0.00000E+00   -0.00000E+00    0.00000E+00    0.00000E+00    0.00000E+00    0.00000E+00
        5.2000        6.7000      323.7388       16.3241       -5.4596        0.1717        0.1273   -0.13492E+01    0.00000E+00    0.00000E+00   -0.00000E+00    0.00000E+00    0.00000E+00    0.00000E+00    0.00000E+00
        5.2167        6.7167      325.0418       16.3159       -5.4563        0.1716        0.1271   -0.13496E+01    0.00000E+00    0.00000E+00   -0.00000E+00    0.00000E+00    0.00000E+00    0.00000E+00    0.00000E+00
        5.2333        6.7333      326.3421       16.3077       -5.4530        0.1714        0.1270   -0.13497E+01    0.00000E+00    0.00000E+00   -0.00000E+00    0.00000E+00    0.00000E+00    0.00000E+00    0.00000E+00
        5.2500        6.7500      327.6392       16.2996       -5.4498        0.1712        0.1269   -0.13495E+01    0.00000E+00    0.00000E+00   -0.00000E+00    0.00000E+00    0.00000E+00    0.00000E+00    0.00000E+00
        5.2667        6.7667      328.9326       16.2915       -5.4466        0.1710        0.1267   -0.13489E+01    0.00000E+00    0.00000E+00   -0.00000E+00    0.00000E+00    0.00000E+00    0.00000E+00    0.00000E+00
        5.2833        6.7833      330.2217       16.2835       -5.4434        0.1707        0.1266   -0.13480E+01    0.00000E+00    0.00000E+00   -0.00000E+00    0.00000E+00    0.00000E+00    0.00000E+00    0.00000E+00
        5.3000        6.8000      331.5060       16.2755       -5.4403        0.1703        0.1265   -0.13468E+01    0.00000E+00    0.00000E+00   -0.00000E+00    0.00000E+00    0.00000E+00    0.00000E+00    0.00000E+00
        5.3167        6.8167      332.7850       16.2676       -5.4373        0.1699        0.1263   -0.13453E+01    0.00000E+00    0.00000E+00   -0.00000E+00    0.00000E+00    0.00000E+00    0.00000E+00    0.00000E+00
        5.3333        6.8333      334.0582       16.2598       -5.4344        0.1695        0.1262   -0.13435E+01    0.00000E+00    0.00000E+00   -0.00000E+00    0.00000E+00    0.00000E+00    0.00000E+00    0.00000E+00
        5.3500        6.8500      335.3251       16.2520       -5.4315        0.1690        0.1260   -0.13414E+01    0.00000E+00    0.00000E+00   -0.00000E+00    0.00000E+00    0.00000E+00    0.00000E+00    0.00000E+00
        5.3667        6.8667      336.5852       16.2444       -5.4287        0.1685        0.1258   -0.13390E+01    0.00000E+00    0.00000E+00   -0.00000E+00    0.00000E+00    0.00000E+00    0.00000E+00    0.00000E+00
        5.3833        6.8833      337.8381       16.2368       -5.4260        0.1680        0.1257   -0.13363E+01    0.00000E+00    0.00000E+00   -0.00000E+00    0.00000E+00    0.00000E+00    0.00000E+00    0.00000E+00
        5.4000        6.9000      339.0832       16.2293       -5.4233        0.1674        0.1255   -0.13333E+01    0.00000E+00    0.00000E+00   -0.00000E+00    0.00000E+00    0.00000E+00    0.00000E+00    0.00000E+00
        5.4167        6.9167      340.3202       16.2220       -5.4208        0.1667        0.1253   -0.13301E+01    0.00000E+00    0.00000E+00   -0.00000E+00    0.00000E+00    0.00000E+00    0.00000E+00    0.00000E+00
        5.4333        6.9333      341.5485       16.2148       -5.4183        0.1660        0.1252   -0.13266E+01    0.00000E+00    0.00000E+00   -0.00000E+00    0.00000E+00    0.00000E+00    0.00000E+00    0.00000E+00
        5.4500        6.9500      342.7677       16.2076       -5.4160        0.1653        0.1250   -0.13228E+01    0.00000E+00    0.00000E+00   -0.00000E+00    0.00000E+00    0.00000E+00    0.00000E+00    0.00000E+00
        5.4667        6.9667      343.9775       16.2006       -5.4137        0.1646        0.1248   -0.13188E+01    0.00000E+00    0.00000E+00   -0.00000E+00    0.00000E+00    0.00000E+00    0.00000E+00    0.00000E+00
        5.4833        6.9833      345.1774       16.1938       -5.4116        0.1638        0.1246   -0.13146E+01    0.00000E+00    0.00000E+00   -0.00000E+00    0.00000E+00    0.00000E+00    0.00000E+00    0.00000E+00
        5.5000        7.0000      346.3670       16.1870       -5.4096        0.1630        0.1244   -0.13101E+01    0.00000E+00    0.00000E+00   -0.00000E+00    0.00000E+00    0.00000E+00    0.00000E+00    0.00000E+00
        5.5167        7.0167      347.5459       16.1804       -5.4076        0.1622        0.1242   -0.13054E+01    0.00000E+00    0.00000E+00   -0.00000E+00    0.00000E+00    0.00000E+00    0.00000E+00    0.00000E+00
        5.5333        7.0333      348.7138       16.1739       -5.4058        0.1613        0.1240   -0.13005E+01    0.00000E+00    0.00000E+00   -0.00000E+00    0.00000E+00    0.00000E+00    0.00000E+00    0.00000E+00
        5.5500        7.0500      349.8703       16.1676       -5.4041        0.1604        0.1238   -0.12954E+01    0.00000E+00    0.00000E+00   -0.00000E+00    0.00000E+00    0.00000E+00    0.00000E+00    0.00000E+00
        5.5667        7.0667      351.0151       16.1614       -5.4025        0.1594        0.1236   -0.12900E+01    0.00000E+00    0.00000E+00   -0.00000E+00    0.00000E+00    0.00000E+00    0.00000E+00    0.00000E+00
        5.5833        7.0833      352.1479       16.1553       -5.4011        0.1585        0.1234   -0.12845E+01    0.00000E+00    0.00000E+00   -0.00000E+00    0.00000E+00    0.00000E+00    0.00000E+00    0.00000E+00
        5.6000        7.1000      353.2682       16.1494       -5.3997        0.1575        0.1232   -0.12788E+01    0.00000E+00    0.00000E+00   -0.00000E+00    0.00000E+00    0.00000E+00    0.00000E+00    0.00000E+00
        5.6167        7.1167      354.3760       16.1437       -5.3985        0.1565        0.1229   -0.12730E+01    0.00000E+00    0.00000E+00   -0.00000E+00    0.00000E+00    0.00000E+00    0.00000E+00    0.00000E+00
        5.6333        7.1333      355.4707       16.1381       -5.3974        0.1555        0.1227   -0.12669E+01    0.00000E+00    0.00000E+00   -0.00000E+00    0.00000E+00    0.00000E+00    0.00000E+00    0.00000E+00
        5.6500        7.1500      356.5523       16.1326       -5.3964        0.1544        0.1225   -0.12607E+01    0.00000E+00    0.00000E+00   -0.00000E+00    0.00000E+00    0.00000E+00    0.00000E+00    0.00000E+00
        5.6667        7.1667      357.6204       16.1273       -5.3956        0.1533        0.1222   -0.12544E+01    0.00000E+00    0.00000E+00   -0.00000E+00    0.00000E+00    0.00000E+00    0.00000E+00    0.00000E+00
        5.6833        7.1833      358.6748       16.1222       -5.3949        0.1522        0.1220   -0.12479E+01    0.00000E+00    0.00000E+00   -0.00000E+00    0.00000E+00    0.00000E+00    0.00000E+00    0.00000E+00
        5.7000        7.2000      359.7152       16.1172       -5.3943        0.1511        0.1217   -0.12413E+01    0.00000E+00    0.00000E+00   -0.00000E+00    0.00000E+00    0.00000E+00    0.00000E+00    0.00000E+00
        5.7167        7.2167      360.7415       16.1124       -5.3938        0.1500        0.1215   -0.12346E+01    0.00000E+00    0.00000E+00   -0.00000E+00    0.00000E+00    0.00000E+00    0.00000E+00    0.00000E+00
        5.7333        7.2333      361.7534       16.1077       -5.3935        0.1489        0.1212   -0.12277E+01    0.00000E+00    0.00000E+00   -0.00000E+00    0.00000E+00    0.00000E+00    0.00000E+00    0.00000E+00
        5.7500        7.2500      362.7508       16.1032       -5.3933        0.1477        0.1210   -0.12207E+01    0.00000E+00    0.00000E+00   -0.00000E+00    0.00000E+00    0.00000E+00    0.00000E+00    0.00000E+00
        5.7667        7.2667      363.7335       16.0989       -5.3932        0.1465        0.1207   -0.12137E+01    0.00000E+00    0.00000E+00   -0.00000E+00    0.00000E+00    0.00000E+00    0.00000E+00    0.00000E+00
        5.7833        7.2833      364.7013       16.0947       -5.3932        0.1453        0.1205   -0.12065E+01    0.00000E+00    0.00000E+00   -0.00000E+00    0.00000E+00    0.00000E+00    0.00000E+00    0.00000E+00
        5.8000        7.3000      365.6541       16.0907       -5.3934        0.1441        0.1202   -0.11992E+01    0.00000E+00    0.00000E+00   -0.00000E+00    0.00000E+00    0.00000E+00    0.00000E+00    0.00000E+00
        5.8167        7.3167      366.5917       16.0869       -5.3937        0.1429        0.1199   -0.11919E+01    0.00000E+00    0.00000E+00   -0.00000E+00    0.00000E+00    0.00000E+00    0.00000E+00    0.00000E+00
        5.8333        7.3333      367.5141       16.0832       -5.3942        0.1417        0.1196   -0.11844E+01    0.00000E+00    0.00000E+00   -0.00000E+00    0.00000E+00    0.00000E+00    0.00000E+00    0.00000E+00
        5.8500        7.3500      368.4210       16.0797       -5.3947        0.1405        0.1194   -0.11769E+01    0.00000E+00    0.00000E+00   -0.00000E+00    0.00000E+00    0.00000E+00    0.00000E+00    0.00000E+00
        5.8667        7.3667      369.3124       16.0763       -5.3954        0.1392        0.1191   -0.11694E+01    0.00000E+00    0.00000E+00   -0.00000E+00    0.00000E+00    0.00000E+00    0.00000E+00    0.00000E+00
        5.8833        7.3833      370.1882       16.0731       -5.3962        0.1380        0.1188   -0.11618E+01    0.00000E+00    0.00000E+00   -0.00000E+00    0.00000E+00    0.00000E+00    0.00000E+00    0.00000E+00
        5.9000        7.4000      371.0483       16.0701       -5.3972        0.1368        0.1185   -0.11541E+01    0.00000E+00    0.00000E+00   -0.00000E+00    0.00000E+00    0.00000E+00    0.00000E+00    0.00000E+00
        5.9167        7.4167      371.8927       16.0672       -5.3982        0.1355        0.1182   -0.11463E+01    0.00000E+00    0.00000E+00   -0.00000E+00    0.00000E+00    0.00000E+00    0.00000E+00    0.00000E+00
        5.9333        7.4333      372.7213       16.0645       -5.3994        0.1342        0.1179   -0.11386E+01    0.00000E+00    0.00000E+00   -0.00000E+00    0.00000E+00    0.00000E+00    0.00000E+00    0.00000E+00
        5.9500        7.4500      373.5339       16.0619       -5.4007        0.1330        0.1176   -0.11308E+01    0.00000E+00    0.00000E+00   -0.00000E+00    0.00000E+00    0.00000E+00    0.00000E+00    0.00000E+00
        5.9667        7.4667      374.3307       16.0596       -5.4021        0.1317        0.1173   -0.11229E+01    0.00000E+00    0.00000E+00   -0.00000E+00    0.00000E+00    0.00000E+00    0.00000E+00    0.00000E+00
        5.9833        7.4833      375.1116       16.0573       -5.4037        0.1304        0.1170   -0.11150E+01    0.00000E+00    0.00000E+00   -0.00000E+00    0.00000E+00    0.00000E+00    0.00000E+00    0.00000E+00
        6.0000        7.5000      375.8764       16.0553       -5.4054        0.1291        0.1167   -0.11071E+01    0.00000E+00    0.00000E+00   -0.00000E+00    0.00000E+00    0.00000E+00    0.00000E+00    0.00000E+00
