TIME
 450
    UTC(hours)     RT(hours)    SWin(W/m2)   SWout(w/m2)    Lwin(W/m2)   LWout(W/m2)    Qtot(W/m2)      SH(W/m2)      LE(W/m2)      GR(W/m2)       ra(s/m)       rs(s/m)
      -1.48333       0.01667     105.66906      28.87513     356.15341     420.27297      12.67437     -58.86202      34.27083      37.26556      93.62211     207.32851
      -1.46667       0.03333     109.24031      29.85101     356.10940     420.69384      14.80486     -58.68682      35.83850      37.65319      92.19279     203.16119
      -1.45000       0.05000     112.81874      30.82885     356.06545     421.10676      16.94858     -58.49230      37.40959      38.03129      90.81480     199.22689
      -1.43333       0.06667     116.40427      31.80863     356.02158     421.51215      19.10507     -58.27881      38.98354      38.40034      89.48528     195.50678
      -1.41667       0.08333     119.99681      32.79033     355.97780     421.91038      21.27390     -58.04670      40.55982      38.76078      88.20156     191.98396
      -1.40000       0.10000     123.59628      33.77392     355.93413     422.30181      23.45468     -57.79630      42.13796      39.11302      86.96116     188.64330
      -1.38333       0.11667     127.20261      34.75939     355.89058     422.68679      25.64702     -57.52796      43.71751      39.45747      85.76177     185.47115
      -1.36667       0.13333     130.81571      35.74670     355.84717     423.06561      27.85057     -57.24200      45.29809      39.79449      84.60121     182.45519
      -1.35000       0.15000     134.43549      36.73584     355.80392     423.43857      30.06499     -56.93874      46.87933      40.12441      83.47747     179.58428
      -1.33333       0.16667     138.06188      37.72679     355.76083     423.80596      32.28996     -56.61850      48.46089      40.44756      82.38865     176.84830
      -1.31667       0.18333     141.69478      38.71952     355.71792     424.16802      34.52516     -56.28157      50.04248      40.76426      81.33297     174.23806
      -1.30000       0.20000     145.33412      39.71400     355.67521     424.52501      36.77031     -55.92826      51.62380      41.07477      80.30878     171.74517
      -1.28333       0.21667     148.97980      40.71022     355.63271     424.87716      39.02513     -55.55886      53.20461      41.37938      79.31453     169.36199
      -1.26667       0.23333     152.63174      41.70815     355.59043     425.22467      41.28935     -55.17366      54.78467      41.67834      78.34875     167.08150
      -1.25000       0.25000     156.28986      42.70777     355.54839     425.56776      43.56273     -54.77292      56.36376      41.97188      77.41007     164.89730
      -1.23333       0.26667     159.95407      43.70905     355.50660     425.90661      45.84501     -54.35691      57.94169      42.26023      76.49720     162.80348
      -1.21667       0.28333     163.62427      44.71197     355.46508     426.24141      48.13597     -53.92591      59.51827      42.54361      75.60894     160.79462
      -1.20000       0.30000     167.30038      45.71650     355.42383     426.57233      50.43538     -53.48017      61.09333      42.82221      74.74413     158.86572
      -1.18333       0.31667     170.98232      46.72263     355.38287     426.89953      52.74303     -53.01992      62.66673      43.09623      73.90172     157.01215
      -1.16667       0.33333     174.66998      47.73032     355.34222     427.22315      55.05872     -52.54543      64.23831      43.36584      73.08068     155.22966
      -1.15000       0.35000     178.36328      48.73955     355.30188     427.54336      57.38225     -52.05692      65.80795      43.63122      72.28007     153.51429
      -1.13333       0.36667     182.06214      49.75030     355.26187     427.86027      59.71344     -51.55462      67.37552      43.89253      71.49898     151.86237
      -1.11667       0.38333     185.76645      50.76254     355.22220     428.17402      62.05208     -51.03875      68.94092      44.14991      70.73656     150.27050
      -1.10000       0.40000     189.47612      51.77624     355.18288     428.48473      64.39802     -50.50954      70.50405      44.40352      69.99201     148.73553
      -1.08333       0.41667     193.19107      52.79139     355.14393     428.79253      66.75109     -49.96720      72.06480      44.65349      69.26457     147.25449
      -1.06667       0.43333     196.91119      53.80795     355.10536     429.09750      69.11110     -49.41194      73.62309      44.89996      68.55352     145.82465
      -1.05000       0.45000     200.63641      54.82590     355.06718     429.39977      71.47792     -48.84395      75.17884      45.14303      67.85817     144.44344
      -1.03333       0.46667     204.36661      55.84522     355.02940     429.69942      73.85138     -48.26344      76.73197      45.38284      67.17788     143.10847
      -1.01667       0.48333     208.10171      56.86587     354.99204     429.99655      76.23133     -47.67060      78.28243      45.61949      66.51204     141.81749
      -1.00000       0.50000     211.84161      57.88784     354.95510     430.29125      78.61762     -47.06561      79.83014      45.85309      65.86008     140.56841
      -0.98333       0.51667     215.58621      58.91109     354.91860     430.58360      81.01012     -46.44866      81.37504      46.08374      65.22142     139.35926
      -0.96667       0.53333     219.33542      59.93560     354.88255     430.87368      83.40869     -45.81993      82.91708      46.31153      64.59556     138.18820
      -0.95000       0.55000     223.08914      60.96134     354.84695     431.16156      85.81319     -45.17959      84.45622      46.53656      63.98199     137.05348
      -0.93333       0.56667     226.84727      61.98829     354.81183     431.44733      88.22349     -44.52781      85.99240      46.75891      63.38024     135.95349
      -0.91667       0.58333     230.60972      63.01641     354.77720     431.73103      90.63947     -43.86477      87.52558      46.97866      62.78986     134.88668
      -0.90000       0.60000     234.37638      64.04569     354.74305     432.01275      93.06099     -43.19062      89.05573      47.19589      62.21042     133.85162
      -0.88333       0.61667     238.14716      65.07609     354.70941     432.29254      95.48795     -42.50553      90.58280      47.41068      61.64150     132.84693
      -0.86667       0.63333     241.92196      66.10759     354.67629     432.57045      97.92021     -41.80965      92.10677      47.62309      61.08273     131.87133
      -0.85000       0.65000     245.70067      67.14016     354.64370     432.84654     100.35766     -41.10314      93.62759      47.83320      60.53372     130.92361
      -0.83333       0.66667     249.48319      68.17378     354.61164     433.12088     102.80018     -40.38614      95.14525      48.04107      59.99413     130.00261
      -0.81667       0.68333     253.26943      69.20840     354.58014     433.39349     105.24767     -39.65880      96.65972      48.24676      59.46361     129.10727
      -0.80000       0.70000     257.05928      70.24402     354.54919     433.66444     107.70002     -38.92127      98.17096      48.45032      58.94183     128.23653
      -0.78333       0.71667     260.85264      71.28059     354.51882     433.93376     110.15710     -38.17369      99.67897      48.65182      58.42850     127.38944
      -0.76667       0.73333     264.64941      72.31810     354.48902     434.20150     112.61883     -37.41619     101.18371      48.85131      57.92330     126.56507
      -0.75000       0.75000     268.44948      73.35650     354.45982     434.46770     115.08509     -36.64892     102.68517      49.04883      57.42597     125.76254
      -0.73333       0.76667     272.25275      74.39579     354.43122     434.73240     117.55577     -35.87200     104.18333      49.24444      56.93622     124.98103
      -0.71667       0.78333     276.05911      75.43591     354.40323     434.99564     120.03079     -35.08557     105.67817      49.43819      56.45380     124.21973
      -0.70000       0.80000     279.86846      76.47686     354.37586     435.25744     122.51003     -34.28975     107.16968      49.63010      55.97846     123.47791
      -0.68333       0.81667     283.68070      77.51859     354.34913     435.51784     124.99340     -33.48468     108.65784      49.82024      55.50996     122.75485
      -0.66667       0.83333     287.49572      78.56108     354.32304     435.77687     127.48081     -32.67047     110.14265      50.00863      55.04807     122.04986
      -0.65000       0.85000     291.31341      79.60430     354.29761     436.03457     129.97214     -31.84725     111.62408      50.19532      54.59257     121.36231
      -0.63333       0.86667     295.13366      80.64822     354.27284     436.29095     132.46732     -31.01514     113.10212      50.38034      54.14325     120.69157
      -0.61667       0.88333     298.95637      81.69282     354.24874     436.54605     134.96624     -30.17426     114.57678      50.56372      53.69991     120.03706
      -0.60000       0.90000     302.78144      82.73806     354.22533     436.79990     137.46881     -29.32472     116.04802      50.74551      53.26235     119.39821
      -0.58333       0.91667     306.60874      83.78391     354.20261     437.05250     139.97494     -28.46664     117.51586      50.92572      52.83039     118.77449
      -0.56667       0.93333     310.43819      84.83034     354.18059     437.30390     142.48454     -27.60013     118.98027      51.10440      52.40385     118.16539
      -0.55000       0.95000     314.26965      85.87733     354.15929     437.55410     144.99752     -26.72530     120.44125      51.28156      51.98255     117.57043
      -0.53333       0.96667     318.10304      86.92484     354.13871     437.80313     147.51378     -25.84226     121.89879      51.45725      51.56633     116.98912
      -0.51667       0.98333     321.93822      87.97284     354.11886     438.05101     150.03324     -24.95112     123.35289      51.63147      51.15502     116.42103
      -0.50000       1.00000     325.77511      89.02131     354.09976     438.29775     152.55582     -24.05198     124.80354      51.80426      50.74848     115.86574
      -0.48333       1.01667     329.61358      90.07021     354.08141     438.54337     155.08141     -23.14495     126.25073      51.97564      50.34655     115.32282
      -0.46667       1.03333     333.45352      91.11951     354.06382     438.78789     157.60995     -22.23014     127.69445      52.14564      49.94909     114.79189
      -0.45000       1.05000     337.29483      92.16919     354.04701     439.03132     160.14133     -21.30764     129.13471      52.31426      49.55597     114.27257
      -0.43333       1.06667     341.13739      93.21920     354.03097     439.27368     162.67548     -20.37756     130.57149      52.48155      49.16704     113.76450
      -0.41667       1.08333     344.98108      94.26953     354.01573     439.51498     165.21230     -19.44000     132.00480      52.64750      48.78219     113.26734
      -0.40000       1.10000     348.82580      95.32014     354.00129     439.75523     167.75172     -18.49505     133.43462      52.81215      48.40129     112.78076
      -0.38333       1.11667     352.67144      96.37100     353.98765     439.99444     170.29365     -17.54281     134.86095      52.97551      48.02421     112.30443
      -0.36667       1.13333     356.51787      97.42207     353.97484     440.23263     172.83801     -16.58337     136.28379      53.13759      47.65084     111.83805
      -0.35000       1.15000     360.36499      98.47334     353.96285     440.46980     175.38471     -15.61684     137.70314      53.29841      47.28108     111.38133
      -0.33333       1.16667     364.21268      99.52476     353.95171     440.70596     177.93367     -14.64331     139.11898      53.45799      46.91481     110.93398
      -0.31667       1.18333     368.06083     100.57630     353.94141     440.94112     180.48481     -13.66286     140.53132      53.61635      46.55193     110.49574
      -0.30000       1.20000     371.90932     101.62794     353.93196     441.17529     183.03805     -12.67559     141.94015      53.77348      46.19233     110.06634
      -0.28333       1.21667     375.75803     102.67964     353.92338     441.40848     185.59330     -11.68158     143.34547      53.92941      45.83592     109.64553
      -0.26667       1.23333     379.60686     103.73137     353.91568     441.64069     188.15048     -10.68094     144.74727      54.08415      45.48261     109.23307
      -0.25000       1.25000     383.45568     104.78310     353.90893     441.87044     190.71107      -9.68561     146.16048      54.23619      45.11037     108.82876
      -0.23333       1.26667     387.30437     105.83479     353.90327     442.10690     193.26595      -8.62810     147.49908      54.39497      44.84795     108.43193
      -0.21667       1.28333     391.15283     106.88642     353.89877     442.34546     195.81972      -7.55060     148.81478      54.55554      44.61819     108.04284
      -0.20000       1.30000     395.00094     107.93796     353.89545     442.58578     198.37265      -6.45745     150.11244      54.71766      44.41413     107.66128
      -0.18333       1.31667     398.84857     108.98936     353.89332     442.82777     200.92476      -5.35131     151.39486      54.88122      44.23183     107.28703
      -0.16667       1.33333     402.69561     110.04060     353.89241     443.07137     203.47605      -4.23433     152.66421      55.04617      44.06829     106.91988
      -0.15000       1.35000     406.54195     111.09165     353.89272     443.31655     206.02646      -3.10822     153.92222      55.21247      43.92116     106.55963
      -0.13333       1.36667     410.38745     112.14248     353.89427     443.56328     208.57597      -1.97446     155.17034      55.38008      43.78850     106.20610
      -0.11667       1.38333     414.23201     113.19304     353.89708     443.81156     211.12450      -0.83427     156.40977      55.54900      43.66872     105.85910
      -0.10000       1.40000     418.07551     114.24331     353.90115     444.06136     213.67200       0.31125     157.64155      55.71919      43.56048     105.51846
      -0.08333       1.41667     421.91783     115.29327     353.90650     444.31267     216.21839       1.46118     158.86655      55.89066      43.46266     105.18402
      -0.06667       1.43333     425.75884     116.34286     353.91313     444.56551     218.76361       2.61469     160.08554      56.06338      43.37429     104.85562
      -0.05000       1.45000     429.59843     117.39207     353.92105     444.81984     221.30757       3.77104     161.29919      56.23734      43.29454     104.53309
      -0.03333       1.46667     433.43648     118.44085     353.93028     445.07569     223.85021       4.92956     162.50810      56.41255      43.22267     104.21631
      -0.01667       1.48333     437.27286     119.48918     353.94080     445.33303     226.39145       6.08967     163.71279      56.58899      43.15806     103.90512
       0.00000       1.50000     441.10746     120.53703     353.95264     445.59188     228.93120       7.25081     164.91374      56.76665      43.10014     103.59938
       0.01667       1.51667     444.94016     121.58435     353.96580     445.85222     231.46939       8.41251     166.11135      56.94553      43.04842     103.29897
       0.03333       1.53333     448.77083     122.63112     353.98028     446.11406     234.00594       9.57431     167.30601      57.12562      43.00245     103.00376
       0.05000       1.55000     452.59936     123.67730     353.99608     446.37738     236.54076      10.73578     168.49807      57.30691      42.96184     102.71362
       0.06667       1.56667     456.42562     124.72286     354.01322     446.64220     239.07377      11.89656     169.68782      57.48939      42.92624     102.42843
       0.08333       1.58333     460.24949     125.76778     354.03169     446.90850     241.60491      13.05628     170.87557      57.67306      42.89532     102.14809
       0.10000       1.60000     464.07085     126.81200     354.05150     447.17628     244.13407      14.21460     172.06155      57.85791      42.86880     101.87247
       0.11667       1.61667     467.88957     127.85550     354.07264     447.44553     246.66118      15.37123     173.24602      58.04393      42.84642     101.60148
       0.13333       1.63333     471.70554     128.89826     354.09514     447.71626     249.18616      16.52587     174.42918      58.23110      42.82792     101.33500
       0.15000       1.65000     475.51863     129.94022     354.11897     447.98846     251.70893      17.67825     175.61124      58.41943      42.81311     101.07293
       0.16667       1.66667     479.32872     130.98137     354.14416     448.26211     254.22940      18.82812     176.79238      58.60890      42.80177     100.81519
       0.18333       1.68333     483.13569     132.02166     354.17069     448.53722     256.74749      19.97523     177.97277      58.79949      42.79372     100.56167
       0.20000       1.70000     486.93941     133.06106     354.19857     448.81378     259.26313      21.11936     179.15256      58.99121      42.78879     100.31228
       0.21667       1.71667     490.73975     134.09954     354.22780     449.09179     261.77622      22.26028     180.33190      59.18404      42.78683     100.06694
       0.23333       1.73333     494.53661     135.13707     354.25839     449.37122     264.28669      23.39781     181.51093      59.37796      42.78769      99.82555
       0.25000       1.75000     498.32984     136.17361     354.29032     449.65209     266.79446      24.53174     182.68976      59.57296      42.79124      99.58804
       0.26667       1.76667     502.11933     137.20913     354.32361     449.93437     269.29944      25.66189     183.86850      59.76904      42.79735      99.35433
       0.28333       1.78333     505.90496     138.24359     354.35825     450.21807     271.80155      26.78809     185.04728      59.96618      42.80591      99.12433
       0.30000       1.80000     509.68660     139.27696     354.39424     450.50317     274.30071      27.91016     186.22618      60.16437      42.81681      98.89797
       0.31667       1.81667     513.46412     140.30920     354.43159     450.78966     276.79684      29.02796     187.40529      60.36359      42.82995      98.67517
       0.33333       1.83333     517.23740     141.34029     354.47028     451.07753     279.28986      30.14132     188.58470      60.56384      42.84523      98.45587
       0.35000       1.85000     521.00632     142.37019     354.51032     451.36678     281.77968      31.25010     189.76449      60.76509      42.86257      98.24000
       0.36667       1.86667     524.77075     143.39886     354.55172     451.65739     284.26622      32.35417     190.94472      60.96734      42.88189      98.02748
       0.38333       1.88333     528.53057     144.42626     354.59446     451.94935     286.74941      33.45338     192.12547      61.17056      42.90310      97.81826
       0.40000       1.90000     532.28565     145.45238     354.63854     452.24266     289.22916      34.54761     193.30680      61.37475      42.92614      97.61227
       0.41667       1.91667     536.03586     146.47716     354.68397     452.53729     291.70539      35.63675     194.48875      61.57989      42.95093      97.40944
       0.43333       1.93333     539.78109     147.50058     354.73075     452.83325     294.17801      36.72066     195.67139      61.78596      42.97742      97.20972
       0.45000       1.95000     543.52121     148.52261     354.77886     453.13051     296.64695      37.79924     196.85476      61.99296      43.00553      97.01305
       0.46667       1.96667     547.25608     149.54320     354.82831     453.42907     299.11213      38.87237     198.03890      62.20086      43.03522      96.81938
       0.48333       1.98333     550.98560     150.56232     354.87910     453.72891     301.57346      39.93996     199.22386      62.40964      43.06643      96.62864
       0.50000       2.00000     554.70962     151.57995     354.93122     454.03002     304.03087      41.00191     200.40966      62.61930      43.09910      96.44079
       0.51667       2.01667     558.42802     152.59604     354.98467     454.33239     306.48427      42.05810     201.59634      62.82982      43.13319      96.25577
       0.53333       2.03333     562.14069     153.61056     355.03945     454.63600     308.93358      43.10846     202.78393      63.04118      43.16865      96.07353
       0.55000       2.05000     565.84749     154.62348     355.09555     454.94084     311.37872      44.15290     203.97245      63.25337      43.20544      95.89402
       0.56667       2.06667     569.54829     155.63477     355.15298     455.24690     313.81961      45.19132     205.16193      63.46636      43.24352      95.71720
       0.58333       2.08333     573.24298     156.64438     355.21172     455.55416     316.25616      46.22364     206.35239      63.68014      43.28284      95.54302
       0.60000       2.10000     576.93143     157.65228     355.27178     455.86261     318.68831      47.24978     207.54383      63.89470      43.32338      95.37144
       0.61667       2.11667     580.61350     158.65845     355.33315     456.17224     321.11596      48.26967     208.73628      64.11002      43.36508      95.20240
       0.63333       2.13333     584.28908     159.66283     355.39583     456.48303     323.53905      49.28322     209.92975      64.32607      43.40793      95.03587
       0.65000       2.15000     587.95804     160.66541     355.45981     456.79496     325.95747      50.29038     211.12424      64.54285      43.45188      94.87181
       0.66667       2.16667     591.62025     161.66615     355.52509     457.10802     328.37116      51.29106     212.31977      64.76034      43.49690      94.71017
       0.68333       2.18333     595.27558     162.66501     355.59166     457.42220     330.78004      52.28520     213.51633      64.97851      43.54297      94.55092
       0.70000       2.20000     598.92392     163.66195     355.65953     457.73748     333.18402      53.27274     214.71392      65.19736      43.59006      94.39401
       0.71667       2.21667     602.56513     164.65695     355.72869     458.05384     335.58303      54.25361     215.91256      65.41686      43.63814      94.23942
       0.73333       2.23333     606.19910     165.64997     355.79912     458.37127     337.97698      55.22776     217.11223      65.63700      43.68718      94.08710
       0.75000       2.25000     609.82568     166.64097     355.87084     458.68975     340.36580      56.19512     218.31293      65.85775      43.73716      93.93702
       0.76667       2.26667     613.44477     167.62992     355.94382     459.00927     342.74940      57.15563     219.51466      66.07910      43.78805      93.78914
       0.78333       2.28333     617.05622     168.61678     356.01808     459.32981     345.12770      58.10926     220.71740      66.30104      43.83984      93.64343
       0.80000       2.30000     620.65992     169.60153     356.09359     459.65136     347.50063      59.05594     221.92115      66.52354      43.89250      93.49986
       0.81667       2.31667     624.25574     170.58412     356.17037     459.97389     349.86810      59.99562     223.12589      66.74659      43.94601      93.35840
       0.83333       2.33333     627.84356     171.56453     356.24839     460.29739     352.23003      60.92825     224.33162      66.97016      44.00034      93.21901
       0.85000       2.35000     631.42325     172.54272     356.32767     460.62185     354.58635      61.85379     225.53831      67.19425      44.05549      93.08167
       0.86667       2.36667     634.99468     173.51865     356.40818     460.94724     356.93697      62.77220     226.74595      67.41883      44.11143      92.94634
       0.88333       2.38333     638.55773     174.49228     356.48993     461.27355     359.28182      63.68342     227.95452      67.64388      44.16815      92.81300
       0.90000       2.40000     642.11227     175.46360     356.57292     461.60077     361.62082      64.58743     229.16401      67.86938      44.22562      92.68162
       0.91667       2.41667     645.65818     176.43255     356.65712     461.92887     363.95388      65.48417     230.37439      68.09532      44.28383      92.55217
       0.93333       2.43333     649.19533     177.39912     356.74255     462.25784     366.28093      66.37361     231.58563      68.32168      44.34277      92.42462
       0.95000       2.45000     652.72361     178.36325     356.82918     462.58765     368.60188      67.25572     232.79772      68.54844      44.40242      92.29896
       0.96667       2.46667     656.24287     179.32493     356.91703     462.91830     370.91667      68.13045     234.01063      68.77558      44.46276      92.17514
       0.98333       2.48333     659.75301     180.28411     357.00607     463.24977     373.22520      68.99778     235.22433      69.00309      44.52379      92.05316
       1.00000       2.50000     663.25388     181.24076     357.09630     463.58203     375.52740      69.85766     236.43880      69.23094      44.58548      91.93298
       1.01667       2.51667     666.74538     182.19484     357.10164     463.86152     377.79066      70.99198     237.39244      69.40624      44.62577      91.81132
       1.03333       2.53333     670.22737     183.14633     357.10848     464.14115     380.04837      72.11883     238.34721      69.58233      44.66660      91.69129
       1.05000       2.55000     673.69974     184.09519     357.11681     464.42184     382.29952      73.23769     239.30260      69.75923      44.70835      91.57287
       1.06667       2.56667     677.16235     185.04138     357.12664     464.70357     384.54403      74.34851     240.25862      69.93690      44.75100      91.45604
       1.08333       2.58333     680.61508     185.98488     357.13794     464.98632     386.78183      75.45123     241.21526      70.11534      44.79452      91.34078
       1.10000       2.60000     684.05782     186.92564     357.15072     465.27006     389.01283      76.54579     242.17253      70.29451      44.83889      91.22706
       1.11667       2.61667     687.49042     187.86363     357.16496     465.55479     391.23696      77.63216     243.13041      70.47439      44.88409      91.11486
       1.13333       2.63333     690.91279     188.79883     357.18065     465.84047     393.45414      78.71027     244.08891      70.65496      44.93009      91.00416
       1.15000       2.65000     694.32478     189.73119     357.19780     466.12709     395.66430      79.78008     245.04803      70.83619      44.97687      90.89494
       1.16667       2.66667     697.72627     190.66068     357.21639     466.41463     397.86736      80.84155     246.00774      71.01807      45.02441      90.78718
       1.18333       2.68333     701.11715     191.58727     357.23642     466.70306     400.06324      81.89463     246.96804      71.20057      45.07269      90.68086
       1.20000       2.70000     704.49730     192.51093     357.25786     466.99236     402.25187      82.93929     247.92892      71.38366      45.12170      90.57596
       1.21667       2.71667     707.86658     193.43162     357.28073     467.28251     404.43318      83.97549     248.89036      71.56733      45.17141      90.47246
       1.23333       2.73333     711.22487     194.34931     357.30501     467.57349     406.60708      85.00318     249.85235      71.75155      45.22181      90.37035
       1.25000       2.75000     714.57206     195.26396     357.33068     467.86527     408.77351      86.02234     250.81488      71.93629      45.27288      90.26960
       1.26667       2.76667     717.90803     196.17555     357.35775     468.15784     410.93238      87.03293     251.77791      72.12154      45.32460      90.17020
       1.28333       2.78333     721.23264     197.08403     357.38619     468.45118     413.08363      88.03493     252.74143      72.30727      45.37696      90.07213
       1.30000       2.80000     724.54579     197.98938     357.41602     468.74525     415.22717      89.02829     253.70542      72.49346      45.42994      89.97537
       1.31667       2.81667     727.84735     198.89157     357.44720     469.04005     417.36294      90.01300     254.66986      72.68008      45.48352      89.87992
       1.33333       2.83333     731.13719     199.79055     357.47975     469.33554     419.49085      90.98902     255.63472      72.86711      45.53770      89.78574
       1.35000       2.85000     734.41520     200.68630     357.51364     469.63171     421.61084      91.95633     256.59997      73.05454      45.59245      89.69283
       1.36667       2.86667     737.68127     201.57878     357.54886     469.92853     423.72282      92.91491     257.56559      73.24232      45.64777      89.60117
       1.38333       2.88333     740.93526     202.46797     357.58542     470.22597     425.82673      93.86474     258.53154      73.43046      45.70365      89.51075
       1.40000       2.90000     744.17705     203.35382     357.62329     470.52403     427.92250      94.80579     259.49780      73.61891      45.76006      89.42154
       1.41667       2.91667     747.40654     204.23631     357.66248     470.82267     430.01004      95.73804     260.46434      73.80766      45.81699      89.33355
       1.43333       2.93333     750.62360     205.11541     357.70296     471.12187     432.08929      96.66149     261.43112      73.99668      45.87444      89.24675
       1.45000       2.95000     753.82811     205.99107     357.74473     471.42161     434.16017      97.57610     262.39810      74.18596      45.93239      89.16113
       1.46667       2.96667     757.01996     206.86327     357.78779     471.72187     436.22260      98.48187     263.36526      74.37547      45.99084      89.07667
       1.48333       2.98333     760.19902     207.73198     357.83211     472.02262     438.27652      99.37878     264.33256      74.56518      46.04976      88.99337
       1.50000       3.00000     763.36518     208.59717     357.87769     472.32384     440.32186     100.26682     265.29996      74.75508      46.10916      88.91121
       1.51667       3.01667     766.51832     209.45880     357.92453     472.62551     442.35854     101.14597     266.26742      74.94514      46.16901      88.83018
       1.53333       3.03333     769.65832     210.31683     357.97260     472.92761     444.38648     102.01623     267.23490      75.13534      46.22931      88.75027
       1.55000       3.05000     772.78507     211.17125     358.02190     473.23011     446.40562     102.87759     268.20236      75.32566      46.29006      88.67146
       1.56667       3.06667     775.89846     212.02201     358.07243     473.53298     448.41589     103.73004     269.16977      75.51608      46.35123      88.59374
       1.58333       3.08333     778.99835     212.86909     358.12416     473.83622     450.41721     104.57357     270.13707      75.70657      46.41283      88.51710
       1.60000       3.10000     782.08465     213.71245     358.17709     474.13978     452.40951     105.40817     271.10423      75.89711      46.47484      88.44154
       1.61667       3.11667     785.15723     214.55206     358.23122     474.44366     454.39272     106.23384     272.07119      76.08768      46.53725      88.36703
       1.63333       3.13333     788.21598     215.38790     358.28652     474.74783     456.36677     107.05058     273.03792      76.27826      46.60006      88.29357
       1.65000       3.15000     791.26078     216.21992     358.34298     475.05225     458.33159     107.85839     274.00438      76.46883      46.66326      88.22116
       1.66667       3.16667     794.29153     217.04810     358.40061     475.35692     460.28711     108.65725     274.97050      76.65936      46.72683      88.14977
       1.68333       3.18333     797.30810     217.87241     358.45938     475.66181     462.23326     109.44717     275.93625      76.84983      46.79078      88.07940
       1.70000       3.20000     800.31039     218.69282     358.51929     475.96690     464.16996     110.22816     276.90158      77.04023      46.85510      88.01004
       1.71667       3.21667     803.29828     219.50929     358.58032     476.27215     466.09716     111.00020     277.86643      77.23053      46.91977      87.94167
       1.73333       3.23333     806.27166     220.32179     358.64246     476.57756     468.01477     111.76330     278.83077      77.42070      46.98480      87.87430
       1.75000       3.25000     809.23041     221.13030     358.70571     476.88308     469.92273     112.51747     279.79453      77.61073      47.05016      87.80791
       1.76667       3.26667     812.17443     221.93478     358.77005     477.18872     471.82098     113.26271     280.75766      77.80061      47.11587      87.74249
       1.78333       3.28333     815.10361     222.73521     358.83547     477.49443     473.70944     113.99902     281.72013      77.99029      47.18191      87.67803
       1.80000       3.30000     818.01782     223.53155     358.90196     477.80020     475.58804     114.72640     282.68186      78.17978      47.24827      87.61453
       1.81667       3.31667     820.91698     224.32377     358.96951     478.10600     477.45671     115.44487     283.64281      78.36903      47.31495      87.55198
       1.83333       3.33333     823.80095     225.11185     359.03811     478.41181     479.31540     116.15442     284.60293      78.55805      47.38195      87.49036
       1.85000       3.35000     826.66964     225.89575     359.10774     478.71761     481.16402     116.85508     285.56215      78.74679      47.44925      87.42968
       1.86667       3.36667     829.52294     226.67544     359.17840     479.02338     483.00252     117.54683     286.52044      78.93525      47.51686      87.36991
       1.88333       3.38333     832.36073     227.45089     359.25007     479.32908     484.83082     118.22970     287.47772      79.12340      47.58476      87.31106
       1.90000       3.40000     835.18291     228.22208     359.32274     479.63470     486.64886     118.90369     288.43395      79.31123      47.65295      87.25312
       1.91667       3.41667     837.98938     228.98898     359.39640     479.94022     488.45658     119.56881     289.38906      79.49871      47.72143      87.19608
       1.93333       3.43333     840.78002     229.75155     359.47104     480.24562     490.25390     120.22508     290.34301      79.68582      47.79020      87.13993
       1.95000       3.45000     843.55473     230.50977     359.54665     480.55086     492.04076     120.87249     291.29572      79.87254      47.85924      87.08466
       1.96667       3.46667     846.31340     231.26360     359.62322     480.85593     493.81709     121.51108     292.24715      80.05886      47.92855      87.03027
       1.98333       3.48333     849.05593     232.01302     359.70073     481.16080     495.58284     122.14084     293.19724      80.24475      47.99813      86.97676
       2.00000       3.50000     851.78222     232.75801     359.77917     481.46545     497.33792     122.76180     294.14593      80.43020      48.06797      86.92410
       2.01667       3.51667     854.49215     233.49852     359.85853     481.76986     499.08229     123.37396     295.09315      80.61518      48.13807      86.87231
       2.03333       3.53333     857.18563     234.23454     359.93880     482.07401     500.81587     123.97734     296.03885      80.79968      48.20843      86.82137
       2.05000       3.55000     859.86254     234.96604     360.01997     482.37787     502.53860     124.57196     296.98297      80.98367      48.27904      86.77127
       2.06667       3.56667     862.52280     235.69298     360.10202     482.68142     504.25042     125.15782     297.92545      81.16715      48.34990      86.72201
       2.08333       3.58333     865.16630     236.41534     360.18494     482.98464     505.95126     125.73496     298.86623      81.35008      48.42100      86.67359
       2.10000       3.60000     867.79293     237.13310     360.26873     483.28750     507.64107     126.30337     299.80524      81.53245      48.49234      86.62599
       2.11667       3.61667     870.40259     237.84621     360.35337     483.58998     509.31977     126.86309     300.74243      81.71425      48.56392      86.57921
       2.13333       3.63333     872.99519     238.55467     360.43884     483.89207     510.98730     127.41412     301.67773      81.89545      48.63573      86.53325
       2.15000       3.65000     875.57062     239.25843     360.52514     484.19373     512.64361     127.95650     302.61108      82.07603      48.70778      86.48809
       2.16667       3.66667     878.12879     239.95747     360.61226     484.49495     514.28862     128.49022     303.54242      82.25599      48.78004      86.44374
       2.18333       3.68333     880.66959     240.65177     360.70017     484.79570     515.92229     129.01532     304.47169      82.43529      48.85254      86.40019
       2.20000       3.70000     883.19293     241.34130     360.78887     485.09596     517.54455     129.53181     305.39882      82.61392      48.92525      86.35743
       2.21667       3.71667     885.69872     242.02603     360.87835     485.39571     519.15533     130.03971     306.32375      82.79187      48.99819      86.31546
       2.23333       3.73333     888.18684     242.70594     360.96860     485.69492     520.75458     130.53905     307.24642      82.96911      49.07134      86.27427
       2.25000       3.75000     890.65721     243.38099     361.05959     485.99358     522.34223     131.02984     308.16677      83.14563      49.14470      86.23385
       2.26667       3.76667     893.10973     244.05117     361.15133     486.29166     523.91824     131.51210     309.08473      83.32141      49.21827      86.19421
       2.28333       3.78333     895.54431     244.71644     361.24380     486.58914     525.48253     131.98586     310.00023      83.49643      49.29205      86.15533
       2.30000       3.80000     897.96085     245.37678     361.33698     486.88600     527.03505     132.45113     310.91323      83.67068      49.36604      86.11722
       2.31667       3.81667     900.35926     246.03217     361.43086     487.18222     528.57574     132.90795     311.82364      83.84414      49.44023      86.07986
       2.33333       3.83333     902.73944     246.68258     361.52544     487.47776     530.10454     133.35633     312.73141      84.01680      49.51463      86.04325
       2.35000       3.85000     905.10131     247.32798     361.62069     487.77262     531.62139     133.79629     313.63648      84.18862      49.58922      86.00739
       2.36667       3.86667     907.44476     247.96836     361.71661     488.06678     533.12624     134.22786     314.53877      84.35961      49.66401      85.97228
       2.38333       3.88333     909.76972     248.60367     361.81319     488.36019     534.61904     134.65107     315.43823      84.52974      49.73899      85.93790
       2.40000       3.90000     912.07608     249.23391     361.91040     488.65286     536.09971     135.06592     316.33479      84.69900      49.81417      85.90425
       2.41667       3.91667     914.36376     249.85904     362.00825     488.94475     537.56821     135.47246     317.22839      84.86736      49.88954      85.87133
       2.43333       3.93333     916.63267     250.47904     362.10671     489.23585     539.02448     135.87070     318.11896      85.03482      49.96510      85.83914
       2.45000       3.95000     918.88271     251.09389     362.20578     489.52613     540.46847     136.26067     319.00644      85.20136      50.04085      85.80766
       2.46667       3.96667     921.11381     251.70356     362.30543     489.81557     541.90012     136.64239     319.89077      85.36696      50.11679      85.77690
       2.48333       3.98333     923.32588     252.30803     362.40567     490.10415     543.31937     137.01589     320.77188      85.53160      50.19291      85.74685
       2.50000       4.00000     925.51882     252.90727     362.50647     490.39185     544.72617     137.38119     321.64971      85.69528      50.26922      85.71751
       2.51667       4.01667     927.69256     253.50127     362.60783     490.67865     546.12047     137.73832     322.52419      85.85797      50.34571      85.68887
       2.53333       4.03333     929.84701     254.08999     362.70973     490.96452     547.50222     138.08731     323.39526      86.01966      50.42239      85.66092
       2.55000       4.05000     931.98207     254.67342     362.81215     491.24945     548.87136     138.42817     324.26285      86.18033      50.49924      85.63367
       2.56667       4.06667     934.09768     255.25153     362.91510     491.53341     550.22783     138.76095     325.12691      86.33997      50.57628      85.60711
       2.58333       4.08333     936.19374     255.82430     363.01855     491.81639     551.57159     139.08565     325.98737      86.49857      50.65349      85.58124
       2.60000       4.10000     938.27017     256.39171     363.12248     492.09836     552.90259     139.40232     326.84416      86.65611      50.73088      85.55605
       2.61667       4.11667     940.32690     256.95373     363.22690     492.37930     554.22077     139.71097     327.69723      86.81256      50.80845      85.53153
       2.63333       4.13333     942.36384     257.51034     363.33178     492.65920     555.52608     140.01164     328.54651      86.96793      50.88620      85.50769
       2.65000       4.15000     944.38090     258.06153     363.43712     492.93802     556.81847     140.30435     329.39193      87.12220      50.96412      85.48451
       2.66667       4.16667     946.37802     258.60726     363.54289     493.21576     558.09790     140.58912     330.23344      87.27534      51.04222      85.46201
       2.68333       4.18333     948.35512     259.14752     363.64910     493.49238     559.36431     140.86599     331.07097      87.42736      51.12050      85.44016
       2.70000       4.20000     950.31210     259.68228     363.75572     493.76787     560.61766     141.13498     331.90445      87.57822      51.19895      85.41897
       2.71667       4.21667     952.24890     260.21154     363.86274     494.04222     561.85789     141.39613     332.73384      87.72792      51.27757      85.39843
       2.73333       4.23333     954.16545     260.73525     363.97015     494.31539     563.08496     141.64945     333.55906      87.87645      51.35637      85.37855
       2.75000       4.25000     956.06166     261.25341     364.07794     494.58737     564.29882     141.89497     334.38006      88.02379      51.43534      85.35931
       2.76667       4.26667     957.93746     261.76599     364.18609     494.85814     565.49942     142.13274     335.19676      88.16992      51.51448      85.34071
       2.78333       4.28333     959.79277     262.27297     364.29459     495.12767     566.68672     142.36276     336.00912      88.31483      51.59380      85.32275
       2.80000       4.30000     961.62753     262.77434     364.40344     495.39596     567.86067     142.58507     336.81707      88.45852      51.67329      85.30542
       2.81667       4.31667     963.44165     263.27007     364.51261     495.66297     569.02122     142.79970     337.62056      88.60096      51.75296      85.28873
       2.83333       4.33333     965.23508     263.76014     364.62209     495.92870     570.16834     143.00668     338.41951      88.74215      51.83279      85.27266
       2.85000       4.35000     967.00773     264.24453     364.73188     496.19311     571.30197     143.20604     339.21387      88.88206      51.91280      85.25722
       2.86667       4.36667     968.75954     264.72323     364.84195     496.45619     572.42207     143.39779     340.00358      89.02069      51.99299      85.24239
       2.88333       4.38333     970.49043     265.19621     364.95230     496.71792     573.52859     143.58198     340.78859      89.15803      52.07335      85.22818
       2.90000       4.40000     972.20034     265.66347     365.06291     496.97828     574.62151     143.75863     341.56882      89.29405      52.15388      85.21458
       2.91667       4.41667     973.88920     266.12496     365.17377     497.23725     575.70076     143.92777     342.34424      89.42875      52.23459      85.20159
       2.93333       4.43333     975.55695     266.58069     365.28487     497.49481     576.76632     144.08943     343.11476      89.56212      52.31547      85.18921
       2.95000       4.45000     977.20351     267.03063     365.39620     497.75095     577.81813     144.24363     343.88035      89.69414      52.39653      85.17742
       2.96667       4.46667     978.82883     267.47477     365.50773     498.00564     578.85616     144.39041     344.64094      89.82481      52.47777      85.16624
       2.98333       4.48333     980.43283     267.91307     365.61947     498.25886     579.88036     144.52980     345.39647      89.95410      52.55918      85.15564
       3.00000       4.50000     982.01545     268.34554     365.73139     498.51059     580.89071     144.66181     346.14689      90.08200      52.64077      85.14564
       3.01667       4.51667     983.57663     268.77215     365.84349     498.76082     581.88715     144.78649     346.89214      90.20851      52.72253      85.13622
       3.03333       4.53333     985.11631     269.19288     365.95575     499.00953     582.86965     144.90386     347.63217      90.33362      52.80448      85.12738
       3.05000       4.55000     986.63443     269.60772     366.06816     499.25669     583.83817     145.01395     348.36692      90.45730      52.88660      85.11913
       3.06667       4.56667     988.13092     270.01666     366.18070     499.50230     584.79267     145.11679     349.09633      90.57955      52.96891      85.11144
       3.08333       4.58333     989.60573     270.41966     366.29337     499.74632     585.73311     145.21241     349.82035      90.70035      53.05140      85.10433
       3.10000       4.60000     991.05879     270.81673     366.40615     499.98875     586.65947     145.30083     350.53893      90.81971      53.13407      85.09779
       3.11667       4.61667     992.49005     271.20783     366.51902     500.22955     587.57169     145.38208     351.25202      90.93759      53.21692      85.09181
       3.13333       4.63333     993.89946     271.59297     366.63199     500.46873     588.46975     145.45620     351.95955      91.05400      53.29995      85.08639
       3.15000       4.65000     995.28695     271.97211     366.74502     500.70625     589.35361     145.52321     352.66149      91.16891      53.38318      85.08152
       3.16667       4.66667     996.65247     272.34525     366.85812     500.94209     590.22324     145.58315     353.35776      91.28233      53.46658      85.07721
       3.18333       4.68333     997.99597     272.71238     366.97126     501.17625     591.07860     145.63603     354.04834      91.39424      53.55018      85.07345
       3.20000       4.70000     999.31738     273.07347     367.08444     501.40869     591.91967     145.68190     354.73315      91.50462      53.63397      85.07024
       3.21667       4.71667    1000.61667     273.42851     367.19765     501.63941     592.74639     145.72077     355.41216      91.61347      53.71794      85.06756
       3.23333       4.73333    1001.89377     273.77749     367.31086     501.86838     593.55875     145.75268     356.08531      91.72077      53.80211      85.06542
       3.25000       4.75000    1003.14864     274.12040     367.42407     502.09559     594.35672     145.77765     356.75255      91.82652      53.88647      85.06382
       3.26667       4.76667    1004.38122     274.45721     367.53727     502.32102     595.14025     145.79572     357.41383      91.93070      53.97103      85.06275
       3.28333       4.78333    1005.59147     274.78792     367.65044     502.54466     595.90932     145.80691     358.06911      92.03331      54.05578      85.06220
       3.30000       4.80000    1006.77933     275.11252     367.76357     502.76647     596.66391     145.81125     358.71833      92.13433      54.14073      85.06218
       3.31667       4.81667    1007.94477     275.43099     367.87665     502.98645     597.40397     145.80877     359.36146      92.23375      54.22587      85.06268
       3.33333       4.83333    1009.08772     275.74331     367.98966     503.20458     598.12949     145.79950     359.99843      92.33156      54.31122      85.06369
       3.35000       4.85000    1010.20816     276.04948     368.10260     503.42084     598.84044     145.78347     360.62921      92.42776      54.39677      85.06522
       3.36667       4.86667    1011.30602     276.34948     368.21545     503.63521     599.53677     145.76071     361.25374      92.52232      54.48253      85.06725
       3.38333       4.88333    1012.38128     276.64331     368.32819     503.84768     600.21848     145.73124     361.87199      92.61525      54.56849      85.06978
       3.40000       4.90000    1013.43388     276.93094     368.44082     504.05823     600.88553     145.69509     362.48390      92.70653      54.65465      85.07282
       3.41667       4.91667    1014.46378     277.21237     368.55333     504.26684     601.53790     145.65230     363.08944      92.79616      54.74103      85.07636
       3.43333       4.93333    1015.47094     277.48759     368.66570     504.47349     602.17556     145.60289     363.68856      92.88411      54.82761      85.08038
       3.45000       4.95000    1016.45532     277.75658     368.77792     504.67817     602.79848     145.54689     364.28120      92.97039      54.91441      85.08490
       3.46667       4.96667    1017.41688     278.01934     368.88997     504.88086     603.40665     145.48432     364.86734      93.05499      55.00143      85.08990
       3.48333       4.98333    1018.35558     278.27585     369.00185     505.08155     604.00004     145.41523     365.44693      93.13788      55.08865      85.09538
       3.50000       5.00000    1019.27139     278.52610     369.11354     505.28021     604.57863     145.33963     366.01993      93.21907      55.17610      85.10134
       3.51667       5.01667    1020.16427     278.77009     369.22504     505.47683     605.14238     145.25756     366.58628      93.29855      55.26377      85.10777
       3.53333       5.03333    1021.03418     279.00780     369.33632     505.67140     605.69129     145.16904     367.14596      93.37630      55.35166      85.11468
       3.55000       5.05000    1021.88108     279.23922     369.44737     505.86389     606.22534     145.07410     367.69892      93.45231      55.43977      85.12205
       3.56667       5.06667    1022.70495     279.46435     369.55820     506.05430     606.74449     144.97277     368.24512      93.52659      55.52811      85.12988
       3.58333       5.08333    1023.50574     279.68318     369.66877     506.24260     607.24873     144.86509     368.78453      93.59911      55.61667      85.13817
       3.60000       5.10000    1024.28343     279.89569     369.77908     506.42878     607.73804     144.75108     369.31709      93.66988      55.70546      85.14691
       3.61667       5.11667    1025.03799     280.10188     369.88912     506.61282     608.21241     144.63076     369.84278      93.73887      55.79449      85.15611
       3.63333       5.13333    1025.76938     280.30174     369.99888     506.79471     608.67181     144.50418     370.36154      93.80609      55.88375      85.16575
       3.65000       5.15000    1026.47758     280.49526     370.10834     506.97443     609.11623     144.37135     370.87336      93.87152      55.97324      85.17583
       3.66667       5.16667    1027.16255     280.68244     370.21750     507.15196     609.54565     144.23231     371.37817      93.93516      56.06297      85.18636
       3.68333       5.18333    1027.82428     280.86326     370.32633     507.32730     609.96005     144.08709     371.87596      93.99699      56.15294      85.19732
       3.70000       5.20000    1028.46273     281.03772     370.43483     507.50042     610.35942     143.93572     372.36668      94.05702      56.24315      85.20871
       3.71667       5.21667    1029.07787     281.20582     370.54299     507.67131     610.74374     143.77823     372.85029      94.11522      56.33361      85.22052
       3.73333       5.23333    1029.66968     281.36754     370.65080     507.83995     611.11300     143.61464     373.32675      94.17160      56.42430      85.23276
       3.75000       5.25000    1030.23815     281.52288     370.75824     508.00633     611.46718     143.44499     373.79604      94.22615      56.51525      85.24542
       3.76667       5.26667    1030.78324     281.67183     370.86530     508.17043     611.80627     143.26932     374.25811      94.27885      56.60644      85.25849
       3.78333       5.28333    1031.30493     281.81438     370.97197     508.33225     612.13026     143.08764     374.71292      94.32970      56.69788      85.27198
       3.80000       5.30000    1031.80320     281.95054     371.07823     508.49175     612.43914     142.90000     375.16045      94.37869      56.78958      85.28587
       3.81667       5.31667    1032.27804     282.08030     371.18409     508.64894     612.73289     142.70641     375.60065      94.42582      56.88153      85.30017
       3.83333       5.33333    1032.72942     282.20364     371.28952     508.80379     613.01150     142.50693     376.03349      94.47108      56.97373      85.31487
       3.85000       5.35000    1033.15732     282.32057     371.39451     508.95630     613.27497     142.30158     376.45893      94.51446      57.06619      85.32996
       3.86667       5.36667    1033.56173     282.43108     371.49906     509.10644     613.52327     142.09038     376.87694      94.55595      57.15891      85.34544
       3.88333       5.38333    1033.94263     282.53516     371.60314     509.25420     613.75641     141.87338     377.28749      94.59555      57.25189      85.36131
       3.90000       5.40000    1034.30001     282.63282     371.70676     509.39958     613.97437     141.65060     377.69052      94.63325      57.34513      85.37756
       3.91667       5.41667    1034.63385     282.72405     371.80989     509.54255     614.17715     141.42208     378.08602      94.66904      57.43864      85.39420
       3.93333       5.43333    1034.94414     282.80883     371.91253     509.68310     614.36473     141.18786     378.47394      94.70293      57.53241      85.41121
       3.95000       5.45000    1035.23086     282.88718     372.01467     509.82123     614.53712     140.94797     378.85425      94.73489      57.62644      85.42859
       3.96667       5.46667    1035.49400     282.95909     372.11629     509.95691     614.69429     140.70245     379.22691      94.76493      57.72074      85.44634
       3.98333       5.48333    1035.73356     283.02455     372.21738     510.09013     614.83626     140.45133     379.59189      94.79304      57.81531      85.46445
       4.00000       5.50000    1035.94952     283.08357     372.31794     510.22089     614.96300     140.19464     379.94915      94.81921      57.91015      85.48292
       4.01667       5.51667    1036.14187     283.13613     372.41795     510.34917     615.07452     139.93243     380.29865      94.84344      58.00526      85.50175
       4.03333       5.53333    1036.31061     283.18224     372.51739     510.47495     615.17082     139.66474     380.64035      94.86573      58.10064      85.52093
       4.05000       5.55000    1036.45573     283.22189     372.61627     510.59823     615.25188     139.39159     380.97422      94.88607      58.19629      85.54046
       4.06667       5.56667    1036.57723     283.25509     372.71456     510.71900     615.31770     139.11304     381.30022      94.90444      58.29222      85.56033
       4.08333       5.58333    1036.67509     283.28184     372.81227     510.83724     615.36828     138.82911     381.61831      94.92086      58.38842      85.58055
       4.10000       5.60000    1036.74932     283.30212     372.90937     510.95294     615.40363     138.53986     381.92845      94.93531      58.48489      85.60110
       4.11667       5.61667    1036.79991     283.31594     373.00585     511.06610     615.42372     138.24532     382.23061      94.94780      58.58163      85.62198
       4.13333       5.63333    1036.82686     283.32331     373.10171     511.17669     615.42857     137.94553     382.52473      94.95831      58.67865      85.64318
       4.15000       5.65000    1036.83017     283.32421     373.19693     511.28472     615.41817     137.64054     382.81079      94.96684      58.77595      85.66472
       4.16667       5.66667    1036.80984     283.31866     373.29151     511.39017     615.39252     137.33040     383.08873      94.97340      58.87351      85.68657
       4.18333       5.68333    1036.76587     283.30664     373.38543     511.49304     615.35162     137.01514     383.35852      94.97797      58.97135      85.70874
       4.20000       5.70000    1036.69826     283.28817     373.47869     511.59331     615.29547     136.69481     383.62011      94.98055      59.06947      85.73122
       4.21667       5.71667    1036.60701     283.26323     373.57127     511.69097     615.22407     136.36947     383.87346      94.98115      59.16786      85.75401
       4.23333       5.73333    1036.49214     283.23184     373.66316     511.78602     615.13743     136.03915     384.11852      94.97976      59.26652      85.77711
       4.25000       5.75000    1036.35363     283.19399     373.75435     511.87846     615.03553     135.70392     384.35524      94.97637      59.36545      85.80050
       4.26667       5.76667    1036.19150     283.14969     373.84483     511.96826     614.91838     135.36381     384.58358      94.97099      59.46465      85.82420
       4.28333       5.78333    1036.00576     283.09893     373.93460     512.05543     614.78599     135.01888     384.80349      94.96362      59.56412      85.84818
       4.30000       5.80000    1035.79641     283.04173     374.02364     512.13996     614.63836     134.66918     385.01493      94.95425      59.66386      85.87246
       4.31667       5.81667    1035.56345     282.97807     374.11194     512.22184     614.47548     134.31478     385.21782      94.94288      59.76387      85.89702
       4.33333       5.83333    1035.30691     282.90797     374.19949     512.30107     614.29737     133.95571     385.41214      94.92952      59.86414      85.92186
       4.35000       5.85000    1035.02679     282.83142     374.28628     512.37764     614.10402     133.59204     385.59781      94.91417      59.96467      85.94698
       4.36667       5.86667    1034.72310     282.74844     374.37231     512.45155     613.89543     133.22382     385.77479      94.89681      60.06547      85.97238
       4.38333       5.88333    1034.39586     282.65901     374.45756     512.52279     613.67162     132.85113     385.94303      94.87747      60.16652      85.99804
       4.40000       5.90000    1034.04507     282.56316     374.54202     512.59136     613.43258     132.47400     386.10245      94.85613      60.26784      86.02397
       4.41667       5.91667    1033.67076     282.46087     374.62569     512.65726     613.17832     132.09251     386.25301      94.83280      60.36940      86.05016
       4.43333       5.93333    1033.27293     282.35216     374.70856     512.72048     612.90884     131.70673     386.39463      94.80749      60.47122      86.07661
       4.45000       5.95000    1032.85160     282.23703     374.79060     512.78102     612.62415     131.31670     386.52727      94.78019      60.57329      86.10332
       4.46667       5.96667    1032.40679     282.11548     374.87183     512.83888     612.32426     130.92251     386.65085      94.75090      60.67561      86.13028
       4.48333       5.98333    1031.93852     281.98752     374.95222     512.89407     612.00915     130.52421     386.76530      94.71964      60.77816      86.15749
       4.50000       6.00000    1031.44681     281.85315     375.03177     512.94657     611.67885     130.12188     386.87057      94.68641      60.88096      86.18494
       4.51667       6.01667    1030.93167     281.71239     375.11047     512.99640     611.33336     129.71558     386.96658      94.65120      60.98399      86.21263
       4.53333       6.03333    1030.39313     281.56523     375.18832     513.04354     610.97268     129.30538     387.05326      94.61404      61.08726      86.24056
       4.55000       6.05000    1029.83121     281.41168     375.26529     513.08801     610.59682     128.89136     387.13055      94.57491      61.19076      86.26872
       4.56667       6.06667    1029.24593     281.25174     375.34139     513.12980     610.20578     128.47359     387.19835      94.53384      61.29448      86.29711
       4.58333       6.08333    1028.63732     281.08543     375.41661     513.16892     609.79958     128.05215     387.25661      94.49081      61.39842      86.32573
       4.60000       6.10000    1028.00539     280.91275     375.49094     513.20537     609.37821     127.62711     387.30524      94.44586      61.50258      86.35458
       4.61667       6.11667    1027.35018     280.73371     375.56436     513.23915     608.94168     127.19854     387.34417      94.39897      61.60696      86.38364
       4.63333       6.13333    1026.67171     280.54831     375.63688     513.27028     608.49001     126.76653     387.37331      94.35016      61.71154      86.41292
       4.65000       6.15000    1025.97002     280.35657     375.70849     513.29875     608.02319     126.33116     387.39259      94.29944      61.81633      86.44241
       4.66667       6.16667    1025.24512     280.15848     375.77917     513.32458     607.54123     125.89250     387.40192      94.24681      61.92132      86.47211
       4.68333       6.18333    1024.49704     279.95406     375.84893     513.34776     607.04415     125.45063     387.40122      94.19229      62.02651      86.50202
       4.70000       6.20000    1023.72582     279.74332     375.91775     513.36831     606.53194     125.00564     387.39040      94.13589      62.13189      86.53214
       4.71667       6.21667    1022.93150     279.52626     375.98562     513.38624     606.00462     124.55762     387.36939      94.07762      62.23746      86.56245
       4.73333       6.23333    1022.11409     279.30290     376.05255     513.40154     605.46220     124.10663     387.33808      94.01749      62.34322      86.59296
       4.75000       6.25000    1021.27363     279.07323     376.11852     513.41424     604.90468     123.65277     387.29640      93.95551      62.44915      86.62367
       4.76667       6.26667    1020.41016     278.83728     376.18354     513.42435     604.33207     123.19611     387.24425      93.89170      62.55526      86.65457
       4.78333       6.28333    1019.52371     278.59505     376.24758     513.43187     603.74437     122.73676     387.18156      93.82606      62.66155      86.68566
       4.80000       6.30000    1018.61432     278.34655     376.31065     513.43681     603.14161     122.27478     387.10822      93.75861      62.76800      86.71693
       4.81667       6.31667    1017.68202     278.09179     376.37275     513.43919     602.52379     121.81026     387.02415      93.68937      62.87462      86.74839
       4.83333       6.33333    1016.72686     277.83078     376.43386     513.43902     601.89091     121.34330     386.92926      93.61835      62.98140      86.78003
       4.85000       6.35000    1015.74886     277.56353     376.49398     513.43632     601.24299     120.87396     386.82346      93.54557      63.08833      86.81185
       4.86667       6.36667    1014.74807     277.29006     376.55311     513.43109     600.58004     120.40234     386.70666      93.47103      63.19542      86.84384
       4.88333       6.38333    1013.72454     277.01037     376.61125     513.42336     599.90206     119.92853     386.57877      93.39476      63.30267      86.87601
       4.90000       6.40000    1012.67829     276.72447     376.66839     513.41313     599.20908     119.45260     386.43970      93.31677      63.41006      86.90835
       4.91667       6.41667    1011.60938     276.43238     376.72452     513.40042     598.50110     118.97464     386.28937      93.23708      63.51760      86.94086
       4.93333       6.43333    1010.51784     276.13410     376.77964     513.38525     597.77813     118.49473     386.12769      93.15571      63.62528      86.97354
       4.95000       6.45000    1009.40372     275.82966     376.83376     513.36764     597.04018     118.01295     385.95456      93.07267      63.73311      87.00639
       4.96667       6.46667    1008.26706     275.51906     376.88687     513.34759     596.28728     117.52938     385.76991      92.98798      63.84108      87.03940
       4.98333       6.48333    1007.10792     275.20231     376.93896     513.32514     595.51942     117.04411     385.57365      92.90166      63.94919      87.07257
       5.00000       6.50000    1005.92633     274.87943     376.99003     513.30029     594.73664     116.55720     385.36571      92.81373      64.05743      87.10590
       5.01667       6.51667    1004.72234     274.55043     377.04009     513.27307     593.93893     116.06875     385.14599      92.72420      64.16582      87.13940
       5.03333       6.53333    1003.49601     274.21532     377.08913     513.24349     593.12632     115.57881     384.91442      92.63309      64.27435      87.17305
       5.05000       6.55000    1002.24738     273.87412     377.13714     513.21157     592.29883     115.08747     384.67093      92.54043      64.38302      87.20687
       5.06667       6.56667    1000.97649     273.52684     377.18414     513.17733     591.45647     114.59480     384.41544      92.44622      64.49183      87.24084
       5.08333       6.58333     999.68342     273.17349     377.23012     513.14079     590.59925     114.10087     384.14788      92.35050      64.60079      87.27496
       5.10000       6.60000     998.36819     272.81409     377.27507     513.10197     589.72720     113.60574     383.86818      92.25328      64.70989      87.30924
       5.11667       6.61667     997.03087     272.44866     377.31901     513.06089     588.84033     113.10948     383.57627      92.15457      64.81914      87.34368
       5.13333       6.63333     995.67151     272.07720     377.36193     513.01757     587.93867     112.61217     383.27210      92.05441      64.92853      87.37828
       5.15000       6.65000     994.29017     271.69973     377.40383     512.97203     587.02224     112.11385     382.95559      91.95280      65.03809      87.41302
       5.16667       6.66667     992.88689     271.31627     377.44471     512.92428     586.09105     111.61459     382.62669      91.84977      65.14780      87.44793
       5.18333       6.68333     991.46175     270.92684     377.48458     512.87435     585.14514     111.11446     382.28535      91.74534      65.25767      87.48299
       5.20000       6.70000     990.01478     270.53144     377.52344     512.82226     584.18452     110.61349     381.93151      91.63952      65.36772      87.51820
       5.21667       6.71667     988.54605     270.13009     377.56129     512.76803     583.20921     110.11175     381.56513      91.53234      65.47793      87.55358
       5.23333       6.73333     987.05563     269.72282     377.59813     512.71168     582.21926     109.60929     381.18616      91.42381      65.58833      87.58911
       5.25000       6.75000     985.54356     269.30963     377.63396     512.65322     581.21467     109.10615     380.79457      91.31395      65.69891      87.62480
       5.26667       6.76667     984.00991     268.89055     377.66880     512.59269     580.19548     108.60239     380.39030      91.20279      65.80969      87.66064
       5.28333       6.78333     982.45474     268.46558     377.70264     512.53009     579.16171     108.09804     379.97334      91.09033      65.92067      87.69665
       5.30000       6.80000     980.87812     268.03475     377.73549     512.46545     578.11340     107.59314     379.54365      90.97661      66.03186      87.73282
       5.31667       6.81667     979.28010     267.59808     377.76735     512.39878     577.05058     107.08774     379.10121      90.86163      66.14327      87.76916
       5.33333       6.83333     977.66074     267.15558     377.79822     512.33012     575.97327     106.58188     378.64598      90.74542      66.25491      87.80566
       5.35000       6.85000     976.02013     266.70726     377.82812     512.25947     574.88152     106.07558     378.17795      90.62799      66.36678      87.84233
       5.36667       6.86667     974.35830     266.25315     377.85704     512.18685     573.77535     105.56887     377.69711      90.50936      66.47891      87.87917
       5.38333       6.88333     972.67535     265.79327     377.88500     512.11229     572.65479     105.06179     377.20344      90.38955      66.59129      87.91618
       5.40000       6.90000     970.97132     265.32762     377.91199     512.03580     571.51989     104.55437     376.69694      90.26858      66.70395      87.95337
       5.41667       6.91667     969.24630     264.85624     377.93803     511.95740     570.37068     104.04662     376.17760      90.14646      66.81689      87.99074
       5.43333       6.93333     967.50034     264.37914     377.96311     511.87711     569.20720     103.53858     375.64542      90.02320      66.93012      88.02828
       5.45000       6.95000     965.73352     263.89634     377.98725     511.79494     568.02949     103.03026     375.10039      89.89884      67.04366      88.06601
       5.46667       6.96667     963.94590     263.40786     378.01045     511.71092     566.83758     102.52167     374.54254      89.77337      67.15753      88.10393
       5.48333       6.98333     962.13756     262.91371     378.03272     511.62505     565.63152     102.01285     373.97186      89.64682      67.27173      88.14204
       5.50000       7.00000     960.30858     262.41392     378.05407     511.53737     564.41135     101.50379     373.38837      89.51919      67.38627      88.18034
       5.51667       7.01667     958.45901     261.90851     378.07449     511.44788     563.17712     100.99452     372.79208      89.39052      67.50118      88.21884
       5.53333       7.03333     956.58894     261.39749     378.09401     511.35659     561.92886     100.48504     372.18301      89.26080      67.61647      88.25754
       5.55000       7.05000     954.69844     260.88090     378.11261     511.26354     560.66662      99.97537     371.56119      89.13006      67.73215      88.29645
       5.56667       7.06667     952.78758     260.35873     378.13033     511.16872     559.39045      99.46551     370.92663      88.99831      67.84824      88.33557
       5.58333       7.08333     950.85644     259.83103     378.14715     511.07216     558.10039      98.95547     370.27937      88.86556      67.96475      88.37490
       5.60000       7.10000     948.90510     259.29781     378.16309     510.97388     556.79650      98.44525     369.61943      88.73183      68.08171      88.41445
       5.61667       7.11667     946.93363     258.75908     378.17815     510.87387     555.47882      97.93485     368.94685      88.59712      68.19912      88.45423
       5.63333       7.13333     944.94211     258.21488     378.19234     510.77217     554.14740      97.42428     368.26166      88.46145      68.31700      88.49423
       5.65000       7.15000     942.93062     257.66522     378.20567     510.66878     552.80229      96.91354     367.56391      88.32484      68.43537      88.53447
       5.66667       7.16667     940.89924     257.11013     378.21815     510.56372     551.44355      96.40263     366.85363      88.18729      68.55426      88.57495
       5.68333       7.18333     938.84805     256.54962     378.22979     510.45700     550.07122      95.89155     366.13086      88.04881      68.67366      88.61567
       5.70000       7.20000     936.77712     255.98372     378.24058     510.34863     548.68535      95.38029     365.39564      87.90942      68.79362      88.65664
       5.71667       7.21667     934.68655     255.41245     378.25055     510.23863     547.28602      94.86885     364.64804      87.76913      68.91413      88.69787
       5.73333       7.23333     932.57641     254.83583     378.25969     510.12701     545.87326      94.35723     363.88808      87.62794      69.03522      88.73935
       5.75000       7.25000     930.44678     254.25389     378.26801     510.01378     544.44713      93.84542     363.11584      87.48588      69.15691      88.78110
       5.76667       7.26667     928.29775     253.66664     378.27553     509.89894     543.00770      93.33342     362.33134      87.34294      69.27921      88.82313
       5.78333       7.28333     926.12941     253.07412     378.28225     509.78252     541.55501      92.82122     361.53466      87.19913      69.40216      88.86543
       5.80000       7.30000     923.94184     252.47635     378.28817     509.66453     540.08913      92.30881     360.72585      87.05448      69.52575      88.90802
       5.81667       7.31667     921.73512     251.87334     378.29331     509.54497     538.61012      91.79619     359.90496      86.90897      69.65002      88.95090
       5.83333       7.33333     919.50934     251.26512     378.29767     509.42385     537.11803      91.28334     359.07205      86.76263      69.77499      88.99408
       5.85000       7.35000     917.26458     250.65172     378.30125     509.30119     535.61293      90.77027     358.22719      86.61547      69.90067      89.03756
       5.86667       7.36667     915.00095     250.03316     378.30408     509.17700     534.09487      90.25696     357.37043      86.46748      70.02708      89.08135
       5.88333       7.38333     912.71851     249.40946     378.30614     509.05128     532.56392      89.74340     356.50183      86.31868      70.15424      89.12546
       5.90000       7.40000     910.41737     248.78065     378.30746     508.92404     531.02014      89.22959     355.62147      86.16908      70.28218      89.16989
       5.91667       7.41667     908.09762     248.14676     378.30804     508.79530     529.46360      88.71552     354.72940      86.01868      70.41092      89.21466
       5.93333       7.43333     905.75933     247.50780     378.30787     508.66506     527.89436      88.20117     353.82569      85.86749      70.54046      89.25976
       5.95000       7.45000     903.40262     246.86380     378.30698     508.53333     526.31247      87.68655     352.91041      85.71551      70.67085      89.30521
       5.96667       7.46667     901.02755     246.21479     378.30537     508.40012     524.71802      87.17163     351.98363      85.56276      70.80209      89.35101
       5.98333       7.48333     898.63424     245.56079     378.30305     508.26544     523.11106      86.65641     351.04541      85.40924      70.93420      89.39718
       6.00000       7.50000     896.22277     244.90183     378.30001     508.12929     521.49165      86.14089     350.09582      85.25495      71.06722      89.44371
