VERT
 15
 4
         z (m)      q (g/kg)            wq
        0.0000       11.6162   0.26599E-01
      284.2294       11.6162   0.00000E+00
      284.2294       11.4001   0.10000E-03
     3000.0000        4.3390   0.00000E+00
        0.0000       11.8390   0.41585E-01
      269.2878       11.8390   0.00000E+00
      269.2878       11.4001   0.10000E-03
     3000.0000        4.3001   0.00000E+00
        0.0000       12.1719   0.54949E-01
      255.3820       12.1719   0.41712E-03
      255.3820       11.3994   0.10000E-03
     3000.0000        4.2633   0.00000E+00
        0.0000       12.6037   0.66777E-01
      243.8608       12.6037   0.19739E-02
      243.8608       11.3944   0.10000E-03
     3000.0000        4.2283   0.00000E+00
        0.0000       13.1266   0.78781E-01
      234.9327       13.1266   0.49188E-02
      234.9327       11.3840   0.10000E-03
     3000.0000        4.1947   0.00000E+00
        0.0000       13.7212   0.88398E-01
      228.6291       13.7212   0.95910E-02
      228.6291       11.3679   0.10000E-03
     3000.0000        4.1622   0.00000E+00
        0.0000       14.3601   0.98009E-01
      224.9486       14.3601   0.16470E-01
      224.9486       11.3457   0.10000E-03
     3000.0000        4.1304   0.00000E+00
        0.0000       15.0139   0.10717E+00
      224.1473       15.0139   0.26530E-01
      224.1473       11.3162   0.10000E-03
     3000.0000        4.0989   0.00000E+00
        0.0000       15.6367   0.11534E+00
      226.8701       15.6367   0.41371E-01
      226.8701       11.2775   0.10000E-03
     3000.0000        4.0673   0.00000E+00
        0.0000       16.1618   0.12196E+00
      234.3615       16.1618   0.63501E-01
      234.3615       11.2258   0.10000E-03
     3000.0000        4.0350   0.00000E+00
        0.0000       16.5043   0.12660E+00
      248.7760       16.5043   0.95951E-01
      248.7760       11.1545   0.10000E-03
     3000.0000        4.0012   0.00000E+00
        0.0000       16.5865   0.12891E+00
      273.0669       16.5865   0.13756E+00
      273.0669       11.0548   0.10000E-03
     3000.0000        3.9647   0.00000E+00
        0.0000       16.4224   0.12840E+00
      308.0909       16.4224   0.16916E+00
      308.0909       10.9231   0.10000E-03
     3000.0000        3.9240   0.00000E+00
        0.0000       16.1870   0.12441E+00
      346.3670       16.1870   0.16299E+00
      346.3670       10.7776   0.10000E-03
     3000.0000        3.8780   0.00000E+00
        0.0000       16.0553   0.11665E+00
      375.8764       16.0553   0.12915E+00
      375.8764       10.6500   0.10000E-03
     3000.0000        3.8272   0.00000E+00
Time int. between profiles 1800s
