SATU
 50
         z (m)       p (kPa)         T (K)   Tparcel (K)      qt (g/g)      qs (g/g)
        0.0000      100.0000      302.6008      302.6008        0.0161        0.0265
       44.3517       99.5000      302.1678      302.1678        0.0161        0.0260
       88.8629       99.0000      301.7331      301.7331        0.0161        0.0254
      133.5349       98.5000      301.2969      301.2969        0.0161        0.0249
      178.3692       98.0000      300.8592      300.8592        0.0161        0.0244
      223.3672       97.5000      300.4198      300.4198        0.0161        0.0239
      268.5304       97.0000      299.9788      299.9788        0.0161        0.0234
      313.8601       96.5000      299.5362      299.5362        0.0161        0.0229
      359.3579       96.0000      299.0919      299.0919        0.0161        0.0224
      405.0252       95.5000      298.6460      298.6460        0.0161        0.0219
      450.8637       95.0000      298.1984      298.1984        0.0161        0.0214
      496.8748       94.5000      297.7491      297.7491        0.0161        0.0209
      543.0602       94.0000      297.2982      297.2982        0.0161        0.0205
      589.4213       93.5000      296.8455      296.8455        0.0161        0.0200
      635.9599       93.0000      296.3911      296.3911        0.0161        0.0196
      682.6776       92.5000      295.9349      295.9349        0.0161        0.0191
      729.5759       92.0000      295.4770      295.4770        0.0161        0.0187
      776.6567       91.5000      295.0172      295.0172        0.0161        0.0183
      823.9216       91.0000      294.5557      294.5557        0.0161        0.0179
      871.3724       90.5000      294.0924      294.0924        0.0161        0.0174
      919.0108       90.0000      293.6272      293.6272        0.0161        0.0170
      966.8386       89.5000      293.1602      293.1602        0.0161        0.0166
     1014.8576       89.0000      292.6914      292.6914        0.0161        0.0162
     1063.0697       88.5000      292.2206      292.2206        0.0161        0.0158
     1111.4768       88.0000      291.7479      291.7479        0.0155        0.0155
     1160.0808       87.5000      291.2733      291.0707        0.0151        0.0151
     1208.8835       87.0000      290.7968      290.3875        0.0147        0.0147
     1257.8870       86.5000      290.3183      289.6981        0.0144        0.0144
     1307.0932       86.0000      289.8379      289.0024        0.0140        0.0140
     1356.5042       85.5000      289.3554      288.3002        0.0137        0.0137
     1406.1220       85.0000      288.8709      287.5915        0.0133        0.0133
     1455.9487       84.5000      288.3844      286.8760        0.0130        0.0130
     1505.9865       84.0000      287.8958      286.1536        0.0126        0.0126
     1556.2375       83.5000      287.4051      285.4242        0.0123        0.0123
     1606.7039       83.0000      286.9123      284.6875        0.0120        0.0120
     1657.3878       82.5000      286.4174      283.9435        0.0117        0.0117
     1708.2917       82.0000      285.9204      283.1920        0.0114        0.0114
     1759.4178       81.5000      285.4212      282.4327        0.0111        0.0111
     1810.7684       81.0000      284.9198      281.6655        0.0108        0.0108
     1862.3459       80.5000      284.4161      280.8904        0.0105        0.0105
     1914.1528       80.0000      283.9103      280.1069        0.0102        0.0102
     1966.1914       79.5000      283.4022      279.3151        0.0099        0.0099
     2018.4644       79.0000      282.8917      278.5147        0.0096        0.0096
     2070.9742       78.5000      282.3790      277.7055        0.0094        0.0094
     2123.7234       78.0000      281.8639      276.8874        0.0091        0.0091
     2176.7147       77.5000      281.3465      276.0602        0.0088        0.0088
     2229.9508       77.0000      280.8267      275.2236        0.0086        0.0086
     2283.4344       76.5000      280.3045      274.3775        0.0083        0.0083
     2337.1683       76.0000      279.7798      273.5217        0.0081        0.0081
     2391.1552       75.5000      279.2526      272.6560        0.0079        0.0079
     2445.3982       75.0000      278.7230      271.7802        0.0076        0.0076
LCL at  1111.5m reached after    7.50hou
