VERT
 15
 4
         z (m)       u (m/s)            wu
        0.0000        4.7211  -0.71686E-01
      284.2294        4.7211   0.00000E+00
      284.2294        0.0001   0.10000E-03
     3000.0000        0.0000   0.00000E+00
        0.0000        4.3048  -0.84832E-01
      269.2878        4.3048   0.00000E+00
      269.2878        0.0001   0.10000E-03
     3000.0000        0.0000   0.00000E+00
        0.0000        3.7765  -0.87629E-01
      255.3820        3.7765   0.20397E-02
      255.3820        0.0001   0.10000E-03
     3000.0000        0.0000   0.00000E+00
        0.0000        3.2285  -0.74917E-01
      243.8608        3.2285   0.52712E-02
      243.8608        0.0001   0.10000E-03
     3000.0000        0.0000   0.00000E+00
        0.0000        2.7234  -0.61088E-01
      234.9327        2.7234   0.76890E-02
      234.9327        0.0001   0.10000E-03
     3000.0000        0.0000   0.00000E+00
        0.0000        2.2730  -0.49301E-01
      228.6291        2.2730   0.92656E-02
      228.6291        0.0001   0.10000E-03
     3000.0000        0.0000   0.00000E+00
        0.0000        1.8801  -0.39118E-01
      224.9486        1.8801   0.10274E-01
      224.9486        0.0001   0.10000E-03
     3000.0000        0.0000   0.00000E+00
        0.0000        1.5429  -0.30696E-01
      224.1473        1.5429   0.11072E-01
      224.1473        0.0001   0.10000E-03
     3000.0000        0.0000   0.00000E+00
        0.0000        1.2554  -0.23850E-01
      226.8701        1.2554   0.11916E-01
      226.8701        0.0001   0.10000E-03
     3000.0000        0.0000   0.00000E+00
        0.0000        1.0103  -0.18314E-01
      234.3615        1.0103   0.13000E-01
      234.3615        0.0001   0.10000E-03
     3000.0000        0.0000   0.00000E+00
        0.0000        0.8010  -0.13834E-01
      248.7760        0.8010   0.14369E-01
      248.7760        0.0001   0.10000E-03
     3000.0000        0.0000   0.00000E+00
        0.0000        0.6233  -0.10240E-01
      273.0669        0.6233   0.15502E-01
      273.0669        0.0001   0.10000E-03
     3000.0000        0.0000   0.00000E+00
        0.0000        0.4797  -0.74898E-02
      308.0909        0.4797   0.14758E-01
      308.0909        0.0001   0.10000E-03
     3000.0000        0.0000   0.00000E+00
        0.0000        0.3762  -0.55830E-02
      346.3670        0.3762   0.11336E-01
      346.3670        0.0001   0.10000E-03
     3000.0000        0.0000   0.00000E+00
        0.0000        0.3090  -0.43491E-02
      375.8764        0.3090   0.73847E-02
      375.8764        0.0001   0.10000E-03
     3000.0000        0.0000   0.00000E+00
Time int. between profiles 1800s
