VERT
 15
 4
         z (m)       v (m/s)            wv
        0.0000        4.5112  -0.68501E-01
      284.2294        4.5112   0.00000E+00
      284.2294        0.0001   0.10000E-03
     3000.0000        0.0000   0.00000E+00
        0.0000        3.9303  -0.77453E-01
      269.2878        3.9303   0.00000E+00
      269.2878        0.0001   0.10000E-03
     3000.0000        0.0000   0.00000E+00
        0.0000        3.2937  -0.76428E-01
      255.3820        3.2937   0.17790E-02
      255.3820        0.0001   0.10000E-03
     3000.0000        0.0000   0.00000E+00
        0.0000        2.6891  -0.62400E-01
      243.8608        2.6891   0.43905E-02
      243.8608        0.0001   0.10000E-03
     3000.0000        0.0000   0.00000E+00
        0.0000        2.1654  -0.48574E-01
      234.9327        2.1654   0.61138E-02
      234.9327        0.0001   0.10000E-03
     3000.0000        0.0000   0.00000E+00
        0.0000        1.7245  -0.37405E-01
      228.6291        1.7245   0.70297E-02
      228.6291        0.0001   0.10000E-03
     3000.0000        0.0000   0.00000E+00
        0.0000        1.3602  -0.28301E-01
      224.9486        1.3602   0.74333E-02
      224.9486        0.0001   0.10000E-03
     3000.0000        0.0000   0.00000E+00
        0.0000        1.0636  -0.21162E-01
      224.1473        1.0636   0.76330E-02
      224.1473        0.0001   0.10000E-03
     3000.0000        0.0000   0.00000E+00
        0.0000        0.8240  -0.15655E-01
      226.8701        0.8240   0.78217E-02
      226.8701        0.0001   0.10000E-03
     3000.0000        0.0000   0.00000E+00
        0.0000        0.6308  -0.11434E-01
      234.3615        0.6308   0.81164E-02
      234.3615        0.0001   0.10000E-03
     3000.0000        0.0000   0.00000E+00
        0.0000        0.4751  -0.82061E-02
      248.7760        0.4751   0.85233E-02
      248.7760        0.0001   0.10000E-03
     3000.0000        0.0000   0.00000E+00
        0.0000        0.3508  -0.57637E-02
      273.0669        0.3508   0.87258E-02
      273.0669        0.0001   0.10000E-03
     3000.0000        0.0000   0.00000E+00
        0.0000        0.2558  -0.39944E-02
      308.0909        0.2558   0.78703E-02
      308.0909        0.0001   0.10000E-03
     3000.0000        0.0000   0.00000E+00
        0.0000        0.1898  -0.28164E-02
      346.3670        0.1898   0.57184E-02
      346.3670        0.0001   0.10000E-03
     3000.0000        0.0000   0.00000E+00
        0.0000        0.1472  -0.20713E-02
      375.8764        0.1472   0.35171E-02
      375.8764        0.0001   0.10000E-03
     3000.0000        0.0000   0.00000E+00
Time int. between profiles 1800s
