2010 254 285 09 11 04 45 -2.60748 2.42132 299.773 368.283 73.541 -0.412468 -0.269763
2010 254 315 09 11 05 15 -2.31067 2.33835 301.697 365.328 68.2812 -0.451497 -0.455171
2010 254 345 09 11 05 45 -1.97105 2.42089 300.488 364.323 68.2269 -0.647215 -0.570468
2010 254 375 09 11 06 15 -2.08895 2.6371 295.355 363.64 73.013 -0.630732 -0.556061
2010 254 405 09 11 06 45 -2.08844 2.86378 294.079 363.333 74.2052 -0.543442 -0.521551
2010 254 435 09 11 07 15 -1.73721 2.91113 293.798 364.782 75.6313 -0.666954 -0.585815
2010 254 465 09 11 07 45 -1.90627 2.83305 294.784 366.289 76.2476 -0.620648 -0.565566
2010 254 495 09 11 08 15 -2.54687 2.58781 293.796 363.831 75.1687 -0.636421 -0.54057
2010 254 525 09 11 08 45 -2.15455 2.7532 293.691 363.311 74.5295 -0.60783 -0.602012
2010 254 555 09 11 09 15 -2.61102 2.41688 293.174 359.102 70.9555 -0.568979 -0.450563
2010 254 585 09 11 09 45 -1.12946 3.11593 295.362 362.569 71.4492 -0.371393 -0.285934
2010 254 615 09 11 10 15 -1.81657 2.55128 294.347 363.623 73.6429 0.395917 -0.229953
2010 254 645 09 11 10 45 15.7017 8.63124 294.265 363.979 62.6409 25.9734 1.19427
2010 254 675 09 11 11 15 86.2913 25.9183 293.637 365.825 11.8154 148.71 7.42601
2010 254 705 09 11 11 45 184.622 38.8648 293.624 369.372 -70.0092 322.592 15.3238
2010 254 735 09 11 12 15 292.284 49.0153 296.819 375.355 -164.73 511.884 22.1971
2010 254 765 09 11 12 45 400.434 60.2959 300.247 382.458 -257.929 700.739 28.042
2010 254 795 09 11 13 15 500.693 71.7482 303.008 386.461 -345.489 876.471 32.9057
2010 254 825 09 11 13 45 593.904 83.8208 307.542 393.174 -424.451 1038.71 37.0883
2010 254 884 09 11 14 44 708.405 98.9002 314.45 402.278 -521.664 1242.14 42.162
2010 254 914 09 11 15 14 793.279 109.105 321.11 410.648 -594.633 1400.39 45.8647
2010 254 944 09 11 15 44 841.09 115.256 325.864 415.823 -635.837 1489.57 47.5591
2010 254 974 09 11 16 14 857.286 118.332 329.804 418.878 -649.854 1521.92 47.5139
2010 254 1004 09 11 16 44 884.495 121.925 336.286 423.827 -675.04 1572.8 48.2799
2010 254 1034 09 11 17 14 803.831 110.488 332.869 424.885 -601.304 1439.42 43.2474
2010 254 1064 09 11 17 44 844.717 117.523 333.22 428.751 -631.637 1505.41 45.0519
2010 254 1094 09 11 18 14 812.306 111.921 334.864 431.913 -603.353 1451.53 43.6111
2010 254 1124 09 11 18 44 760.628 105.245 333.132 431.32 -557.181 1359.27 41.1944
2010 254 1154 09 11 19 14 695.774 94.7531 334.511 432.246 -503.281 1251.04 38.7459
2010 254 1184 09 11 19 44 625.397 86.1136 334.95 432.296 -441.935 1126.82 35.5653
2010 254 1214 09 11 20 14 537.676 74.6852 335.223 432.207 -366.006 974.044 31.856
2010 254 1244 09 11 20 44 434.809 62.4908 332.227 429.883 -274.664 793.225 26.8377
2010 254 1274 09 11 21 14 332.036 51.0211 329.027 425.707 -184.334 606.756 20.9749
2010 254 1304 09 11 21 44 232.188 41.1309 326.225 421.182 -96.1005 425.167 15.2522
2010 254 1334 09 11 22 14 108.64 21.8964 321.308 412.568 4.51757 207.818 7.4863
2010 254 1364 09 11 22 44 31.8188 7.91388 316.954 400.961 60.1007 67.8224 2.1157
2010 254 1394 09 11 23 14 2.21879 2.4124 314.119 391.529 77.6042 12.9367 -0.0448886
2010 254 1424 09 11 23 44 -3.39476 2.34172 311.118 386.519 81.1372 -0.413639 -0.445458
2010 255 13 09 12 00 13 -2.89619 2.60045 310.876 382.816 77.4382 -0.724575 -0.464832
2010 255 43 09 12 00 43 -2.64667 2.25213 308.044 381.779 78.6324 -0.689978 -0.483387
2010 255 73 09 12 01 13 -2.61539 2.36256 306.246 379.578 78.3109 -0.798058 -0.524589
2010 255 103 09 12 01 43 -2.64022 2.19572 307.237 377.132 74.7317 -0.665775 -0.525716
2010 255 133 09 12 02 13 -2.27295 2.46758 306.724 375.557 73.5741 -0.673228 -0.494077
2010 255 163 09 12 02 43 -2.91549 2.27221 301.778 372.288 75.6969 -0.65156 -0.510615
2010 255 193 09 12 03 13 -2.82429 2.61246 297.325 366.73 74.8409 -0.534594 -0.231953
2010 255 223 09 12 03 43 -2.53809 3.10323 297.091 364.626 73.1787 -0.458263 -0.259339
2010 255 253 09 12 04 13 -1.48361 3.19483 301.683 364.918 67.9151 -0.434974 -0.294323
2010 255 283 09 12 04 43 -2.11971 2.54752 302.127 362.892 65.4325 -0.592697 -0.498452
2010 255 313 09 12 05 13 -2.31272 3.01723 303.1 361.836 64.0636 -0.682423 -0.550378
2010 255 343 09 12 05 43 -1.04621 3.67775 310.473 361.282 55.5356 -0.723549 -0.608707
2010 255 373 09 12 06 13 -0.446097 3.18864 314.367 362.343 51.6102 -0.65963 -0.57778
2010 255 403 09 12 06 43 -1.64776 2.29397 310.62 362.665 55.9857 -0.624455 -0.59887
2010 255 433 09 12 07 13 -2.36417 2.16045 310.262 359.96 54.223 -0.664464 -0.605313
2010 255 463 09 12 07 43 0.372793 2.48454 342.612 362.515 22.0156 -0.618988 -0.567377
2010 255 493 09 12 08 13 -0.525679 1.92963 330.344 362.84 34.9486 -0.610004 -0.548408
2010 255 523 09 12 08 43 -2.13057 1.44949 315.346 359.225 47.4601 -0.716921 -0.731513
2010 255 553 09 12 09 13 -1.46237 2.0556 315.114 358.656 47.0587 -0.377769 -0.260127
2010 255 583 09 12 09 43 -1.18907 2.67467 312.463 358.261 49.6618 -0.403989 -0.264801
2010 255 612 09 12 10 12 -1.61356 1.98377 313.641 358.414 48.3693 -0.227262 -0.251893
2010 255 642 09 12 10 42 4.66472 2.96368 318.723 357.98 37.5556 8.08369 -0.373056
2010 255 672 09 12 11 12 35.2678 8.79755 315.914 359.665 17.28 57.2374 1.42193
2010 255 702 09 12 11 42 62.1485 11.4764 329.048 363.09 -16.6306 108.315 2.77549
2010 255 732 09 12 12 12 94.3496 15.6873 338.651 367.271 -50.0449 167.627 4.65498
2010 255 762 09 12 12 42 138.544 22.1572 326.995 371.25 -72.1347 249.713 7.34091
2010 255 792 09 12 13 12 227.221 36.225 320.129 376.189 -134.934 402.721 13.1333
2010 255 822 09 12 13 42 272.863 43.5999 330.908 381.502 -178.672 487.82 15.8447
2010 255 852 09 12 14 12 240.02 38.395 341.02 383.029 -159.616 439.807 13.8961
2010 255 882 09 12 14 42 253.833 39.2839 355.425 384.43 -185.544 467.861 14.5628
2010 255 912 09 12 15 12 189.678 28.7677 368.53 383.875 -145.563 349.375 10.7513
2010 255 942 09 12 15 42 260.731 40.026 368.431 385.896 -203.239 471.557 14.6612
2010 255 972 09 12 16 12 266.623 40.6888 368.026 386.477 -207.486 482.721 14.9669
2010 255 1002 09 12 16 42 396.895 59.5384 362.984 391.396 -308.948 725.865 22.692
2010 255 1032 09 12 17 12 316.451 47.806 367.266 390.378 -245.532 571.246 17.8182
2010 255 1062 09 12 17 42 286.665 43.0638 364.379 390.025 -217.954 518.781 16.1584
2010 255 1092 09 12 18 12 236.701 36.063 361.486 388.695 -173.433 436.174 13.4114
2010 255 1121 09 12 18 41 349.434 52.7623 355.667 392.236 -260.103 640.151 19.9504
2010 255 1151 09 12 19 11 387.716 58.628 346.151 393.16 -282.081 706.188 22.4169
2010 255 1181 09 12 19 41 275.388 41.7739 335.981 390.396 -179.2 502.56 15.839
2010 255 1211 09 12 20 11 255.493 39.4921 350.49 390.137 -176.356 462.487 14.2932
2010 255 1241 09 12 20 41 240.192 36.9072 358.617 389.588 -172.314 431.75 13.6719
2010 255 1271 09 12 21 11 163.095 24.3192 353.258 386.438 -105.596 293.593 9.2886
2010 255 1301 09 12 21 41 70.048 10.7039 352.843 382.054 -30.1329 127.026 3.92253
2010 255 1331 09 12 22 11 31.997 5.20333 352.925 379.749 0.0273794 58.1118 1.51382
2010 255 1361 09 12 22 41 13.6981 2.8686 351.304 378.304 16.17 25.9834 0.351538
2010 255 1391 09 12 23 11 3.51585 1.43355 354.478 377.021 20.4632 5.80096 -0.306282
2010 255 1421 09 12 23 41 -0.581954 0.44759 357.524 375.731 19.2379 -0.448212 -0.502716
2010 256 11 09 13 00 11 -1.01722 0.582157 356.742 374.458 19.316 -0.634429 -0.46966
2010 256 41 09 13 00 41 -0.834536 0.567551 358.224 373.111 16.2858 -0.581934 -0.437667
2010 256 71 09 13 01 11 -1.37579 0.866275 358.996 371.65 14.8947 -0.621511 -0.480397
2010 256 101 09 13 01 41 -0.524569 0.4254 357.727 371.117 14.3393 -0.575626 -0.496582
2010 256 131 09 13 02 11 -0.531426 0.380612 357.292 370.554 14.1745 -0.588146 -0.321455
2010 256 161 09 13 02 41 -0.890002 0.519628 356.048 369.683 15.0451 -0.400858 -0.214465
2010 256 191 09 13 03 11 -1.4941 1.81223 362.546 366.43 7.19345 -0.344551 -0.258986
2010 256 221 09 13 03 41 -0.764952 1.43968 362.067 365.932 6.06679 -0.430068 -0.273696
2010 256 251 09 13 04 11 -0.537252 1.13385 362.103 366.071 5.63782 -0.584055 -0.499146
2010 256 280 09 13 04 40 -0.501851 0.876047 361.698 366.01 5.6927 -0.666799 -0.620988
2010 256 310 09 13 05 10 -0.48576 0.785373 361.451 365.936 5.75654 -0.660112 -0.641177
2010 256 340 09 13 05 40 -0.530624 0.65018 360.051 365.391 6.52376 -0.605437 -0.564894
2010 256 370 09 13 06 10 -0.166001 0.762749 361.79 365.683 4.81855 -0.606989 -0.610628
2010 256 400 09 13 06 40 -0.28021 0.727632 361.314 365.942 5.63655 -0.612833 -0.577698
2010 256 430 09 13 07 10 -0.17771 0.748861 362.015 366.267 5.17963 -0.602099 -0.590348
2010 256 460 09 13 07 40 -0.225756 0.619351 362.449 366.43 4.82425 -0.60589 -0.620508
2010 256 490 09 13 08 10 -0.202674 0.521098 362.319 366.239 4.6429 -0.609637 -0.326592
2010 256 520 09 13 08 40 -0.0979366 0.617316 362.296 366.597 5.02193 -0.358552 -0.314578
2010 256 550 09 13 09 10 -0.211681 0.530656 362.663 366.58 4.65765 -0.303173 -0.282885
2010 256 580 09 13 09 40 -0.176333 0.476769 363.108 366.536 4.07999 -0.41149 -0.342624
2010 256 610 09 13 10 10 -0.0497345 0.503623 363.757 366.841 3.63989 -0.549489 -0.57626
2010 256 640 09 13 10 40 1.21206 0.723188 364.034 367.279 2.75867 1.97782 -0.565645
2010 256 670 09 13 11 10 7.86228 1.78049 364.354 367.641 -2.79769 14.3006 -0.172388
2010 256 700 09 13 11 40 14.6777 2.79348 365.314 368.29 -8.90695 27.084 0.260794
2010 256 730 09 13 12 10 35.7342 5.68999 366.156 369.41 -26.7887 65.0484 1.47652
2010 256 760 09 13 12 40 45.9233 6.86434 367.452 370.976 -35.5345 83.0624 2.0232
2010 256 790 09 13 13 10 93.9892 14.4378 369.448 373.768 -75.2258 167.695 4.78099
2010 256 820 09 13 13 40 155.719 24.2424 370.758 377.71 -124.527 274.27 8.21344
2010 256 849 09 13 14 09 151.683 23.2147 372.147 379.999 -120.616 270.959 8.1887
2010 256 879 09 13 14 39 122.561 18.241 373.003 380.007 -97.3176 225.125 6.75842
2010 256 909 09 13 15 09 200.126 30.7478 375.676 383.446 -161.61 360.044 11.0212
2010 256 939 09 13 15 39 225.779 34.0701 376.713 385.399 -183.027 403.98 12.5513
2010 256 969 09 13 16 09 228.049 34.9819 377.108 385.737 -184.443 407.505 12.538
2010 256 999 09 13 16 39 225.982 34.656 377.575 387.573 -181.327 401.76 12.5601
2010 256 1029 09 13 17 09 492.166 72.2296 360.111 395.966 -384.076 884.171 28.1347
2010 256 1059 09 13 17 39 315.098 45.988 379.05 396.625 -251.535 567.125 17.6093
2010 256 1089 09 13 18 09 718.166 105.769 362.838 407.045 -568.188 1285.16 40.624
2010 256 1119 09 13 18 39 697.165 97.9219 346.602 409.426 -536.428 1251.96 39.5428
2010 256 1149 09 13 19 09 587.703 80.4837 336.695 409 -434.92 1065.67 33.9556
2010 256 1179 09 13 19 39 695.31 100.296 343.375 414.07 -524.319 1244.55 40.1543
2010 256 1209 09 13 20 09 390.099 54.5481 348.613 409.263 -274.904 709.551 22.8704
2010 256 1239 09 13 20 39 204.417 30.3284 370.213 405.383 -138.92 370.712 11.7918
2010 256 1269 09 13 21 09 87.3395 15.0284 382.441 391.9 -62.8503 149.779 5.01927
2010 256 1299 09 13 21 39 89.3003 13.7045 371.783 372.681 -74.6974 159.522 4.34274
2010 256 1329 09 13 22 09 36.158 5.79669 368.082 373.564 -24.8799 63.6064 1.4672
2010 256 1358 09 13 22 38 54.7749 9.54736 350.131 374.471 -20.8925 93.8431 2.41857
2010 256 1388 09 13 23 08 4.95064 1.61048 352.667 373.091 17.08 11.6007 -0.187816
2010 256 1418 09 13 23 38 -0.936765 1.49817 344.65 370.545 28.3285 -0.122956 -0.496781
2010 257 8 09 14 00 08 -0.434554 1.89322 350.364 371.801 23.7619 -0.6538 -0.525015
2010 257 38 09 14 00 38 -1.63714 1.6478 341.744 369.642 31.1812 -0.690896 -0.58781
2010 257 68 09 14 01 08 -0.312482 1.63601 355.515 373.48 19.913 -0.60142 -0.574128
2010 257 98 09 14 01 38 -0.574716 1.16648 364.582 376.886 14.0472 -0.474176 -0.623454
2010 257 128 09 14 02 08 -0.891767 1.34419 364.328 379.532 17.4399 -0.372025 -0.594321
2010 257 158 09 14 02 38 -0.542434 1.14652 372.516 381.249 10.4189 -0.324383 -0.483286
2010 257 188 09 14 03 08 -0.377061 0.950097 376.658 382.314 6.98384 -0.377222 -0.590596
2010 257 218 09 14 03 38 -0.42914 0.963605 375.416 382.294 8.27216 -0.670419 -0.617472
2010 257 253 09 14 04 13 -77.6691 -76.2796 296.386 302.001 -70.2824 -77.8935 -77.877
2010 257 283 09 14 04 43 -0.11295 0.928549 378.818 382.888 5.11122 -0.611003 -0.613415
2010 257 313 09 14 05 13 -0.0943113 0.721829 379.776 383.133 4.17312 -0.678841 -0.628058
2010 257 343 09 14 05 43 -0.232656 0.69485 378.62 383.123 5.42827 -0.681998 -0.634357
2010 257 373 09 14 06 13 -0.693852 0.819059 370.445 382.441 13.5102 -0.69153 -0.593392
2010 257 403 09 14 06 43 -0.221159 0.728738 376.932 382.601 6.62141 -0.646879 -0.582794
2010 257 433 09 14 07 13 -0.901936 0.614428 368.35 382.278 15.4444 -0.679497 -0.604878
2010 257 463 09 14 07 43 -0.945717 1.18982 359.9 380.579 22.8149 -0.47964 -0.510331
2010 257 493 09 14 08 13 -1.14682 1.07551 354.616 380.021 27.6285 -0.336736 -0.510992
2010 257 523 09 14 08 43 -2.27362 1.55228 342.973 376.768 37.6215 -0.333008 -0.535616
2010 257 553 09 14 09 13 -1.97073 1.81863 349.809 373.745 27.7262 -0.515555 -0.492964
2010 257 583 09 14 09 43 -0.786297 1.24461 363.218 374.013 12.8255 -0.649898 -0.557382
2010 257 612 09 14 10 12 -1.27447 1.15436 358.829 374.263 17.8631 -0.487769 -0.578907
2010 257 642 09 14 10 42 5.44627 2.97574 360.021 373.289 10.7986 10.513 -0.149473
2010 257 672 09 14 11 12 28.4906 6.707 368.012 375.496 -14.301 47.51 1.15537
2010 257 702 09 14 11 42 80.7117 13.7726 363.915 376.457 -54.396 135.002 4.28174
2010 257 732 09 14 12 12 118.952 18.1068 371.537 379.674 -92.7068 193.302 5.95609
2010 257 762 09 14 12 42 192.971 29.187 373.032 382.706 -154.109 319.043 10.2412
2010 257 792 09 14 13 12 194.374 28.6828 361.126 383.305 -143.512 330.805 10.1679
2010 257 822 09 14 13 42 537.081 75.3424 340.227 389.837 -412.126 908.761 32.0441
2010 257 852 09 14 14 12 475.273 63.3425 338.272 392.236 -357.975 808.656 27.8474
2010 257 882 09 14 14 42 574.782 77.4591 348.983 399.26 -447.048 975.469 33.2161
2010 257 912 09 14 15 12 667.734 89.673 335.546 402.16 -511.461 1140.13 39.2058
2010 257 942 09 14 15 42 577.45 80.9779 348.593 400.375 -444.699 985.922 33.2405
2010 257 972 09 14 16 12 464.383 64.5711 348.758 400.391 -348.185 795.742 26.2926
2010 257 1002 09 14 16 42 530.435 76.6204 340.989 401.296 -393.516 912.056 30.2968
2010 257 1032 09 14 17 12 627.421 89.8605 361.686 406.332 -492.906 1073.36 34.9135
2010 257 1061 09 14 17 41 884.058 124.427 328.208 409.632 -678.19 1517.87 48.6352
2010 257 1091 09 14 18 11 826.244 116.156 322.069 412.481 -619.694 1417.59 45.5802
2010 257 1121 09 14 18 41 519.221 73.253 343.609 408.208 -381.368 896.46 29.0474
2010 257 1151 09 14 19 11 437.991 62.6406 345.706 403.09 -317.965 751.922 24.5827
2010 257 1181 09 14 19 41 232.155 33.7197 344.865 398.384 -144.916 399.178 13.3758
2010 257 1211 09 14 20 11 400.612 59.9904 332.894 402.448 -271.076 690.013 23.6225
2010 257 1241 09 14 20 41 192.264 28.0726 349.452 397.101 -116.542 330.122 11.0737
2010 257 1271 09 14 21 11 89.9007 12.4715 308.017 392.499 7.05039 176.314 5.88833
2010 257 1301 09 14 21 41 59.8579 8.96025 309.107 389.703 29.6993 123.378 4.12006
2010 257 1331 09 14 22 11 127.389 30.1308 311.566 391.151 -17.6771 216.527 7.66722
2010 257 1361 09 14 22 41 45.6512 12.1075 309.295 387.087 44.2493 78.897 2.51216
2010 257 1391 09 14 23 11 4.74333 3.43458 295.912 384.244 87.0193 15.1425 0.247178
2010 257 1421 09 14 23 41 -3.36165 2.35028 293.814 379.554 91.4507 -0.234002 -0.306911
2010 258 11 09 15 00 11 -2.79167 2.60764 294.612 378.369 89.1565 -0.586325 -0.288678
2010 258 41 09 15 00 41 -3.14943 2.59872 289.11 376.193 92.8312 -0.530403 -0.312702
2010 258 71 09 15 01 11 -3.20311 2.63225 287.907 371.756 89.6852 -0.417452 -0.106205
2010 258 101 09 15 01 41 -3.38253 2.75521 286.578 368.706 88.2639 -0.387747 -0.218694
2010 258 131 09 15 02 11 -2.22422 2.887 293.747 366.591 77.9573 -0.37955 -0.17753
2010 258 161 09 15 02 41 -2.26482 2.69808 293.736 368.936 80.1628 -0.457528 -0.35415
2010 258 191 09 15 03 11 -3.53215 2.57568 285.503 363.732 84.3355 -0.5892 -0.415699
2010 258 220 09 15 03 40 -3.36203 2.66481 283.264 357.298 80.0609 -0.636347 -0.45003
2010 258 250 09 15 04 10 -2.77842 3.27864 281.196 354.172 79.0323 -0.626744 -0.488841
2010 258 280 09 15 04 40 -2.07663 3.37245 281.61 355.658 79.4941 -0.568467 -0.517722
2010 258 310 09 15 05 10 -2.97539 2.69499 280.471 351.974 77.1732 -0.647113 -0.466523
2010 258 340 09 15 05 40 -2.49842 3.4538 278.905 350.481 77.5251 -0.633394 -0.447738
2010 258 370 09 15 06 10 -2.01836 3.08941 280.434 352.743 77.4202 -0.596285 -0.520401
2010 258 400 09 15 06 40 -1.96499 2.51262 295.142 354.697 64.0328 -0.641536 -0.546508
2010 258 430 09 15 07 10 0.493477 1.69743 346.101 360.82 15.9199 -0.595267 -0.204382
2010 258 460 09 15 07 40 -2.21947 1.54425 345.66 361.472 19.5755 -0.338512 -0.230104
2010 258 490 09 15 08 10 -1.6762 1.28263 339.821 359.089 22.2296 -0.322638 -0.260933
2010 258 520 09 15 08 40 -2.71386 1.32245 308.775 355.95 51.2107 -0.312604 -0.414262
2010 258 550 09 15 09 10 -3.64512 2.81248 272.386 350.055 84.128 -0.652001 -0.461638
2010 258 580 09 15 09 40 -2.88492 2.93257 275.757 345.831 75.8917 -0.700964 -0.561143
2010 258 610 09 15 10 10 -1.89213 3.02014 293.198 345.215 56.9287 -0.54893 -0.53159
2010 258 640 09 15 10 40 5.13614 5.49134 301.448 347.751 46.6569 10.5481 -0.0652852
2010 258 670 09 15 11 10 60.505 23.1429 280.112 348.994 31.5183 98.4839 4.80397
2010 258 700 09 15 11 40 155.888 36.8588 269.447 352.532 -35.9469 259.876 12.7769
2010 258 730 09 15 12 10 225.621 39.8535 271.175 357.064 -99.8806 386.45 17.321
2010 258 760 09 15 12 40 377.196 58.9469 273.441 362.381 -229.305 630.643 26.8501
2010 258 790 09 15 13 10 482.719 71.1514 279.405 368.385 -322.59 810.085 31.9603
2010 258 819 09 15 13 39 588.597 85.9575 294.299 374.24 -422.701 986.654 37.0522
2010 258 849 09 15 14 09 422.465 62.2385 317.566 372.957 -304.837 708.157 25.1177
2010 258 879 09 15 14 39 434.823 65.1936 328.065 376.345 -321.346 731.117 25.2867
2010 258 909 09 15 15 09 567.592 85.0244 338.263 381.069 -439.759 957.081 32.6341
2010 258 939 09 15 15 39 663.182 97.9977 336.7 384.701 -517.163 1120.95 37.6691
2010 258 969 09 15 16 09 638.075 93.5408 326.632 385.346 -485.83 1087.98 35.9651
2010 258 999 09 15 16 39 631.108 90.4775 319.379 387.119 -472.905 1085.57 35.4552
2010 258 1029 09 15 17 09 724.029 102.173 314.319 391.819 -544.344 1250.91 40.3613
2010 258 1059 09 15 17 39 753.077 107.081 307.752 392.928 -560.828 1307.08 41.6955
2010 258 1089 09 15 18 09 609.896 86.8611 328.659 392.154 -459.544 1055.8 33.4856
2010 258 1119 09 15 18 39 629.08 87.533 308.187 393.496 -456.243 1098.1 35.4994
2010 258 1149 09 15 19 09 662.612 93.6075 304.627 395.3 -478.32 1155.86 37.9338
2010 258 1179 09 15 19 39 415.893 60.2497 332.209 390.492 -297.353 721.273 23.6864
2010 258 1209 09 15 20 09 378.761 56.9605 328.611 390.011 -260.401 658.199 22.3574
2010 258 1239 09 15 20 39 456.034 68.9509 305.542 390.945 -301.678 794.14 27.9457
2010 258 1269 09 15 21 09 254.443 41.4115 311.808 386.191 -138.649 447.351 15.6435
2010 258 1299 09 15 21 39 182.208 33.405 307.062 384.832 -71.0335 317.54 11.3005
2010 258 1329 09 15 22 09 113.901 20.0695 320.089 382.678 -31.2436 198.473 6.71387
2010 258 1358 09 15 22 38 36.9796 8.86574 298.085 377.482 51.2846 70.634 2.1518
2010 258 1388 09 15 23 08 5.83757 3.38602 313.263 374.843 59.1297 14.2186 0.304486
2010 258 1418 09 15 23 38 -1.80643 1.80694 316.096 373.711 61.2285 -0.190883 -0.224962
2010 259 8 09 16 00 08 -1.37175 1.49315 332.539 373.593 43.9203 -0.609368 -0.275045
2010 259 38 09 16 00 38 -2.36749 1.75752 308.071 371.764 67.8195 -0.299573 -0.149265
2010 259 68 09 16 01 08 -3.80658 2.56077 282.395 364.779 88.7509 -0.380166 -0.168291
2010 259 98 09 16 01 38 -3.25578 2.87352 277.957 360.892 89.0683 -0.330824 -0.148277
2010 259 128 09 16 02 08 -3.11223 2.86813 275.901 357.219 87.2982 -0.390057 -0.390785
2010 259 158 09 16 02 38 -3.05731 3.15519 274.489 354.192 85.916 -0.608197 -0.46281
2010 259 188 09 16 03 08 -2.79133 3.37135 273.626 350.552 83.0847 -0.58904 -0.487567
2010 259 218 09 16 03 38 -2.90068 3.20098 272.691 346.942 80.3535 -0.652442 -0.475055
2010 259 248 09 16 04 08 -2.90897 3.41586 271.325 343.765 78.763 -0.665181 -0.478999
2010 259 278 09 16 04 38 -1.40377 4.06588 271.698 344.146 77.9191 -0.58812 -0.498758
2010 259 308 09 16 05 08 -2.5161 2.99534 270.714 341.029 75.8275 -0.61741 -0.441433
2010 259 338 09 16 05 38 -2.11435 2.69322 270.437 340.931 75.3027 -0.610648 -0.530674
2010 259 368 09 16 06 08 -2.73279 2.65659 269.595 341.817 77.6098 -0.591311 -0.250845
2010 259 398 09 16 06 38 -2.58122 2.8459 268.701 339.897 76.6243 -0.403651 -0.292088
2010 259 428 09 16 07 08 -1.59066 3.46858 268.861 341.698 77.8943 -0.380951 -0.239762
2010 259 458 09 16 07 38 -1.94269 3.27236 268.878 342.864 79.1955 -0.328841 -0.266609
2010 259 488 09 16 08 08 -2.36782 3.06491 268.353 341.464 78.5442 -0.442404 -0.59237
2010 259 517 09 16 08 37 -3.31364 2.05855 267.377 336.492 74.4886 -0.633302 -0.52977
2010 259 547 09 16 09 07 -1.52351 2.78916 282.384 334.304 56.2314 -0.612143 -0.541508
2010 259 577 09 16 09 37 -1.76109 2.96696 284.47 334.767 55.0249 -0.671776 -0.598842
2010 259 607 09 16 10 07 -1.98362 2.7504 291.687 334.116 47.1656 -0.624416 -0.614667
2010 259 637 09 16 10 37 3.66144 4.59361 301.987 336.732 35.6748 7.3129 -0.351978
2010 259 667 09 16 11 07 29.1587 10.2073 321.208 342.6 2.43927 51.8822 1.51984
2010 259 697 09 16 11 37 145.352 35.906 308.36 347.148 -70.6555 254.903 11.6798
2010 259 727 09 16 12 07 223.026 41.9513 278.239 353.34 -105.975 392.405 17.5305
2010 259 757 09 16 12 37 337.811 52.5963 287.514 362.041 -210.69 582.497 24.2289
2010 259 787 09 16 13 07 371.144 54.214 310.331 369.898 -257.363 638.679 24.6162
2010 259 817 09 16 13 37 484.954 68.6726 294.4 376.08 -334.601 840.653 31.537
2010 259 847 09 16 14 07 599.02 83.5217 298.312 384.505 -429.303 1034.69 37.9961
2010 259 877 09 16 14 37 679.454 95.3114 301.196 387.68 -497.663 1171.47 41.391
2010 259 907 09 16 15 07 754.245 105.807 304.731 392.105 -561.079 1305.73 45.3875
2010 259 937 09 16 15 37 793.227 110.212 309.441 397.056 -595.39 1382.08 46.8627
2010 259 967 09 16 16 07 606.228 85.1241 316.459 394.969 -442.597 1059.51 34.8675
2010 259 997 09 16 16 37 820.677 114.685 318.713 403.893 -620.801 1444.81 47.2398
2010 259 1025 09 16 17 05 823.282 112.597 323.685 408.301 -626.031 1460.18 46.9709
2010 259 1055 09 16 17 35 795.579 109.184 328.115 410.47 -604.023 1412.53 44.9632
2010 259 1085 09 16 18 05 753.623 104.419 330.378 412.061 -567.524 1340.8 42.6704
2010 259 1115 09 16 18 35 662.344 92.5459 335.721 414.373 -491.158 1176.34 37.8903
2010 259 1145 09 16 19 05 524.388 75.4667 345.889 412.569 -382.245 932.207 30.561
2010 259 1175 09 16 19 35 378.522 55.3946 348.782 409.067 -262.845 677.665 22.2103
2010 259 1205 09 16 20 05 149.544 21.4025 379.464 404.306 -103.297 274.33 8.5474
2010 259 1235 09 16 20 35 39.4343 4.93908 382.929 400.733 -16.6909 78.329 1.96572
2010 259 1265 09 16 21 05 25.2628 6.75752 382.86 387.124 -14.242 53.6838 1.09436
2010 259 1295 09 16 21 35 15.5428 3.46267 379.534 380.987 -10.6288 32.0335 0.358681
2010 259 1325 09 16 22 05 12.5577 2.25406 378.895 380.001 -9.19601 24.4134 0.429428
2010 259 1355 09 16 22 35 6.83388 1.388 378.1 379.028 -4.51797 12.8349 0.0786624
2010 259 1385 09 16 23 05 1.35303 0.553385 377.178 377.886 -0.0916172 1.97323 -0.244982
2010 259 1415 09 16 23 35 0.314121 0.438032 377.627 378.097 0.595733 -0.557127 -0.564494
2010 260 5 09 17 00 05 0.267754 0.439414 380.534 380.685 0.322748 -0.725807 -0.629749
2010 260 35 09 17 00 35 0.330369 0.368883 384.096 384.289 0.232141 -0.687538 -0.623551
2010 260 65 09 17 01 05 0.308848 0.329148 387.384 387.579 0.214849 -0.733307 -0.645183
2010 260 95 09 17 01 35 0.165491 0.187101 389.807 390.361 0.575214 -0.739808 -0.668217
2010 260 125 09 17 02 05 0.24239 0.19985 392.397 392.686 0.245473 -0.651136 -0.62871
2010 260 155 09 17 02 35 0.208061 0.177768 395.922 396.416 0.464689 -0.685047 -0.646767
2010 260 184 09 17 03 04 0.391137 0.479712 398.463 399.24 0.863743 -0.709394 -0.680972
2010 260 214 09 17 03 34 0.487318 0.462707 399.341 400.376 1.009 -0.357457 -0.384656
2010 260 244 09 17 04 04 0.498476 0.392034 399.355 400.823 1.35966 -0.366935 -0.549124
2010 260 274 09 17 04 34 0.188223 0.180125 399.783 400.73 0.939399 -0.385541 -0.545757
2010 260 304 09 17 05 04 0.0510955 0.112379 400.101 400.809 0.767831 -0.414352 -0.671523
2010 260 334 09 17 05 34 -0.0152085 0.0479214 399.853 400.5 0.710456 -0.719758 -0.708985
2010 260 364 09 17 06 04 0.319993 0.211513 398.499 400.341 1.73242 -0.675185 -0.631624
2010 260 394 09 17 06 34 0.28867 0.323462 398.597 400.092 1.52916 -0.702103 -0.624834
2010 260 424 09 17 07 04 0.354533 0.349565 398.58 399.945 1.35896 -0.705775 -0.63023
2010 260 454 09 17 07 34 0.327029 0.215799 398.458 399.682 1.1135 -0.676822 -0.641591
2010 260 484 09 17 08 04 0.231071 0.144902 397.735 399.217 1.3965 -0.686382 -0.600252
2010 260 514 09 17 08 34 -0.192 0.229921 390.132 398.56 8.8476 -0.734105 -0.620285
2010 260 544 09 17 09 04 -0.469412 0.363025 386.616 397.683 11.9003 -0.736543 -0.685552
2010 260 574 09 17 09 34 -0.24193 0.288845 393.581 397.316 4.26992 -0.471171 -0.553138
2010 260 604 09 17 10 04 -0.200864 0.383004 394.889 397.222 2.91807 -0.407707 -0.562791
2010 260 634 09 17 10 34 0.156834 0.20957 397.06 397.633 0.626448 -0.019244 -0.607803
2010 260 664 09 17 11 04 1.7613 0.400524 397.223 397.848 -0.73909 2.63979 -0.555786
2010 260 694 09 17 11 34 19.2712 2.92552 396.264 398.186 -14.4255 32.7413 0.339948
2010 260 724 09 17 12 04 16.5158 2.52233 397.409 398.741 -12.6593 28.0608 0.192272
2010 260 754 09 17 12 34 41.868 5.85419 394.766 397.042 -33.7376 72.7674 1.62547
2010 260 783 09 17 13 03 77.6832 11.085 389.548 394.766 -61.3783 131.236 3.61057
2010 260 813 09 17 13 33 188.228 25.348 381.67 391.866 -152.683 316.816 9.22072
2010 260 843 09 17 14 03 318.387 45.414 382.071 389.367 -265.678 521.652 16.7086
2010 260 873 09 17 14 33 299.934 40.8254 375.306 388.806 -245.611 500.438 16.6104
2010 260 903 09 17 15 03 224.423 31.4515 378.133 385.004 -186.101 375.544 11.4532
2010 260 933 09 17 15 33 227.313 31.2071 374.179 383.112 -187.172 382.605 12.1595
2010 260 963 09 17 16 03 183.148 24.9691 372.367 381.245 -149.304 312.554 10.1407
2010 260 993 09 17 16 33 199.65 26.8939 371.991 381.8 -162.95 341.977 11.0259
2010 260 1023 09 17 17 03 211.923 29.8822 371.236 381.486 -171.791 360.263 11.723
2010 260 1053 09 17 17 33 348.492 49.6775 372.045 384.266 -286.592 581.409 18.9525
2010 260 1083 09 17 18 03 342.912 50.1676 369.899 385.339 -277.304 567.435 18.8683
2010 260 1113 09 17 18 33 307.101 45.7956 372.944 386.81 -247.441 510.201 16.8374
2010 260 1143 09 17 19 03 285.484 42.6775 373.697 388.516 -227.99 472.308 15.6148
2010 260 1173 09 17 19 33 265.499 39.3784 374.822 390.781 -210.164 442.407 14.5765
2010 260 1203 09 17 20 03 260.409 38.2872 375.088 392.463 -204.748 436.402 14.2772
2010 260 1232 09 17 20 32 151.056 21.9476 375.224 390.873 -113.456 252.2 8.17064
2010 260 1262 09 17 21 02 124.906 18.4861 373.863 390.494 -89.7826 207.991 6.89419
2010 260 1292 09 17 21 32 98.8804 14.4671 371.036 390.141 -65.3106 164.336 5.51843
2010 260 1322 09 17 22 02 45.7796 6.34133 373.361 388.466 -24.3333 76.718 2.4628
2010 260 1352 09 17 22 32 18.753 2.91468 372.328 386.765 -1.4039 32.2582 0.66517
2010 260 1382 09 17 23 02 3.26083 0.690849 371.201 385.423 11.651 6.62273 -0.297116
2010 260 1412 09 17 23 32 -0.5621 0.301948 370.742 384.466 14.5907 -0.602909 -0.545868
2010 261 2 09 18 00 02 -0.548143 0.368612 370.043 383.861 14.7335 -0.685747 -0.45953
2010 261 32 09 18 00 32 -0.615339 0.31765 368.54 383.004 15.3959 -0.731118 -0.500162
2010 261 62 09 18 01 02 -0.663907 0.224252 366.873 381.14 15.1563 -0.637766 -0.496696
2010 261 92 09 18 01 32 -0.610184 0.256997 365.725 379.276 14.417 -0.680946 -0.567412
2010 261 122 09 18 02 02 -0.556163 0.29794 364.867 377.967 13.9557 -0.722589 -0.55921
2010 261 152 09 18 02 32 -0.548987 0.297731 364.275 377.03 13.6025 -0.938213 -0.489221
2010 261 182 09 18 03 02 -0.4712 0.402975 364.035 376.535 13.3743 -0.403579 -0.284009
2010 261 212 09 18 03 32 -0.466181 0.387632 363.593 376.224 13.484 -0.433033 -0.194026
2010 261 242 09 18 04 02 -0.544503 0.346125 362.115 375.331 14.106 -0.443256 -0.459179
2010 261 272 09 18 04 32 -0.54294 0.301898 362.237 374.598 13.2022 -0.577002 -0.574541
2010 261 302 09 18 05 02 -0.58626 0.242238 361.546 373.131 12.4122 -0.677101 -0.57478
2010 261 332 09 18 05 32 -0.525441 0.404607 360.977 372.067 12.0214 -0.60323 -0.451428
2010 261 362 09 18 06 02 -0.422011 0.475198 361.115 371.418 11.2001 -0.746228 -0.509671
2010 261 391 09 18 06 31 -0.358915 0.578666 361.19 371.649 11.3957 -0.640259 -0.555306
2010 261 421 09 18 07 01 -0.352246 0.439527 361.223 371.045 10.6145 -0.607352 -0.518932
2010 261 451 09 18 07 31 -0.33316 0.40376 361.217 370.647 10.1684 -0.749691 -0.566461
2010 261 481 09 18 08 01 -0.194092 0.60763 360.819 371.916 11.8972 -0.621443 -0.642304
2010 261 511 09 18 08 31 -0.585032 0.353412 359.585 371.357 12.7115 -0.488053 -0.287898
2010 261 541 09 18 09 01 -0.917177 0.0617961 357.571 369.219 12.6268 -0.389214 -0.276982
2010 261 571 09 18 09 31 -0.557758 0.379784 357.272 368.121 11.7888 -0.341207 -0.276974
2010 261 601 09 18 10 01 -0.518685 0.609004 354.811 367.222 13.5364 -0.416078 -0.392693
2010 261 631 09 18 10 31 0.322414 0.966532 349.679 366.809 17.7736 0.760764 -0.533988
2010 261 661 09 18 11 01 9.38703 2.31241 352.356 368.032 8.60304 17.0156 0.0600951
2010 261 691 09 18 11 31 33.7049 5.3996 354.147 369.466 -12.9855 56.1084 1.40197
2010 261 721 09 18 12 01 72.8197 11.3646 354.726 372.073 -44.1061 119.765 3.64093
2010 261 751 09 18 12 31 129.128 19.4132 354.134 376.041 -87.8038 213.19 7.0159
2010 261 781 09 18 13 01 184.518 27.0518 356.548 379.154 -134.861 304.625 10.2775
2010 261 811 09 18 13 31 211.142 31.1006 361.703 382.228 -159.517 349.099 11.7624
2010 261 841 09 18 14 01 304.209 44.3865 360.475 386.979 -233.321 502.879 17.5052
2010 261 871 09 18 14 31 431.999 60.9201 341.732 390.181 -322.627 723.378 25.9416
2010 261 901 09 18 15 01 513.56 74.536 349.067 394.661 -393.441 848.566 30.8637
2010 261 931 09 18 15 31 188.626 28.3037 372.43 389.818 -142.932 312.349 11.1413
2010 261 960 09 18 16 00 237.966 35.3109 373.597 392.95 -183.305 400.551 13.5679
2010 261 990 09 18 16 30 203.762 29.7037 373.939 392.288 -155.706 346.986 11.6834
2010 261 1020 09 18 17 00 187.594 27.438 374.005 391.678 -142.483 320.345 10.6727
2010 261 1050 09 18 17 30 156.585 22.8797 373.495 390.838 -116.362 267.295 9.02691
2010 261 1080 09 18 18 00 225.411 34.4253 374.289 393.545 -171.731 378.278 12.8221
2010 261 1110 09 18 18 30 315.991 46.9441 375.221 397.313 -246.956 526.702 17.8999
2010 261 1140 09 18 19 00 534.403 77.2087 356.394 403.288 -410.301 895.121 31.1
2010 261 1170 09 18 19 30 427.158 57.4831 331.619 401.546 -299.753 733.208 25.7088
2010 261 1200 09 18 20 00 237.182 32.896 355.717 397.885 -162.118 398.883 13.793
2010 261 1230 09 18 20 30 210.726 30.3964 369.801 398.633 -151.5 351.087 12.174
2010 261 1260 09 18 21 00 245.627 38.2038 368.469 399.503 -176.392 404.316 14.4885
2010 261 1290 09 18 21 30 148.551 22.616 349.91 396.104 -79.7445 249.082 8.92963
2010 261 1320 09 18 22 00 89.19 16.5855 310.147 390.015 7.26566 159.314 5.66357
2010 261 1350 09 18 22 30 50.0486 11.4774 308.292 382.663 35.8002 87.0472 2.85554
2010 261 1380 09 18 23 00 6.80881 3.6471 307.035 376.919 66.7192 18.3227 0.249907
2010 261 1410 09 18 23 30 -3.09873 2.62453 303.265 372.694 75.1481 -0.193196 -0.427312
2010 262 0 09 19 00 00 -2.2873 3.20708 305.625 370.605 70.4755 -0.707315 -0.524706
2010 262 29 09 19 00 29 -2.11467 3.10704 303.954 368.744 70.0108 -0.777753 -0.572795
2010 262 59 09 19 00 59 -1.33287 3.05167 319.173 367.425 52.6386 -0.764135 -0.580087
2010 262 89 09 19 01 29 -1.49029 3.05796 327.298 367.423 44.6748 -0.679807 -0.59867
2010 262 119 09 19 01 59 -1.66174 2.50945 330.582 366.378 39.9661 -0.435268 -0.420821
2010 262 149 09 19 02 29 -1.30089 2.80522 335.493 367.142 35.7556 -0.445897 -0.432619
2010 262 179 09 19 02 59 -1.16462 2.62801 340.134 369.478 33.1352 -0.402676 -0.432867
2010 262 209 09 19 03 29 -1.43839 2.53108 343.882 370.855 30.9406 -0.538521 -0.47028
2010 262 239 09 19 03 59 -1.51453 2.75531 345.524 371.444 30.1906 -0.689232 -0.590826
2010 262 269 09 19 04 29 -1.56278 2.48453 347.246 370.882 27.6824 -0.688726 -0.577336
2010 262 299 09 19 04 59 0.068459 1.61674 368.87 373.745 6.42036 -0.771121 -0.570462
2010 262 329 09 19 05 29 -0.0759399 1.11903 370.519 375.896 6.57239 -0.686241 -0.615815
2010 262 359 09 19 05 59 -0.654729 0.939838 363.812 376.479 14.2593 -0.749732 -0.650253
2010 262 389 09 19 06 29 -0.700574 1.00629 359.901 376.178 17.986 -0.743057 -0.654649
2010 262 419 09 19 06 59 -0.596081 0.76986 363.697 376.079 13.7457 -0.747536 -0.604571
2010 262 449 09 19 07 29 -0.761546 0.851579 360.543 375.313 16.383 -0.759878 -0.483014
2010 262 479 09 19 07 59 -0.389931 0.547492 367.632 375.603 8.90916 -0.423908 -0.494036
2010 262 509 09 19 08 29 -0.822689 0.762372 361.95 374.915 14.5512 -0.449871 -0.560633
2010 262 539 09 19 08 59 -0.789138 0.67575 362.915 374.52 13.0681 -0.462463 -0.552653
2010 262 569 09 19 09 29 -0.593895 0.463194 366.266 374.131 8.92322 -0.649228 -0.648861
2010 262 599 09 19 09 59 -1.02429 0.701043 361.639 372.977 13.0626 -0.731627 -0.631774
2010 262 628 09 19 10 28 0.238674 0.815867 365.552 372.723 7.748 0.118382 -0.606743
2010 262 658 09 19 10 58 13.2812 3.0527 367.477 373.752 -3.95441 20.0208 -0.0156757
2010 262 688 09 19 11 28 45.4448 7.40134 370.101 375.235 -32.9101 73.3067 2.0597
2010 262 718 09 19 11 58 85.6852 13.9435 372.817 376.844 -67.7168 138.88 5.27154
2010 262 748 09 19 12 28 172.413 26.5186 369.027 380.467 -134.454 291.482 9.88182
2010 262 778 09 19 12 58 219.956 32.7517 356.669 385.944 -157.928 381.35 12.8222
2010 262 808 09 19 13 28 495.898 71.0986 342.169 395.502 -371.46 843.805 32.7054
2010 262 838 09 19 13 58 316.093 42.1752 354.59 397.611 -230.896 548.899 19.778
2010 262 868 09 19 14 28 464.135 63.7615 350.915 402.2 -349.097 801.405 29.6389
2010 262 898 09 19 14 58 494.08 67.2137 376.749 409.752 -393.868 849.961 30.4357
2010 262 928 09 19 15 28 543.147 72.8439 380.581 413.323 -437.561 936.19 32.9791
2010 262 958 09 19 15 58 479.806 65.0934 383.347 412.465 -385.595 825.53 28.5297
2010 262 988 09 19 16 28 564.655 75.2882 379.391 418.026 -450.724 983.081 34.1725
2010 262 1018 09 19 16 58 533.02 70.9708 385.846 419.997 -427.902 930.232 31.9687
2010 262 1048 09 19 17 28 527.879 69.9241 381.541 421.943 -417.55 923.831 31.5107
2010 262 1078 09 19 17 58 582.541 77.5273 385.71 424.588 -466.132 1020.53 34.8878
2010 262 1107 09 19 18 27 457.715 60.1963 392.238 422.612 -367.144 796.336 27.165
2010 262 1137 09 19 18 57 281.712 37.8281 396.428 417.98 -222.336 489.078 16.4459
2010 262 1167 09 19 19 27 346.709 48.3641 387.723 418.42 -267.645 601.76 20.3355
2010 262 1197 09 19 19 57 298.165 40.3647 379.745 418.281 -219.265 518.821 17.6596
2010 262 1227 09 19 20 27 94.2182 11.4724 397.988 413.166 -67.5674 166.112 5.62552
2010 262 1257 09 19 20 57 42.3496 5.38857 397.394 410.25 -24.107 76.4717 2.3257
2010 262 1287 09 19 21 27 48.765 6.71439 395.95 410.601 -27.4021 86.1748 2.47993
2010 262 1317 09 19 21 57 40.4575 5.28958 384.972 409.124 -11.0162 73.5846 1.98892
2010 262 1347 09 19 22 27 17.6842 2.65755 370.421 404.584 19.1356 38.0484 0.755663
2010 262 1377 09 19 22 57 2.74896 0.885687 375.093 401.993 25.0368 8.46372 -0.300335
2010 262 1407 09 19 23 27 -0.772284 0.633669 382.101 400.749 20.0533 -0.376864 -0.545231
2010 262 1437 09 19 23 57 -0.574118 0.830684 382.483 400.659 19.5814 -0.626342 -0.45831
2010 263 27 09 20 00 27 -0.713265 0.818623 379.675 399.911 21.7677 -0.622943 -0.498237
2010 263 57 09 20 00 57 -1.74976 1.07477 360.566 397.065 39.3256 -0.395702 -0.408264
2010 263 87 09 20 01 27 -2.53697 1.74574 333.61 392.289 62.9638 -0.426563 -0.299532
2010 263 117 09 20 01 57 -2.52469 2.41335 327.125 387.841 65.6576 -0.453546 -0.266261
2010 263 147 09 20 02 27 -0.663149 2.48951 346.071 388.826 45.9095 -0.499567 -0.374974
2010 263 177 09 20 02 57 -1.80574 2.19015 332.38 388.5 60.1171 -0.658753 -0.641048
2010 263 207 09 20 03 27 -1.56982 2.161 336.42 388.27 55.5793 -0.751782 -0.56794
2010 263 237 09 20 03 57 -1.84604 2.39942 327.182 387.201 64.2661 -0.725155 -0.513791
2010 263 266 09 20 04 26 -1.50154 2.33228 329.157 388.753 63.428 -0.673376 -0.611101
2010 263 296 09 20 04 56 -2.28788 2.13439 320.999 387.709 71.1296 -0.719775 -0.613935
2010 263 326 09 20 05 26 -2.45847 2.33327 315.658 385.708 74.8432 -0.768812 -0.625589
2010 263 356 09 20 05 56 -2.46241 2.14223 311.621 383.448 76.4274 -0.782554 -0.608635
2010 263 386 09 20 06 26 -2.4505 2.07724 306.754 380.349 78.1248 -0.782573 -0.574452
2010 263 416 09 20 06 56 -3.03415 2.09209 302.465 377.528 80.1921 -0.800605 -0.487277
2010 263 446 09 20 07 26 -3.01893 2.0879 299.219 374.742 80.6282 -0.43975 -0.288557
2010 263 476 09 20 07 56 -2.53827 1.87255 295.913 372.396 80.8906 -0.45294 -0.248708
2010 263 506 09 20 08 26 -2.32449 2.07692 293.75 370.43 81.0809 -0.4426 -0.225111
2010 263 536 09 20 08 56 -2.80071 1.98322 290.505 367.774 82.0524 -0.619069 -0.441396
2010 263 566 09 20 09 26 -2.64841 2.18753 287.154 365.969 83.6508 -0.606969 -0.445014
2010 263 596 09 20 09 56 -2.75457 2.40669 282.568 362.839 85.4319 -0.670733 -0.45001
2010 263 626 09 20 10 26 -2.76031 2.49975 278.869 360.291 86.6819 -0.0664927 -0.486519
2010 263 656 09 20 10 56 14.4779 8.16271 274.807 357.946 76.8221 25.4804 0.911117
2010 263 686 09 20 11 26 96.3217 28.4977 274.597 361.27 18.8449 153.51 8.40909
2010 263 716 09 20 11 56 200.675 41.5739 275.358 364.392 -70.0683 325.713 16.7613
2010 263 746 09 20 12 26 310.667 51.3829 278.619 369.404 -168.5 507.734 24.9902
2010 263 776 09 20 12 56 417.246 62.305 282.511 373.933 -263.522 682.955 30.4205
2010 263 806 09 20 13 26 516.327 74.7691 287.563 379.629 -349.488 845.891 34.22
2010 263 836 09 20 13 56 605.488 86.3958 292.327 386.565 -424.858 993.375 38.7763
2010 263 865 09 20 14 25 683.783 97.4373 298.209 390.309 -494.25 1126.03 42.3517
2010 263 895 09 20 14 55 747.94 106.178 300.11 393.54 -548.362 1235.37 45.4881
2010 263 925 09 20 15 25 764.484 107.813 302.326 394.872 -564.141 1269.05 45.5669
2010 263 955 09 20 15 55 832.966 117.67 304.869 398.591 -621.578 1384.26 48.5343
2010 263 985 09 20 16 25 844.775 119.613 303.207 399.948 -628.376 1405.94 48.2344
2010 263 1015 09 20 16 55 846.229 119.849 304.107 401.187 -629.338 1412.8 47.8958
2010 263 1045 09 20 17 25 832.634 119.043 304.384 402.984 -614.965 1391.54 46.7541
2010 263 1075 09 20 17 55 806.794 114.807 304.23 402.115 -594.076 1353.47 45.6091
2010 263 1105 09 20 18 25 760.47 108.439 301.775 401.149 -552.655 1275.39 43.1542
2010 263 1135 09 20 18 55 709.858 102.935 296.977 400.153 -503.752 1183.67 40.6555
2010 263 1165 09 20 19 25 637.559 93.9565 295.845 399.941 -439.505 1067.06 37.0014
2010 263 1195 09 20 19 55 552.732 83.1681 297.286 399.599 -367.247 930.447 33.3974
2010 263 1225 09 20 20 25 459.117 70.4909 297.735 399.095 -287.265 777.636 28.9592
2010 263 1255 09 20 20 55 361.17 57.9577 295.118 397.107 -201.222 611.369 23.2613
2010 263 1285 09 20 21 25 258.694 47.0249 290.584 393.308 -108.941 436.656 17.0092
2010 263 1314 09 20 21 54 159.462 34.661 287.121 388.881 -23.0389 269.986 9.99077
2010 263 1344 09 20 22 24 70.5744 19.9564 285.366 383.639 47.6581 115.291 3.97939
2010 263 1374 09 20 22 54 9.32175 4.65955 282.066 377.364 90.6369 23.6508 0.584515
2010 263 1404 09 20 23 24 -3.79037 2.81572 278.497 371.888 99.9961 0.429075 -0.353874
2010 263 1434 09 20 23 54 -3.64966 3.24175 275.933 366.09 97.0483 -0.703841 -0.291606
2010 264 24 09 21 00 24 -2.85732 3.48165 275.303 365.629 96.6625 -0.83056 -0.115005
2010 264 54 09 21 00 54 -3.27574 3.39187 273.571 362.469 95.5646 -0.421249 -0.17341
2010 264 84 09 21 01 24 -3.10404 3.25989 271.462 362.406 97.306 -0.368026 -0.129359
2010 264 114 09 21 01 54 -2.80845 3.46188 270.57 363.694 99.3929 -0.449671 -0.250971
2010 264 144 09 21 02 24 -2.87119 3.19629 269.289 364.266 101.041 -0.61002 -0.358458
2010 264 174 09 21 02 54 -3.12716 3.08364 269.1 362.445 99.5549 -0.642481 -0.424457
2010 264 204 09 21 03 24 -3.1424 2.91497 268.281 359.526 97.3003 -0.678872 -0.447579
2010 264 234 09 21 03 54 -2.92418 3.41386 269.643 358.488 95.1854 -0.657268 -0.400967
2010 264 269 09 21 04 29 -87.6898 -81.7443 180.969 267.784 7.86391 -85.5505 -85.2824
2010 264 299 09 21 04 59 -2.80987 3.54126 266.977 354.229 93.5984 -0.668515 -0.442051
2010 264 329 09 21 05 29 -2.57396 3.47266 266.832 354.522 93.7333 -0.602791 -0.436243
2010 264 359 09 21 05 59 -2.65388 3.15275 265.848 353.819 93.7773 -0.472493 -0.370214
2010 264 389 09 21 06 29 -2.46882 3.06937 265.533 355.431 95.4394 -0.431656 -0.20053
2010 264 419 09 21 06 59 -2.71788 3.06547 264.638 354.847 95.9902 -0.403949 -0.232189
2010 264 449 09 21 07 29 -2.9723 2.9368 263.506 353.718 96.1225 -0.414163 -0.177808
2010 264 478 09 21 07 58 -3.0487 3.1169 263.038 352.091 95.2201 -0.559641 -0.347593
2010 264 508 09 21 08 28 -3.0705 3.19466 262.318 348.568 92.5105 -0.659641 -0.415408
2010 264 538 09 21 08 58 -2.77188 3.33689 262.25 345.596 89.4538 -0.537688 -0.322933
2010 264 568 09 21 09 28 -3.01254 3.08145 261.486 340.808 85.4182 -0.605871 -0.403275
2010 264 598 09 21 09 58 -2.50752 2.78313 261.587 337.983 81.6852 -0.605777 -0.440895
2010 264 628 09 21 10 28 -1.55842 3.21755 262.348 338.715 81.1434 0.404928 -0.39732
2010 264 658 09 21 10 58 18.7509 10.1306 262.873 342.335 70.8397 27.2439 0.970274
2010 264 688 09 21 11 28 92.8517 27.2322 263.373 343.058 14.0674 141.918 7.41811
2010 264 718 09 21 11 58 195.793 39.6097 265.895 348.035 -74.0403 314.943 15.8925
2010 264 748 09 21 12 28 301.803 48.8486 269.801 358.113 -164.64 490.051 23.7904
2010 264 778 09 21 12 58 405.837 60.4047 273.574 364.27 -254.737 658.795 29.2435
2010 264 808 09 21 13 28 497.779 71.6311 277.075 368.995 -334.232 815.838 33.1136
2010 264 838 09 21 13 58 601.994 85.1945 282.052 376.52 -422.337 991.458 38.9538
2010 264 868 09 21 14 28 678.815 95.9677 286.012 380.819 -488.048 1124.62 42.3649
2010 264 898 09 21 14 58 738.27 103.397 290.561 385.995 -539.437 1229.22 45.3357
2010 264 928 09 21 15 28 785.219 109.221 296.238 391.694 -580.551 1314.55 47.2659
2010 264 958 09 21 15 58 815.849 114.846 304.892 395.91 -609.993 1371.37 47.9799
2010 264 987 09 21 16 27 501.254 69.8863 312.094 392.157 -351.308 849.115 29.0649
2010 264 1017 09 21 16 57 627.38 87.3905 303.293 396.74 -446.537 1061.15 36.1924
2010 264 1047 09 21 17 27 788.186 110.604 311.8 402.574 -586.802 1337.2 44.9716
2010 264 1077 09 21 17 57 787.196 109.073 309.748 404.19 -583.691 1345.27 44.9858
2010 264 1107 09 21 18 27 687.784 94.2408 317.082 405.506 -505.108 1187.56 39.9244
2010 264 1137 09 21 18 57 668.919 91.6448 321.013 408.384 -489.9 1163.86 39.4768
2010 264 1167 09 21 19 27 555.637 75.8192 323.166 408.671 -394.309 974.735 33.5958
2010 264 1197 09 21 19 57 495.063 70.2951 325.858 409.088 -341.539 869.644 31.1153
2010 264 1227 09 21 20 27 441.989 64.4579 326.664 409.593 -294.598 777.011 28.5636
2010 264 1257 09 21 20 57 331.068 50.991 325.15 408.422 -196.81 581.637 21.8369
2010 264 1287 09 21 21 27 226.218 39.2611 325.847 406.56 -106.245 397.459 15.2458
2010 264 1317 09 21 21 57 130.561 27.1046 326.136 403.623 -25.9658 229.278 8.28754
2010 264 1347 09 21 22 27 52.1915 13.3461 323.921 399.339 36.5737 90.0352 3.05666
2010 264 1377 09 21 22 57 4.3168 2.26778 323.364 396.351 70.937 14.7867 0.0878257
2010 264 1407 09 21 23 27 -2.21778 2.05588 321.914 394.79 77.1511 -0.172374 -0.194018
2010 264 1437 09 21 23 57 -2.1396 2.19062 322.168 394.001 76.1632 -0.420286 -0.184221
2010 265 27 09 22 00 27 -2.0774 2.14991 324.215 394.144 74.1559 -0.4235 -0.172334
2010 265 57 09 22 00 57 -1.98244 2.22608 324.783 393.813 73.2365 -0.444405 -0.413646
2010 265 87 09 22 01 27 -2.50359 1.58274 322.175 391.454 73.3639 -0.594732 -0.411135
2010 265 117 09 22 01 57 -2.51172 1.77429 319.6 387.11 71.7966 -0.631311 -0.399223
2010 265 146 09 22 02 26 -1.95518 1.70463 321.798 385.904 67.7675 -0.689901 -0.490198
2010 265 176 09 22 02 56 -1.80776 1.53763 324.232 384.641 63.7573 -0.642834 -0.478971
2010 265 206 09 22 03 26 -1.6869 1.5845 324.99 383.999 62.2799 -0.579727 -0.527115
2010 265 236 09 22 03 56 -1.71958 1.58061 324.278 383.376 62.4009 -0.667385 -0.489931
2010 265 266 09 22 04 26 -1.64421 1.59457 324.815 382.845 61.2726 -0.622553 -0.462129
2010 265 296 09 22 04 56 -1.55458 1.65539 324.74 382.338 60.8075 -0.62067 -0.456261
2010 265 326 09 22 05 26 -1.85371 1.74943 324.646 381.551 60.5081 -0.307053 -0.257885
2010 265 356 09 22 05 56 -1.59625 1.8995 324.584 380.714 59.6224 -0.364081 -0.213001
2010 265 386 09 22 06 26 -1.50559 1.92357 323.85 381.393 60.9724 -0.36293 -0.186012
2010 265 416 09 22 06 56 -1.60586 1.86832 324.08 381.443 60.8385 -0.675333 -0.555354
2010 265 446 09 22 07 26 -1.56691 1.85789 325.053 381.219 59.5905 -0.592374 -0.534462
2010 265 476 09 22 07 56 -1.57817 1.73045 325.361 381.05 59 -0.575116 -0.562642
2010 265 506 09 22 08 26 -1.59066 1.76091 325.594 380.655 58.414 -0.605801 -0.515304
2010 265 536 09 22 08 56 -1.55391 1.70274 325.434 380.47 58.2939 -0.649245 -0.560092
2010 265 566 09 22 09 26 -1.51752 1.67429 326.3 380.284 57.1771 -0.605579 -0.507859
2010 265 596 09 22 09 56 -1.62003 1.68164 325.765 379.608 57.1448 -0.665962 -0.540053
2010 265 626 09 22 10 26 -0.875208 1.81645 326.888 379.426 55.2312 -0.125964 -0.547515
2010 265 656 09 22 10 56 9.85584 4.12007 326.077 379.982 48.167 17.0421 0.357261
2010 265 686 09 22 11 26 62.4919 16.2249 326.322 381.462 8.87465 101.152 4.50525
2010 265 715 09 22 11 55 157.141 31.7197 329.216 385.299 -69.3415 259.491 12.2244
2010 265 745 09 22 12 25 259.42 43.1761 332.973 390.751 -158.468 437.237 20.8309
2010 265 775 09 22 12 55 354.367 53.0728 339.034 396.853 -243.477 602.717 26.7163
2010 265 805 09 22 13 25 399.51 56.2471 345.249 401.176 -287.339 688.597 27.7255
2010 265 835 09 22 13 55 436.57 60.7715 347.11 403.951 -318.957 755.214 29.5785
2010 265 865 09 22 14 25 594.032 82.7807 350.652 410.377 -451.528 1025.82 38.9027
2010 265 895 09 22 14 55 672.326 92.2285 357.416 417.672 -519.847 1166.34 43.2797
2010 265 925 09 22 15 25 735.949 100.075 361.829 422.968 -574.746 1283.3 46.4477
2010 265 955 09 22 15 55 756.175 102.029 365.169 428.512 -590.802 1327.27 46.8178
2010 265 985 09 22 16 25 765.115 102.604 369.619 432.617 -599.546 1350.41 46.475
2010 265 1015 09 22 16 55 734.043 98.413 385.397 438.831 -582.19 1298.56 43.9696
2010 265 1045 09 22 17 25 729.893 95.8681 378.257 442.813 -569.441 1301.9 43.7139
2010 265 1075 09 22 17 55 503.086 66.6984 393.463 441.719 -388.132 905.828 29.8199
2010 265 1105 09 22 18 25 624.323 82.3373 381.542 449.397 -474.129 1118.81 37.4539
2010 265 1135 09 22 18 55 588.524 78.6692 386.576 452.942 -443.49 1050.77 35.3738
2010 265 1164 09 22 19 24 442.387 59.7728 391.788 453.169 -321.234 787.22 26.6522
2010 265 1194 09 22 19 54 343.835 48.7331 386.543 451.385 -230.261 611.901 21.1093
2010 265 1224 09 22 20 24 219.29 30.157 392.848 451.74 -130.241 400.461 13.2403
2010 265 1254 09 22 20 54 238.544 37.8478 389.429 451.459 -138.668 416.8 14.6659
2010 265 1284 09 22 21 24 169.033 28.2995 394.415 449.319 -85.8286 294.879 10.206
2010 265 1314 09 22 21 54 56.5878 8.5154 376.664 442.026 17.2878 111.634 3.37055
2010 265 1344 09 22 22 24 20.4014 4.77052 391.691 439.059 31.7387 35.6867 0.567444
2010 265 1374 09 22 22 54 2.43095 1.86175 374.444 434.28 59.2662 9.39652 -0.0944144
2010 265 1404 09 22 23 24 -2.3464 1.56233 372.775 429.953 61.0882 -0.279458 -0.415396
2010 265 1434 09 22 23 54 -1.27542 1.25614 395.804 429.13 35.8576 -0.511591 -0.309266
2010 266 24 09 23 00 24 -1.11496 1.02197 398.031 428.426 32.5297 -0.922294 -0.617776
2010 266 54 09 23 00 54 -1.23728 1.17617 392.704 427.498 37.2075 -0.774117 -0.603687
2010 266 84 09 23 01 24 -1.1068 0.96682 397.501 426.927 31.4992 -0.694796 -0.577457
2010 266 114 09 23 01 54 -0.658105 0.634409 407.711 426.95 20.5299 -0.773276 -0.624538
2010 266 144 09 23 02 24 -1.19138 0.529984 396.637 424.808 29.8908 -0.72588 -0.599265
2010 266 174 09 23 02 54 -1.56679 0.777762 389.759 422.229 34.8129 -0.792141 -0.647788
2010 266 204 09 23 03 24 -1.98692 1.38627 371.182 419.079 51.2723 -0.759117 -0.615233
2010 266 234 09 23 03 54 -2.60504 1.79503 355.767 416.228 64.8616 -0.714888 -0.531264
2010 266 264 09 23 04 24 -2.73834 2.29841 349.11 411.931 67.8597 -0.734007 -0.563642
2010 266 293 09 23 04 53 -2.85074 2.73896 337.25 408.774 77.1148 -0.466328 -0.286225
2010 266 323 09 23 05 23 -2.78675 2.82363 330.124 407.247 82.7361 -0.490617 -0.291305
2010 266 353 09 23 05 53 -3.60444 2.73766 324.953 402.17 83.5602 -0.481986 -0.339264
2010 266 383 09 23 06 23 -3.01945 3.32533 320.2 399.569 85.7133 -0.659434 -0.556476
2010 266 413 09 23 06 53 -2.98012 3.55844 318.427 397.635 85.7471 -0.670966 -0.539154
2010 266 443 09 23 07 23 -2.61483 3.50864 317.588 395.922 84.4565 -0.694441 -0.559374
2010 266 473 09 23 07 53 -2.78232 3.43604 316.404 394.324 84.1395 -0.636233 -0.604593
2010 266 503 09 23 08 23 -2.31736 3.23555 316.841 392.138 80.8508 -0.674692 -0.591863
2010 266 533 09 23 08 53 -2.69965 2.63676 311.922 391.968 85.3838 -0.638485 -0.545014
2010 266 563 09 23 09 23 -3.13965 2.64585 305.151 389.497 90.1344 -0.615748 -0.454796
2010 266 593 09 23 09 53 -3.80416 2.59273 303.199 383.175 86.3715 -0.592076 -0.486581
2010 266 623 09 23 10 23 -2.80678 3.11612 306.2 379.165 78.8886 -0.391003 -0.294417
2010 266 653 09 23 10 53 6.74688 5.26374 309.776 381.637 70.3754 10.5732 0.304725
2010 266 683 09 23 11 23 31.6842 7.47349 313.074 384.38 47.0975 52.9358 1.7754
2010 266 713 09 23 11 53 71.9672 13.7204 316.855 383.775 8.67115 120.795 4.17055
2010 266 743 09 23 12 23 120.444 21.0395 318.59 385.394 -32.6045 202.432 6.89747
2010 266 773 09 23 12 53 196.277 32.6999 318.7 387.388 -94.8916 331.773 11.7882
2010 266 803 09 23 13 23 284.076 44.9819 316.035 390.478 -164.648 481.912 18.0042
2010 266 833 09 23 13 53 434.004 65.565 318.803 397.559 -289.681 735.649 27.9814
2010 266 863 09 23 14 23 520.327 75.0266 317.898 401.093 -362.102 887.644 33.2108
2010 266 892 09 23 14 52 699.587 98.6312 319.235 408.527 -511.667 1196.64 44.3374
2010 266 922 09 23 15 22 764.77 104.381 321.441 413.797 -568.015 1318.42 47.5312
2010 266 952 09 23 15 52 793.556 107.116 322.9 417.474 -591.899 1380.12 48.3297
2010 266 982 09 23 16 22 801.946 106.728 326.228 422.141 -599.304 1399.23 48.0849
2010 266 1012 09 23 16 52 788.451 104.212 332.969 427.185 -590.028 1386.72 46.9252
2010 266 1042 09 23 17 22 774.029 101.776 335.54 429.028 -578.775 1367.06 45.9248
2010 266 1072 09 23 17 52 766.531 102.116 336.096 431.457 -569.069 1359.14 45.6406
2010 266 1102 09 23 18 22 619.303 80.4854 347.074 431.3 -454.593 1105.69 37.2419
2010 266 1132 09 23 18 52 565.5 75.8832 355.418 432.234 -412.804 1012.39 34.4364
2010 266 1162 09 23 19 22 517.742 66.3525 350.059 432.29 -369.162 933.381 32.26
2010 266 1192 09 23 19 52 457.196 57.7677 344.885 433.402 -310.91 836.329 29.4855
2010 266 1222 09 23 20 22 391.106 53.3894 345.862 430.97 -252.61 712.556 25.7576
2010 266 1252 09 23 20 52 243.493 32.5325 345.96 426.223 -130.697 449.843 16.1178
2010 266 1282 09 23 21 22 195.616 31.9751 351.082 421.146 -93.5757 350.238 12.4719
2010 266 1312 09 23 21 52 151.532 28.2397 340.594 419.725 -44.163 277.457 10.1764
2010 266 1342 09 23 22 22 52.8043 10.3867 336.545 409.536 30.5742 102.831 3.65955
2010 266 1371 09 23 22 51 6.79245 2.62384 333.185 400.142 62.7877 20.6029 0.669219
2010 266 1401 09 23 23 21 -3.12861 1.93119 334.458 393.809 64.4126 -0.0149909 -0.16017
2010 266 1431 09 23 23 51 -1.69967 2.6684 343.978 394.009 54.4008 -0.695578 -0.275286
2010 267 21 09 24 00 21 -1.37931 1.79561 351.133 394.328 46.372 -0.682233 -0.400295
2010 267 51 09 24 00 51 -2.03585 2.32633 331.58 391.652 64.4369 -0.62097 -0.461385
2010 267 81 09 24 01 21 -1.1366 2.44428 343.121 393.891 54.3519 -0.640828 -0.5084
2010 267 111 09 24 01 51 -1.68329 2.13078 337.092 395.156 61.8808 -0.614343 -0.596425
2010 267 141 09 24 02 21 -1.53351 1.73654 343.875 395.266 54.6582 -0.588996 -0.491684
2010 267 171 09 24 02 51 -1.52958 1.11236 350.293 393.301 45.6488 -0.642004 -0.561766
2010 267 201 09 24 03 21 -1.5626 1.21938 347.089 391.335 47.0297 -0.625673 -0.460714
2010 267 231 09 24 03 51 -1.81378 1.36439 343.005 388.8 48.9732 -0.522419 -0.369528
2010 267 261 09 24 04 21 -1.77581 1.62629 339.157 386.109 50.3538 -0.389125 -0.303399
2010 267 291 09 24 04 51 -0.926134 1.75764 345.641 387.59 44.6302 -0.346528 -0.242063
2010 267 321 09 24 05 21 -1.23843 1.4397 345.189 387.555 45.0456 -0.479788 -0.246317
2010 267 351 09 24 05 51 -1.32748 1.49367 340.253 387.248 49.8156 -0.58751 -0.513089
2010 267 381 09 24 06 21 -0.995579 1.38136 347.954 387.63 42.0522 -0.695537 -0.555097
2010 267 411 09 24 06 51 -1.00775 1.11579 351.904 387.881 38.1011 -0.608592 -0.526703
2010 267 441 09 24 07 21 -1.17916 1.12944 351.06 386.917 38.166 -0.67787 -0.593869
2010 267 471 09 24 07 51 -0.988986 1.19777 350.973 386.66 37.8731 -0.590826 -0.586685
2010 267 501 09 24 08 21 -1.37395 1.25127 344.773 385.747 43.5973 -0.612112 -0.537218
2010 267 530 09 24 08 50 -0.66197 1.06955 358.524 385.911 29.1214 -0.527019 -0.491914
2010 267 560 09 24 09 20 -0.717521 0.939674 358.054 386.582 30.1859 -0.627344 -0.588389
2010 267 590 09 24 09 50 -0.476823 0.603425 369.142 386.557 18.4954 -0.819068 -0.387759
2010 267 620 09 24 10 20 -0.149325 0.941972 370.562 388.087 18.6153 -0.316776 -0.402537
2010 267 650 09 24 10 50 2.4619 0.70163 384.753 389.695 3.17953 3.72199 -0.3726
2010 267 680 09 24 11 20 18.3295 3.47236 371.049 390.213 4.30958 32.2426 0.637351
2010 267 710 09 24 11 50 47.365 7.35907 376.5 391.892 -24.6171 83.3722 2.28134
2010 267 740 09 24 12 20 42.3897 6.11331 389.022 394.369 -30.9292 74.4925 1.97123
2010 267 770 09 24 12 50 52.7354 7.52147 393.657 396.275 -42.5966 95.7175 2.63774
2010 267 800 09 24 13 20 126.961 19.7597 396.39 399.928 -103.663 224.707 7.24184
2010 267 830 09 24 13 50 92.5589 13.6076 397.161 401.118 -74.9931 164.288 5.1502
2010 267 860 09 24 14 20 177.575 27.6098 400.302 404.853 -145.416 311.661 10.3021
2010 267 890 09 24 14 50 231.692 35.6106 401.785 408.734 -189.129 404.222 13.6505
2010 267 920 09 24 15 20 360.018 54.9543 399.057 414.781 -289.338 626.814 21.7566
2010 267 950 09 24 15 50 636.923 91.5687 381.04 423.865 -502.522 1118.99 39.647
2010 267 980 09 24 16 20 710.434 97.8928 376.16 432.067 -556.629 1265.43 44.2326
2010 267 1010 09 24 16 50 724.799 97.7064 377.856 437.747 -567.196 1294.59 44.5852
2010 267 1039 09 24 17 19 723.115 96.5448 381.186 444.453 -563.314 1295.98 43.7485
2010 267 1069 09 24 17 49 653.213 86.3827 383.637 449.036 -501.431 1178.58 39.6287
2010 267 1099 09 24 18 19 534.493 68.4462 386.178 450.931 -401.299 971.119 32.6767
2010 267 1129 09 24 18 49 260.41 34.6358 387.392 442.908 -170.255 474.369 15.7552
2010 267 1159 09 24 19 19 251.152 35.6489 392.268 444.543 -163.229 456.228 15.3614
2010 267 1189 09 24 19 49 264.165 38.2475 395.672 448.396 -173.195 477.938 16.1921
2010 267 1219 09 24 20 19 177.131 26.3355 398.902 445.753 -103.943 326.731 10.7581
2010 267 1249 09 24 20 49 152.161 22.8075 396.203 444.746 -80.8105 280.449 9.31966
2010 267 1279 09 24 21 19 185.624 31.4465 396.828 445.827 -105.178 331.392 11.8251
2010 267 1309 09 24 21 49 96.6443 14.9158 387.554 445.038 -24.2418 179.614 5.92817
2010 267 1339 09 24 22 19 42.585 9.08305 385.463 442.422 23.4587 74.3985 2.46783
2010 267 1369 09 24 22 49 8.09585 2.98021 387.87 440.362 47.377 15.8196 0.248105
2010 267 1399 09 24 23 19 -1.18867 1.44303 380.232 436.453 58.8539 0.330427 -0.309409
2010 267 1429 09 24 23 49 -2.17278 1.43882 376.916 432.879 59.5729 -0.711114 -0.538521
2010 268 19 09 25 00 19 -2.04555 1.47797 375.762 430.081 57.8419 -0.673935 -0.567491
2010 268 49 09 25 00 49 -2.22506 1.50723 363.406 427.075 67.3996 -0.723721 -0.555282
2010 268 79 09 25 01 19 -2.4364 1.66352 356.562 423.344 70.8789 -0.74722 -0.61328
2010 268 109 09 25 01 49 -2.29413 1.58221 355.405 420.061 68.5298 -0.760721 -0.559569
2010 268 139 09 25 02 19 -1.91646 1.62315 357.317 418.307 64.5324 -0.831991 -0.645088
2010 268 169 09 25 02 49 -1.91907 1.71394 359.021 416.93 61.5423 -0.791467 -0.655699
2010 268 198 09 25 03 18 -1.73542 1.7605 358.285 416.081 61.2921 -0.814863 -0.606771
2010 268 228 09 25 03 48 -1.48647 1.90599 360.056 415.951 59.2863 -0.677473 -0.72645
2010 268 258 09 25 04 18 -1.56276 1.97162 365.582 417.79 55.7422 -0.417734 -0.548015
2010 268 288 09 25 04 48 -0.733786 1.18026 394.394 419.478 26.9959 -0.471543 -0.591428
2010 268 318 09 25 05 18 -0.993892 0.981596 384.017 419.737 37.6966 -0.482281 -0.625847
2010 268 348 09 25 05 48 -0.83028 1.18186 386.824 419.575 34.766 -0.644112 -0.617075
2010 268 378 09 25 06 18 -0.363144 1.01949 398.722 421.666 24.3265 -0.728565 -0.585713
2010 268 408 09 25 06 48 -1.54319 1.26248 374.093 420.637 49.346 -0.703566 -0.642316
2010 268 438 09 25 07 18 -1.68535 1.67711 367.653 419.003 54.7137 -0.776852 -0.609603
2010 268 468 09 25 07 48 -0.943719 1.3736 386.101 419.246 35.4636 -0.722322 -0.655174
2010 268 498 09 25 08 18 -0.668567 1.3003 390.524 420.361 31.8055 -0.746316 -0.596065
2010 268 528 09 25 08 48 -1.39677 1.5668 373.793 419.863 49.0344 -0.72389 -0.559239
2010 268 558 09 25 09 18 -1.24019 1.54825 379.099 419.511 43.2 -0.71477 -0.609183
2010 268 588 09 25 09 48 -0.459145 1.07532 398.263 420.974 24.2481 -0.550511 -0.334434
2010 268 618 09 25 10 18 -0.624667 0.88136 398.102 421.059 24.4644 -0.394796 -0.413085
2010 268 648 09 25 10 48 2.88062 1.81126 390.323 420.685 29.2962 5.06307 -0.175725
2010 268 678 09 25 11 18 23.8352 5.97611 364.828 418.394 35.7096 44.2427 1.29442
2010 268 708 09 25 11 48 104.918 22.2206 363.087 419.353 -26.4326 174.212 7.54802
2010 268 738 09 25 12 18 227.912 39.712 373.383 423.403 -138.181 386.087 17.5426
2010 268 768 09 25 12 48 279.633 42.9169 388.745 427.045 -198.416 480.698 20.4323
2010 268 797 09 25 13 17 242.996 34.814 379.373 425.488 -162.066 428.13 16.5251
2010 268 827 09 25 13 47 485.197 68.6857 373.987 433.062 -357.436 848.865 33.8033
2010 268 857 09 25 14 17 369.29 51.7723 384.38 431.438 -270.465 657.335 24.2655
2010 268 887 09 25 14 47 324.05 46.6111 406.597 431.869 -252.164 563.771 20.241
2010 268 917 09 25 15 17 480.565 66.7635 385.353 433.228 -365.914 851.263 30.3935
2010 268 947 09 25 15 47 746.482 102.017 365.545 440.395 -569.626 1318.01 46.743
2010 268 977 09 25 16 17 758.258 103.891 358.43 439.974 -572.811 1336.05 46.3849
2010 268 1007 09 25 16 47 643.9 86.6774 365.758 440.488 -482.492 1149.34 39.1611
2010 268 1037 09 25 17 17 639.261 85.5658 369.107 440.608 -482.205 1134.47 37.8415
2010 268 1067 09 25 17 47 721.304 96.9462 358.597 438.419 -544.53 1284.5 43.3198
2010 268 1097 09 25 18 17 648.908 85.8401 362.089 439.372 -485.804 1162.99 38.9366
2010 268 1127 09 25 18 47 684.182 91.1389 375.932 445.861 -523.112 1216.43 41.1428
2010 268 1157 09 25 19 17 565.992 75.0867 361.274 442.956 -409.223 1020.86 35.1431
2010 268 1187 09 25 19 47 489.407 65.4905 353.81 440.427 -337.296 885.822 31.1106
2010 268 1217 09 25 20 17 423.863 59.5993 347.704 437.294 -274.672 765.682 27.8367
2010 268 1247 09 25 20 47 327.708 48.5063 344.434 434.471 -189.164 591.664 21.9799
2010 268 1276 09 25 21 16 234.015 38.3567 342.451 431.07 -107.042 425.969 16.1073
2010 268 1306 09 25 21 46 140.995 26.985 339.831 426.574 -27.2647 260.064 9.5058
2010 268 1336 09 25 22 16 59.4707 13.9149 336.762 420.795 38.4776 109.648 3.90489
2010 268 1366 09 25 22 46 8.09754 3.41038 332.921 416.211 78.6047 23.6166 0.671742
2010 268 1396 09 25 23 16 -3.40487 2.47575 329.543 410.279 86.6139 0.321819 -0.310598
2010 268 1426 09 25 23 46 -3.61055 2.78564 326.226 403.901 84.0703 -0.712524 -0.434306
2010 269 16 09 26 00 16 -2.50524 3.01068 327.118 403.902 82.2974 -0.66347 -0.429531
2010 269 46 09 26 00 46 -1.24828 1.94409 360.921 405.931 48.2007 -0.632422 -0.490452
2010 269 76 09 26 01 16 -3.00725 1.99149 329.633 401.584 76.9472 -0.674054 -0.460943
2010 269 106 09 26 01 46 -2.73011 2.2381 329.339 398.254 73.8873 -0.662298 -0.488218
2010 269 136 09 26 02 16 -2.06343 2.18383 334.52 396.855 66.5827 -0.628013 -0.409121
2010 269 166 09 26 02 46 -2.37841 2.05538 336.583 393.948 61.7982 -0.684778 -0.422961
2010 269 196 09 26 03 16 -2.77753 2.17659 326.15 389.916 68.7201 -0.800622 -0.412033
2010 269 226 09 26 03 46 -3.21919 2.90584 311.625 385.77 80.2717 -0.471538 -0.235317
2010 269 256 09 26 04 16 -2.44792 2.9414 323.293 380.744 62.8408 -0.411785 -0.17677
2010 269 286 09 26 04 46 -1.84152 2.78195 326.248 378.926 57.3025 -0.406991 -0.18028
2010 269 316 09 26 05 16 -1.62911 3.22519 320.497 377.462 61.8209 -0.429601 -0.349542
2010 269 346 09 26 05 46 -2.72292 3.35511 308.145 373.006 70.9371 -0.624258 -0.503637
2010 269 376 09 26 06 16 -1.60536 3.17922 310.895 370.819 64.7073 -0.601189 -0.427535
2010 269 406 09 26 06 46 -2.16024 2.68895 311.517 369.439 62.7696 -0.64502 -0.427143
2010 269 436 09 26 07 16 -2.37514 2.17383 311.269 367.64 60.9196 -0.673919 -0.425368
2010 269 465 09 26 07 45 -2.2444 2.11067 308.585 364.866 60.6372 -0.598576 -0.377534
2010 269 495 09 26 08 15 -1.86732 1.99421 314.619 363.93 53.1696 -0.595126 -0.466726
2010 269 525 09 26 08 45 -0.907445 2.72411 319.32 365.905 50.2167 -0.512748 -0.470785
2010 269 555 09 26 09 15 -1.08195 2.38337 322.963 364.97 45.474 -0.478307 -0.445846
2010 269 585 09 26 09 45 -0.744686 2.91451 321.753 364.23 46.1357 -0.280416 -0.262924
2010 269 615 09 26 10 15 -1.40345 2.28816 321.48 362.576 44.7893 -0.320481 -0.18051
2010 269 645 09 26 10 45 1.57231 3.37677 319.702 361.944 44.0475 3.46038 -0.0914739
2010 269 675 09 26 11 15 21.8757 6.5312 321.091 362.632 26.199 36.0217 1.13277
2010 269 705 09 26 11 45 50.8181 10.4862 320.956 366.659 5.37334 89.7902 2.89401
2010 269 735 09 26 12 15 81.5085 14.3328 312.921 368.584 -11.5094 149.688 5.19008
2010 269 765 09 26 12 45 149.632 23.7574 309.757 373.634 -61.9983 272.548 11.0088
2010 269 795 09 26 13 15 312.658 47.6861 323.492 385.398 -203.068 547.649 21.6308
2010 269 825 09 26 13 45 331.565 48.625 329.255 392.116 -220.078 585.63 21.9204
2010 269 855 09 26 14 15 446.902 62.9354 328.955 399.114 -313.807 789.194 30.0151
2010 269 885 09 26 14 45 641.942 89.1852 328.749 405.123 -476.375 1128.61 42.2479
2010 269 915 09 26 15 15 667.415 91.6906 328.055 407.765 -496.005 1182.7 43.2516
2010 269 945 09 26 15 45 778.487 105.894 333.371 417.245 -588.728 1384.72 49.3096
2010 269 974 09 26 16 14 807.697 110.43 342.318 421.379 -618.19 1442.23 50.0375
2010 269 1004 09 26 16 44 753.125 101.843 344.286 422.249 -573.323 1347.48 46.0383
2010 269 1034 09 26 17 14 768.074 103.554 343.095 422.666 -584.966 1380.52 46.6591
2010 269 1064 09 26 17 44 682.855 93.6284 347.603 421.104 -515.744 1230.96 41.5939
2010 269 1094 09 26 18 14 513.151 71.8281 359.988 417.967 -383.343 933.978 31.6231
2010 269 1124 09 26 18 44 531.62 75.2909 358.403 418.165 -396.565 966.829 33.0112
2010 269 1154 09 26 19 14 350.775 49.9985 377.013 411.669 -266.119 628.963 21.2067
2010 269 1184 09 26 19 44 233.772 34.0926 373.447 403.22 -169.904 424.862 14.2324
2010 269 1214 09 26 20 14 322.981 50.5133 371.894 400.34 -244.021 569.671 19.5802
2010 269 1244 09 26 20 44 79.9232 11.0836 377.259 388.487 -57.6137 144.396 4.59196
2010 269 1274 09 26 21 14 51.5948 7.29471 374.826 384.625 -34.5024 93.6348 2.92374
2010 269 1304 09 26 21 44 23.3683 3.54309 373.062 380.637 -12.2501 41.7101 1.10368
2010 269 1334 09 26 22 14 12.3521 2.14369 371.4 378.763 -2.84966 21.6053 0.407202
2010 269 1364 09 26 22 44 3.18707 0.68375 370.656 378.324 5.1675 5.67679 -0.326033
2010 269 1394 09 26 23 14 -0.311014 0.0972525 369.778 377.46 8.09118 -0.484719 -0.596242
2010 269 1424 09 26 23 44 -0.647944 -0.0325436 368.928 375.486 7.17337 -0.742909 -0.598134
2010 270 14 09 27 00 14 -0.750777 0.0798816 367.785 373.64 6.68683 -0.727387 -0.542172
2010 270 44 09 27 00 44 -0.725172 0.393504 366.671 372.572 7.01985 -0.648947 -0.542128
2010 270 73 09 27 01 13 -0.549277 0.555811 365.843 372.48 7.74287 -0.678838 -0.568997
2010 270 103 09 27 01 43 -0.512457 0.31235 366.091 371.644 6.37878 -0.701546 -0.594044
2010 270 133 09 27 02 13 -0.429248 0.138539 366.278 370.702 4.99259 -0.759699 -0.603778
2010 270 163 09 27 02 43 -0.103864 0.0438134 366.115 369.336 3.36713 -0.699361 -0.503297
2010 270 193 09 27 03 13 -0.0790049 0.0473769 366.065 369.463 3.52156 -0.608201 -0.543609
2010 270 223 09 27 03 43 -0.17511 0.00312294 365.898 369.586 3.86411 -0.578495 -0.589404
2010 270 253 09 27 04 13 -0.117432 -0.0300033 365.711 368.975 3.35261 -0.624826 -0.583417
2010 270 283 09 27 04 43 -0.0183831 0.008642 366.152 368.484 2.3593 -0.735007 -0.6037
2010 270 313 09 27 05 13 -0.00775594 0.0266805 366.807 368.425 1.65343 -0.753689 -0.5693
2010 270 343 09 27 05 43 -0.00777821 0.0110338 367.154 368.514 1.37734 -0.731979 -0.692884
2010 270 373 09 27 06 13 -0.00980776 0.00112048 367.09 368.199 1.12084 -0.763332 -0.686098
2010 270 403 09 27 06 43 -0.00547663 -0.000869646 367.16 367.921 0.769238 -0.648641 -0.695963
2010 270 433 09 27 07 13 -0.00692077 -0.00557951 367.414 367.819 0.40464 -0.717712 -0.702995
2010 270 463 09 27 07 43 -0.00576422 0.0213375 367.675 367.976 0.329811 -0.746391 -0.665387
2010 270 493 09 27 08 13 -0.0101474 0.0334699 368.036 368.315 0.320378 -0.689526 -0.700151
2010 270 523 09 27 08 43 -0.0072059 0.0123825 368.046 368.665 0.637696 -0.505427 -0.578755
2010 270 553 09 27 09 13 -0.00809051 0.000268064 367.922 368.505 0.593131 -0.661039 -0.650593
2010 270 583 09 27 09 43 -0.00520441 -0.00748772 367.746 368.378 0.628747 -0.683487 -0.598124
2010 270 613 09 27 10 13 -0.00432118 0.00403465 368.107 368.648 0.551526 -0.650922 -0.676063
2010 270 642 09 27 10 42 0.14783 0.00549516 367.865 368.746 0.744302 -0.288463 -0.710342
2010 270 672 09 27 11 12 2.4588 0.323606 367.902 368.703 -1.32917 3.92254 -0.573094
2010 270 702 09 27 11 42 11.1768 1.60503 368.24 368.72 -9.08671 20.3072 -0.0779314
2010 270 732 09 27 12 12 21.7935 3.22999 368.377 368.688 -18.2519 39.844 0.487695
2010 270 762 09 27 12 42 36.4806 4.948 368.913 369.009 -31.4371 68.0494 1.36013
2010 270 792 09 27 13 12 81.6115 10.7816 370.57 369.978 -71.4235 152.22 3.88015
2010 270 822 09 27 13 42 78.8423 10.6033 371.053 371.298 -67.9922 143.982 3.62045
2010 270 852 09 27 14 12 114.394 15.8753 371.817 372.356 -97.9814 205.033 5.47178
2010 270 882 09 27 14 42 155.298 21.9748 373.045 374.017 -132.348 277.064 7.72879
2010 270 912 09 27 15 12 136.644 19.0904 373.011 374.853 -115.712 245.99 7.13138
2010 270 942 09 27 15 42 108.6 14.4473 372.978 374.959 -92.1709 201.146 5.62912
2010 270 972 09 27 16 12 129.981 17.8439 373.77 375.813 -110.096 237.475 6.82067
2010 270 1002 09 27 16 42 121.53 16.2007 374.526 376.219 -103.636 224.317 6.45832
2010 270 1032 09 27 17 12 111.145 14.4568 374.142 376.022 -94.8065 206.92 5.923
2010 270 1062 09 27 17 42 135.446 17.8637 374.492 376.749 -115.322 254.547 7.51924
2010 270 1092 09 27 18 12 142.207 19.1631 375.227 377.833 -120.434 265.797 7.95833
2010 270 1121 09 27 18 41 131.087 17.2731 375.621 378.374 -111.061 246.065 7.41871
2010 270 1151 09 27 19 11 74.5723 8.89356 374.853 377.449 -63.0874 145.429 4.23018
2010 270 1181 09 27 19 41 65.0462 8.35794 376.033 377.195 -55.5265 122.168 3.275
2010 270 1211 09 27 20 11 72.0047 9.75951 377.076 377.535 -61.786 131.222 3.51168
2010 270 1241 09 27 20 41 61.5883 8.27518 377.309 377.628 -52.9921 110.699 2.73182
2010 270 1271 09 27 21 11 20.1559 2.74757 376.096 376.769 -16.7356 37.6991 0.511779
2010 270 1301 09 27 21 41 11.6983 1.64544 376.302 376.707 -9.64727 21.8657 -0.0292521
2010 270 1331 09 27 22 11 6.96709 0.981859 376.787 376.947 -5.824 13.2833 -0.299111
2010 270 1361 09 27 22 41 2.49172 0.338601 377.309 377.224 -2.23973 3.75629 -0.536286
2010 270 1391 09 27 23 11 0.106674 0.0118475 377.879 377.537 -0.438793 -0.588774 -0.704001
2010 270 1421 09 27 23 41 0.0622934 0.028445 378.659 377.891 -0.802087 -0.650997 -0.703689
2010 271 11 09 28 00 11 0.211485 0.105815 379.792 379.188 -0.70927 -0.539081 -0.550993
2010 271 41 09 28 00 41 0.0576987 0.0153066 380.298 379.697 -0.644 -0.522387 -0.606744
2010 271 71 09 28 01 11 0.0155509 0.0310844 380.348 379.932 -0.402375 -0.508303 -0.580956
2010 271 101 09 28 01 41 -0.000270512 0.0147064 380.62 380.453 -0.153259 -0.468572 -0.580157
2010 271 131 09 28 02 11 0.0782223 0.0856498 381.511 381.303 -0.202163 -0.371737 -0.514374
2010 271 161 09 28 02 41 0.0435182 0.082339 382.7 382.702 0.0415914 -0.310758 -0.595966
2010 271 191 09 28 03 11 0.0377774 0.0632365 383.868 383.853 0.00909852 -0.364922 -0.394819
2010 271 221 09 28 03 41 0.0615726 0.0722485 384.986 384.915 -0.0604375 -0.346612 -0.578079
2010 271 255 09 28 04 15 -85.0704 -85.0857 298.058 298.049 -85.1181 -85.4748 -85.676
2010 271 285 09 28 04 45 0.0440881 0.027862 387.249 387.305 0.0397702 -0.413866 -0.509738
2010 271 315 09 28 05 15 0.0401754 0.0378524 387.956 387.969 0.00973378 -0.411212 -0.564018
2010 271 345 09 28 05 45 0.0805095 0.100361 390.064 390.007 -0.0384132 -0.386647 -0.520567
2010 271 375 09 28 06 15 0.0467181 0.0541801 391.679 391.646 -0.0257063 -0.487824 -0.478561
2010 271 405 09 28 06 45 0.0140583 0.0138942 391.868 391.787 -0.0792843 -0.43952 -0.53707
2010 271 435 09 28 07 15 0.0666296 0.0644743 392.48 392.381 -0.101982 -0.412657 -0.556995
2010 271 465 09 28 07 45 0.0459368 0.08985 393.744 393.716 0.0157109 -0.140135 -0.507972
2010 271 495 09 28 08 15 0.0479596 0.0785082 395.326 395.281 -0.0144969 -0.275604 -0.276325
2010 271 525 09 28 08 45 0.244183 0.223351 397.976 397.941 -0.0570261 -0.251514 -0.301023
2010 271 555 09 28 09 15 -0.0170139 0.0160847 400.658 400.75 0.125354 -0.291674 -0.0689964
2010 271 585 09 28 09 45 0.054597 0.0174969 399.929 399.76 -0.208224 -0.234424 -0.584213
2010 271 615 09 28 10 15 0.195775 0.167812 402.815 402.851 0.00730364 -0.182556 -0.51715
2010 271 645 09 28 10 45 1.71458 0.423997 404.497 404.561 -1.22757 1.51402 -0.476907
2010 271 675 09 28 11 15 15.8038 3.08025 407.739 407.781 -12.6819 21.7947 0.278229
2010 271 705 09 28 11 45 25.926 4.24388 409.407 410.38 -20.7103 41.7117 0.86597
2010 271 735 09 28 12 15 32.7706 4.61651 409.463 411.403 -26.2139 55.1229 1.15079
2010 271 765 09 28 12 45 76.5115 10.3782 410.174 412.885 -63.4198 128.591 3.51269
2010 271 794 09 28 13 14 104.528 13.9995 411.09 414.669 -86.9493 176.948 5.2205
2010 271 824 09 28 13 44 186.714 24.9974 408.935 418.33 -152.321 317.923 10.2674
2010 271 854 09 28 14 14 133.993 16.457 413.525 419.799 -111.261 238.45 7.42895
2010 271 884 09 28 14 44 121.719 14.3164 416.09 421.061 -102.434 220.146 6.8601
2010 271 914 09 28 15 14 190.711 26.1453 419.669 420.607 -163.627 328.883 10.2726
2010 271 944 09 28 15 44 159.246 21.6937 416.505 421.992 -132.066 271.968 8.99866
2010 271 974 09 28 16 14 256.508 33.358 409.792 422.961 -209.98 443.632 15.3894
2010 271 1004 09 28 16 44 100.363 11.1634 413.836 420.58 -82.4553 182.381 6.07322
2010 271 1034 09 28 17 14 61.8734 6.41304 414.826 419.076 -51.209 116.66 3.54848
2010 271 1064 09 28 17 44 102.31 13.885 416.128 417.636 -86.9157 182.83 5.64584
2010 271 1094 09 28 18 14 189.157 26.8674 416.399 419.548 -159.141 320.739 10.6769
2010 271 1124 09 28 18 44 212.323 27.495 411.478 422.762 -173.545 365.348 12.9213
2010 271 1154 09 28 19 14 223.426 28.5578 415.724 426.257 -184.337 386.963 13.8957
2010 271 1184 09 28 19 44 75.2732 8.93477 415.739 420.553 -61.5249 137.629 4.63703
2010 271 1214 09 28 20 14 79.9429 11.3412 414.706 416.17 -67.1374 139.54 4.37023
2010 271 1244 09 28 20 44 116.173 16.7143 415.346 415.868 -98.9337 195.955 6.23896
2010 271 1274 09 28 21 14 60.9309 8.57913 415.523 416.061 -51.8141 102.695 2.95372
2010 271 1304 09 28 21 44 31.9167 4.68747 415.457 416.351 -26.3346 54.296 1.25074
2010 271 1334 09 28 22 14 9.62106 1.48051 415.838 416.524 -7.45559 16.9213 -0.000261959
2010 271 1363 09 28 22 43 1.5153 0.272656 416.227 416.768 -0.701371 2.41433 -0.4688
2010 271 1393 09 28 23 13 0.165861 0.111434 417.156 417.826 0.61755 -0.0217502 -0.569013
2010 271 1423 09 28 23 43 0.146158 0.132177 417.386 418.241 0.842104 -0.12263 -0.599488
2010 272 13 09 29 00 13 0.593995 0.125982 416.42 417.775 0.885406 -0.120532 -0.606782
2010 272 43 09 29 00 43 0.9163 0.132859 416.171 417.756 0.799107 -0.26916 -0.622099
2010 272 73 09 29 01 13 0.387384 0.165561 415.859 417.785 1.70418 -0.331799 -0.558666
2010 272 103 09 29 01 43 0.6645 -0.0943381 415.328 417.673 1.58474 -0.614348 -0.594587
2010 272 133 09 29 02 13 0.193931 0.161583 415.547 417.278 1.69677 -0.573649 -0.568919
2010 272 163 09 29 02 43 0.0594091 0.18855 415.32 416.553 1.36161 -0.490368 -0.596342
2010 272 193 09 29 03 13 0.253872 0.115436 412.046 416.199 4.01396 -0.526067 -0.600746
2010 272 223 09 29 03 43 0.0786686 0.124937 404.423 414.536 10.16 -0.58094 -0.619402
2010 272 253 09 29 04 13 0.113363 0.0555484 402.148 412.961 10.7535 -0.612609 -0.551316
2010 272 283 09 29 04 43 0.358618 -0.0601526 405.767 412.196 6.01033 -0.703402 -0.638853
2010 272 313 09 29 05 13 0.312018 -0.0724201 403.231 411.404 7.79058 -0.93812 -0.676289
2010 272 343 09 29 05 43 0.388374 -0.261505 407.167 411.22 3.40073 -1.1436 -0.671212
2010 272 373 09 29 06 13 0.135441 -0.389986 406.99 410.974 3.45803 -0.996887 -0.641718
2010 272 403 09 29 06 43 -0.0231666 -0.52731 406.734 410.83 3.59088 -0.82257 -0.662232
2010 272 433 09 29 07 13 -0.0830929 -0.552184 405.051 410.417 4.89852 -0.909322 -0.64503
2010 272 463 09 29 07 43 -0.11537 -0.519211 403.72 409.966 5.84109 -0.878454 -0.66168
2010 272 493 09 29 08 13 -0.36068 -0.337278 397.59 409.278 11.7126 -0.8779 -0.643698
2010 272 522 09 29 08 42 -1.18979 0.282592 376.996 407.022 31.4996 -0.859339 -0.681205
2010 272 552 09 29 09 12 -0.418554 0.1872 389.044 406.869 18.4313 -0.895204 -0.689225
2010 272 582 09 29 09 42 -1.18828 0.36612 371.656 405.024 34.9201 -0.877081 -0.655936
2010 272 612 09 29 10 12 -1.19483 1.12792 353.639 402.67 51.3522 -0.826798 -0.678671
2010 272 642 09 29 10 42 -0.0772586 1.47968 358.663 401.551 44.4442 0.750877 -0.606298
2010 272 672 09 29 11 12 17.242 3.96488 382.731 401.505 5.49636 25.3272 0.273942
2010 272 702 09 29 11 42 34.8972 5.56219 393.642 402.318 -20.6581 55.7035 1.42557
2010 272 732 09 29 12 12 137.93 22.028 356.789 402.681 -70.0088 224.806 10.0608
2010 272 762 09 29 12 42 271.302 40.4146 343.444 406.086 -168.247 442.377 23.0527
2010 272 792 09 29 13 12 315.065 44.3701 341.053 407.3 -204.451 516.237 23.8303
2010 272 822 09 29 13 42 484.996 67.6585 370.895 414.607 -373.624 778.273 32.9778
2010 272 852 09 29 14 12 676.696 92.4633 357.988 417.762 -524.453 1087.78 45.2402
2010 272 882 09 29 14 42 662.765 87.5564 343.736 419.771 -499.169 1076.46 43.865
2010 272 912 09 29 15 12 715.558 93.5635 342.208 423.177 -541.004 1166.78 46.3282
2010 272 942 09 29 15 42 630.461 81.1566 342.756 423.377 -468.687 1034.34 40.1963
2010 272 972 09 29 16 12 750.355 97.874 343.489 426.136 -569.82 1229.35 46.9463
2010 272 1001 09 29 16 41 713.415 92.7673 346.132 425.942 -540.844 1171.22 44.0689
2010 272 1031 09 29 17 11 728.781 94.1868 345.959 428.894 -551.658 1196.03 44.5845
2010 272 1061 09 29 17 41 740.648 98.0725 353.099 430.423 -565.26 1222.14 45.4599
2010 272 1091 09 29 18 11 647.655 83.2041 349.588 431.828 -482.22 1079.11 40.1137
2010 272 1121 09 29 18 41 639.391 83.5275 354.174 434.173 -475.869 1064.99 40.1165
2010 272 1151 09 29 19 11 590.074 76.9115 352.462 433.572 -432.049 988.309 37.6775
2010 272 1181 09 29 19 41 269.065 33.3337 357.888 427.651 -165.969 463.101 17.6079
2010 272 1211 09 29 20 11 225.276 31.0727 372.869 426.597 -140.474 377.303 14.2666
2010 272 1241 09 29 20 41 320.063 47.7245 369.452 429.539 -212.25 534.477 21.5314
2010 272 1271 09 29 21 11 167.376 24.1043 356.906 426.782 -73.3961 288.931 11.6607
2010 272 1301 09 29 21 41 101.581 15.6307 378.661 424.012 -40.5974 169.255 6.18259
2010 272 1331 09 29 22 11 30.5686 4.91346 368.603 420.712 26.4541 54.4904 1.51188
2010 272 1361 09 29 22 41 1.92346 1.27513 381.489 418.237 36.1021 5.77217 -0.324482
2010 272 1391 09 29 23 11 -1.31959 1.17187 380.621 417.34 39.2088 -0.576861 -0.584845
2010 272 1421 09 29 23 41 -2.08204 1.25667 366.989 414.301 50.6515 -0.806766 -0.541174
2010 273 11 09 30 00 11 -2.43988 1.77713 349.867 410.495 64.8419 -0.785417 -0.490786
2010 273 41 09 30 00 41 -1.94357 1.89096 354.575 409.412 58.6713 -0.53003 -0.282569
2010 273 71 09 30 01 11 -0.983389 1.40375 376.899 410.645 36.1336 -0.465478 -0.271532
2010 273 101 09 30 01 41 -1.53005 1.07269 371.719 408.799 39.684 -0.424546 -0.237684
2010 273 131 09 30 02 11 -2.06815 1.48308 356.504 404.497 51.5432 -0.705118 -0.478266
2010 273 160 09 30 02 40 -1.13737 1.68378 365.391 404.202 41.6328 -0.698127 -0.475161
2010 273 190 09 30 03 10 -1.52682 1.67106 358.826 404.379 48.7495 -0.730782 -0.48607
2010 273 220 09 30 03 40 -1.868 1.15605 363.937 400.607 39.6927 -0.664943 -0.543665
2010 273 250 09 30 04 10 -1.5233 1.45198 362.94 397.297 37.3331 -0.719815 -0.575524
2010 273 280 09 30 04 40 -0.235776 1.94799 372.439 398.889 28.6318 -0.644799 -0.518073
2010 273 310 09 30 05 10 0.121523 1.19942 385.872 402.293 17.4957 -0.653603 -0.512037
2010 273 340 09 30 05 40 -0.869772 1.01913 375.986 401.937 27.8408 -0.683983 -0.548103
2010 273 370 09 30 06 10 -0.600866 1.05404 380.247 402.404 23.8133 -0.748927 -0.272655
2010 273 400 09 30 06 40 -0.495987 0.868632 383.758 402.472 20.0807 -0.380802 -0.23608
2010 273 430 09 30 07 10 -1.89627 0.581754 368.542 398.387 32.3212 -0.445015 -0.276644
2010 273 460 09 30 07 40 -0.918822 0.573182 381.153 395.619 15.9602 -0.398682 -0.294445
2010 273 490 09 30 08 10 -0.857607 1.08539 391.336 396.928 7.53349 -0.558366 -0.447939
2010 273 520 09 30 08 40 -1.43969 0.514869 385.235 393.907 10.6273 -0.655614 -0.548083
2010 273 550 09 30 09 10 -0.205415 0.321868 386.278 393.275 7.5247 -0.708947 -0.588734
2010 273 580 09 30 09 40 -0.571818 0.536106 379.001 392.188 14.2953 -0.703438 -0.554967
2010 273 610 09 30 10 10 -0.385643 1.51103 392.431 391.113 0.578499 -0.734114 -0.560378
2010 273 640 09 30 10 40 0.815681 1.57667 394.465 391.968 -1.73534 -0.331304 -0.634551
2010 273 670 09 30 11 10 6.56051 1.94361 395.632 393.827 -6.42328 8.89884 -0.260154
2010 273 700 09 30 11 40 6.70586 1.27854 399.483 398.685 -6.22252 11.2269 -0.141134
2010 273 730 09 30 12 10 19.9412 2.75357 402.546 402.144 -17.5896 35.6239 0.705733
2010 273 760 09 30 12 40 25.4844 3.53423 406.313 405.693 -22.5687 45.7688 1.01353
2010 273 789 09 30 13 09 40.4716 5.18211 409.274 408.644 -35.9209 74.2767 1.9458
2010 273 819 09 30 13 39 28.9148 3.50289 410.612 410.261 -25.7626 54.6261 1.23618
2010 273 849 09 30 14 09 29.0258 3.29598 413.619 413.277 -26.0713 56.8983 1.33227
2010 273 879 09 30 14 39 32.0583 3.34544 417.114 416.746 -29.0784 65.8447 1.68567
2010 273 909 09 30 15 09 27.7853 2.90761 420.294 420.157 -25.0142 57.4115 1.30199
2010 273 939 09 30 15 39 28.6694 3.01565 420.96 420.786 -25.8291 59.2993 1.37477
2010 273 969 09 30 16 09 46.7063 5.14004 422.256 422.046 -41.7739 90.6944 2.43505
2010 273 999 09 30 16 39 48.5665 5.06553 423.166 422.886 -43.7823 97.579 2.6073
2010 273 1029 09 30 17 09 65.6085 7.79398 423.857 423.519 -58.1555 121.249 3.32948
2010 273 1059 09 30 17 39 49.9047 5.54716 423.659 423.574 -44.4425 94.5502 2.61389
2010 273 1089 09 30 18 09 51.0411 5.97933 423.709 423.925 -44.8464 95.6999 2.52898
2010 273 1119 09 30 18 39 44.4259 5.03691 423.975 423.756 -39.6062 83.9239 2.21766
2010 273 1149 09 30 19 09 66.0431 8.2143 422.879 423.805 -56.9018 118.431 3.30721
2010 273 1179 09 30 19 39 46.6628 5.92826 422.051 423.616 -39.1695 83.2791 2.16533
2010 273 1209 09 30 20 09 73.6395 10.0988 423.175 424.124 -62.5919 126.229 3.63188
2010 273 1239 09 30 20 39 43.1239 5.77502 422.29 424.066 -35.5754 72.7639 1.91335
2010 273 1268 09 30 21 08 30.8042 3.61832 421.003 423.814 -24.3719 52.5592 1.31206
2010 273 1298 09 30 21 38 24.4321 3.65064 422.191 423.711 -19.2624 41.3094 0.83961
2010 273 1328 09 30 22 08 15.0236 2.22325 420.197 423.599 -9.39916 23.8362 0.241315
2010 273 1358 09 30 22 38 2.82755 0.29252 418.954 423.747 2.25982 4.64992 -0.41958
2010 273 1388 09 30 23 08 0.0117082 -0.413837 418.687 423.985 4.86935 0.281244 -0.586373
2010 273 1418 09 30 23 38 -0.010385 -0.583195 419.574 424.551 4.40676 -0.884379 -0.577396
2010 274 8 10 01 00 08 -0.0447766 -0.511276 421.095 425.109 3.54625 -1.14051 -0.601179
2010 274 38 10 01 00 38 0.10424 0.0955407 421.66 424.108 2.4399 0.228636 -0.583887
2010 274 68 10 01 01 08 0.289819 0.121657 420.752 424.119 3.19951 0.673623 -0.723822
2010 274 98 10 01 01 38 0.347579 0.227261 420.769 424.226 3.33639 0.87796 -0.605586
2010 274 128 10 01 02 08 0.21036 0.319882 420.896 424.005 3.21899 1.01824 -0.717359
2010 274 158 10 01 02 38 0.305406 0.327957 419.844 424.04 4.21909 1.1623 -0.635929
2010 274 188 10 01 03 08 0.443658 0.0566687 420.333 424.279 3.5584 1.08716 -0.536696
2010 274 218 10 01 03 38 0.57266 -0.0482825 420.749 424.726 3.35848 1.07563 -0.533322
