        RT(hours)          [CH3O2]         L_R_14           L_R_18           P_R_08           tot_loss         tot_prod
  -1.483   0.017   0.81655897E-05   0.49574367E-07   0.27085372E-10   0.18972412E-06   0.49601455E-07   0.18972412E-06
  -1.467   0.033   0.17118576E-04   0.73846450E-07   0.12975303E-09   0.23346026E-06   0.73976205E-07   0.23346026E-06
  -1.450   0.050   0.27435737E-04   0.89395807E-07   0.34089814E-09   0.27421909E-06   0.89736706E-07   0.27421909E-06
  -1.433   0.067   0.39322418E-04   0.10407014E-06   0.70061553E-09   0.31610245E-06   0.10477075E-06   0.31610245E-06
  -1.417   0.083   0.52830884E-04   0.12233325E-06   0.12575436E-08   0.36183081E-06   0.12359080E-06   0.36183081E-06
  -1.400   0.100   0.67929378E-04   0.14691399E-06   0.20694777E-08   0.41308524E-06   0.14898347E-06   0.41308524E-06
  -1.383   0.117   0.84533296E-04   0.17952309E-06   0.32034036E-08   0.47095145E-06   0.18272649E-06   0.47095145E-06
  -1.367   0.133   0.10252623E-03   0.22125430E-06   0.47344917E-08   0.53620260E-06   0.22598879E-06   0.53620260E-06
  -1.350   0.150   0.12177465E-03   0.27283195E-06   0.67438146E-08   0.60944306E-06   0.27957576E-06   0.60944306E-06
  -1.333   0.167   0.14213668E-03   0.33476070E-06   0.93148580E-08   0.69116377E-06   0.34407556E-06   0.69116377E-06
  -1.317   0.183   0.16346617E-03   0.40740571E-06   0.12529121E-07   0.78174942E-06   0.41993483E-06   0.78174942E-06
  -1.300   0.200   0.18561338E-03   0.49102394E-06   0.16461218E-07   0.88146408E-06   0.50748516E-06   0.88146408E-06
  -1.283   0.217   0.20842406E-03   0.58576495E-06   0.21173945E-07   0.99043140E-06   0.60693889E-06   0.99043140E-06
  -1.267   0.233   0.23173818E-03   0.69165626E-06   0.26713734E-07   0.11086187E-05   0.71836999E-06   0.11086187E-05
  -1.250   0.250   0.25538925E-03   0.80858461E-06   0.33106932E-07   0.12358299E-05   0.84169154E-06   0.12358299E-05
  -1.233   0.267   0.27920482E-03   0.93628072E-06   0.40357212E-07   0.13717083E-05   0.97663794E-06   0.13717083E-05
  -1.217   0.283   0.30300817E-03   0.10743120E-05   0.48444374E-07   0.15157505E-05   0.11227564E-05   0.15157505E-05
  -1.200   0.300   0.32662130E-03   0.12220848E-05   0.57324630E-07   0.16673272E-05   0.12794094E-05   0.16673272E-05
  -1.183   0.317   0.34986890E-03   0.13788565E-05   0.66932331E-07   0.18257097E-05   0.14457889E-05   0.18257097E-05
  -1.167   0.333   0.37258276E-03   0.15437565E-05   0.77182978E-07   0.19900994E-05   0.16209395E-05   0.19900994E-05
  -1.150   0.350   0.39460638E-03   0.17158127E-05   0.87977204E-07   0.21596557E-05   0.18037899E-05   0.21596557E-05
  -1.133   0.367   0.41579911E-03   0.18939832E-05   0.99205399E-07   0.23335234E-05   0.19931886E-05   0.23335234E-05
  -1.117   0.383   0.43603965E-03   0.20771891E-05   0.11075256E-06   0.25108548E-05   0.21879416E-05   0.25108548E-05
  -1.100   0.400   0.45522846E-03   0.22643465E-05   0.12250303E-06   0.26908294E-05   0.23868496E-05   0.26908294E-05
  -1.083   0.417   0.47328918E-03   0.24543964E-05   0.13434476E-06   0.28726682E-05   0.25887412E-05   0.28726682E-05
  -1.067   0.433   0.49016883E-03   0.26463294E-05   0.14617298E-06   0.30556449E-05   0.27925024E-05   0.30556449E-05
  -1.050   0.450   0.50583700E-03   0.28392063E-05   0.15789290E-06   0.32390924E-05   0.29970992E-05   0.32390924E-05
  -1.033   0.467   0.52028425E-03   0.30321724E-05   0.16942173E-06   0.34224074E-05   0.32015941E-05   0.34224074E-05
  -1.017   0.483   0.53351980E-03   0.32244666E-05   0.18068966E-06   0.36050511E-05   0.34051563E-05   0.36050511E-05
  -1.000   0.500   0.54556886E-03   0.34154255E-05   0.19164016E-06   0.37865485E-05   0.36070657E-05   0.37865485E-05
  -0.983   0.517   0.55646976E-03   0.36044826E-05   0.20222969E-06   0.39664859E-05   0.38067123E-05   0.39664859E-05
  -0.967   0.533   0.56627100E-03   0.37911647E-05   0.21242678E-06   0.41445075E-05   0.40035915E-05   0.41445075E-05
  -0.950   0.550   0.57502855E-03   0.39750849E-05   0.22221086E-06   0.43203100E-05   0.41972957E-05   0.43203100E-05
  -0.933   0.567   0.58280330E-03   0.41559347E-05   0.23157086E-06   0.44936385E-05   0.43875056E-05   0.44936385E-05
  -0.917   0.583   0.58965885E-03   0.43334746E-05   0.24050371E-06   0.46642809E-05   0.45739783E-05   0.46642809E-05
  -0.900   0.600   0.59565968E-03   0.45075246E-05   0.24901284E-06   0.48320629E-05   0.47565374E-05   0.48320629E-05
  -0.883   0.617   0.60086963E-03   0.46779547E-05   0.25710682E-06   0.49968430E-05   0.49350615E-05   0.49968430E-05
  -0.867   0.633   0.60535075E-03   0.48446765E-05   0.26479809E-06   0.51585083E-05   0.51094746E-05   0.51585083E-05
  -0.850   0.650   0.60916245E-03   0.50076355E-05   0.27210180E-06   0.53169703E-05   0.52797373E-05   0.53169703E-05
  -0.833   0.667   0.61236090E-03   0.51668037E-05   0.27903495E-06   0.54721612E-05   0.54458387E-05   0.54721612E-05
  -0.817   0.683   0.61499869E-03   0.53221745E-05   0.28561556E-06   0.56240308E-05   0.56077901E-05   0.56240308E-05
  -0.800   0.700   0.61712466E-03   0.54737574E-05   0.29186209E-06   0.57725440E-05   0.57656195E-05   0.57725440E-05
  -0.783   0.717   0.61878388E-03   0.56215742E-05   0.29779299E-06   0.59176783E-05   0.59193671E-05   0.59176783E-05
  -0.767   0.733   0.62001770E-03   0.57656559E-05   0.30342630E-06   0.60594221E-05   0.60690822E-05   0.60594221E-05
  -0.750   0.750   0.62086394E-03   0.59060408E-05   0.30877945E-06   0.61977731E-05   0.62148202E-05   0.61977731E-05
  -0.733   0.767   0.62135710E-03   0.60427717E-05   0.31386911E-06   0.63327368E-05   0.63566409E-05   0.63327368E-05
  -0.717   0.783   0.62152857E-03   0.61758958E-05   0.31871104E-06   0.64643260E-05   0.64946068E-05   0.64643260E-05
  -0.700   0.800   0.62140688E-03   0.63054627E-05   0.32332010E-06   0.65925594E-05   0.66287828E-05   0.65925594E-05
  -0.683   0.817   0.62101800E-03   0.64315245E-05   0.32771024E-06   0.67174612E-05   0.67592348E-05   0.67174612E-05
  -0.667   0.833   0.62038554E-03   0.65541351E-05   0.33189448E-06   0.68390605E-05   0.68860296E-05   0.68390605E-05
  -0.650   0.850   0.61953099E-03   0.66733497E-05   0.33588502E-06   0.69573908E-05   0.70092347E-05   0.69573908E-05
  -0.633   0.867   0.61847396E-03   0.67892251E-05   0.33969321E-06   0.70724895E-05   0.71289183E-05   0.70724895E-05
  -0.617   0.883   0.61723236E-03   0.69018193E-05   0.34332967E-06   0.71843978E-05   0.72451489E-05   0.71843978E-05
  -0.600   0.900   0.61582256E-03   0.70111913E-05   0.34680433E-06   0.72931601E-05   0.73579956E-05   0.72931601E-05
  -0.583   0.917   0.61425960E-03   0.71174014E-05   0.35012647E-06   0.73988238E-05   0.74675279E-05   0.73988238E-05
  -0.567   0.933   0.61255729E-03   0.72205110E-05   0.35330479E-06   0.75014392E-05   0.75738158E-05   0.75014392E-05
  -0.550   0.950   0.61072837E-03   0.73205823E-05   0.35634747E-06   0.76010589E-05   0.76769298E-05   0.76010589E-05
  -0.533   0.967   0.60878458E-03   0.74176788E-05   0.35926221E-06   0.76977378E-05   0.77769411E-05   0.76977378E-05
  -0.517   0.983   0.60673679E-03   0.75118647E-05   0.36205627E-06   0.77915327E-05   0.78739210E-05   0.77915327E-05
  -0.500   1.000   0.60459508E-03   0.76032049E-05   0.36473650E-06   0.78825023E-05   0.79679414E-05   0.78825023E-05
  -0.483   1.017   0.60236880E-03   0.76917651E-05   0.36730941E-06   0.79707067E-05   0.80590745E-05   0.79707067E-05
  -0.467   1.033   0.60006667E-03   0.77776117E-05   0.36978115E-06   0.80562071E-05   0.81473928E-05   0.80562071E-05
  -0.450   1.050   0.59769678E-03   0.78608114E-05   0.37215757E-06   0.81390660E-05   0.82329689E-05   0.81390660E-05
  -0.433   1.067   0.59526670E-03   0.79414312E-05   0.37444426E-06   0.82193466E-05   0.83158755E-05   0.82193466E-05
  -0.417   1.083   0.59278349E-03   0.80195386E-05   0.37664651E-06   0.82971128E-05   0.83961851E-05   0.82971128E-05
  -0.400   1.100   0.59025374E-03   0.80952008E-05   0.37876938E-06   0.83724290E-05   0.84739702E-05   0.83724290E-05
  -0.383   1.117   0.58768362E-03   0.81684853E-05   0.38081771E-06   0.84453596E-05   0.85493030E-05   0.84453596E-05
  -0.367   1.133   0.58507890E-03   0.82394591E-05   0.38279611E-06   0.85159694E-05   0.86222552E-05   0.85159694E-05
  -0.350   1.150   0.58244498E-03   0.83081891E-05   0.38470900E-06   0.85843229E-05   0.86928981E-05   0.85843229E-05
  -0.333   1.167   0.57978693E-03   0.83747419E-05   0.38656060E-06   0.86504845E-05   0.87613025E-05   0.86504845E-05
  -0.317   1.183   0.57710949E-03   0.84391833E-05   0.38835494E-06   0.87145181E-05   0.88275382E-05   0.87145181E-05
  -0.300   1.200   0.57441708E-03   0.85015786E-05   0.39009591E-06   0.87764874E-05   0.88916745E-05   0.87764874E-05
  -0.283   1.217   0.57171388E-03   0.85619925E-05   0.39178720E-06   0.88364553E-05   0.89537797E-05   0.88364553E-05
  -0.267   1.233   0.56900378E-03   0.86204887E-05   0.39343236E-06   0.88944838E-05   0.90139211E-05   0.88944838E-05
  -0.250   1.250   0.56629042E-03   0.86771303E-05   0.39503480E-06   0.89506346E-05   0.90721651E-05   0.89506346E-05
  -0.233   1.267   0.56357724E-03   0.87319791E-05   0.39659777E-06   0.90049681E-05   0.91285769E-05   0.90049681E-05
  -0.217   1.283   0.56086742E-03   0.87850962E-05   0.39812440E-06   0.90575439E-05   0.91832206E-05   0.90575439E-05
  -0.200   1.300   0.55816397E-03   0.88365414E-05   0.39961769E-06   0.91084206E-05   0.92361591E-05   0.91084206E-05
  -0.183   1.317   0.55546970E-03   0.88863736E-05   0.40108052E-06   0.91576557E-05   0.92874541E-05   0.91576557E-05
  -0.167   1.333   0.55278722E-03   0.89346505E-05   0.40251563E-06   0.92053056E-05   0.93371661E-05   0.92053056E-05
  -0.150   1.350   0.55011900E-03   0.89814285E-05   0.40392567E-06   0.92514256E-05   0.93853541E-05   0.92514256E-05
  -0.133   1.367   0.54746733E-03   0.90267629E-05   0.40531319E-06   0.92960697E-05   0.94320761E-05   0.92960697E-05
  -0.117   1.383   0.54483437E-03   0.90707078E-05   0.40668061E-06   0.93392907E-05   0.94773884E-05   0.93392907E-05
  -0.100   1.400   0.54222211E-03   0.91133160E-05   0.40803027E-06   0.93811402E-05   0.95213463E-05   0.93811402E-05
  -0.083   1.417   0.53963245E-03   0.91546392E-05   0.40936443E-06   0.94216686E-05   0.95640037E-05   0.94216686E-05
  -0.067   1.433   0.53706713E-03   0.91947276E-05   0.41068525E-06   0.94609249E-05   0.96054129E-05   0.94609249E-05
  -0.050   1.450   0.53452779E-03   0.92336304E-05   0.41199479E-06   0.94989570E-05   0.96456252E-05   0.94989570E-05
  -0.033   1.467   0.53201598E-03   0.92713953E-05   0.41329506E-06   0.95358114E-05   0.96846904E-05   0.95358114E-05
  -0.017   1.483   0.52953311E-03   0.93080691E-05   0.41458798E-06   0.95715334E-05   0.97226570E-05   0.95715334E-05
   0.000   1.500   0.52708052E-03   0.93436970E-05   0.41587540E-06   0.96061671E-05   0.97595724E-05   0.96061671E-05
   0.017   1.517   0.52465948E-03   0.93783232E-05   0.41715911E-06   0.96397551E-05   0.97954824E-05   0.96397551E-05
   0.033   1.533   0.52227114E-03   0.94119908E-05   0.41844083E-06   0.96723390E-05   0.98304317E-05   0.96723390E-05
   0.050   1.550   0.51991661E-03   0.94447415E-05   0.41972223E-06   0.97039591E-05   0.98644638E-05   0.97039591E-05
   0.067   1.567   0.51759690E-03   0.94766160E-05   0.42100492E-06   0.97346545E-05   0.98976209E-05   0.97346545E-05
   0.083   1.583   0.51531299E-03   0.95076538E-05   0.42229045E-06   0.97644632E-05   0.99299442E-05   0.97644632E-05
   0.100   1.600   0.51306577E-03   0.95378932E-05   0.42358033E-06   0.97934218E-05   0.99614735E-05   0.97934218E-05
   0.117   1.617   0.51085609E-03   0.95673716E-05   0.42487603E-06   0.98215660E-05   0.99922477E-05   0.98215660E-05
   0.133   1.633   0.50868475E-03   0.95961254E-05   0.42617898E-06   0.98489301E-05   0.10022304E-04   0.98489301E-05
   0.150   1.650   0.50655250E-03   0.96241896E-05   0.42749055E-06   0.98755477E-05   0.10051680E-04   0.98755477E-05
   0.167   1.667   0.50446005E-03   0.96515987E-05   0.42881211E-06   0.99014508E-05   0.10080411E-04   0.99014508E-05
   0.183   1.683   0.50240810E-03   0.96783859E-05   0.43014497E-06   0.99266708E-05   0.10108531E-04   0.99266708E-05
   0.200   1.700   0.50039727E-03   0.97045835E-05   0.43149044E-06   0.99512379E-05   0.10136074E-04   0.99512379E-05
   0.217   1.717   0.49842818E-03   0.97302231E-05   0.43284977E-06   0.99751812E-05   0.10163073E-04   0.99751812E-05
   0.233   1.733   0.49650143E-03   0.97553353E-05   0.43422421E-06   0.99985289E-05   0.10189560E-04   0.99985289E-05
   0.250   1.750   0.49461760E-03   0.97799499E-05   0.43561501E-06   0.10021308E-04   0.10215565E-04   0.10021308E-04
   0.267   1.767   0.49277723E-03   0.98040958E-05   0.43702337E-06   0.10043546E-04   0.10241119E-04   0.10043546E-04
   0.283   1.783   0.49098086E-03   0.98278015E-05   0.43845050E-06   0.10065267E-04   0.10266252E-04   0.10065267E-04
   0.300   1.800   0.48922904E-03   0.98510943E-05   0.43989759E-06   0.10086496E-04   0.10290992E-04   0.10086496E-04
   0.317   1.817   0.48752228E-03   0.98740011E-05   0.44136584E-06   0.10107257E-04   0.10315367E-04   0.10107257E-04
   0.333   1.833   0.48586110E-03   0.98965483E-05   0.44285643E-06   0.10127572E-04   0.10339405E-04   0.10127572E-04
   0.350   1.850   0.48424605E-03   0.99187613E-05   0.44437056E-06   0.10147465E-04   0.10363132E-04   0.10147465E-04
   0.367   1.867   0.48267763E-03   0.99406654E-05   0.44590943E-06   0.10166955E-04   0.10386575E-04   0.10166955E-04
   0.383   1.883   0.48115638E-03   0.99622849E-05   0.44747425E-06   0.10186065E-04   0.10409759E-04   0.10186065E-04
   0.400   1.900   0.47968287E-03   0.99836441E-05   0.44906622E-06   0.10204814E-04   0.10432710E-04   0.10204814E-04
   0.417   1.917   0.47825763E-03   0.10004766E-04   0.45068660E-06   0.10223220E-04   0.10455453E-04   0.10223220E-04
   0.433   1.933   0.47688127E-03   0.10025675E-04   0.45233663E-06   0.10241304E-04   0.10478012E-04   0.10241304E-04
   0.450   1.950   0.47555437E-03   0.10046394E-04   0.45401760E-06   0.10259082E-04   0.10500411E-04   0.10259082E-04
   0.467   1.967   0.47427758E-03   0.10066944E-04   0.45573082E-06   0.10276572E-04   0.10522675E-04   0.10276572E-04
   0.483   1.983   0.47305154E-03   0.10087349E-04   0.45747763E-06   0.10293791E-04   0.10544826E-04   0.10293791E-04
   0.500   2.000   0.47187696E-03   0.10107630E-04   0.45925942E-06   0.10310756E-04   0.10566889E-04   0.10310756E-04
   0.517   2.017   0.47075456E-03   0.10127810E-04   0.46107762E-06   0.10327481E-04   0.10588887E-04   0.10327481E-04
   0.533   2.033   0.46968513E-03   0.10147910E-04   0.46293371E-06   0.10343983E-04   0.10610843E-04   0.10343983E-04
   0.550   2.050   0.46866948E-03   0.10167952E-04   0.46482921E-06   0.10360276E-04   0.10632782E-04   0.10360276E-04
   0.567   2.067   0.46770849E-03   0.10187959E-04   0.46676572E-06   0.10376375E-04   0.10654725E-04   0.10376375E-04
   0.583   2.083   0.46680311E-03   0.10207953E-04   0.46874490E-06   0.10392293E-04   0.10676698E-04   0.10392293E-04
   0.600   2.100   0.46595433E-03   0.10227955E-04   0.47076849E-06   0.10408044E-04   0.10698723E-04   0.10408044E-04
   0.617   2.117   0.46516324E-03   0.10247987E-04   0.47283831E-06   0.10423641E-04   0.10720826E-04   0.10423641E-04
   0.633   2.133   0.46443097E-03   0.10268074E-04   0.47495627E-06   0.10439098E-04   0.10743030E-04   0.10439098E-04
   0.650   2.150   0.46375877E-03   0.10288237E-04   0.47712437E-06   0.10454426E-04   0.10765362E-04   0.10454426E-04
   0.667   2.167   0.46314796E-03   0.10308501E-04   0.47934475E-06   0.10469639E-04   0.10787846E-04   0.10469639E-04
   0.683   2.183   0.46259999E-03   0.10328890E-04   0.48161965E-06   0.10484748E-04   0.10810510E-04   0.10484748E-04
   0.700   2.200   0.46211640E-03   0.10349428E-04   0.48395144E-06   0.10499766E-04   0.10833380E-04   0.10499766E-04
   0.717   2.217   0.46169884E-03   0.10370142E-04   0.48634265E-06   0.10514703E-04   0.10856485E-04   0.10514703E-04
   0.733   2.233   0.46134913E-03   0.10391058E-04   0.48879595E-06   0.10529572E-04   0.10879854E-04   0.10529572E-04
   0.750   2.250   0.46106921E-03   0.10412203E-04   0.49131420E-06   0.10544385E-04   0.10903517E-04   0.10544385E-04
   0.767   2.267   0.46086118E-03   0.10433607E-04   0.49390047E-06   0.10559152E-04   0.10927507E-04   0.10559152E-04
   0.783   2.283   0.46072733E-03   0.10455300E-04   0.49655800E-06   0.10573886E-04   0.10951858E-04   0.10573886E-04
   0.800   2.300   0.46067012E-03   0.10477313E-04   0.49929030E-06   0.10588597E-04   0.10976604E-04   0.10588597E-04
   0.817   2.317   0.46069224E-03   0.10499681E-04   0.50210112E-06   0.10603299E-04   0.11001782E-04   0.10603299E-04
   0.833   2.333   0.46079662E-03   0.10522439E-04   0.50499450E-06   0.10618001E-04   0.11027433E-04   0.10618001E-04
   0.850   2.350   0.46098640E-03   0.10545624E-04   0.50797479E-06   0.10632718E-04   0.11053599E-04   0.10632718E-04
   0.867   2.367   0.46126505E-03   0.10569278E-04   0.51104667E-06   0.10647460E-04   0.11080324E-04   0.10647460E-04
   0.883   2.383   0.46163632E-03   0.10593442E-04   0.51421523E-06   0.10662240E-04   0.11107657E-04   0.10662240E-04
   0.900   2.400   0.46210431E-03   0.10618163E-04   0.51748597E-06   0.10677072E-04   0.11135649E-04   0.10677072E-04
   0.917   2.417   0.46267351E-03   0.10643491E-04   0.52086484E-06   0.10691970E-04   0.11164356E-04   0.10691970E-04
   0.933   2.433   0.46334880E-03   0.10669479E-04   0.52435833E-06   0.10706946E-04   0.11193837E-04   0.10706946E-04
   0.950   2.450   0.46413554E-03   0.10696185E-04   0.52797350E-06   0.10722018E-04   0.11224159E-04   0.10722018E-04
   0.967   2.467   0.46503963E-03   0.10723672E-04   0.53171805E-06   0.10737199E-04   0.11255390E-04   0.10737199E-04
   0.983   2.483   0.46606750E-03   0.10752008E-04   0.53560041E-06   0.10752508E-04   0.11287609E-04   0.10752508E-04
   1.000   2.500   0.46722619E-03   0.10781287E-04   0.53963157E-06   0.10767904E-04   0.11320919E-04   0.10767904E-04
   1.017   2.517   0.46826640E-03   0.10807576E-04   0.54360668E-06   0.10779781E-04   0.11351182E-04   0.10779781E-04
   1.033   2.533   0.46919055E-03   0.10829974E-04   0.54741847E-06   0.10791572E-04   0.11377392E-04   0.10791572E-04
   1.050   2.550   0.47014327E-03   0.10851588E-04   0.55124551E-06   0.10803325E-04   0.11402834E-04   0.10803325E-04
   1.067   2.567   0.47116469E-03   0.10873223E-04   0.55513993E-06   0.10815068E-04   0.11428363E-04   0.10815068E-04
   1.083   2.583   0.47226852E-03   0.10895114E-04   0.55912145E-06   0.10826829E-04   0.11454235E-04   0.10826829E-04
   1.100   2.600   0.47346139E-03   0.10917350E-04   0.56320034E-06   0.10838631E-04   0.11480551E-04   0.10838631E-04
   1.117   2.617   0.47474784E-03   0.10939980E-04   0.56738366E-06   0.10850494E-04   0.11507364E-04   0.10850494E-04
   1.133   2.633   0.47613165E-03   0.10963037E-04   0.57167719E-06   0.10862433E-04   0.11534714E-04   0.10862433E-04
   1.150   2.650   0.47761637E-03   0.10986547E-04   0.57608613E-06   0.10874460E-04   0.11562633E-04   0.10874460E-04
   1.167   2.667   0.47920549E-03   0.11010535E-04   0.58061549E-06   0.10886589E-04   0.11591150E-04   0.10886589E-04
   1.183   2.683   0.48090252E-03   0.11035023E-04   0.58527021E-06   0.10898830E-04   0.11620293E-04   0.10898830E-04
   1.200   2.700   0.48271104E-03   0.11060032E-04   0.59005532E-06   0.10911196E-04   0.11650087E-04   0.10911196E-04
   1.217   2.717   0.48463475E-03   0.11085582E-04   0.59497589E-06   0.10923700E-04   0.11680558E-04   0.10923700E-04
   1.233   2.733   0.48667742E-03   0.11111693E-04   0.60003716E-06   0.10936352E-04   0.11711730E-04   0.10936352E-04
   1.250   2.750   0.48884296E-03   0.11138383E-04   0.60524445E-06   0.10949167E-04   0.11743627E-04   0.10949167E-04
   1.267   2.767   0.49113534E-03   0.11165668E-04   0.61060321E-06   0.10962157E-04   0.11776271E-04   0.10962157E-04
   1.283   2.783   0.49355864E-03   0.11193565E-04   0.61611897E-06   0.10975336E-04   0.11809684E-04   0.10975336E-04
   1.300   2.800   0.49611698E-03   0.11222087E-04   0.62179737E-06   0.10988720E-04   0.11843885E-04   0.10988720E-04
   1.317   2.817   0.49881453E-03   0.11251246E-04   0.62764405E-06   0.11002323E-04   0.11878890E-04   0.11002323E-04
   1.333   2.833   0.50165547E-03   0.11281049E-04   0.63366465E-06   0.11016160E-04   0.11914714E-04   0.11016160E-04
   1.350   2.850   0.50464394E-03   0.11311503E-04   0.63986478E-06   0.11030248E-04   0.11951367E-04   0.11030248E-04
   1.367   2.867   0.50778399E-03   0.11342607E-04   0.64624990E-06   0.11044603E-04   0.11988857E-04   0.11044603E-04
   1.383   2.883   0.51107955E-03   0.11374358E-04   0.65282530E-06   0.11059243E-04   0.12027183E-04   0.11059243E-04
   1.400   2.900   0.51453436E-03   0.11406746E-04   0.65959600E-06   0.11074185E-04   0.12066342E-04   0.11074185E-04
   1.417   2.917   0.51815187E-03   0.11439756E-04   0.66656663E-06   0.11089448E-04   0.12106322E-04   0.11089448E-04
   1.433   2.933   0.52193518E-03   0.11473363E-04   0.67374134E-06   0.11105049E-04   0.12147104E-04   0.11105049E-04
   1.450   2.950   0.52588694E-03   0.11507536E-04   0.68112365E-06   0.11121006E-04   0.12188659E-04   0.11121006E-04
   1.467   2.967   0.53000926E-03   0.11542233E-04   0.68871637E-06   0.11137338E-04   0.12230949E-04   0.11137338E-04
   1.483   2.983   0.53430355E-03   0.11577402E-04   0.69652134E-06   0.11154063E-04   0.12273924E-04   0.11154063E-04
   1.500   3.000   0.53877046E-03   0.11612981E-04   0.70453940E-06   0.11171197E-04   0.12317520E-04   0.11171197E-04
   1.517   3.017   0.54340969E-03   0.11648892E-04   0.71277008E-06   0.11188759E-04   0.12361662E-04   0.11188759E-04
   1.533   3.033   0.54821990E-03   0.11685047E-04   0.72121154E-06   0.11206763E-04   0.12406259E-04   0.11206763E-04
   1.550   3.050   0.55319856E-03   0.11721345E-04   0.72986032E-06   0.11225222E-04   0.12451206E-04   0.11225222E-04
   1.567   3.067   0.55834182E-03   0.11757669E-04   0.73871122E-06   0.11244151E-04   0.12496380E-04   0.11244151E-04
   1.583   3.083   0.56364443E-03   0.11793889E-04   0.74775713E-06   0.11263558E-04   0.12541646E-04   0.11263558E-04
   1.600   3.100   0.56909958E-03   0.11829863E-04   0.75698889E-06   0.11283452E-04   0.12586852E-04   0.11283452E-04
   1.617   3.117   0.57469889E-03   0.11865437E-04   0.76639528E-06   0.11303836E-04   0.12631832E-04   0.11303836E-04
   1.633   3.133   0.58043236E-03   0.11900445E-04   0.77596288E-06   0.11324713E-04   0.12676408E-04   0.11324713E-04
   1.650   3.150   0.58628836E-03   0.11934716E-04   0.78567617E-06   0.11346079E-04   0.12720392E-04   0.11346079E-04
   1.667   3.167   0.59225372E-03   0.11968073E-04   0.79551761E-06   0.11367927E-04   0.12763590E-04   0.11367927E-04
   1.683   3.183   0.59831383E-03   0.12000336E-04   0.80546776E-06   0.11390248E-04   0.12805804E-04   0.11390248E-04
   1.700   3.200   0.60445276E-03   0.12031330E-04   0.81550556E-06   0.11413024E-04   0.12846836E-04   0.11413024E-04
   1.717   3.217   0.61065356E-03   0.12060887E-04   0.82560861E-06   0.11436236E-04   0.12886495E-04   0.11436236E-04
   1.733   3.233   0.61689848E-03   0.12088848E-04   0.83575359E-06   0.11459860E-04   0.12924601E-04   0.11459860E-04
   1.750   3.250   0.62316927E-03   0.12115071E-04   0.84591660E-06   0.11483864E-04   0.12960988E-04   0.11483864E-04
   1.767   3.267   0.62944753E-03   0.12139435E-04   0.85607370E-06   0.11508218E-04   0.12995509E-04   0.11508218E-04
   1.783   3.283   0.63571507E-03   0.12161840E-04   0.86620135E-06   0.11532882E-04   0.13028041E-04   0.11532882E-04
   1.800   3.300   0.64195420E-03   0.12182212E-04   0.87627685E-06   0.11557817E-04   0.13058489E-04   0.11557817E-04
   1.817   3.317   0.64814813E-03   0.12200507E-04   0.88627881E-06   0.11582979E-04   0.13086786E-04   0.11582979E-04
   1.833   3.333   0.65428116E-03   0.12216706E-04   0.89618748E-06   0.11608323E-04   0.13112894E-04   0.11608323E-04
   1.850   3.350   0.66033898E-03   0.12230820E-04   0.90598507E-06   0.11633802E-04   0.13136805E-04   0.11633802E-04
   1.867   3.367   0.66630881E-03   0.12242886E-04   0.91565596E-06   0.11659370E-04   0.13158542E-04   0.11659370E-04
   1.883   3.383   0.67217954E-03   0.12252966E-04   0.92518684E-06   0.11684978E-04   0.13178152E-04   0.11684978E-04
   1.900   3.400   0.67794175E-03   0.12261140E-04   0.93456677E-06   0.11710579E-04   0.13195707E-04   0.11710579E-04
   1.917   3.417   0.68358772E-03   0.12267511E-04   0.94378708E-06   0.11736128E-04   0.13211298E-04   0.11736128E-04
   1.933   3.433   0.68911137E-03   0.12272192E-04   0.95284136E-06   0.11761582E-04   0.13225033E-04   0.11761582E-04
   1.950   3.450   0.69450820E-03   0.12275308E-04   0.96172523E-06   0.11786897E-04   0.13237033E-04   0.11786897E-04
   1.967   3.467   0.69977507E-03   0.12276989E-04   0.97043616E-06   0.11812035E-04   0.13247425E-04   0.11812035E-04
   1.983   3.483   0.70491015E-03   0.12277370E-04   0.97897328E-06   0.11836958E-04   0.13256343E-04   0.11836958E-04
   2.000   3.500   0.70991270E-03   0.12276584E-04   0.98733710E-06   0.11861634E-04   0.13263921E-04   0.11861634E-04
   2.017   3.517   0.71478294E-03   0.12274762E-04   0.99552930E-06   0.11886030E-04   0.13270292E-04   0.11886030E-04
   2.033   3.533   0.71952187E-03   0.12272031E-04   0.10035525E-05   0.11910119E-04   0.13275584E-04   0.11910119E-04
   2.050   3.550   0.72413114E-03   0.12268510E-04   0.10114101E-05   0.11933876E-04   0.13279920E-04   0.11933876E-04
   2.067   3.567   0.72861291E-03   0.12264309E-04   0.10191059E-05   0.11957279E-04   0.13283415E-04   0.11957279E-04
   2.083   3.583   0.73296974E-03   0.12259533E-04   0.10266443E-05   0.11980309E-04   0.13286178E-04   0.11980309E-04
   2.100   3.600   0.73720445E-03   0.12254276E-04   0.10340299E-05   0.12002948E-04   0.13288305E-04   0.12002948E-04
   2.117   3.617   0.74132009E-03   0.12248621E-04   0.10412672E-05   0.12025183E-04   0.13289888E-04   0.12025183E-04
   2.133   3.633   0.74531982E-03   0.12242645E-04   0.10483611E-05   0.12047001E-04   0.13291006E-04   0.12047001E-04
   2.150   3.650   0.74920688E-03   0.12236415E-04   0.10553162E-05   0.12068393E-04   0.13291731E-04   0.12068393E-04
   2.167   3.667   0.75298451E-03   0.12229989E-04   0.10621371E-05   0.12089352E-04   0.13292126E-04   0.12089352E-04
   2.183   3.683   0.75665595E-03   0.12223418E-04   0.10688284E-05   0.12109871E-04   0.13292247E-04   0.12109871E-04
   2.200   3.700   0.76022440E-03   0.12216747E-04   0.10753942E-05   0.12129946E-04   0.13292141E-04   0.12129946E-04
   2.217   3.717   0.76369297E-03   0.12210012E-04   0.10818389E-05   0.12149574E-04   0.13291851E-04   0.12149574E-04
   2.233   3.733   0.76706471E-03   0.12203246E-04   0.10881662E-05   0.12168754E-04   0.13291412E-04   0.12168754E-04
   2.250   3.750   0.77034256E-03   0.12196473E-04   0.10943801E-05   0.12187486E-04   0.13290853E-04   0.12187486E-04
   2.267   3.767   0.77352939E-03   0.12189716E-04   0.11004840E-05   0.12205769E-04   0.13290199E-04   0.12205769E-04
   2.283   3.783   0.77662795E-03   0.12182991E-04   0.11064812E-05   0.12223607E-04   0.13289472E-04   0.12223607E-04
   2.300   3.800   0.77964089E-03   0.12176313E-04   0.11123752E-05   0.12241001E-04   0.13288689E-04   0.12241001E-04
   2.317   3.817   0.78257076E-03   0.12169693E-04   0.11181687E-05   0.12257955E-04   0.13287862E-04   0.12257955E-04
   2.333   3.833   0.78542002E-03   0.12163138E-04   0.11238647E-05   0.12274472E-04   0.13287002E-04   0.12274472E-04
   2.350   3.850   0.78819103E-03   0.12156653E-04   0.11294660E-05   0.12290556E-04   0.13286119E-04   0.12290556E-04
   2.367   3.867   0.79088606E-03   0.12150243E-04   0.11349749E-05   0.12306214E-04   0.13285218E-04   0.12306214E-04
   2.383   3.883   0.79350729E-03   0.12143910E-04   0.11403941E-05   0.12321449E-04   0.13284304E-04   0.12321449E-04
   2.400   3.900   0.79605682E-03   0.12137653E-04   0.11457256E-05   0.12336267E-04   0.13283379E-04   0.12336267E-04
   2.417   3.917   0.79853665E-03   0.12131473E-04   0.11509718E-05   0.12350675E-04   0.13282445E-04   0.12350675E-04
   2.433   3.933   0.80094874E-03   0.12125369E-04   0.11561347E-05   0.12364677E-04   0.13281503E-04   0.12364677E-04
   2.450   3.950   0.80329494E-03   0.12119337E-04   0.11612162E-05   0.12378280E-04   0.13280553E-04   0.12378280E-04
   2.467   3.967   0.80557707E-03   0.12113375E-04   0.11662183E-05   0.12391491E-04   0.13279593E-04   0.12391491E-04
   2.483   3.983   0.80779684E-03   0.12107480E-04   0.11711426E-05   0.12404315E-04   0.13278622E-04   0.12404315E-04
   2.500   4.000   0.80995595E-03   0.12101648E-04   0.11759909E-05   0.12416760E-04   0.13277639E-04   0.12416760E-04
   2.517   4.017   0.81205598E-03   0.12095875E-04   0.11807649E-05   0.12428831E-04   0.13276640E-04   0.12428831E-04
   2.533   4.033   0.81409852E-03   0.12090157E-04   0.11854660E-05   0.12440536E-04   0.13275623E-04   0.12440536E-04
   2.550   4.050   0.81608505E-03   0.12084490E-04   0.11900958E-05   0.12451880E-04   0.13274585E-04   0.12451880E-04
   2.567   4.067   0.81801705E-03   0.12078869E-04   0.11946558E-05   0.12462870E-04   0.13273524E-04   0.12462870E-04
   2.583   4.083   0.81989590E-03   0.12073290E-04   0.11991472E-05   0.12473513E-04   0.13272437E-04   0.12473513E-04
   2.600   4.100   0.82172297E-03   0.12067749E-04   0.12035715E-05   0.12483814E-04   0.13271320E-04   0.12483814E-04
   2.617   4.117   0.82349958E-03   0.12062241E-04   0.12079298E-05   0.12493781E-04   0.13270171E-04   0.12493781E-04
   2.633   4.133   0.82522701E-03   0.12056763E-04   0.12122235E-05   0.12503420E-04   0.13268986E-04   0.12503420E-04
   2.650   4.150   0.82690648E-03   0.12051310E-04   0.12164538E-05   0.12512736E-04   0.13267764E-04   0.12512736E-04
   2.667   4.167   0.82853920E-03   0.12045878E-04   0.12206217E-05   0.12521736E-04   0.13266500E-04   0.12521736E-04
   2.683   4.183   0.83012632E-03   0.12040464E-04   0.12247283E-05   0.12530426E-04   0.13265193E-04   0.12530426E-04
   2.700   4.200   0.83166896E-03   0.12035064E-04   0.12287749E-05   0.12538811E-04   0.13263839E-04   0.12538811E-04
   2.717   4.217   0.83316823E-03   0.12029674E-04   0.12327624E-05   0.12546898E-04   0.13262437E-04   0.12546898E-04
   2.733   4.233   0.83462517E-03   0.12024291E-04   0.12366918E-05   0.12554692E-04   0.13260983E-04   0.12554692E-04
   2.750   4.250   0.83604081E-03   0.12018912E-04   0.12405641E-05   0.12562199E-04   0.13259476E-04   0.12562199E-04
   2.767   4.267   0.83741616E-03   0.12013534E-04   0.12443802E-05   0.12569425E-04   0.13257914E-04   0.12569425E-04
   2.783   4.283   0.83875217E-03   0.12008153E-04   0.12481411E-05   0.12576374E-04   0.13256294E-04   0.12576374E-04
   2.800   4.300   0.84004978E-03   0.12002768E-04   0.12518477E-05   0.12583052E-04   0.13254615E-04   0.12583052E-04
   2.817   4.317   0.84130992E-03   0.11997374E-04   0.12555008E-05   0.12589464E-04   0.13252875E-04   0.12589464E-04
   2.833   4.333   0.84181383E-03   0.11982911E-04   0.12580194E-05   0.12594920E-04   0.13240930E-04   0.12594920E-04
   2.850   4.350   0.84131926E-03   0.11957376E-04   0.12590737E-05   0.12599029E-04   0.13216449E-04   0.12599029E-04
   2.867   4.367   0.84054429E-03   0.11930498E-04   0.12597504E-05   0.12602206E-04   0.13190248E-04   0.12602206E-04
   2.883   4.383   0.83973462E-03   0.11905341E-04   0.12604136E-05   0.12604632E-04   0.13165754E-04   0.12604632E-04
   2.900   4.400   0.83896046E-03   0.11882555E-04   0.12611644E-05   0.12606426E-04   0.13143720E-04   0.12606426E-04
   2.917   4.417   0.83823243E-03   0.11862018E-04   0.12620144E-05   0.12607672E-04   0.13124032E-04   0.12607672E-04
   2.933   4.433   0.83754318E-03   0.11843406E-04   0.12629483E-05   0.12608432E-04   0.13106354E-04   0.12608432E-04
   2.950   4.450   0.83688183E-03   0.11826391E-04   0.12639455E-05   0.12608757E-04   0.13090336E-04   0.12608757E-04
   2.967   4.467   0.83623840E-03   0.11810688E-04   0.12649870E-05   0.12608685E-04   0.13075675E-04   0.12608685E-04
   2.983   4.483   0.83560492E-03   0.11796065E-04   0.12660574E-05   0.12608249E-04   0.13062123E-04   0.12608249E-04
   3.000   4.500   0.83497532E-03   0.11782337E-04   0.12671445E-05   0.12607476E-04   0.13049481E-04   0.12607476E-04
   3.017   4.517   0.83434516E-03   0.11769353E-04   0.12682389E-05   0.12606392E-04   0.13037592E-04   0.12606392E-04
   3.033   4.533   0.83371120E-03   0.11756996E-04   0.12693334E-05   0.12605018E-04   0.13026329E-04   0.12605018E-04
   3.050   4.550   0.83307115E-03   0.11745168E-04   0.12704226E-05   0.12603372E-04   0.13015591E-04   0.12603372E-04
   3.067   4.567   0.83242342E-03   0.11733791E-04   0.12715022E-05   0.12601473E-04   0.13005293E-04   0.12601473E-04
   3.083   4.583   0.83176694E-03   0.11722799E-04   0.12725692E-05   0.12599335E-04   0.12995368E-04   0.12599335E-04
   3.100   4.600   0.83110100E-03   0.11712139E-04   0.12736211E-05   0.12596972E-04   0.12985760E-04   0.12596972E-04
   3.117   4.617   0.83042521E-03   0.11701767E-04   0.12746561E-05   0.12594397E-04   0.12976423E-04   0.12594397E-04
   3.133   4.633   0.82973938E-03   0.11691643E-04   0.12756729E-05   0.12591621E-04   0.12967316E-04   0.12591621E-04
   3.150   4.650   0.82904348E-03   0.11681737E-04   0.12766704E-05   0.12588656E-04   0.12958407E-04   0.12588656E-04
   3.167   4.667   0.82833759E-03   0.11672020E-04   0.12776480E-05   0.12585509E-04   0.12949668E-04   0.12585509E-04
   3.183   4.683   0.82762189E-03   0.11662470E-04   0.12786052E-05   0.12582191E-04   0.12941075E-04   0.12582191E-04
   3.200   4.700   0.82689662E-03   0.11653066E-04   0.12795416E-05   0.12578710E-04   0.12932607E-04   0.12578710E-04
   3.217   4.717   0.82616207E-03   0.11643790E-04   0.12804570E-05   0.12575072E-04   0.12924248E-04   0.12575072E-04
   3.233   4.733   0.82541855E-03   0.11634629E-04   0.12813514E-05   0.12571286E-04   0.12915980E-04   0.12571286E-04
   3.250   4.750   0.82466641E-03   0.11625568E-04   0.12822248E-05   0.12567358E-04   0.12907793E-04   0.12567358E-04
   3.267   4.767   0.82390599E-03   0.11616596E-04   0.12830771E-05   0.12563293E-04   0.12899673E-04   0.12563293E-04
   3.283   4.783   0.82313765E-03   0.11607702E-04   0.12839086E-05   0.12559098E-04   0.12891611E-04   0.12559098E-04
   3.300   4.800   0.82236177E-03   0.11598878E-04   0.12847194E-05   0.12554778E-04   0.12883598E-04   0.12554778E-04
   3.317   4.817   0.82157870E-03   0.11590117E-04   0.12855097E-05   0.12550338E-04   0.12875626E-04   0.12550338E-04
   3.333   4.833   0.82078881E-03   0.11581410E-04   0.12862796E-05   0.12545782E-04   0.12867689E-04   0.12545782E-04
   3.350   4.850   0.81999244E-03   0.11572752E-04   0.12870296E-05   0.12541115E-04   0.12859781E-04   0.12541115E-04
   3.367   4.867   0.81918995E-03   0.11564137E-04   0.12877597E-05   0.12536342E-04   0.12851896E-04   0.12536342E-04
   3.383   4.883   0.81838167E-03   0.11555560E-04   0.12884702E-05   0.12531465E-04   0.12844030E-04   0.12531465E-04
   3.400   4.900   0.81756793E-03   0.11547018E-04   0.12891615E-05   0.12526489E-04   0.12836179E-04   0.12526489E-04
   3.417   4.917   0.81674906E-03   0.11538505E-04   0.12898338E-05   0.12521418E-04   0.12828339E-04   0.12521418E-04
   3.433   4.933   0.81592536E-03   0.11530019E-04   0.12904873E-05   0.12516253E-04   0.12820506E-04   0.12516253E-04
   3.450   4.950   0.81509713E-03   0.11521556E-04   0.12911224E-05   0.12511000E-04   0.12812679E-04   0.12511000E-04
   3.467   4.967   0.81426467E-03   0.11513114E-04   0.12917393E-05   0.12505660E-04   0.12804854E-04   0.12505660E-04
   3.483   4.983   0.81342826E-03   0.11504690E-04   0.12923383E-05   0.12500237E-04   0.12797028E-04   0.12500237E-04
   3.500   5.000   0.81258816E-03   0.11496282E-04   0.12929196E-05   0.12494733E-04   0.12789201E-04   0.12494733E-04
   3.517   5.017   0.81174463E-03   0.11487887E-04   0.12934836E-05   0.12489151E-04   0.12781370E-04   0.12489151E-04
   3.533   5.033   0.81089793E-03   0.11479504E-04   0.12940304E-05   0.12483492E-04   0.12773534E-04   0.12483492E-04
   3.550   5.050   0.81004830E-03   0.11471131E-04   0.12945604E-05   0.12477761E-04   0.12765691E-04   0.12477761E-04
   3.567   5.067   0.80919596E-03   0.11462766E-04   0.12950737E-05   0.12471958E-04   0.12757840E-04   0.12471958E-04
   3.583   5.083   0.80834115E-03   0.11454409E-04   0.12955707E-05   0.12466086E-04   0.12749980E-04   0.12466086E-04
   3.600   5.100   0.80748407E-03   0.11446058E-04   0.12960516E-05   0.12460146E-04   0.12742109E-04   0.12460146E-04
   3.617   5.117   0.80662492E-03   0.11437711E-04   0.12965165E-05   0.12454142E-04   0.12734227E-04   0.12454142E-04
   3.633   5.133   0.80576392E-03   0.11429368E-04   0.12969659E-05   0.12448074E-04   0.12726334E-04   0.12448074E-04
   3.650   5.150   0.80490124E-03   0.11421028E-04   0.12973998E-05   0.12441944E-04   0.12718427E-04   0.12441944E-04
   3.667   5.167   0.80403708E-03   0.11412689E-04   0.12978184E-05   0.12435754E-04   0.12710508E-04   0.12435754E-04
   3.683   5.183   0.80317159E-03   0.11404352E-04   0.12982221E-05   0.12429506E-04   0.12702574E-04   0.12429506E-04
   3.700   5.200   0.80230496E-03   0.11396015E-04   0.12986110E-05   0.12423201E-04   0.12694626E-04   0.12423201E-04
   3.717   5.217   0.80143734E-03   0.11387678E-04   0.12989852E-05   0.12416841E-04   0.12686663E-04   0.12416841E-04
   3.733   5.233   0.80056888E-03   0.11379340E-04   0.12993451E-05   0.12410426E-04   0.12678685E-04   0.12410426E-04
   3.750   5.250   0.79969973E-03   0.11371001E-04   0.12996908E-05   0.12403959E-04   0.12670692E-04   0.12403959E-04
   3.767   5.267   0.79883004E-03   0.11362660E-04   0.13000224E-05   0.12397441E-04   0.12662682E-04   0.12397441E-04
   3.783   5.283   0.79795994E-03   0.11354316E-04   0.13003402E-05   0.12390873E-04   0.12654656E-04   0.12390873E-04
   3.800   5.300   0.79708956E-03   0.11345969E-04   0.13006443E-05   0.12384255E-04   0.12646614E-04   0.12384255E-04
   3.817   5.317   0.79621903E-03   0.11337620E-04   0.13009350E-05   0.12377590E-04   0.12638555E-04   0.12377590E-04
   3.833   5.333   0.79534845E-03   0.11329266E-04   0.13012123E-05   0.12370878E-04   0.12630478E-04   0.12370878E-04
   3.850   5.350   0.79447796E-03   0.11320909E-04   0.13014764E-05   0.12364120E-04   0.12622385E-04   0.12364120E-04
   3.867   5.367   0.79360765E-03   0.11312547E-04   0.13017275E-05   0.12357317E-04   0.12614275E-04   0.12357317E-04
   3.883   5.383   0.79273763E-03   0.11304181E-04   0.13019657E-05   0.12350471E-04   0.12606147E-04   0.12350471E-04
   3.900   5.400   0.79186801E-03   0.11295810E-04   0.13021912E-05   0.12343581E-04   0.12598001E-04   0.12343581E-04
   3.917   5.417   0.79099887E-03   0.11287434E-04   0.13024041E-05   0.12336650E-04   0.12589838E-04   0.12336650E-04
   3.933   5.433   0.79013031E-03   0.11279052E-04   0.13026045E-05   0.12329677E-04   0.12581657E-04   0.12329677E-04
   3.950   5.450   0.78926242E-03   0.11270665E-04   0.13027926E-05   0.12322664E-04   0.12573458E-04   0.12322664E-04
   3.967   5.467   0.78839528E-03   0.11262272E-04   0.13029686E-05   0.12315612E-04   0.12565241E-04   0.12315612E-04
   3.983   5.483   0.78752897E-03   0.11253873E-04   0.13031324E-05   0.12308520E-04   0.12557006E-04   0.12308520E-04
   4.000   5.500   0.78666356E-03   0.11245468E-04   0.13032844E-05   0.12301390E-04   0.12548752E-04   0.12301390E-04
   4.017   5.517   0.78579914E-03   0.11237056E-04   0.13034244E-05   0.12294222E-04   0.12540480E-04   0.12294222E-04
   4.033   5.533   0.78493576E-03   0.11228637E-04   0.13035528E-05   0.12287017E-04   0.12532190E-04   0.12287017E-04
   4.050   5.550   0.78407349E-03   0.11220212E-04   0.13036695E-05   0.12279776E-04   0.12523881E-04   0.12279776E-04
   4.067   5.567   0.78321241E-03   0.11211779E-04   0.13037747E-05   0.12272499E-04   0.12515554E-04   0.12272499E-04
   4.083   5.583   0.78235256E-03   0.11203339E-04   0.13038686E-05   0.12265186E-04   0.12507208E-04   0.12265186E-04
   4.100   5.600   0.78149400E-03   0.11194892E-04   0.13039510E-05   0.12257839E-04   0.12498843E-04   0.12257839E-04
   4.117   5.617   0.78063679E-03   0.11186436E-04   0.13040223E-05   0.12250457E-04   0.12490459E-04   0.12250457E-04
   4.133   5.633   0.77978098E-03   0.11177973E-04   0.13040824E-05   0.12243041E-04   0.12482056E-04   0.12243041E-04
   4.150   5.650   0.77892661E-03   0.11169502E-04   0.13041315E-05   0.12235591E-04   0.12473634E-04   0.12235591E-04
   4.167   5.667   0.77807374E-03   0.11161023E-04   0.13041696E-05   0.12228109E-04   0.12465193E-04   0.12228109E-04
   4.183   5.683   0.77722241E-03   0.11152535E-04   0.13041968E-05   0.12220593E-04   0.12456732E-04   0.12220593E-04
   4.200   5.700   0.77637265E-03   0.11144039E-04   0.13042133E-05   0.12213045E-04   0.12448252E-04   0.12213045E-04
   4.217   5.717   0.77552451E-03   0.11135533E-04   0.13042189E-05   0.12205464E-04   0.12439752E-04   0.12205464E-04
   4.233   5.733   0.77467803E-03   0.11127019E-04   0.13042139E-05   0.12197852E-04   0.12431233E-04   0.12197852E-04
   4.250   5.750   0.77383323E-03   0.11118495E-04   0.13041983E-05   0.12190208E-04   0.12422693E-04   0.12190208E-04
   4.267   5.767   0.77299016E-03   0.11109962E-04   0.13041722E-05   0.12182533E-04   0.12414134E-04   0.12182533E-04
   4.283   5.783   0.77214883E-03   0.11101419E-04   0.13041355E-05   0.12174827E-04   0.12405554E-04   0.12174827E-04
   4.300   5.800   0.77130928E-03   0.11092866E-04   0.13040885E-05   0.12167089E-04   0.12396955E-04   0.12167089E-04
   4.317   5.817   0.77047153E-03   0.11084303E-04   0.13040311E-05   0.12159321E-04   0.12388334E-04   0.12159321E-04
   4.333   5.833   0.76963562E-03   0.11075730E-04   0.13039633E-05   0.12151522E-04   0.12379693E-04   0.12151522E-04
   4.350   5.850   0.76880155E-03   0.11067146E-04   0.13038853E-05   0.12143692E-04   0.12371031E-04   0.12143692E-04
   4.367   5.867   0.76796936E-03   0.11058551E-04   0.13037971E-05   0.12135832E-04   0.12362348E-04   0.12135832E-04
   4.383   5.883   0.76713906E-03   0.11049945E-04   0.13036987E-05   0.12127942E-04   0.12353644E-04   0.12127942E-04
   4.400   5.900   0.76631067E-03   0.11041327E-04   0.13035902E-05   0.12120021E-04   0.12344918E-04   0.12120021E-04
   4.417   5.917   0.76548420E-03   0.11032698E-04   0.13034716E-05   0.12112071E-04   0.12336170E-04   0.12112071E-04
   4.433   5.933   0.76465966E-03   0.11024057E-04   0.13033429E-05   0.12104090E-04   0.12327400E-04   0.12104090E-04
   4.450   5.950   0.76383708E-03   0.11015404E-04   0.13032042E-05   0.12096079E-04   0.12318608E-04   0.12096079E-04
   4.467   5.967   0.76301646E-03   0.11006738E-04   0.13030555E-05   0.12088038E-04   0.12309794E-04   0.12088038E-04
   4.483   5.983   0.76219781E-03   0.10998060E-04   0.13028968E-05   0.12079966E-04   0.12300957E-04   0.12079966E-04
   4.500   6.000   0.76138114E-03   0.10989368E-04   0.13027282E-05   0.12071864E-04   0.12292097E-04   0.12071864E-04
   4.517   6.017   0.76056645E-03   0.10980663E-04   0.13025497E-05   0.12063732E-04   0.12283213E-04   0.12063732E-04
   4.533   6.033   0.75975376E-03   0.10971945E-04   0.13023613E-05   0.12055570E-04   0.12274306E-04   0.12055570E-04
   4.550   6.050   0.75894306E-03   0.10963212E-04   0.13021630E-05   0.12047377E-04   0.12265375E-04   0.12047377E-04
   4.567   6.067   0.75813435E-03   0.10954465E-04   0.13019548E-05   0.12039154E-04   0.12256420E-04   0.12039154E-04
   4.583   6.083   0.75732765E-03   0.10945703E-04   0.13017368E-05   0.12030900E-04   0.12247440E-04   0.12030900E-04
   4.600   6.100   0.75652295E-03   0.10936926E-04   0.13015089E-05   0.12022615E-04   0.12238435E-04   0.12022615E-04
   4.617   6.117   0.75572024E-03   0.10928134E-04   0.13012713E-05   0.12014299E-04   0.12229405E-04   0.12014299E-04
   4.633   6.133   0.75491953E-03   0.10919325E-04   0.13010238E-05   0.12005952E-04   0.12220349E-04   0.12005952E-04
   4.650   6.150   0.75412081E-03   0.10910501E-04   0.13007664E-05   0.11997573E-04   0.12211267E-04   0.11997573E-04
   4.667   6.167   0.75332408E-03   0.10901660E-04   0.13004993E-05   0.11989163E-04   0.12202159E-04   0.11989163E-04
   4.683   6.183   0.75252933E-03   0.10892802E-04   0.13002224E-05   0.11980721E-04   0.12193024E-04   0.11980721E-04
   4.700   6.200   0.75173656E-03   0.10883927E-04   0.12999356E-05   0.11972247E-04   0.12183862E-04   0.11972247E-04
   4.717   6.217   0.75094575E-03   0.10875033E-04   0.12996390E-05   0.11963740E-04   0.12174672E-04   0.11963740E-04
   4.733   6.233   0.75015691E-03   0.10866122E-04   0.12993326E-05   0.11955201E-04   0.12165454E-04   0.11955201E-04
   4.750   6.250   0.74937001E-03   0.10857192E-04   0.12990164E-05   0.11946628E-04   0.12156208E-04   0.11946628E-04
   4.767   6.267   0.74858505E-03   0.10848242E-04   0.12986903E-05   0.11938023E-04   0.12146932E-04   0.11938023E-04
   4.783   6.283   0.74780202E-03   0.10839273E-04   0.12983544E-05   0.11929383E-04   0.12137628E-04   0.11929383E-04
   4.800   6.300   0.74702090E-03   0.10830284E-04   0.12980085E-05   0.11920710E-04   0.12128293E-04   0.11920710E-04
   4.817   6.317   0.74624167E-03   0.10821275E-04   0.12976528E-05   0.11912003E-04   0.12118927E-04   0.11912003E-04
   4.833   6.333   0.74546434E-03   0.10812244E-04   0.12972872E-05   0.11903260E-04   0.12109531E-04   0.11903260E-04
   4.850   6.350   0.74468887E-03   0.10803192E-04   0.12969117E-05   0.11894483E-04   0.12100103E-04   0.11894483E-04
   4.867   6.367   0.74391526E-03   0.10794118E-04   0.12965262E-05   0.11885670E-04   0.12090644E-04   0.11885670E-04
   4.883   6.383   0.74314347E-03   0.10785021E-04   0.12961307E-05   0.11876820E-04   0.12081151E-04   0.11876820E-04
   4.900   6.400   0.74237351E-03   0.10775901E-04   0.12957252E-05   0.11867935E-04   0.12071626E-04   0.11867935E-04
   4.917   6.417   0.74160534E-03   0.10766757E-04   0.12953096E-05   0.11859012E-04   0.12062067E-04   0.11859012E-04
   4.933   6.433   0.74083895E-03   0.10757589E-04   0.12948840E-05   0.11850052E-04   0.12052473E-04   0.11850052E-04
   4.950   6.450   0.74007432E-03   0.10748396E-04   0.12944483E-05   0.11841055E-04   0.12042845E-04   0.11841055E-04
   4.967   6.467   0.73931142E-03   0.10739178E-04   0.12940024E-05   0.11832018E-04   0.12033181E-04   0.11832018E-04
   4.983   6.483   0.73855023E-03   0.10729934E-04   0.12935464E-05   0.11822943E-04   0.12023481E-04   0.11822943E-04
   5.000   6.500   0.73779073E-03   0.10720664E-04   0.12930801E-05   0.11813828E-04   0.12013744E-04   0.11813828E-04
   5.017   6.517   0.73703289E-03   0.10711366E-04   0.12926035E-05   0.11804673E-04   0.12003970E-04   0.11804673E-04
   5.033   6.533   0.73627669E-03   0.10702040E-04   0.12921167E-05   0.11795478E-04   0.11994157E-04   0.11795478E-04
   5.050   6.550   0.73552210E-03   0.10692686E-04   0.12916195E-05   0.11786241E-04   0.11984306E-04   0.11786241E-04
   5.067   6.567   0.73476910E-03   0.10683303E-04   0.12911119E-05   0.11776962E-04   0.11974415E-04   0.11776962E-04
   5.083   6.583   0.73401766E-03   0.10673890E-04   0.12905938E-05   0.11767641E-04   0.11964484E-04   0.11767641E-04
   5.100   6.600   0.73326774E-03   0.10664447E-04   0.12900652E-05   0.11758277E-04   0.11954512E-04   0.11758277E-04
   5.117   6.617   0.73251933E-03   0.10654972E-04   0.12895261E-05   0.11748868E-04   0.11944498E-04   0.11748868E-04
   5.133   6.633   0.73177239E-03   0.10645466E-04   0.12889763E-05   0.11739415E-04   0.11934442E-04   0.11739415E-04
   5.150   6.650   0.73102689E-03   0.10635927E-04   0.12884159E-05   0.11729917E-04   0.11924342E-04   0.11729917E-04
   5.167   6.667   0.73028279E-03   0.10626354E-04   0.12878447E-05   0.11720373E-04   0.11914199E-04   0.11720373E-04
   5.183   6.683   0.72954007E-03   0.10616748E-04   0.12872626E-05   0.11710783E-04   0.11904011E-04   0.11710783E-04
   5.200   6.700   0.72879870E-03   0.10607107E-04   0.12866698E-05   0.11701144E-04   0.11893777E-04   0.11701144E-04
   5.217   6.717   0.72805864E-03   0.10597430E-04   0.12860659E-05   0.11691458E-04   0.11883496E-04   0.11691458E-04
   5.233   6.733   0.72731985E-03   0.10587717E-04   0.12854511E-05   0.11681723E-04   0.11873168E-04   0.11681723E-04
   5.250   6.750   0.72658230E-03   0.10577967E-04   0.12848251E-05   0.11671937E-04   0.11862792E-04   0.11671937E-04
   5.267   6.767   0.72584595E-03   0.10568179E-04   0.12841881E-05   0.11662102E-04   0.11852367E-04   0.11662102E-04
   5.283   6.783   0.72511078E-03   0.10558352E-04   0.12835397E-05   0.11652214E-04   0.11841892E-04   0.11652214E-04
   5.300   6.800   0.72437673E-03   0.10548486E-04   0.12828801E-05   0.11642275E-04   0.11831366E-04   0.11642275E-04
   5.317   6.817   0.72364378E-03   0.10538579E-04   0.12822090E-05   0.11632282E-04   0.11820788E-04   0.11632282E-04
   5.333   6.833   0.72291188E-03   0.10528630E-04   0.12815265E-05   0.11622234E-04   0.11810157E-04   0.11622234E-04
   5.350   6.850   0.72218099E-03   0.10518640E-04   0.12808324E-05   0.11612132E-04   0.11799472E-04   0.11612132E-04
   5.367   6.867   0.72145108E-03   0.10508606E-04   0.12801267E-05   0.11601974E-04   0.11788733E-04   0.11601974E-04
   5.383   6.883   0.72072210E-03   0.10498528E-04   0.12794092E-05   0.11591759E-04   0.11777938E-04   0.11591759E-04
   5.400   6.900   0.71999401E-03   0.10488406E-04   0.12786798E-05   0.11581486E-04   0.11767086E-04   0.11581486E-04
   5.417   6.917   0.71926677E-03   0.10478237E-04   0.12779386E-05   0.11571154E-04   0.11756176E-04   0.11571154E-04
   5.433   6.933   0.71854033E-03   0.10468022E-04   0.12771853E-05   0.11560763E-04   0.11745207E-04   0.11560763E-04
   5.450   6.950   0.71781465E-03   0.10457759E-04   0.12764198E-05   0.11550310E-04   0.11734179E-04   0.11550310E-04
   5.467   6.967   0.71708969E-03   0.10447447E-04   0.12756422E-05   0.11539795E-04   0.11723089E-04   0.11539795E-04
   5.483   6.983   0.71636540E-03   0.10437085E-04   0.12748522E-05   0.11529218E-04   0.11711937E-04   0.11529218E-04
   5.500   7.000   0.71564173E-03   0.10426672E-04   0.12740498E-05   0.11518576E-04   0.11700722E-04   0.11518576E-04
   5.517   7.017   0.71491864E-03   0.10416208E-04   0.12732348E-05   0.11507868E-04   0.11689443E-04   0.11507868E-04
   5.533   7.033   0.71419607E-03   0.10405690E-04   0.12724072E-05   0.11497095E-04   0.11678098E-04   0.11497095E-04
   5.550   7.050   0.71347399E-03   0.10395119E-04   0.12715668E-05   0.11486254E-04   0.11666686E-04   0.11486254E-04
   5.567   7.067   0.71275234E-03   0.10384492E-04   0.12707135E-05   0.11475344E-04   0.11655206E-04   0.11475344E-04
   5.583   7.083   0.71203107E-03   0.10373810E-04   0.12698472E-05   0.11464364E-04   0.11643657E-04   0.11464364E-04
   5.600   7.100   0.71131013E-03   0.10363070E-04   0.12689678E-05   0.11453314E-04   0.11632037E-04   0.11453314E-04
   5.617   7.117   0.71058946E-03   0.10352271E-04   0.12680752E-05   0.11442190E-04   0.11620346E-04   0.11442190E-04
   5.633   7.133   0.70986902E-03   0.10341413E-04   0.12671692E-05   0.11430994E-04   0.11608582E-04   0.11430994E-04
   5.650   7.150   0.70914876E-03   0.10330494E-04   0.12662497E-05   0.11419722E-04   0.11596743E-04   0.11419722E-04
   5.667   7.167   0.70842861E-03   0.10319513E-04   0.12653165E-05   0.11408374E-04   0.11584829E-04   0.11408374E-04
   5.683   7.183   0.70770852E-03   0.10308468E-04   0.12643696E-05   0.11396949E-04   0.11572838E-04   0.11396949E-04
   5.700   7.200   0.70698845E-03   0.10297360E-04   0.12634088E-05   0.11385445E-04   0.11560769E-04   0.11385445E-04
   5.717   7.217   0.70626832E-03   0.10286185E-04   0.12624340E-05   0.11373861E-04   0.11548619E-04   0.11373861E-04
   5.733   7.233   0.70554809E-03   0.10274944E-04   0.12614450E-05   0.11362195E-04   0.11536389E-04   0.11362195E-04
   5.750   7.250   0.70482769E-03   0.10263634E-04   0.12604416E-05   0.11350446E-04   0.11524076E-04   0.11350446E-04
   5.767   7.267   0.70410707E-03   0.10252255E-04   0.12594239E-05   0.11338612E-04   0.11511679E-04   0.11338612E-04
   5.783   7.283   0.70338617E-03   0.10240805E-04   0.12583915E-05   0.11326693E-04   0.11499197E-04   0.11326693E-04
   5.800   7.300   0.70266492E-03   0.10229283E-04   0.12573443E-05   0.11314687E-04   0.11486627E-04   0.11314687E-04
   5.817   7.317   0.70194327E-03   0.10217687E-04   0.12562823E-05   0.11302591E-04   0.11473969E-04   0.11302591E-04
   5.833   7.333   0.70122114E-03   0.10206016E-04   0.12552052E-05   0.11290405E-04   0.11461221E-04   0.11290405E-04
   5.850   7.350   0.70049849E-03   0.10194268E-04   0.12541128E-05   0.11278127E-04   0.11448381E-04   0.11278127E-04
   5.867   7.367   0.69977524E-03   0.10182443E-04   0.12530051E-05   0.11265756E-04   0.11435448E-04   0.11265756E-04
   5.883   7.383   0.69905133E-03   0.10170538E-04   0.12518819E-05   0.11253289E-04   0.11422420E-04   0.11253289E-04
   5.900   7.400   0.69832670E-03   0.10158553E-04   0.12507429E-05   0.11240726E-04   0.11409296E-04   0.11240726E-04
   5.917   7.417   0.69760127E-03   0.10146485E-04   0.12495880E-05   0.11228064E-04   0.11396073E-04   0.11228064E-04
   5.933   7.433   0.69687498E-03   0.10134334E-04   0.12484171E-05   0.11215302E-04   0.11382751E-04   0.11215302E-04
   5.950   7.450   0.69614775E-03   0.10122097E-04   0.12472299E-05   0.11202438E-04   0.11369327E-04   0.11202438E-04
   5.967   7.467   0.69541953E-03   0.10109773E-04   0.12460264E-05   0.11189471E-04   0.11355799E-04   0.11189471E-04
   5.983   7.483   0.69469024E-03   0.10097360E-04   0.12448062E-05   0.11176398E-04   0.11342167E-04   0.11176398E-04
   6.000   7.500   0.69395981E-03   0.10084858E-04   0.12435693E-05   0.11163219E-04   0.11328427E-04   0.11163219E-04
