        RT(hours)            [CiI]         P_R_09           tot_loss         tot_prod
  -1.483   0.017   0.35727468E-04   0.68863263E-06   0.00000000E+00   0.68863263E-06
  -1.467   0.033   0.81727147E-04   0.84820940E-06   0.00000000E+00   0.84820940E-06
  -1.450   0.050   0.13667128E-03   0.99801485E-06   0.00000000E+00   0.99801485E-06
  -1.433   0.067   0.20041650E-03   0.11532938E-05   0.00000000E+00   0.11532938E-05
  -1.417   0.083   0.27358264E-03   0.13243778E-05   0.00000000E+00   0.13243778E-05
  -1.400   0.100   0.35728420E-03   0.15179529E-05   0.00000000E+00   0.15179529E-05
  -1.383   0.117   0.45296159E-03   0.17386839E-05   0.00000000E+00   0.17386839E-05
  -1.367   0.133   0.56229289E-03   0.19902492E-05   0.00000000E+00   0.19902492E-05
  -1.350   0.150   0.68715173E-03   0.22758710E-05   0.00000000E+00   0.22758710E-05
  -1.333   0.167   0.82958632E-03   0.25985216E-05   0.00000000E+00   0.25985216E-05
  -1.317   0.183   0.99180494E-03   0.29609492E-05   0.00000000E+00   0.29609492E-05
  -1.300   0.200   0.11761600E-02   0.33656181E-05   0.00000000E+00   0.33656181E-05
  -1.283   0.217   0.13851273E-02   0.38146204E-05   0.00000000E+00   0.38146204E-05
  -1.267   0.233   0.16212807E-02   0.43095939E-05   0.00000000E+00   0.43095939E-05
  -1.250   0.250   0.18872620E-02   0.48516644E-05   0.00000000E+00   0.48516644E-05
  -1.233   0.267   0.21857491E-02   0.54414225E-05   0.00000000E+00   0.54414225E-05
  -1.217   0.283   0.25194235E-02   0.60789340E-05   0.00000000E+00   0.60789340E-05
  -1.200   0.300   0.28909400E-02   0.67637821E-05   0.00000000E+00   0.67637821E-05
  -1.183   0.317   0.33028994E-02   0.74951310E-05   0.00000000E+00   0.74951310E-05
  -1.167   0.333   0.37578261E-02   0.82718038E-05   0.00000000E+00   0.82718038E-05
  -1.150   0.350   0.42581501E-02   0.90923656E-05   0.00000000E+00   0.90923656E-05
  -1.133   0.367   0.48061945E-02   0.99552040E-05   0.00000000E+00   0.99552040E-05
  -1.117   0.383   0.54041673E-02   0.10858603E-04   0.00000000E+00   0.10858603E-04
  -1.100   0.400   0.60541582E-02   0.11800810E-04   0.00000000E+00   0.11800810E-04
  -1.083   0.417   0.67581377E-02   0.12780085E-04   0.00000000E+00   0.12780085E-04
  -1.067   0.433   0.75179603E-02   0.13794746E-04   0.00000000E+00   0.13794746E-04
  -1.050   0.450   0.83353694E-02   0.14843201E-04   0.00000000E+00   0.14843201E-04
  -1.033   0.467   0.92120036E-02   0.15923971E-04   0.00000000E+00   0.15923971E-04
  -1.017   0.483   0.10149404E-01   0.17035699E-04   0.00000000E+00   0.17035699E-04
  -1.000   0.500   0.11149024E-01   0.18177161E-04   0.00000000E+00   0.18177161E-04
  -0.983   0.517   0.12212233E-01   0.19347265E-04   0.00000000E+00   0.19347265E-04
  -0.967   0.533   0.13340332E-01   0.20545045E-04   0.00000000E+00   0.20545045E-04
  -0.950   0.550   0.14534552E-01   0.21769652E-04   0.00000000E+00   0.21769652E-04
  -0.933   0.567   0.15796070E-01   0.23020345E-04   0.00000000E+00   0.23020345E-04
  -0.917   0.583   0.17126008E-01   0.24296476E-04   0.00000000E+00   0.24296476E-04
  -0.900   0.600   0.18525442E-01   0.25597477E-04   0.00000000E+00   0.25597477E-04
  -0.883   0.617   0.19995407E-01   0.26922849E-04   0.00000000E+00   0.26922849E-04
  -0.867   0.633   0.21536897E-01   0.28272144E-04   0.00000000E+00   0.28272144E-04
  -0.850   0.650   0.23150872E-01   0.29644959E-04   0.00000000E+00   0.29644959E-04
  -0.833   0.667   0.24838260E-01   0.31040919E-04   0.00000000E+00   0.31040919E-04
  -0.817   0.683   0.26599955E-01   0.32459674E-04   0.00000000E+00   0.32459674E-04
  -0.800   0.700   0.28436822E-01   0.33900885E-04   0.00000000E+00   0.33900885E-04
  -0.783   0.717   0.30349695E-01   0.35364223E-04   0.00000000E+00   0.35364223E-04
  -0.767   0.733   0.32339379E-01   0.36849359E-04   0.00000000E+00   0.36849359E-04
  -0.750   0.750   0.34406649E-01   0.38355965E-04   0.00000000E+00   0.38355965E-04
  -0.733   0.767   0.36552252E-01   0.39883706E-04   0.00000000E+00   0.39883706E-04
  -0.717   0.783   0.38776904E-01   0.41432244E-04   0.00000000E+00   0.41432244E-04
  -0.700   0.800   0.41081290E-01   0.43001232E-04   0.00000000E+00   0.43001232E-04
  -0.683   0.817   0.43466065E-01   0.44590317E-04   0.00000000E+00   0.44590317E-04
  -0.667   0.833   0.45931855E-01   0.46199137E-04   0.00000000E+00   0.46199137E-04
  -0.650   0.850   0.48479251E-01   0.47827327E-04   0.00000000E+00   0.47827327E-04
  -0.633   0.867   0.51108815E-01   0.49474513E-04   0.00000000E+00   0.49474513E-04
  -0.617   0.883   0.53821076E-01   0.51140319E-04   0.00000000E+00   0.51140319E-04
  -0.600   0.900   0.56616532E-01   0.52824364E-04   0.00000000E+00   0.52824364E-04
  -0.583   0.917   0.59495647E-01   0.54526268E-04   0.00000000E+00   0.54526268E-04
  -0.567   0.933   0.62458855E-01   0.56245645E-04   0.00000000E+00   0.56245645E-04
  -0.550   0.950   0.65506556E-01   0.57982113E-04   0.00000000E+00   0.57982113E-04
  -0.533   0.967   0.68639119E-01   0.59735290E-04   0.00000000E+00   0.59735290E-04
  -0.517   0.983   0.71856880E-01   0.61504796E-04   0.00000000E+00   0.61504796E-04
  -0.500   1.000   0.75160143E-01   0.63290255E-04   0.00000000E+00   0.63290255E-04
  -0.483   1.017   0.78549183E-01   0.65091291E-04   0.00000000E+00   0.65091291E-04
  -0.467   1.033   0.82024240E-01   0.66907538E-04   0.00000000E+00   0.66907538E-04
  -0.450   1.050   0.85585525E-01   0.68738629E-04   0.00000000E+00   0.68738629E-04
  -0.433   1.067   0.89233219E-01   0.70584206E-04   0.00000000E+00   0.70584206E-04
  -0.417   1.083   0.92967471E-01   0.72443913E-04   0.00000000E+00   0.72443913E-04
  -0.400   1.100   0.96788400E-01   0.74317403E-04   0.00000000E+00   0.74317403E-04
  -0.383   1.117   0.10069610E+00   0.76204332E-04   0.00000000E+00   0.76204332E-04
  -0.367   1.133   0.10469062E+00   0.78104362E-04   0.00000000E+00   0.78104362E-04
  -0.350   1.150   0.10877200E+00   0.80017161E-04   0.00000000E+00   0.80017161E-04
  -0.333   1.167   0.11294025E+00   0.81942401E-04   0.00000000E+00   0.81942401E-04
  -0.317   1.183   0.11719532E+00   0.83879762E-04   0.00000000E+00   0.83879762E-04
  -0.300   1.200   0.12153718E+00   0.85828926E-04   0.00000000E+00   0.85828926E-04
  -0.283   1.217   0.12596573E+00   0.87789582E-04   0.00000000E+00   0.87789582E-04
  -0.267   1.233   0.13048087E+00   0.89761420E-04   0.00000000E+00   0.89761420E-04
  -0.250   1.250   0.13508246E+00   0.91744138E-04   0.00000000E+00   0.91744138E-04
  -0.233   1.267   0.13977033E+00   0.93737434E-04   0.00000000E+00   0.93737434E-04
  -0.217   1.283   0.14454429E+00   0.95741013E-04   0.00000000E+00   0.95741013E-04
  -0.200   1.300   0.14940411E+00   0.97754580E-04   0.00000000E+00   0.97754580E-04
  -0.183   1.317   0.15434956E+00   0.99777844E-04   0.00000000E+00   0.99777844E-04
  -0.167   1.333   0.15938034E+00   0.10181051E-03   0.00000000E+00   0.10181051E-03
  -0.150   1.350   0.16449617E+00   0.10385230E-03   0.00000000E+00   0.10385230E-03
  -0.133   1.367   0.16969670E+00   0.10590293E-03   0.00000000E+00   0.10590293E-03
  -0.117   1.383   0.17498159E+00   0.10796209E-03   0.00000000E+00   0.10796209E-03
  -0.100   1.400   0.18035043E+00   0.11002952E-03   0.00000000E+00   0.11002952E-03
  -0.083   1.417   0.18580283E+00   0.11210492E-03   0.00000000E+00   0.11210492E-03
  -0.067   1.433   0.19133833E+00   0.11418801E-03   0.00000000E+00   0.11418801E-03
  -0.050   1.450   0.19695646E+00   0.11627849E-03   0.00000000E+00   0.11627849E-03
  -0.033   1.467   0.20265673E+00   0.11837608E-03   0.00000000E+00   0.11837608E-03
  -0.017   1.483   0.20843860E+00   0.12048049E-03   0.00000000E+00   0.12048049E-03
   0.000   1.500   0.21430151E+00   0.12259142E-03   0.00000000E+00   0.12259142E-03
   0.017   1.517   0.22024487E+00   0.12470856E-03   0.00000000E+00   0.12470856E-03
   0.033   1.533   0.22626806E+00   0.12683163E-03   0.00000000E+00   0.12683163E-03
   0.050   1.550   0.23237041E+00   0.12896031E-03   0.00000000E+00   0.12896031E-03
   0.067   1.567   0.23855126E+00   0.13109429E-03   0.00000000E+00   0.13109429E-03
   0.083   1.583   0.24480987E+00   0.13323325E-03   0.00000000E+00   0.13323325E-03
   0.100   1.600   0.25114548E+00   0.13537687E-03   0.00000000E+00   0.13537687E-03
   0.117   1.617   0.25755732E+00   0.13752483E-03   0.00000000E+00   0.13752483E-03
   0.133   1.633   0.26404455E+00   0.13967678E-03   0.00000000E+00   0.13967678E-03
   0.150   1.650   0.27060631E+00   0.14183239E-03   0.00000000E+00   0.14183239E-03
   0.167   1.667   0.27724170E+00   0.14399130E-03   0.00000000E+00   0.14399130E-03
   0.183   1.683   0.28394978E+00   0.14615314E-03   0.00000000E+00   0.14615314E-03
   0.200   1.700   0.29072956E+00   0.14831756E-03   0.00000000E+00   0.14831756E-03
   0.217   1.717   0.29758002E+00   0.15048417E-03   0.00000000E+00   0.15048417E-03
   0.233   1.733   0.30450009E+00   0.15265259E-03   0.00000000E+00   0.15265259E-03
   0.250   1.750   0.31148866E+00   0.15482240E-03   0.00000000E+00   0.15482240E-03
   0.267   1.767   0.31854456E+00   0.15699321E-03   0.00000000E+00   0.15699321E-03
   0.283   1.783   0.32566658E+00   0.15916458E-03   0.00000000E+00   0.15916458E-03
   0.300   1.800   0.33285347E+00   0.16133607E-03   0.00000000E+00   0.16133607E-03
   0.317   1.817   0.34010390E+00   0.16350724E-03   0.00000000E+00   0.16350724E-03
   0.333   1.833   0.34741651E+00   0.16567762E-03   0.00000000E+00   0.16567762E-03
   0.350   1.850   0.35478986E+00   0.16784672E-03   0.00000000E+00   0.16784672E-03
   0.367   1.867   0.36222248E+00   0.17001405E-03   0.00000000E+00   0.17001405E-03
   0.383   1.883   0.36971280E+00   0.17217910E-03   0.00000000E+00   0.17217910E-03
   0.400   1.900   0.37725922E+00   0.17434132E-03   0.00000000E+00   0.17434132E-03
   0.417   1.917   0.38486003E+00   0.17650018E-03   0.00000000E+00   0.17650018E-03
   0.433   1.933   0.39251350E+00   0.17865509E-03   0.00000000E+00   0.17865509E-03
   0.450   1.950   0.40021777E+00   0.18080547E-03   0.00000000E+00   0.18080547E-03
   0.467   1.967   0.40797094E+00   0.18295069E-03   0.00000000E+00   0.18295069E-03
   0.483   1.983   0.41577100E+00   0.18509014E-03   0.00000000E+00   0.18509014E-03
   0.500   2.000   0.42361588E+00   0.18722313E-03   0.00000000E+00   0.18722313E-03
   0.517   2.017   0.43150340E+00   0.18934900E-03   0.00000000E+00   0.18934900E-03
   0.533   2.033   0.43943127E+00   0.19146701E-03   0.00000000E+00   0.19146701E-03
   0.550   2.050   0.44739711E+00   0.19357644E-03   0.00000000E+00   0.19357644E-03
   0.567   2.067   0.45539845E+00   0.19567651E-03   0.00000000E+00   0.19567651E-03
   0.583   2.083   0.46343268E+00   0.19776641E-03   0.00000000E+00   0.19776641E-03
   0.600   2.100   0.47149707E+00   0.19984532E-03   0.00000000E+00   0.19984532E-03
   0.617   2.117   0.47958877E+00   0.20191235E-03   0.00000000E+00   0.20191235E-03
   0.633   2.133   0.48770480E+00   0.20396661E-03   0.00000000E+00   0.20396661E-03
   0.650   2.150   0.49584202E+00   0.20600714E-03   0.00000000E+00   0.20600714E-03
   0.667   2.167   0.50399714E+00   0.20803296E-03   0.00000000E+00   0.20803296E-03
   0.683   2.183   0.51216672E+00   0.21004303E-03   0.00000000E+00   0.21004303E-03
   0.700   2.200   0.52034712E+00   0.21203628E-03   0.00000000E+00   0.21203628E-03
   0.717   2.217   0.52853455E+00   0.21401157E-03   0.00000000E+00   0.21401157E-03
   0.733   2.233   0.53672500E+00   0.21596773E-03   0.00000000E+00   0.21596773E-03
   0.750   2.250   0.54491425E+00   0.21790352E-03   0.00000000E+00   0.21790352E-03
   0.767   2.267   0.55309786E+00   0.21981765E-03   0.00000000E+00   0.21981765E-03
   0.783   2.283   0.56127114E+00   0.22170875E-03   0.00000000E+00   0.22170875E-03
   0.800   2.300   0.56942916E+00   0.22357539E-03   0.00000000E+00   0.22357539E-03
   0.817   2.317   0.57756669E+00   0.22541609E-03   0.00000000E+00   0.22541609E-03
   0.833   2.333   0.58567822E+00   0.22722925E-03   0.00000000E+00   0.22722925E-03
   0.850   2.350   0.59375791E+00   0.22901323E-03   0.00000000E+00   0.22901323E-03
   0.867   2.367   0.60179957E+00   0.23076628E-03   0.00000000E+00   0.23076628E-03
   0.883   2.383   0.60979665E+00   0.23248655E-03   0.00000000E+00   0.23248655E-03
   0.900   2.400   0.61774220E+00   0.23417211E-03   0.00000000E+00   0.23417211E-03
   0.917   2.417   0.62562880E+00   0.23582089E-03   0.00000000E+00   0.23582089E-03
   0.933   2.433   0.63344860E+00   0.23743072E-03   0.00000000E+00   0.23743072E-03
   0.950   2.450   0.64119321E+00   0.23899930E-03   0.00000000E+00   0.23899930E-03
   0.967   2.467   0.64885370E+00   0.24052420E-03   0.00000000E+00   0.24052420E-03
   0.983   2.483   0.65642052E+00   0.24200282E-03   0.00000000E+00   0.24200282E-03
   1.000   2.500   0.66388348E+00   0.24343288E-03   0.00000000E+00   0.24343288E-03
   1.017   2.517   0.67125795E+00   0.24484023E-03   0.00000000E+00   0.24484023E-03
   1.033   2.533   0.67856178E+00   0.24620596E-03   0.00000000E+00   0.24620596E-03
   1.050   2.550   0.68578926E+00   0.24752962E-03   0.00000000E+00   0.24752962E-03
   1.067   2.567   0.69293451E+00   0.24881018E-03   0.00000000E+00   0.24881018E-03
   1.083   2.583   0.69999151E+00   0.25004668E-03   0.00000000E+00   0.25004668E-03
   1.100   2.600   0.70695412E+00   0.25123797E-03   0.00000000E+00   0.25123797E-03
   1.117   2.617   0.71381598E+00   0.25238280E-03   0.00000000E+00   0.25238280E-03
   1.133   2.633   0.72057062E+00   0.25347978E-03   0.00000000E+00   0.25347978E-03
   1.150   2.650   0.72721137E+00   0.25452745E-03   0.00000000E+00   0.25452745E-03
   1.167   2.667   0.73373140E+00   0.25552431E-03   0.00000000E+00   0.25552431E-03
   1.183   2.683   0.74012371E+00   0.25646881E-03   0.00000000E+00   0.25646881E-03
   1.200   2.700   0.74638114E+00   0.25735938E-03   0.00000000E+00   0.25735938E-03
   1.217   2.717   0.75249638E+00   0.25819444E-03   0.00000000E+00   0.25819444E-03
   1.233   2.733   0.75846198E+00   0.25897240E-03   0.00000000E+00   0.25897240E-03
   1.250   2.750   0.76427036E+00   0.25969165E-03   0.00000000E+00   0.25969165E-03
   1.267   2.767   0.76991384E+00   0.26035062E-03   0.00000000E+00   0.26035062E-03
   1.283   2.783   0.77538465E+00   0.26094772E-03   0.00000000E+00   0.26094772E-03
   1.300   2.800   0.78067496E+00   0.26148140E-03   0.00000000E+00   0.26148140E-03
   1.317   2.817   0.78577690E+00   0.26195014E-03   0.00000000E+00   0.26195014E-03
   1.333   2.833   0.79068265E+00   0.26235246E-03   0.00000000E+00   0.26235246E-03
   1.350   2.850   0.79538440E+00   0.26268693E-03   0.00000000E+00   0.26268693E-03
   1.367   2.867   0.79987449E+00   0.26295222E-03   0.00000000E+00   0.26295222E-03
   1.383   2.883   0.80414539E+00   0.26314706E-03   0.00000000E+00   0.26314706E-03
   1.400   2.900   0.80818985E+00   0.26327029E-03   0.00000000E+00   0.26327029E-03
   1.417   2.917   0.81200089E+00   0.26332089E-03   0.00000000E+00   0.26332089E-03
   1.433   2.933   0.81557196E+00   0.26329796E-03   0.00000000E+00   0.26329796E-03
   1.450   2.950   0.81889701E+00   0.26320080E-03   0.00000000E+00   0.26320080E-03
   1.467   2.967   0.82197059E+00   0.26302888E-03   0.00000000E+00   0.26302888E-03
   1.483   2.983   0.82478797E+00   0.26278193E-03   0.00000000E+00   0.26278193E-03
   1.500   3.000   0.82734526E+00   0.26245989E-03   0.00000000E+00   0.26245989E-03
   1.517   3.017   0.82963956E+00   0.26206301E-03   0.00000000E+00   0.26206301E-03
   1.533   3.033   0.83166907E+00   0.26159182E-03   0.00000000E+00   0.26159182E-03
   1.550   3.050   0.83343324E+00   0.26104722E-03   0.00000000E+00   0.26104722E-03
   1.567   3.067   0.83493292E+00   0.26043044E-03   0.00000000E+00   0.26043044E-03
   1.583   3.083   0.83617045E+00   0.25974311E-03   0.00000000E+00   0.25974311E-03
   1.600   3.100   0.83714980E+00   0.25898726E-03   0.00000000E+00   0.25898726E-03
   1.617   3.117   0.83787669E+00   0.25816535E-03   0.00000000E+00   0.25816535E-03
   1.633   3.133   0.83835863E+00   0.25728026E-03   0.00000000E+00   0.25728026E-03
   1.650   3.150   0.83860498E+00   0.25633528E-03   0.00000000E+00   0.25633528E-03
   1.667   3.167   0.83862697E+00   0.25533413E-03   0.00000000E+00   0.25533413E-03
   1.683   3.183   0.83843765E+00   0.25428094E-03   0.00000000E+00   0.25428094E-03
   1.700   3.200   0.83805183E+00   0.25318017E-03   0.00000000E+00   0.25318017E-03
   1.717   3.217   0.83748594E+00   0.25203662E-03   0.00000000E+00   0.25203662E-03
   1.733   3.233   0.83675788E+00   0.25085537E-03   0.00000000E+00   0.25085537E-03
   1.750   3.250   0.83588678E+00   0.24964171E-03   0.00000000E+00   0.24964171E-03
   1.767   3.267   0.83489280E+00   0.24840105E-03   0.00000000E+00   0.24840105E-03
   1.783   3.283   0.83379676E+00   0.24713891E-03   0.00000000E+00   0.24713891E-03
   1.800   3.300   0.83261993E+00   0.24586077E-03   0.00000000E+00   0.24586077E-03
   1.817   3.317   0.83138367E+00   0.24457207E-03   0.00000000E+00   0.24457207E-03
   1.833   3.333   0.83010912E+00   0.24327806E-03   0.00000000E+00   0.24327806E-03
   1.850   3.350   0.82881692E+00   0.24198381E-03   0.00000000E+00   0.24198381E-03
   1.867   3.367   0.82752695E+00   0.24069409E-03   0.00000000E+00   0.24069409E-03
   1.883   3.383   0.82625807E+00   0.23941336E-03   0.00000000E+00   0.23941336E-03
   1.900   3.400   0.82502794E+00   0.23814572E-03   0.00000000E+00   0.23814572E-03
   1.917   3.417   0.82385288E+00   0.23689488E-03   0.00000000E+00   0.23689488E-03
   1.933   3.433   0.82274773E+00   0.23566414E-03   0.00000000E+00   0.23566414E-03
   1.950   3.450   0.82172582E+00   0.23445640E-03   0.00000000E+00   0.23445640E-03
   1.967   3.467   0.82079891E+00   0.23327415E-03   0.00000000E+00   0.23327415E-03
   1.983   3.483   0.81997722E+00   0.23211947E-03   0.00000000E+00   0.23211947E-03
   2.000   3.500   0.81926948E+00   0.23099410E-03   0.00000000E+00   0.23099410E-03
   2.017   3.517   0.81868299E+00   0.22989939E-03   0.00000000E+00   0.22989939E-03
   2.033   3.533   0.81822367E+00   0.22883638E-03   0.00000000E+00   0.22883638E-03
   2.050   3.550   0.81789622E+00   0.22780580E-03   0.00000000E+00   0.22780580E-03
   2.067   3.567   0.81770416E+00   0.22680814E-03   0.00000000E+00   0.22680814E-03
   2.083   3.583   0.81765000E+00   0.22584360E-03   0.00000000E+00   0.22584360E-03
   2.100   3.600   0.81773529E+00   0.22491223E-03   0.00000000E+00   0.22491223E-03
   2.117   3.617   0.81796077E+00   0.22401385E-03   0.00000000E+00   0.22401385E-03
   2.133   3.633   0.81832648E+00   0.22314815E-03   0.00000000E+00   0.22314815E-03
   2.150   3.650   0.81883181E+00   0.22231469E-03   0.00000000E+00   0.22231469E-03
   2.167   3.667   0.81947563E+00   0.22151290E-03   0.00000000E+00   0.22151290E-03
   2.183   3.683   0.82025636E+00   0.22074215E-03   0.00000000E+00   0.22074215E-03
   2.200   3.700   0.82117204E+00   0.22000172E-03   0.00000000E+00   0.22000172E-03
   2.217   3.717   0.82222040E+00   0.21929083E-03   0.00000000E+00   0.21929083E-03
   2.233   3.733   0.82339893E+00   0.21860868E-03   0.00000000E+00   0.21860868E-03
   2.250   3.750   0.82470492E+00   0.21795443E-03   0.00000000E+00   0.21795443E-03
   2.267   3.767   0.82613550E+00   0.21732720E-03   0.00000000E+00   0.21732720E-03
   2.283   3.783   0.82768771E+00   0.21672614E-03   0.00000000E+00   0.21672614E-03
   2.300   3.800   0.82935848E+00   0.21615036E-03   0.00000000E+00   0.21615036E-03
   2.317   3.817   0.83114473E+00   0.21559898E-03   0.00000000E+00   0.21559898E-03
   2.333   3.833   0.83304333E+00   0.21507116E-03   0.00000000E+00   0.21507116E-03
   2.350   3.850   0.83505116E+00   0.21456603E-03   0.00000000E+00   0.21456603E-03
   2.367   3.867   0.83716512E+00   0.21408275E-03   0.00000000E+00   0.21408275E-03
   2.383   3.883   0.83938213E+00   0.21362050E-03   0.00000000E+00   0.21362050E-03
   2.400   3.900   0.84169916E+00   0.21317849E-03   0.00000000E+00   0.21317849E-03
   2.417   3.917   0.84411323E+00   0.21275594E-03   0.00000000E+00   0.21275594E-03
   2.433   3.933   0.84662141E+00   0.21235208E-03   0.00000000E+00   0.21235208E-03
   2.450   3.950   0.84922086E+00   0.21196619E-03   0.00000000E+00   0.21196619E-03
   2.467   3.967   0.85190878E+00   0.21159756E-03   0.00000000E+00   0.21159756E-03
   2.483   3.983   0.85468246E+00   0.21124550E-03   0.00000000E+00   0.21124550E-03
   2.500   4.000   0.85753927E+00   0.21090936E-03   0.00000000E+00   0.21090936E-03
   2.517   4.017   0.86047665E+00   0.21058848E-03   0.00000000E+00   0.21058848E-03
   2.533   4.033   0.86349211E+00   0.21028227E-03   0.00000000E+00   0.21028227E-03
   2.550   4.050   0.86658325E+00   0.20999013E-03   0.00000000E+00   0.20999013E-03
   2.567   4.067   0.86974774E+00   0.20971150E-03   0.00000000E+00   0.20971150E-03
   2.583   4.083   0.87298333E+00   0.20944582E-03   0.00000000E+00   0.20944582E-03
   2.600   4.100   0.87628785E+00   0.20919257E-03   0.00000000E+00   0.20919257E-03
   2.617   4.117   0.87965918E+00   0.20895126E-03   0.00000000E+00   0.20895126E-03
   2.633   4.133   0.88309531E+00   0.20872139E-03   0.00000000E+00   0.20872139E-03
   2.650   4.150   0.88659427E+00   0.20850250E-03   0.00000000E+00   0.20850250E-03
   2.667   4.167   0.89015417E+00   0.20829414E-03   0.00000000E+00   0.20829414E-03
   2.683   4.183   0.89377317E+00   0.20809590E-03   0.00000000E+00   0.20809590E-03
   2.700   4.200   0.89744953E+00   0.20790735E-03   0.00000000E+00   0.20790735E-03
   2.717   4.217   0.90118154E+00   0.20772811E-03   0.00000000E+00   0.20772811E-03
   2.733   4.233   0.90496757E+00   0.20755779E-03   0.00000000E+00   0.20755779E-03
   2.750   4.250   0.90880602E+00   0.20739604E-03   0.00000000E+00   0.20739604E-03
   2.767   4.267   0.91269538E+00   0.20724251E-03   0.00000000E+00   0.20724251E-03
   2.783   4.283   0.91663417E+00   0.20709686E-03   0.00000000E+00   0.20709686E-03
   2.800   4.300   0.92062098E+00   0.20695877E-03   0.00000000E+00   0.20695877E-03
   2.817   4.317   0.92465442E+00   0.20682793E-03   0.00000000E+00   0.20682793E-03
   2.833   4.333   0.92888194E+00   0.20672307E-03   0.00000000E+00   0.20672307E-03
   2.850   4.350   0.93347792E+00   0.20667306E-03   0.00000000E+00   0.20667306E-03
   2.867   4.367   0.93837961E+00   0.20667125E-03   0.00000000E+00   0.20667125E-03
   2.883   4.383   0.94353869E+00   0.20671022E-03   0.00000000E+00   0.20671022E-03
   2.900   4.400   0.94891812E+00   0.20678393E-03   0.00000000E+00   0.20678393E-03
   2.917   4.417   0.95448881E+00   0.20688747E-03   0.00000000E+00   0.20688747E-03
   2.933   4.433   0.96022743E+00   0.20701679E-03   0.00000000E+00   0.20701679E-03
   2.950   4.450   0.96611495E+00   0.20716856E-03   0.00000000E+00   0.20716856E-03
   2.967   4.467   0.97213563E+00   0.20733999E-03   0.00000000E+00   0.20733999E-03
   2.983   4.483   0.97827625E+00   0.20752872E-03   0.00000000E+00   0.20752872E-03
   3.000   4.500   0.98452560E+00   0.20773277E-03   0.00000000E+00   0.20773277E-03
   3.017   4.517   0.99087408E+00   0.20795044E-03   0.00000000E+00   0.20795044E-03
   3.033   4.533   0.99731341E+00   0.20818025E-03   0.00000000E+00   0.20818025E-03
   3.050   4.550   0.10038364E+01   0.20842094E-03   0.00000000E+00   0.20842094E-03
   3.067   4.567   0.10104366E+01   0.20867139E-03   0.00000000E+00   0.20867139E-03
   3.083   4.583   0.10171086E+01   0.20893062E-03   0.00000000E+00   0.20893062E-03
   3.100   4.600   0.10238473E+01   0.20919777E-03   0.00000000E+00   0.20919777E-03
   3.117   4.617   0.10306483E+01   0.20947208E-03   0.00000000E+00   0.20947208E-03
   3.133   4.633   0.10375077E+01   0.20975285E-03   0.00000000E+00   0.20975285E-03
   3.150   4.650   0.10444219E+01   0.21003947E-03   0.00000000E+00   0.21003947E-03
   3.167   4.667   0.10513876E+01   0.21033138E-03   0.00000000E+00   0.21033138E-03
   3.183   4.683   0.10584019E+01   0.21062809E-03   0.00000000E+00   0.21062809E-03
   3.200   4.700   0.10654621E+01   0.21092913E-03   0.00000000E+00   0.21092913E-03
   3.217   4.717   0.10725657E+01   0.21123409E-03   0.00000000E+00   0.21123409E-03
   3.233   4.733   0.10797106E+01   0.21154260E-03   0.00000000E+00   0.21154260E-03
   3.250   4.750   0.10868946E+01   0.21185429E-03   0.00000000E+00   0.21185429E-03
   3.267   4.767   0.10941158E+01   0.21216886E-03   0.00000000E+00   0.21216886E-03
   3.283   4.783   0.11013725E+01   0.21248601E-03   0.00000000E+00   0.21248601E-03
   3.300   4.800   0.11086629E+01   0.21280546E-03   0.00000000E+00   0.21280546E-03
   3.317   4.817   0.11159856E+01   0.21312697E-03   0.00000000E+00   0.21312697E-03
   3.333   4.833   0.11233392E+01   0.21345030E-03   0.00000000E+00   0.21345030E-03
   3.350   4.850   0.11307222E+01   0.21377523E-03   0.00000000E+00   0.21377523E-03
   3.367   4.867   0.11381335E+01   0.21410156E-03   0.00000000E+00   0.21410156E-03
   3.383   4.883   0.11455719E+01   0.21442909E-03   0.00000000E+00   0.21442909E-03
   3.400   4.900   0.11530362E+01   0.21475766E-03   0.00000000E+00   0.21475766E-03
   3.417   4.917   0.11605254E+01   0.21508710E-03   0.00000000E+00   0.21508710E-03
   3.433   4.933   0.11680386E+01   0.21541725E-03   0.00000000E+00   0.21541725E-03
   3.450   4.950   0.11755747E+01   0.21574796E-03   0.00000000E+00   0.21574796E-03
   3.467   4.967   0.11831330E+01   0.21607910E-03   0.00000000E+00   0.21607910E-03
   3.483   4.983   0.11907126E+01   0.21641053E-03   0.00000000E+00   0.21641053E-03
   3.500   5.000   0.11983126E+01   0.21674214E-03   0.00000000E+00   0.21674214E-03
   3.517   5.017   0.12059324E+01   0.21707381E-03   0.00000000E+00   0.21707381E-03
   3.533   5.033   0.12135712E+01   0.21740542E-03   0.00000000E+00   0.21740542E-03
   3.550   5.050   0.12212283E+01   0.21773688E-03   0.00000000E+00   0.21773688E-03
   3.567   5.067   0.12289031E+01   0.21806808E-03   0.00000000E+00   0.21806808E-03
   3.583   5.083   0.12365948E+01   0.21839893E-03   0.00000000E+00   0.21839893E-03
   3.600   5.100   0.12443030E+01   0.21872934E-03   0.00000000E+00   0.21872934E-03
   3.617   5.117   0.12520271E+01   0.21905923E-03   0.00000000E+00   0.21905923E-03
   3.633   5.133   0.12597664E+01   0.21938852E-03   0.00000000E+00   0.21938852E-03
   3.650   5.150   0.12675204E+01   0.21971712E-03   0.00000000E+00   0.21971712E-03
   3.667   5.167   0.12752887E+01   0.22004497E-03   0.00000000E+00   0.22004497E-03
   3.683   5.183   0.12830708E+01   0.22037199E-03   0.00000000E+00   0.22037199E-03
   3.700   5.200   0.12908660E+01   0.22069811E-03   0.00000000E+00   0.22069811E-03
   3.717   5.217   0.12986741E+01   0.22102328E-03   0.00000000E+00   0.22102328E-03
   3.733   5.233   0.13064945E+01   0.22134742E-03   0.00000000E+00   0.22134742E-03
   3.750   5.250   0.13143268E+01   0.22167048E-03   0.00000000E+00   0.22167048E-03
   3.767   5.267   0.13221706E+01   0.22199240E-03   0.00000000E+00   0.22199240E-03
   3.783   5.283   0.13300255E+01   0.22231313E-03   0.00000000E+00   0.22231313E-03
   3.800   5.300   0.13378911E+01   0.22263261E-03   0.00000000E+00   0.22263261E-03
   3.817   5.317   0.13457670E+01   0.22295079E-03   0.00000000E+00   0.22295079E-03
   3.833   5.333   0.13536528E+01   0.22326762E-03   0.00000000E+00   0.22326762E-03
   3.850   5.350   0.13615481E+01   0.22358305E-03   0.00000000E+00   0.22358305E-03
   3.867   5.367   0.13694527E+01   0.22389704E-03   0.00000000E+00   0.22389704E-03
   3.883   5.383   0.13773662E+01   0.22420954E-03   0.00000000E+00   0.22420954E-03
   3.900   5.400   0.13852881E+01   0.22452051E-03   0.00000000E+00   0.22452051E-03
   3.917   5.417   0.13932183E+01   0.22482991E-03   0.00000000E+00   0.22482991E-03
   3.933   5.433   0.14011564E+01   0.22513769E-03   0.00000000E+00   0.22513769E-03
   3.950   5.450   0.14091021E+01   0.22544382E-03   0.00000000E+00   0.22544382E-03
   3.967   5.467   0.14170550E+01   0.22574826E-03   0.00000000E+00   0.22574826E-03
   3.983   5.483   0.14250149E+01   0.22605097E-03   0.00000000E+00   0.22605097E-03
   4.000   5.500   0.14329815E+01   0.22635192E-03   0.00000000E+00   0.22635192E-03
   4.017   5.517   0.14409545E+01   0.22665107E-03   0.00000000E+00   0.22665107E-03
   4.033   5.533   0.14489336E+01   0.22694838E-03   0.00000000E+00   0.22694838E-03
   4.050   5.550   0.14569185E+01   0.22724383E-03   0.00000000E+00   0.22724383E-03
   4.067   5.567   0.14649091E+01   0.22753737E-03   0.00000000E+00   0.22753737E-03
   4.083   5.583   0.14729049E+01   0.22782899E-03   0.00000000E+00   0.22782899E-03
   4.100   5.600   0.14809058E+01   0.22811865E-03   0.00000000E+00   0.22811865E-03
   4.117   5.617   0.14889114E+01   0.22840631E-03   0.00000000E+00   0.22840631E-03
   4.133   5.633   0.14969217E+01   0.22869195E-03   0.00000000E+00   0.22869195E-03
   4.150   5.650   0.15049362E+01   0.22897554E-03   0.00000000E+00   0.22897554E-03
   4.167   5.667   0.15129547E+01   0.22925705E-03   0.00000000E+00   0.22925705E-03
   4.183   5.683   0.15209771E+01   0.22953645E-03   0.00000000E+00   0.22953645E-03
   4.200   5.700   0.15290031E+01   0.22981372E-03   0.00000000E+00   0.22981372E-03
   4.217   5.717   0.15370324E+01   0.23008883E-03   0.00000000E+00   0.23008883E-03
   4.233   5.733   0.15450649E+01   0.23036176E-03   0.00000000E+00   0.23036176E-03
   4.250   5.750   0.15531002E+01   0.23063247E-03   0.00000000E+00   0.23063247E-03
   4.267   5.767   0.15611382E+01   0.23090094E-03   0.00000000E+00   0.23090094E-03
   4.283   5.783   0.15691787E+01   0.23116715E-03   0.00000000E+00   0.23116715E-03
   4.300   5.800   0.15772214E+01   0.23143107E-03   0.00000000E+00   0.23143107E-03
   4.317   5.817   0.15852662E+01   0.23169268E-03   0.00000000E+00   0.23169268E-03
   4.333   5.833   0.15933128E+01   0.23195196E-03   0.00000000E+00   0.23195196E-03
   4.350   5.850   0.16013609E+01   0.23220888E-03   0.00000000E+00   0.23220888E-03
   4.367   5.867   0.16094105E+01   0.23246341E-03   0.00000000E+00   0.23246341E-03
   4.383   5.883   0.16174613E+01   0.23271554E-03   0.00000000E+00   0.23271554E-03
   4.400   5.900   0.16255131E+01   0.23296525E-03   0.00000000E+00   0.23296525E-03
   4.417   5.917   0.16335657E+01   0.23321250E-03   0.00000000E+00   0.23321250E-03
   4.433   5.933   0.16416188E+01   0.23345729E-03   0.00000000E+00   0.23345729E-03
   4.450   5.950   0.16496724E+01   0.23369958E-03   0.00000000E+00   0.23369958E-03
   4.467   5.967   0.16577262E+01   0.23393936E-03   0.00000000E+00   0.23393936E-03
   4.483   5.983   0.16657801E+01   0.23417660E-03   0.00000000E+00   0.23417660E-03
   4.500   6.000   0.16738337E+01   0.23441128E-03   0.00000000E+00   0.23441128E-03
   4.517   6.017   0.16818870E+01   0.23464339E-03   0.00000000E+00   0.23464339E-03
   4.533   6.033   0.16899398E+01   0.23487290E-03   0.00000000E+00   0.23487290E-03
   4.550   6.050   0.16979918E+01   0.23509979E-03   0.00000000E+00   0.23509979E-03
   4.567   6.067   0.17060429E+01   0.23532403E-03   0.00000000E+00   0.23532403E-03
   4.583   6.083   0.17140929E+01   0.23554562E-03   0.00000000E+00   0.23554562E-03
   4.600   6.100   0.17221417E+01   0.23576453E-03   0.00000000E+00   0.23576453E-03
   4.617   6.117   0.17301890E+01   0.23598073E-03   0.00000000E+00   0.23598073E-03
   4.633   6.133   0.17382346E+01   0.23619422E-03   0.00000000E+00   0.23619422E-03
   4.650   6.150   0.17462785E+01   0.23640496E-03   0.00000000E+00   0.23640496E-03
   4.667   6.167   0.17543204E+01   0.23661295E-03   0.00000000E+00   0.23661295E-03
   4.683   6.183   0.17623601E+01   0.23681815E-03   0.00000000E+00   0.23681815E-03
   4.700   6.200   0.17703974E+01   0.23702055E-03   0.00000000E+00   0.23702055E-03
   4.717   6.217   0.17784323E+01   0.23722014E-03   0.00000000E+00   0.23722014E-03
   4.733   6.233   0.17864645E+01   0.23741688E-03   0.00000000E+00   0.23741688E-03
   4.750   6.250   0.17944938E+01   0.23761076E-03   0.00000000E+00   0.23761076E-03
   4.767   6.267   0.18025201E+01   0.23780177E-03   0.00000000E+00   0.23780177E-03
   4.783   6.283   0.18105432E+01   0.23798987E-03   0.00000000E+00   0.23798987E-03
   4.800   6.300   0.18185630E+01   0.23817506E-03   0.00000000E+00   0.23817506E-03
   4.817   6.317   0.18265792E+01   0.23835731E-03   0.00000000E+00   0.23835731E-03
   4.833   6.333   0.18345917E+01   0.23853661E-03   0.00000000E+00   0.23853661E-03
   4.850   6.350   0.18426004E+01   0.23871292E-03   0.00000000E+00   0.23871292E-03
   4.867   6.367   0.18506050E+01   0.23888624E-03   0.00000000E+00   0.23888624E-03
   4.883   6.383   0.18586055E+01   0.23905655E-03   0.00000000E+00   0.23905655E-03
   4.900   6.400   0.18666016E+01   0.23922381E-03   0.00000000E+00   0.23922381E-03
   4.917   6.417   0.18745932E+01   0.23938803E-03   0.00000000E+00   0.23938803E-03
   4.933   6.433   0.18825800E+01   0.23954916E-03   0.00000000E+00   0.23954916E-03
   4.950   6.450   0.18905621E+01   0.23970721E-03   0.00000000E+00   0.23970721E-03
   4.967   6.467   0.18985391E+01   0.23986213E-03   0.00000000E+00   0.23986213E-03
   4.983   6.483   0.19065109E+01   0.24001393E-03   0.00000000E+00   0.24001393E-03
   5.000   6.500   0.19144775E+01   0.24016256E-03   0.00000000E+00   0.24016256E-03
   5.017   6.517   0.19224385E+01   0.24030803E-03   0.00000000E+00   0.24030803E-03
   5.033   6.533   0.19303938E+01   0.24045030E-03   0.00000000E+00   0.24045030E-03
   5.050   6.550   0.19383434E+01   0.24058935E-03   0.00000000E+00   0.24058935E-03
   5.067   6.567   0.19462869E+01   0.24072516E-03   0.00000000E+00   0.24072516E-03
   5.083   6.583   0.19542243E+01   0.24085772E-03   0.00000000E+00   0.24085772E-03
   5.100   6.600   0.19621554E+01   0.24098701E-03   0.00000000E+00   0.24098701E-03
   5.117   6.617   0.19700800E+01   0.24111300E-03   0.00000000E+00   0.24111300E-03
   5.133   6.633   0.19779981E+01   0.24123566E-03   0.00000000E+00   0.24123566E-03
   5.150   6.650   0.19859093E+01   0.24135499E-03   0.00000000E+00   0.24135499E-03
   5.167   6.667   0.19938136E+01   0.24147096E-03   0.00000000E+00   0.24147096E-03
   5.183   6.683   0.20017107E+01   0.24158355E-03   0.00000000E+00   0.24158355E-03
   5.200   6.700   0.20096006E+01   0.24169273E-03   0.00000000E+00   0.24169273E-03
   5.217   6.717   0.20174831E+01   0.24179849E-03   0.00000000E+00   0.24179849E-03
   5.233   6.733   0.20253580E+01   0.24190081E-03   0.00000000E+00   0.24190081E-03
   5.250   6.750   0.20332251E+01   0.24199966E-03   0.00000000E+00   0.24199966E-03
   5.267   6.767   0.20410844E+01   0.24209501E-03   0.00000000E+00   0.24209501E-03
   5.283   6.783   0.20489355E+01   0.24218686E-03   0.00000000E+00   0.24218686E-03
   5.300   6.800   0.20567785E+01   0.24227517E-03   0.00000000E+00   0.24227517E-03
   5.317   6.817   0.20646130E+01   0.24235993E-03   0.00000000E+00   0.24235993E-03
   5.333   6.833   0.20724390E+01   0.24244110E-03   0.00000000E+00   0.24244110E-03
   5.350   6.850   0.20802563E+01   0.24251868E-03   0.00000000E+00   0.24251868E-03
   5.367   6.867   0.20880647E+01   0.24259262E-03   0.00000000E+00   0.24259262E-03
   5.383   6.883   0.20958641E+01   0.24266292E-03   0.00000000E+00   0.24266292E-03
   5.400   6.900   0.21036543E+01   0.24272955E-03   0.00000000E+00   0.24272955E-03
   5.417   6.917   0.21114351E+01   0.24279248E-03   0.00000000E+00   0.24279248E-03
   5.433   6.933   0.21192064E+01   0.24285169E-03   0.00000000E+00   0.24285169E-03
   5.450   6.950   0.21269680E+01   0.24290716E-03   0.00000000E+00   0.24290716E-03
   5.467   6.967   0.21347197E+01   0.24295886E-03   0.00000000E+00   0.24295886E-03
   5.483   6.983   0.21424615E+01   0.24300677E-03   0.00000000E+00   0.24300677E-03
   5.500   7.000   0.21501930E+01   0.24305086E-03   0.00000000E+00   0.24305086E-03
   5.517   7.017   0.21579142E+01   0.24309110E-03   0.00000000E+00   0.24309110E-03
   5.533   7.033   0.21656249E+01   0.24312748E-03   0.00000000E+00   0.24312748E-03
   5.550   7.050   0.21733249E+01   0.24315996E-03   0.00000000E+00   0.24315996E-03
   5.567   7.067   0.21810141E+01   0.24318853E-03   0.00000000E+00   0.24318853E-03
   5.583   7.083   0.21886923E+01   0.24321315E-03   0.00000000E+00   0.24321315E-03
   5.600   7.100   0.21963593E+01   0.24323379E-03   0.00000000E+00   0.24323379E-03
   5.617   7.117   0.22040149E+01   0.24325044E-03   0.00000000E+00   0.24325044E-03
   5.633   7.133   0.22116590E+01   0.24326306E-03   0.00000000E+00   0.24326306E-03
   5.650   7.150   0.22192914E+01   0.24327162E-03   0.00000000E+00   0.24327162E-03
   5.667   7.167   0.22269120E+01   0.24327611E-03   0.00000000E+00   0.24327611E-03
   5.683   7.183   0.22345205E+01   0.24327648E-03   0.00000000E+00   0.24327648E-03
   5.700   7.200   0.22421169E+01   0.24327272E-03   0.00000000E+00   0.24327272E-03
   5.717   7.217   0.22497008E+01   0.24326479E-03   0.00000000E+00   0.24326479E-03
   5.733   7.233   0.22572722E+01   0.24325267E-03   0.00000000E+00   0.24325267E-03
   5.750   7.250   0.22648309E+01   0.24323632E-03   0.00000000E+00   0.24323632E-03
   5.767   7.267   0.22723767E+01   0.24321572E-03   0.00000000E+00   0.24321572E-03
   5.783   7.283   0.22799094E+01   0.24319084E-03   0.00000000E+00   0.24319084E-03
   5.800   7.300   0.22874288E+01   0.24316164E-03   0.00000000E+00   0.24316164E-03
   5.817   7.317   0.22949348E+01   0.24312810E-03   0.00000000E+00   0.24312810E-03
   5.833   7.333   0.23024272E+01   0.24309018E-03   0.00000000E+00   0.24309018E-03
   5.850   7.350   0.23099058E+01   0.24304785E-03   0.00000000E+00   0.24304785E-03
   5.867   7.367   0.23173704E+01   0.24300109E-03   0.00000000E+00   0.24300109E-03
   5.883   7.383   0.23248208E+01   0.24294986E-03   0.00000000E+00   0.24294986E-03
   5.900   7.400   0.23322569E+01   0.24289412E-03   0.00000000E+00   0.24289412E-03
   5.917   7.417   0.23396785E+01   0.24283384E-03   0.00000000E+00   0.24283384E-03
   5.933   7.433   0.23470853E+01   0.24276900E-03   0.00000000E+00   0.24276900E-03
   5.950   7.450   0.23544773E+01   0.24269956E-03   0.00000000E+00   0.24269956E-03
   5.967   7.467   0.23618541E+01   0.24262548E-03   0.00000000E+00   0.24262548E-03
   5.983   7.483   0.23692157E+01   0.24254672E-03   0.00000000E+00   0.24254672E-03
   6.000   7.500   0.23765617E+01   0.24246326E-03   0.00000000E+00   0.24246326E-03
