        RT(hours)           [H2O2]         L_R_12           P_R_17           tot_loss         tot_prod
  -1.483   0.017   0.19044930E-08   0.55094368E-16   0.10285816E-09   0.55094368E-16   0.10285816E-09
  -1.467   0.033   0.19292068E-07   0.68670829E-15   0.53708479E-09   0.68670829E-15   0.53708479E-09
  -1.450   0.050   0.76460010E-07   0.31965783E-14   0.14433119E-08   0.31965783E-14   0.14433119E-08
  -1.433   0.067   0.20605130E-06   0.99294876E-14   0.29677451E-08   0.99294876E-14   0.29677451E-08
  -1.417   0.083   0.45059943E-06   0.24853504E-13   0.52969195E-08   0.24853504E-13   0.52969195E-08
  -1.400   0.100   0.86557579E-06   0.54500630E-13   0.86769479E-08   0.54500630E-13   0.86769479E-08
  -1.383   0.117   0.15233776E-05   0.10934609E-12   0.13425747E-07   0.10934609E-12   0.13425747E-07
  -1.367   0.133   0.25178072E-05   0.20574592E-12   0.19936993E-07   0.20574592E-12   0.19936993E-07
  -1.350   0.150   0.39684992E-05   0.36855054E-12   0.28674436E-07   0.36855054E-12   0.28674436E-07
  -1.333   0.167   0.60247048E-05   0.63446780E-12   0.40156349E-07   0.63446780E-12   0.40156349E-07
  -1.317   0.183   0.88678648E-05   0.10561660E-11   0.54931111E-07   0.10561660E-11   0.54931111E-07
  -1.300   0.200   0.12712500E-04   0.17069912E-11   0.73546081E-07   0.17069912E-11   0.73546081E-07
  -1.283   0.217   0.17805110E-04   0.26860392E-11   0.96512916E-07   0.26860392E-11   0.96512916E-07
  -1.267   0.233   0.24420976E-04   0.41231917E-11   0.12427315E-06   0.41231917E-11   0.12427315E-06
  -1.250   0.250   0.32859012E-04   0.61836361E-11   0.15716790E-06   0.61836361E-11   0.15716790E-06
  -1.233   0.267   0.43435005E-04   0.90713571E-11   0.19541501E-06   0.90713571E-11   0.19541501E-06
  -1.217   0.283   0.56473781E-04   0.13031142E-10   0.23909580E-06   0.13031142E-10   0.23909580E-06
  -1.200   0.300   0.72300888E-04   0.18348774E-10   0.28815236E-06   0.18348774E-10   0.28815236E-06
  -1.183   0.317   0.91234423E-04   0.25349251E-10   0.34239462E-06   0.25349251E-10   0.34239462E-06
  -1.167   0.333   0.11357756E-03   0.34393111E-10   0.40151571E-06   0.34393111E-10   0.40151571E-06
  -1.150   0.350   0.13961217E-03   0.45871069E-10   0.46511322E-06   0.45871069E-10   0.46511322E-06
  -1.133   0.367   0.16959387E-03   0.60197382E-10   0.53271379E-06   0.60197382E-10   0.53271379E-06
  -1.117   0.383   0.20374853E-03   0.77802400E-10   0.60379870E-06   0.77802400E-10   0.60379870E-06
  -1.100   0.400   0.24227034E-03   0.99124799E-10   0.67782849E-06   0.99124799E-10   0.67782849E-06
  -1.083   0.417   0.28532130E-03   0.12460398E-09   0.75426509E-06   0.12460398E-09   0.75426509E-06
  -1.067   0.433   0.33303186E-03   0.15467305E-09   0.83259050E-06   0.15467305E-09   0.83259050E-06
  -1.050   0.450   0.38550264E-03   0.18975261E-09   0.91232158E-06   0.18975261E-09   0.91232158E-06
  -1.033   0.467   0.44280688E-03   0.23024571E-09   0.99302076E-06   0.23024571E-09   0.99302076E-06
  -1.017   0.483   0.50499338E-03   0.27653388E-09   0.10743029E-05   0.27653388E-09   0.10743029E-05
  -1.000   0.500   0.57208981E-03   0.32897437E-09   0.11558388E-05   0.32897437E-09   0.11558388E-05
  -0.983   0.517   0.64410608E-03   0.38789847E-09   0.12373553E-05   0.38789847E-09   0.12373553E-05
  -0.967   0.533   0.72103765E-03   0.45361079E-09   0.13186339E-05   0.45361079E-09   0.13186339E-05
  -0.950   0.550   0.80286874E-03   0.52638930E-09   0.13995067E-05   0.52638930E-09   0.13995067E-05
  -0.933   0.567   0.88957520E-03   0.60648601E-09   0.14798518E-05   0.60648601E-09   0.14798518E-05
  -0.917   0.583   0.98112709E-03   0.69412817E-09   0.15595874E-05   0.69412817E-09   0.15595874E-05
  -0.900   0.600   0.10774910E-02   0.78951964E-09   0.16386665E-05   0.78951964E-09   0.16386665E-05
  -0.883   0.617   0.11786317E-02   0.89284254E-09   0.17170706E-05   0.89284254E-09   0.17170706E-05
  -0.867   0.633   0.12845141E-02   0.10042589E-08   0.17948045E-05   0.10042589E-08   0.17948045E-05
  -0.850   0.650   0.13951041E-02   0.11239125E-08   0.18718914E-05   0.11239125E-08   0.18718914E-05
  -0.833   0.667   0.15103698E-02   0.12519300E-08   0.19483682E-05   0.12519300E-08   0.19483682E-05
  -0.817   0.683   0.16302821E-02   0.13884232E-08   0.20242818E-05   0.13884232E-08   0.20242818E-05
  -0.800   0.700   0.17548151E-02   0.15334898E-08   0.20996860E-05   0.15334898E-08   0.20996860E-05
  -0.783   0.717   0.18839468E-02   0.16872148E-08   0.21746385E-05   0.16872148E-08   0.21746385E-05
  -0.767   0.733   0.20176588E-02   0.18496721E-08   0.22491993E-05   0.18496721E-08   0.22491993E-05
  -0.750   0.750   0.21559367E-02   0.20209249E-08   0.23234287E-05   0.20209249E-08   0.23234287E-05
  -0.733   0.767   0.22987698E-02   0.22010273E-08   0.23973863E-05   0.22010273E-08   0.23973863E-05
  -0.717   0.783   0.24461516E-02   0.23900247E-08   0.24711298E-05   0.23900247E-08   0.24711298E-05
  -0.700   0.800   0.25980788E-02   0.25879550E-08   0.25447151E-05   0.25879550E-08   0.25447151E-05
  -0.683   0.817   0.27545521E-02   0.27948490E-08   0.26181951E-05   0.27948490E-08   0.26181951E-05
  -0.667   0.833   0.29155754E-02   0.30107316E-08   0.26916201E-05   0.30107316E-08   0.26916201E-05
  -0.650   0.850   0.30811557E-02   0.32356220E-08   0.27650374E-05   0.32356220E-08   0.27650374E-05
  -0.633   0.867   0.32513032E-02   0.34695346E-08   0.28384919E-05   0.34695346E-08   0.28384919E-05
  -0.617   0.883   0.34260311E-02   0.37124798E-08   0.29120253E-05   0.37124798E-08   0.29120253E-05
  -0.600   0.900   0.36053552E-02   0.39644642E-08   0.29856772E-05   0.39644642E-08   0.29856772E-05
  -0.583   0.917   0.37892939E-02   0.42254916E-08   0.30594847E-05   0.42254916E-08   0.30594847E-05
  -0.567   0.933   0.39778682E-02   0.44955630E-08   0.31334827E-05   0.44955630E-08   0.31334827E-05
  -0.550   0.950   0.41711014E-02   0.47746779E-08   0.32077041E-05   0.47746779E-08   0.32077041E-05
  -0.533   0.967   0.43690189E-02   0.50628341E-08   0.32821803E-05   0.50628341E-08   0.32821803E-05
  -0.517   0.983   0.45716486E-02   0.53600286E-08   0.33569409E-05   0.53600286E-08   0.33569409E-05
  -0.500   1.000   0.47790201E-02   0.56662580E-08   0.34320140E-05   0.56662580E-08   0.34320140E-05
  -0.483   1.017   0.49911652E-02   0.59815187E-08   0.35074265E-05   0.59815187E-08   0.35074265E-05
  -0.467   1.033   0.52081178E-02   0.63058076E-08   0.35832041E-05   0.63058076E-08   0.35832041E-05
  -0.450   1.050   0.54299133E-02   0.66391223E-08   0.36593716E-05   0.66391223E-08   0.36593716E-05
  -0.433   1.067   0.56565891E-02   0.69814616E-08   0.37359527E-05   0.69814616E-08   0.37359527E-05
  -0.417   1.083   0.58881844E-02   0.73328255E-08   0.38129701E-05   0.73328255E-08   0.38129701E-05
  -0.400   1.100   0.61247400E-02   0.76932161E-08   0.38904461E-05   0.76932161E-08   0.38904461E-05
  -0.383   1.117   0.63662987E-02   0.80626373E-08   0.39684018E-05   0.80626373E-08   0.39684018E-05
  -0.367   1.133   0.66129045E-02   0.84410952E-08   0.40468579E-05   0.84410952E-08   0.40468579E-05
  -0.350   1.150   0.68646034E-02   0.88285986E-08   0.41258344E-05   0.88285986E-08   0.41258344E-05
  -0.333   1.167   0.71214429E-02   0.92251588E-08   0.42053508E-05   0.92251588E-08   0.42053508E-05
  -0.317   1.183   0.73834718E-02   0.96307901E-08   0.42854258E-05   0.96307901E-08   0.42854258E-05
  -0.300   1.200   0.76507408E-02   0.10045510E-07   0.43660777E-05   0.10045510E-07   0.43660777E-05
  -0.283   1.217   0.79233019E-02   0.10469339E-07   0.44473241E-05   0.10469339E-07   0.44473241E-05
  -0.267   1.233   0.82012088E-02   0.10902300E-07   0.45291824E-05   0.10902300E-07   0.45291824E-05
  -0.250   1.250   0.84845164E-02   0.11344422E-07   0.46116693E-05   0.11344422E-07   0.46116693E-05
  -0.233   1.267   0.87732812E-02   0.11795734E-07   0.46948008E-05   0.11795734E-07   0.46948008E-05
  -0.217   1.283   0.90675613E-02   0.12256271E-07   0.47785929E-05   0.12256271E-07   0.47785929E-05
  -0.200   1.300   0.93674159E-02   0.12726072E-07   0.48630606E-05   0.12726072E-07   0.48630606E-05
  -0.183   1.317   0.96729059E-02   0.13205178E-07   0.49482187E-05   0.13205178E-07   0.49482187E-05
  -0.167   1.333   0.99840933E-02   0.13693634E-07   0.50340817E-05   0.13693634E-07   0.50340817E-05
  -0.150   1.350   0.10301042E-01   0.14191490E-07   0.51206632E-05   0.14191490E-07   0.51206632E-05
  -0.133   1.367   0.10623816E-01   0.14698799E-07   0.52079765E-05   0.14698799E-07   0.52079765E-05
  -0.117   1.383   0.10952483E-01   0.15215617E-07   0.52960347E-05   0.15215617E-07   0.52960347E-05
  -0.100   1.400   0.11287109E-01   0.15742007E-07   0.53848501E-05   0.15742007E-07   0.53848501E-05
  -0.083   1.417   0.11627764E-01   0.16278031E-07   0.54744345E-05   0.16278031E-07   0.54744345E-05
  -0.067   1.433   0.11974517E-01   0.16823759E-07   0.55647996E-05   0.16823759E-07   0.55647996E-05
  -0.050   1.450   0.12327441E-01   0.17379264E-07   0.56559561E-05   0.17379264E-07   0.56559561E-05
  -0.033   1.467   0.12686608E-01   0.17944620E-07   0.57479147E-05   0.17944620E-07   0.57479147E-05
  -0.017   1.483   0.13052093E-01   0.18519909E-07   0.58406853E-05   0.18519909E-07   0.58406853E-05
   0.000   1.500   0.13423970E-01   0.19105213E-07   0.59342774E-05   0.19105213E-07   0.59342774E-05
   0.017   1.517   0.13802316E-01   0.19700621E-07   0.60287002E-05   0.19700621E-07   0.60287002E-05
   0.033   1.533   0.14187209E-01   0.20306224E-07   0.61239620E-05   0.20306224E-07   0.61239620E-05
   0.050   1.550   0.14578729E-01   0.20922117E-07   0.62200710E-05   0.20922117E-07   0.62200710E-05
   0.067   1.567   0.14976955E-01   0.21548397E-07   0.63170347E-05   0.21548397E-07   0.63170347E-05
   0.083   1.583   0.15381970E-01   0.22185169E-07   0.64148600E-05   0.22185169E-07   0.64148600E-05
   0.100   1.600   0.15793856E-01   0.22832538E-07   0.65135534E-05   0.22832538E-07   0.65135534E-05
   0.117   1.617   0.16212698E-01   0.23490613E-07   0.66131209E-05   0.23490613E-07   0.66131209E-05
   0.133   1.633   0.16638580E-01   0.24159509E-07   0.67135679E-05   0.24159509E-07   0.67135679E-05
   0.150   1.650   0.17071590E-01   0.24839342E-07   0.68148993E-05   0.24839342E-07   0.68148993E-05
   0.167   1.667   0.17511816E-01   0.25530234E-07   0.69171193E-05   0.25530234E-07   0.69171193E-05
   0.183   1.683   0.17959346E-01   0.26232307E-07   0.70202318E-05   0.26232307E-07   0.70202318E-05
   0.200   1.700   0.18414272E-01   0.26945692E-07   0.71242399E-05   0.26945692E-07   0.71242399E-05
   0.217   1.717   0.18876685E-01   0.27670518E-07   0.72291461E-05   0.27670518E-07   0.72291461E-05
   0.233   1.733   0.19346678E-01   0.28406921E-07   0.73349525E-05   0.28406921E-07   0.73349525E-05
   0.250   1.750   0.19824345E-01   0.29155041E-07   0.74416605E-05   0.29155041E-07   0.74416605E-05
   0.267   1.767   0.20309783E-01   0.29915019E-07   0.75492707E-05   0.29915019E-07   0.75492707E-05
   0.283   1.783   0.20803088E-01   0.30687002E-07   0.76577834E-05   0.30687002E-07   0.76577834E-05
   0.300   1.800   0.21304359E-01   0.31471140E-07   0.77671979E-05   0.31471140E-07   0.77671979E-05
   0.317   1.817   0.21813695E-01   0.32267587E-07   0.78775130E-05   0.32267587E-07   0.78775130E-05
   0.333   1.833   0.22331199E-01   0.33076501E-07   0.79887270E-05   0.33076501E-07   0.79887270E-05
   0.350   1.850   0.22856971E-01   0.33898042E-07   0.81008370E-05   0.33898042E-07   0.81008370E-05
   0.367   1.867   0.23391118E-01   0.34732377E-07   0.82138399E-05   0.34732377E-07   0.82138399E-05
   0.383   1.883   0.23933744E-01   0.35579674E-07   0.83277315E-05   0.35579674E-07   0.83277315E-05
   0.400   1.900   0.24484957E-01   0.36440108E-07   0.84425070E-05   0.36440108E-07   0.84425070E-05
   0.417   1.917   0.25044866E-01   0.37313856E-07   0.85581607E-05   0.37313856E-07   0.85581607E-05
   0.433   1.933   0.25613581E-01   0.38201100E-07   0.86746863E-05   0.38201100E-07   0.86746863E-05
   0.450   1.950   0.26191214E-01   0.39102028E-07   0.87920763E-05   0.39102028E-07   0.87920763E-05
   0.467   1.967   0.26777881E-01   0.40016830E-07   0.89103227E-05   0.40016830E-07   0.89103227E-05
   0.483   1.983   0.27373696E-01   0.40945702E-07   0.90294163E-05   0.40945702E-07   0.90294163E-05
   0.500   2.000   0.27978777E-01   0.41888847E-07   0.91493471E-05   0.41888847E-07   0.91493471E-05
   0.517   2.017   0.28593246E-01   0.42846469E-07   0.92701042E-05   0.42846469E-07   0.92701042E-05
   0.533   2.033   0.29217223E-01   0.43818782E-07   0.93916755E-05   0.43818782E-07   0.93916755E-05
   0.550   2.050   0.29850833E-01   0.44806002E-07   0.95140481E-05   0.44806002E-07   0.95140481E-05
   0.567   2.067   0.30494203E-01   0.45808354E-07   0.96372077E-05   0.45808354E-07   0.96372077E-05
   0.583   2.083   0.31147461E-01   0.46826066E-07   0.97611391E-05   0.46826066E-07   0.97611391E-05
   0.600   2.100   0.31810741E-01   0.47859377E-07   0.98858259E-05   0.47859377E-07   0.98858259E-05
   0.617   2.117   0.32484175E-01   0.48908528E-07   0.10011250E-04   0.48908528E-07   0.10011250E-04
   0.633   2.133   0.33167902E-01   0.49973773E-07   0.10137393E-04   0.49973773E-07   0.10137393E-04
   0.650   2.150   0.33862063E-01   0.51055370E-07   0.10264235E-04   0.51055370E-07   0.10264235E-04
   0.667   2.167   0.34566801E-01   0.52153587E-07   0.10391753E-04   0.52153587E-07   0.10391753E-04
   0.683   2.183   0.35282263E-01   0.53268702E-07   0.10519924E-04   0.53268702E-07   0.10519924E-04
   0.700   2.200   0.36008601E-01   0.54401000E-07   0.10648724E-04   0.54401000E-07   0.10648724E-04
   0.717   2.217   0.36745970E-01   0.55550781E-07   0.10778125E-04   0.55550781E-07   0.10778125E-04
   0.733   2.233   0.37494530E-01   0.56718352E-07   0.10908101E-04   0.56718352E-07   0.10908101E-04
   0.750   2.250   0.38254445E-01   0.57904036E-07   0.11038620E-04   0.57904036E-07   0.11038620E-04
   0.767   2.267   0.39025885E-01   0.59108166E-07   0.11169650E-04   0.59108166E-07   0.11169650E-04
   0.783   2.283   0.39809024E-01   0.60331092E-07   0.11301159E-04   0.60331092E-07   0.11301159E-04
   0.800   2.300   0.40604042E-01   0.61573180E-07   0.11433108E-04   0.61573180E-07   0.11433108E-04
   0.817   2.317   0.41411128E-01   0.62834810E-07   0.11565460E-04   0.62834810E-07   0.11565460E-04
   0.833   2.333   0.42230474E-01   0.64116383E-07   0.11698174E-04   0.64116383E-07   0.11698174E-04
   0.850   2.350   0.43062282E-01   0.65418321E-07   0.11831206E-04   0.65418321E-07   0.11831206E-04
   0.867   2.367   0.43906761E-01   0.66741068E-07   0.11964510E-04   0.66741068E-07   0.11964510E-04
   0.883   2.383   0.44764129E-01   0.68085090E-07   0.12098035E-04   0.68085090E-07   0.12098035E-04
   0.900   2.400   0.45634614E-01   0.69450882E-07   0.12231730E-04   0.69450882E-07   0.12231730E-04
   0.917   2.417   0.46518455E-01   0.70838970E-07   0.12365539E-04   0.70838970E-07   0.12365539E-04
   0.933   2.433   0.47415901E-01   0.72249911E-07   0.12499401E-04   0.72249911E-07   0.12499401E-04
   0.950   2.450   0.48327214E-01   0.73684298E-07   0.12633252E-04   0.73684298E-07   0.12633252E-04
   0.967   2.467   0.49252670E-01   0.75142764E-07   0.12767026E-04   0.75142764E-07   0.12767026E-04
   0.983   2.483   0.50192560E-01   0.76625988E-07   0.12900649E-04   0.76625988E-07   0.12900649E-04
   1.000   2.500   0.51147192E-01   0.78134699E-07   0.13034148E-04   0.78134699E-07   0.13034148E-04
   1.017   2.517   0.52115854E-01   0.79666023E-07   0.13172368E-04   0.79666023E-07   0.13172368E-04
   1.033   2.533   0.53097658E-01   0.81218775E-07   0.13309258E-04   0.81218775E-07   0.13309258E-04
   1.050   2.550   0.54092662E-01   0.82793461E-07   0.13445326E-04   0.82793461E-07   0.13445326E-04
   1.067   2.567   0.55100947E-01   0.84390461E-07   0.13580762E-04   0.84390461E-07   0.13580762E-04
   1.083   2.583   0.56122606E-01   0.86010209E-07   0.13715656E-04   0.86010209E-07   0.13715656E-04
   1.100   2.600   0.57157736E-01   0.87653129E-07   0.13850037E-04   0.87653129E-07   0.13850037E-04
   1.117   2.617   0.58206437E-01   0.89319624E-07   0.13983893E-04   0.89319624E-07   0.13983893E-04
   1.133   2.633   0.59268811E-01   0.91010084E-07   0.14117187E-04   0.91010084E-07   0.14117187E-04
   1.150   2.650   0.60344958E-01   0.92724898E-07   0.14249866E-04   0.92724898E-07   0.14249866E-04
   1.167   2.667   0.61434977E-01   0.94464453E-07   0.14381868E-04   0.94464453E-07   0.14381868E-04
   1.183   2.683   0.62538964E-01   0.96229144E-07   0.14513123E-04   0.96229144E-07   0.14513123E-04
   1.200   2.700   0.63657012E-01   0.98019375E-07   0.14643557E-04   0.98019375E-07   0.14643557E-04
   1.217   2.717   0.64789211E-01   0.99835557E-07   0.14773093E-04   0.99835557E-07   0.14773093E-04
   1.233   2.733   0.65935644E-01   0.10167811E-06   0.14901650E-04   0.10167811E-06   0.14901650E-04
   1.250   2.750   0.67096390E-01   0.10354748E-06   0.15029142E-04   0.10354748E-06   0.15029142E-04
   1.267   2.767   0.68271521E-01   0.10544409E-06   0.15155486E-04   0.10544409E-06   0.15155486E-04
   1.283   2.783   0.69461101E-01   0.10736841E-06   0.15280591E-04   0.10736841E-06   0.15280591E-04
   1.300   2.800   0.70665185E-01   0.10932090E-06   0.15404368E-04   0.10932090E-06   0.15404368E-04
   1.317   2.817   0.71883818E-01   0.11130203E-06   0.15526724E-04   0.11130203E-06   0.15526724E-04
   1.333   2.833   0.73117033E-01   0.11331228E-06   0.15647565E-04   0.11331228E-06   0.15647565E-04
   1.350   2.850   0.74364849E-01   0.11535214E-06   0.15766797E-04   0.11535214E-06   0.15766797E-04
   1.367   2.867   0.75627271E-01   0.11742209E-06   0.15884323E-04   0.11742209E-06   0.15884323E-04
   1.383   2.883   0.76904285E-01   0.11952261E-06   0.16000047E-04   0.11952261E-06   0.16000047E-04
   1.400   2.900   0.78195856E-01   0.12165420E-06   0.16113872E-04   0.12165420E-06   0.16113872E-04
   1.417   2.917   0.79501929E-01   0.12381733E-06   0.16225701E-04   0.12381733E-06   0.16225701E-04
   1.433   2.933   0.80822422E-01   0.12601246E-06   0.16335439E-04   0.12601246E-06   0.16335439E-04
   1.450   2.950   0.82157224E-01   0.12824003E-06   0.16442993E-04   0.12824003E-06   0.16442993E-04
   1.467   2.967   0.83506195E-01   0.13050047E-06   0.16548271E-04   0.13050047E-06   0.16548271E-04
   1.483   2.983   0.84869156E-01   0.13279417E-06   0.16651185E-04   0.13279417E-06   0.16651185E-04
   1.500   3.000   0.86245893E-01   0.13512145E-06   0.16751653E-04   0.13512145E-06   0.16751653E-04
   1.517   3.017   0.87636151E-01   0.13748263E-06   0.16849596E-04   0.13748263E-06   0.16849596E-04
   1.533   3.033   0.89039625E-01   0.13987792E-06   0.16944942E-04   0.13987792E-06   0.16944942E-04
   1.550   3.050   0.90455967E-01   0.14230748E-06   0.17037627E-04   0.14230748E-06   0.17037627E-04
   1.567   3.067   0.91884775E-01   0.14477138E-06   0.17127598E-04   0.14477138E-06   0.17127598E-04
   1.583   3.083   0.93325594E-01   0.14726959E-06   0.17214810E-04   0.14726959E-06   0.17214810E-04
   1.600   3.100   0.94777914E-01   0.14980196E-06   0.17299229E-04   0.14980196E-06   0.17299229E-04
   1.617   3.117   0.96241168E-01   0.15236824E-06   0.17380836E-04   0.15236824E-06   0.17380836E-04
   1.633   3.133   0.97714733E-01   0.15496802E-06   0.17459626E-04   0.15496802E-06   0.17459626E-04
   1.650   3.150   0.99197933E-01   0.15760075E-06   0.17535606E-04   0.15760075E-06   0.17535606E-04
   1.667   3.167   0.10069004E+00   0.16026575E-06   0.17608802E-04   0.16026575E-06   0.17608802E-04
   1.683   3.183   0.10219027E+00   0.16296216E-06   0.17679255E-04   0.16296216E-06   0.17679255E-04
   1.700   3.200   0.10369781E+00   0.16568897E-06   0.17747024E-04   0.16568897E-06   0.17747024E-04
   1.717   3.217   0.10521180E+00   0.16844501E-06   0.17812182E-04   0.16844501E-06   0.17812182E-04
   1.733   3.233   0.10673137E+00   0.17122896E-06   0.17874822E-04   0.17122896E-06   0.17874822E-04
   1.750   3.250   0.10825560E+00   0.17403937E-06   0.17935049E-04   0.17403937E-06   0.17935049E-04
   1.767   3.267   0.10978360E+00   0.17687465E-06   0.17992984E-04   0.17687465E-06   0.17992984E-04
   1.783   3.283   0.11131447E+00   0.17973311E-06   0.18048761E-04   0.17973311E-06   0.18048761E-04
   1.800   3.300   0.11284731E+00   0.18261295E-06   0.18102524E-04   0.18261295E-06   0.18102524E-04
   1.817   3.317   0.11438128E+00   0.18551234E-06   0.18154427E-04   0.18551234E-06   0.18154427E-04
   1.833   3.333   0.11591555E+00   0.18842938E-06   0.18204630E-04   0.18842938E-06   0.18204630E-04
   1.850   3.350   0.11744934E+00   0.19136216E-06   0.18253296E-04   0.19136216E-06   0.18253296E-04
   1.867   3.367   0.11898193E+00   0.19430879E-06   0.18300592E-04   0.19430879E-06   0.18300592E-04
   1.883   3.383   0.12051267E+00   0.19726739E-06   0.18346683E-04   0.19726739E-06   0.18346683E-04
   1.900   3.400   0.12204095E+00   0.20023615E-06   0.18391732E-04   0.20023615E-06   0.18391732E-04
   1.917   3.417   0.12356625E+00   0.20321332E-06   0.18435897E-04   0.20321332E-06   0.18435897E-04
   1.933   3.433   0.12508812E+00   0.20619725E-06   0.18479330E-04   0.20619725E-06   0.18479330E-04
   1.950   3.450   0.12660617E+00   0.20918638E-06   0.18522174E-04   0.20918638E-06   0.18522174E-04
   1.967   3.467   0.12812007E+00   0.21217924E-06   0.18564564E-04   0.21217924E-06   0.18564564E-04
   1.983   3.483   0.12962958E+00   0.21517450E-06   0.18606626E-04   0.21517450E-06   0.18606626E-04
   2.000   3.500   0.13113449E+00   0.21817093E-06   0.18648474E-04   0.21817093E-06   0.18648474E-04
   2.017   3.517   0.13263468E+00   0.22116742E-06   0.18690213E-04   0.22116742E-06   0.18690213E-04
   2.033   3.533   0.13413006E+00   0.22416298E-06   0.18731936E-04   0.22416298E-06   0.18731936E-04
   2.050   3.550   0.13562059E+00   0.22715672E-06   0.18773726E-04   0.22715672E-06   0.18773726E-04
   2.067   3.567   0.13710627E+00   0.23014787E-06   0.18815656E-04   0.23014787E-06   0.18815656E-04
   2.083   3.583   0.13858715E+00   0.23313574E-06   0.18857790E-04   0.23313574E-06   0.18857790E-04
   2.100   3.600   0.14006330E+00   0.23611975E-06   0.18900183E-04   0.23611975E-06   0.18900183E-04
   2.117   3.617   0.14153482E+00   0.23909940E-06   0.18942880E-04   0.23909940E-06   0.18942880E-04
   2.133   3.633   0.14300183E+00   0.24207426E-06   0.18985920E-04   0.24207426E-06   0.18985920E-04
   2.150   3.650   0.14446448E+00   0.24504400E-06   0.19029334E-04   0.24504400E-06   0.19029334E-04
   2.167   3.667   0.14592291E+00   0.24800833E-06   0.19073146E-04   0.24800833E-06   0.19073146E-04
   2.183   3.683   0.14737730E+00   0.25096702E-06   0.19117375E-04   0.25096702E-06   0.19117375E-04
   2.200   3.700   0.14882782E+00   0.25391990E-06   0.19162035E-04   0.25391990E-06   0.19162035E-04
   2.217   3.717   0.15027466E+00   0.25686685E-06   0.19207136E-04   0.25686685E-06   0.19207136E-04
   2.233   3.733   0.15171801E+00   0.25980776E-06   0.19252682E-04   0.25980776E-06   0.19252682E-04
   2.250   3.750   0.15315805E+00   0.26274261E-06   0.19298675E-04   0.26274261E-06   0.19298675E-04
   2.267   3.767   0.15459498E+00   0.26567135E-06   0.19345114E-04   0.26567135E-06   0.19345114E-04
   2.283   3.783   0.15602899E+00   0.26859401E-06   0.19391995E-04   0.26859401E-06   0.19391995E-04
   2.300   3.800   0.15746026E+00   0.27151060E-06   0.19439311E-04   0.27151060E-06   0.19439311E-04
   2.317   3.817   0.15888899E+00   0.27442118E-06   0.19487056E-04   0.27442118E-06   0.19487056E-04
   2.333   3.833   0.16031535E+00   0.27732581E-06   0.19535220E-04   0.27732581E-06   0.19535220E-04
   2.350   3.850   0.16173954E+00   0.28022457E-06   0.19583790E-04   0.28022457E-06   0.19583790E-04
   2.367   3.867   0.16316171E+00   0.28311755E-06   0.19632757E-04   0.28311755E-06   0.19632757E-04
   2.383   3.883   0.16458204E+00   0.28600484E-06   0.19682107E-04   0.28600484E-06   0.19682107E-04
   2.400   3.900   0.16600070E+00   0.28888656E-06   0.19731826E-04   0.28888656E-06   0.19731826E-04
   2.417   3.917   0.16741785E+00   0.29176281E-06   0.19781901E-04   0.29176281E-06   0.19781901E-04
   2.433   3.933   0.16883364E+00   0.29463371E-06   0.19832318E-04   0.29463371E-06   0.19832318E-04
   2.450   3.950   0.17024821E+00   0.29749939E-06   0.19883061E-04   0.29749939E-06   0.19883061E-04
   2.467   3.967   0.17166172E+00   0.30035995E-06   0.19934118E-04   0.30035995E-06   0.19934118E-04
   2.483   3.983   0.17307430E+00   0.30321553E-06   0.19985471E-04   0.30321553E-06   0.19985471E-04
   2.500   4.000   0.17448608E+00   0.30606624E-06   0.20037108E-04   0.30606624E-06   0.20037108E-04
   2.517   4.017   0.17589720E+00   0.30891222E-06   0.20089013E-04   0.30891222E-06   0.20089013E-04
   2.533   4.033   0.17730776E+00   0.31175357E-06   0.20141172E-04   0.31175357E-06   0.20141172E-04
   2.550   4.050   0.17871790E+00   0.31459041E-06   0.20193570E-04   0.31459041E-06   0.20193570E-04
   2.567   4.067   0.18012772E+00   0.31742288E-06   0.20246193E-04   0.31742288E-06   0.20246193E-04
   2.583   4.083   0.18153733E+00   0.32025107E-06   0.20299028E-04   0.32025107E-06   0.20299028E-04
   2.600   4.100   0.18294683E+00   0.32307511E-06   0.20352060E-04   0.32307511E-06   0.20352060E-04
   2.617   4.117   0.18435632E+00   0.32589510E-06   0.20405276E-04   0.32589510E-06   0.20405276E-04
   2.633   4.133   0.18576589E+00   0.32871116E-06   0.20458664E-04   0.32871116E-06   0.20458664E-04
   2.650   4.150   0.18717564E+00   0.33152338E-06   0.20512210E-04   0.33152338E-06   0.20512210E-04
   2.667   4.167   0.18858564E+00   0.33433186E-06   0.20565901E-04   0.33433186E-06   0.20565901E-04
   2.683   4.183   0.18999599E+00   0.33713670E-06   0.20619725E-04   0.33713670E-06   0.20619725E-04
   2.700   4.200   0.19140675E+00   0.33993801E-06   0.20673671E-04   0.33993801E-06   0.20673671E-04
   2.717   4.217   0.19281800E+00   0.34273586E-06   0.20727727E-04   0.34273586E-06   0.20727727E-04
   2.733   4.233   0.19422981E+00   0.34553034E-06   0.20781881E-04   0.34553034E-06   0.20781881E-04
   2.750   4.250   0.19564226E+00   0.34832154E-06   0.20836122E-04   0.34832154E-06   0.20836122E-04
   2.767   4.267   0.19705539E+00   0.35110954E-06   0.20890440E-04   0.35110954E-06   0.20890440E-04
   2.783   4.283   0.19846928E+00   0.35389441E-06   0.20944823E-04   0.35389441E-06   0.20944823E-04
   2.800   4.300   0.19988398E+00   0.35667623E-06   0.20999263E-04   0.35667623E-06   0.20999263E-04
   2.817   4.317   0.20129954E+00   0.35945506E-06   0.21053748E-04   0.35945506E-06   0.21053748E-04
   2.833   4.333   0.20271216E+00   0.36220044E-06   0.21108348E-04   0.36220044E-06   0.21108348E-04
   2.850   4.350   0.20411746E+00   0.36488817E-06   0.21164679E-04   0.36488817E-06   0.21164679E-04
   2.867   4.367   0.20551730E+00   0.36753407E-06   0.21223197E-04   0.36753407E-06   0.21223197E-04
   2.883   4.383   0.20691319E+00   0.37014648E-06   0.21283722E-04   0.37014648E-06   0.21283722E-04
   2.900   4.400   0.20830626E+00   0.37273126E-06   0.21346049E-04   0.37273126E-06   0.21346049E-04
   2.917   4.417   0.20969745E+00   0.37529275E-06   0.21409979E-04   0.37529275E-06   0.21409979E-04
   2.933   4.433   0.21108750E+00   0.37783431E-06   0.21475317E-04   0.37783431E-06   0.21475317E-04
   2.950   4.450   0.21247702E+00   0.38035858E-06   0.21541884E-04   0.38035858E-06   0.21541884E-04
   2.967   4.467   0.21386654E+00   0.38286774E-06   0.21609519E-04   0.38286774E-06   0.21609519E-04
   2.983   4.483   0.21525649E+00   0.38536358E-06   0.21678078E-04   0.38536358E-06   0.21678078E-04
   3.000   4.500   0.21664724E+00   0.38784762E-06   0.21747441E-04   0.38784762E-06   0.21747441E-04
   3.017   4.517   0.21803909E+00   0.39032117E-06   0.21817502E-04   0.39032117E-06   0.21817502E-04
   3.033   4.533   0.21943233E+00   0.39278536E-06   0.21888169E-04   0.39278536E-06   0.21888169E-04
   3.050   4.550   0.22082719E+00   0.39524118E-06   0.21959365E-04   0.39524118E-06   0.21959365E-04
   3.067   4.567   0.22222389E+00   0.39768949E-06   0.22031020E-04   0.39768949E-06   0.22031020E-04
   3.083   4.583   0.22362259E+00   0.40013105E-06   0.22103076E-04   0.40013105E-06   0.22103076E-04
   3.100   4.600   0.22502347E+00   0.40256656E-06   0.22175479E-04   0.40256656E-06   0.22175479E-04
   3.117   4.617   0.22642666E+00   0.40499661E-06   0.22248184E-04   0.40499661E-06   0.22248184E-04
   3.133   4.633   0.22783228E+00   0.40742174E-06   0.22321148E-04   0.40742174E-06   0.22321148E-04
   3.150   4.650   0.22924047E+00   0.40984244E-06   0.22394335E-04   0.40984244E-06   0.22394335E-04
   3.167   4.667   0.23065130E+00   0.41225915E-06   0.22467711E-04   0.41225915E-06   0.22467711E-04
   3.183   4.683   0.23206488E+00   0.41467226E-06   0.22541246E-04   0.41467226E-06   0.22541246E-04
   3.200   4.700   0.23348128E+00   0.41708213E-06   0.22614912E-04   0.41708213E-06   0.22614912E-04
   3.217   4.717   0.23490058E+00   0.41948907E-06   0.22688686E-04   0.41948907E-06   0.22688686E-04
   3.233   4.733   0.23632283E+00   0.42189339E-06   0.22762542E-04   0.42189339E-06   0.22762542E-04
   3.250   4.750   0.23774811E+00   0.42429535E-06   0.22836461E-04   0.42429535E-06   0.22836461E-04
   3.267   4.767   0.23917645E+00   0.42669519E-06   0.22910423E-04   0.42669519E-06   0.22910423E-04
   3.283   4.783   0.24060792E+00   0.42909313E-06   0.22984409E-04   0.42909313E-06   0.22984409E-04
   3.300   4.800   0.24204254E+00   0.43148937E-06   0.23058404E-04   0.43148937E-06   0.23058404E-04
   3.317   4.817   0.24348036E+00   0.43388410E-06   0.23132391E-04   0.43388410E-06   0.23132391E-04
   3.333   4.833   0.24492141E+00   0.43627748E-06   0.23206355E-04   0.43627748E-06   0.23206355E-04
   3.350   4.850   0.24636572E+00   0.43866967E-06   0.23280283E-04   0.43866967E-06   0.23280283E-04
   3.367   4.867   0.24781332E+00   0.44106080E-06   0.23354163E-04   0.44106080E-06   0.23354163E-04
   3.383   4.883   0.24926423E+00   0.44345100E-06   0.23427981E-04   0.44345100E-06   0.23427981E-04
   3.400   4.900   0.25071847E+00   0.44584039E-06   0.23501727E-04   0.44584039E-06   0.23501727E-04
   3.417   4.917   0.25217607E+00   0.44822908E-06   0.23575389E-04   0.44822908E-06   0.23575389E-04
   3.433   4.933   0.25363703E+00   0.45061715E-06   0.23648958E-04   0.45061715E-06   0.23648958E-04
   3.450   4.950   0.25510137E+00   0.45300470E-06   0.23722423E-04   0.45300470E-06   0.23722423E-04
   3.467   4.967   0.25656911E+00   0.45539181E-06   0.23795776E-04   0.45539181E-06   0.23795776E-04
   3.483   4.983   0.25804025E+00   0.45777855E-06   0.23869007E-04   0.45777855E-06   0.23869007E-04
   3.500   5.000   0.25951480E+00   0.46016499E-06   0.23942108E-04   0.46016499E-06   0.23942108E-04
   3.517   5.017   0.26099277E+00   0.46255117E-06   0.24015071E-04   0.46255117E-06   0.24015071E-04
   3.533   5.033   0.26247416E+00   0.46493716E-06   0.24087888E-04   0.46493716E-06   0.24087888E-04
   3.550   5.050   0.26395898E+00   0.46732300E-06   0.24160552E-04   0.46732300E-06   0.24160552E-04
   3.567   5.067   0.26544723E+00   0.46970873E-06   0.24233056E-04   0.46970873E-06   0.24233056E-04
   3.583   5.083   0.26693890E+00   0.47209440E-06   0.24305392E-04   0.47209440E-06   0.24305392E-04
   3.600   5.100   0.26843400E+00   0.47448002E-06   0.24377554E-04   0.47448002E-06   0.24377554E-04
   3.617   5.117   0.26993254E+00   0.47686563E-06   0.24449535E-04   0.47686563E-06   0.24449535E-04
   3.633   5.133   0.27143449E+00   0.47925125E-06   0.24521330E-04   0.47925125E-06   0.24521330E-04
   3.650   5.150   0.27293987E+00   0.48163690E-06   0.24592932E-04   0.48163690E-06   0.24592932E-04
   3.667   5.167   0.27444867E+00   0.48402260E-06   0.24664336E-04   0.48402260E-06   0.24664336E-04
   3.683   5.183   0.27596087E+00   0.48640836E-06   0.24735536E-04   0.48640836E-06   0.24735536E-04
   3.700   5.200   0.27747649E+00   0.48879419E-06   0.24806526E-04   0.48879419E-06   0.24806526E-04
   3.717   5.217   0.27899550E+00   0.49118008E-06   0.24877301E-04   0.49118008E-06   0.24877301E-04
   3.733   5.233   0.28051790E+00   0.49356606E-06   0.24947857E-04   0.49356606E-06   0.24947857E-04
   3.750   5.250   0.28204368E+00   0.49595210E-06   0.25018187E-04   0.49595210E-06   0.25018187E-04
   3.767   5.267   0.28357284E+00   0.49833822E-06   0.25088287E-04   0.49833822E-06   0.25088287E-04
   3.783   5.283   0.28510536E+00   0.50072441E-06   0.25158152E-04   0.50072441E-06   0.25158152E-04
   3.800   5.300   0.28664124E+00   0.50311066E-06   0.25227777E-04   0.50311066E-06   0.25227777E-04
   3.817   5.317   0.28818045E+00   0.50549695E-06   0.25297158E-04   0.50549695E-06   0.25297158E-04
   3.833   5.333   0.28972300E+00   0.50788328E-06   0.25366291E-04   0.50788328E-06   0.25366291E-04
   3.850   5.350   0.29126886E+00   0.51026963E-06   0.25435171E-04   0.51026963E-06   0.25435171E-04
   3.867   5.367   0.29281803E+00   0.51265599E-06   0.25503793E-04   0.51265599E-06   0.25503793E-04
   3.883   5.383   0.29437049E+00   0.51504233E-06   0.25572153E-04   0.51504233E-06   0.25572153E-04
   3.900   5.400   0.29592623E+00   0.51742864E-06   0.25640248E-04   0.51742864E-06   0.25640248E-04
   3.917   5.417   0.29748523E+00   0.51981489E-06   0.25708073E-04   0.51981489E-06   0.25708073E-04
   3.933   5.433   0.29904748E+00   0.52220105E-06   0.25775624E-04   0.52220105E-06   0.25775624E-04
   3.950   5.450   0.30061296E+00   0.52458711E-06   0.25842897E-04   0.52458711E-06   0.25842897E-04
   3.967   5.467   0.30218167E+00   0.52697303E-06   0.25909888E-04   0.52697303E-06   0.25909888E-04
   3.983   5.483   0.30375357E+00   0.52935878E-06   0.25976594E-04   0.52935878E-06   0.25976594E-04
   4.000   5.500   0.30532866E+00   0.53174433E-06   0.26043010E-04   0.53174433E-06   0.26043010E-04
   4.017   5.517   0.30690692E+00   0.53412965E-06   0.26109134E-04   0.53412965E-06   0.26109134E-04
   4.033   5.533   0.30848833E+00   0.53651471E-06   0.26174960E-04   0.53651471E-06   0.26174960E-04
   4.050   5.550   0.31007288E+00   0.53889947E-06   0.26240486E-04   0.53889947E-06   0.26240486E-04
   4.067   5.567   0.31166054E+00   0.54128388E-06   0.26305709E-04   0.54128388E-06   0.26305709E-04
   4.083   5.583   0.31325130E+00   0.54366792E-06   0.26370623E-04   0.54366792E-06   0.26370623E-04
   4.100   5.600   0.31484514E+00   0.54605154E-06   0.26435227E-04   0.54605154E-06   0.26435227E-04
   4.117   5.617   0.31644205E+00   0.54843470E-06   0.26499517E-04   0.54843470E-06   0.26499517E-04
   4.133   5.633   0.31804199E+00   0.55081736E-06   0.26563488E-04   0.55081736E-06   0.26563488E-04
   4.150   5.650   0.31964496E+00   0.55319947E-06   0.26627138E-04   0.55319947E-06   0.26627138E-04
   4.167   5.667   0.32125093E+00   0.55558099E-06   0.26690463E-04   0.55558099E-06   0.26690463E-04
   4.183   5.683   0.32285988E+00   0.55796187E-06   0.26753461E-04   0.55796187E-06   0.26753461E-04
   4.200   5.700   0.32447179E+00   0.56034206E-06   0.26816127E-04   0.56034206E-06   0.26816127E-04
   4.217   5.717   0.32608665E+00   0.56272152E-06   0.26878459E-04   0.56272152E-06   0.26878459E-04
   4.233   5.733   0.32770443E+00   0.56510019E-06   0.26940452E-04   0.56510019E-06   0.26940452E-04
   4.250   5.750   0.32932511E+00   0.56747802E-06   0.27002105E-04   0.56747802E-06   0.27002105E-04
   4.267   5.767   0.33094867E+00   0.56985496E-06   0.27063413E-04   0.56985496E-06   0.27063413E-04
   4.283   5.783   0.33257508E+00   0.57223095E-06   0.27124374E-04   0.57223095E-06   0.27124374E-04
   4.300   5.800   0.33420433E+00   0.57460594E-06   0.27184985E-04   0.57460594E-06   0.27184985E-04
   4.317   5.817   0.33583640E+00   0.57697987E-06   0.27245241E-04   0.57697987E-06   0.27245241E-04
   4.333   5.833   0.33747126E+00   0.57935268E-06   0.27305140E-04   0.57935268E-06   0.27305140E-04
   4.350   5.850   0.33910888E+00   0.58172432E-06   0.27364680E-04   0.58172432E-06   0.27364680E-04
   4.367   5.867   0.34074925E+00   0.58409473E-06   0.27423856E-04   0.58409473E-06   0.27423856E-04
   4.383   5.883   0.34239235E+00   0.58646383E-06   0.27482666E-04   0.58646383E-06   0.27482666E-04
   4.400   5.900   0.34403814E+00   0.58883158E-06   0.27541107E-04   0.58883158E-06   0.27541107E-04
   4.417   5.917   0.34568662E+00   0.59119791E-06   0.27599175E-04   0.59119791E-06   0.27599175E-04
   4.433   5.933   0.34733774E+00   0.59356275E-06   0.27656868E-04   0.59356275E-06   0.27656868E-04
   4.450   5.950   0.34899150E+00   0.59592603E-06   0.27714182E-04   0.59592603E-06   0.27714182E-04
   4.467   5.967   0.35064786E+00   0.59828769E-06   0.27771114E-04   0.59828769E-06   0.27771114E-04
   4.483   5.983   0.35230681E+00   0.60064767E-06   0.27827662E-04   0.60064767E-06   0.27827662E-04
   4.500   6.000   0.35396831E+00   0.60300589E-06   0.27883822E-04   0.60300589E-06   0.27883822E-04
   4.517   6.017   0.35563234E+00   0.60536228E-06   0.27939592E-04   0.60536228E-06   0.27939592E-04
   4.533   6.033   0.35729888E+00   0.60771676E-06   0.27994968E-04   0.60771676E-06   0.27994968E-04
   4.550   6.050   0.35896791E+00   0.61006928E-06   0.28049947E-04   0.61006928E-06   0.28049947E-04
   4.567   6.067   0.36063940E+00   0.61241974E-06   0.28104526E-04   0.61241974E-06   0.28104526E-04
   4.583   6.083   0.36231332E+00   0.61476809E-06   0.28158703E-04   0.61476809E-06   0.28158703E-04
   4.600   6.100   0.36398964E+00   0.61711423E-06   0.28212473E-04   0.61711423E-06   0.28212473E-04
   4.617   6.117   0.36566835E+00   0.61945810E-06   0.28265835E-04   0.61945810E-06   0.28265835E-04
   4.633   6.133   0.36734942E+00   0.62179961E-06   0.28318785E-04   0.62179961E-06   0.28318785E-04
   4.650   6.150   0.36903282E+00   0.62413868E-06   0.28371320E-04   0.62413868E-06   0.28371320E-04
   4.667   6.167   0.37071852E+00   0.62647524E-06   0.28423438E-04   0.62647524E-06   0.28423438E-04
   4.683   6.183   0.37240650E+00   0.62880920E-06   0.28475134E-04   0.62880920E-06   0.28475134E-04
   4.700   6.200   0.37409674E+00   0.63114047E-06   0.28526407E-04   0.63114047E-06   0.28526407E-04
   4.717   6.217   0.37578920E+00   0.63346898E-06   0.28577252E-04   0.63346898E-06   0.28577252E-04
   4.733   6.233   0.37748386E+00   0.63579463E-06   0.28627668E-04   0.63579463E-06   0.28627668E-04
   4.750   6.250   0.37918069E+00   0.63811733E-06   0.28677650E-04   0.63811733E-06   0.28677650E-04
   4.767   6.267   0.38087967E+00   0.64043701E-06   0.28727197E-04   0.64043701E-06   0.28727197E-04
   4.783   6.283   0.38258076E+00   0.64275356E-06   0.28776304E-04   0.64275356E-06   0.28776304E-04
   4.800   6.300   0.38428395E+00   0.64506690E-06   0.28824969E-04   0.64506690E-06   0.28824969E-04
   4.817   6.317   0.38598920E+00   0.64737693E-06   0.28873189E-04   0.64737693E-06   0.28873189E-04
   4.833   6.333   0.38769649E+00   0.64968356E-06   0.28920960E-04   0.64968356E-06   0.28920960E-04
   4.850   6.350   0.38940578E+00   0.65198670E-06   0.28968280E-04   0.65198670E-06   0.28968280E-04
   4.867   6.367   0.39111706E+00   0.65428624E-06   0.29015146E-04   0.65428624E-06   0.29015146E-04
   4.883   6.383   0.39283029E+00   0.65658210E-06   0.29061553E-04   0.65658210E-06   0.29061553E-04
   4.900   6.400   0.39454544E+00   0.65887416E-06   0.29107500E-04   0.65887416E-06   0.29107500E-04
   4.917   6.417   0.39626249E+00   0.66116233E-06   0.29152983E-04   0.66116233E-06   0.29152983E-04
   4.933   6.433   0.39798140E+00   0.66344650E-06   0.29197999E-04   0.66344650E-06   0.29197999E-04
   4.950   6.450   0.39970216E+00   0.66572658E-06   0.29242545E-04   0.66572658E-06   0.29242545E-04
   4.967   6.467   0.40142472E+00   0.66800245E-06   0.29286617E-04   0.66800245E-06   0.29286617E-04
   4.983   6.483   0.40314906E+00   0.67027401E-06   0.29330212E-04   0.67027401E-06   0.29330212E-04
   5.000   6.500   0.40487516E+00   0.67254114E-06   0.29373328E-04   0.67254114E-06   0.29373328E-04
   5.017   6.517   0.40660298E+00   0.67480375E-06   0.29415961E-04   0.67480375E-06   0.29415961E-04
   5.033   6.533   0.40833249E+00   0.67706172E-06   0.29458107E-04   0.67706172E-06   0.29458107E-04
   5.050   6.550   0.41006366E+00   0.67931493E-06   0.29499763E-04   0.67931493E-06   0.29499763E-04
   5.067   6.567   0.41179647E+00   0.68156328E-06   0.29540927E-04   0.68156328E-06   0.29540927E-04
   5.083   6.583   0.41353089E+00   0.68380664E-06   0.29581595E-04   0.68380664E-06   0.29581595E-04
   5.100   6.600   0.41526687E+00   0.68604489E-06   0.29621763E-04   0.68604489E-06   0.29621763E-04
   5.117   6.617   0.41700440E+00   0.68827792E-06   0.29661428E-04   0.68827792E-06   0.29661428E-04
   5.133   6.633   0.41874345E+00   0.69050560E-06   0.29700587E-04   0.69050560E-06   0.29700587E-04
   5.150   6.650   0.42048398E+00   0.69272782E-06   0.29739236E-04   0.69272782E-06   0.29739236E-04
   5.167   6.667   0.42222596E+00   0.69494444E-06   0.29777373E-04   0.69494444E-06   0.29777373E-04
   5.183   6.683   0.42396936E+00   0.69715534E-06   0.29814993E-04   0.69715534E-06   0.29814993E-04
   5.200   6.700   0.42571415E+00   0.69936040E-06   0.29852093E-04   0.69936040E-06   0.29852093E-04
   5.217   6.717   0.42746031E+00   0.70155947E-06   0.29888669E-04   0.70155947E-06   0.29888669E-04
   5.233   6.733   0.42920779E+00   0.70375244E-06   0.29924719E-04   0.70375244E-06   0.29924719E-04
   5.250   6.750   0.43095657E+00   0.70593916E-06   0.29960239E-04   0.70593916E-06   0.29960239E-04
   5.267   6.767   0.43270662E+00   0.70811950E-06   0.29995224E-04   0.70811950E-06   0.29995224E-04
   5.283   6.783   0.43445790E+00   0.71029332E-06   0.30029672E-04   0.71029332E-06   0.30029672E-04
   5.300   6.800   0.43621038E+00   0.71246049E-06   0.30063579E-04   0.71246049E-06   0.30063579E-04
   5.317   6.817   0.43796403E+00   0.71462085E-06   0.30096941E-04   0.71462085E-06   0.30096941E-04
   5.333   6.833   0.43971883E+00   0.71677428E-06   0.30129754E-04   0.71677428E-06   0.30129754E-04
   5.350   6.850   0.44147472E+00   0.71892061E-06   0.30162015E-04   0.71892061E-06   0.30162015E-04
   5.367   6.867   0.44323170E+00   0.72105971E-06   0.30193721E-04   0.72105971E-06   0.30193721E-04
   5.383   6.883   0.44498971E+00   0.72319142E-06   0.30224867E-04   0.72319142E-06   0.30224867E-04
   5.400   6.900   0.44674873E+00   0.72531560E-06   0.30255449E-04   0.72531560E-06   0.30255449E-04
   5.417   6.917   0.44850873E+00   0.72743208E-06   0.30285464E-04   0.72743208E-06   0.30285464E-04
   5.433   6.933   0.45026967E+00   0.72954071E-06   0.30314908E-04   0.72954071E-06   0.30314908E-04
   5.450   6.950   0.45203152E+00   0.73164134E-06   0.30343777E-04   0.73164134E-06   0.30343777E-04
   5.467   6.967   0.45379425E+00   0.73373380E-06   0.30372067E-04   0.73373380E-06   0.30372067E-04
   5.483   6.983   0.45555782E+00   0.73581793E-06   0.30399775E-04   0.73581793E-06   0.30399775E-04
   5.500   7.000   0.45732219E+00   0.73789356E-06   0.30426895E-04   0.73789356E-06   0.30426895E-04
   5.517   7.017   0.45908735E+00   0.73996053E-06   0.30453424E-04   0.73996053E-06   0.30453424E-04
   5.533   7.033   0.46085324E+00   0.74201867E-06   0.30479359E-04   0.74201867E-06   0.30479359E-04
   5.550   7.050   0.46261984E+00   0.74406780E-06   0.30504694E-04   0.74406780E-06   0.30504694E-04
   5.567   7.067   0.46438711E+00   0.74610775E-06   0.30529426E-04   0.74610775E-06   0.30529426E-04
   5.583   7.083   0.46615502E+00   0.74813834E-06   0.30553551E-04   0.74813834E-06   0.30553551E-04
   5.600   7.100   0.46792353E+00   0.75015939E-06   0.30577064E-04   0.75015939E-06   0.30577064E-04
   5.617   7.117   0.46969261E+00   0.75217072E-06   0.30599961E-04   0.75217072E-06   0.30599961E-04
   5.633   7.133   0.47146222E+00   0.75417215E-06   0.30622238E-04   0.75417215E-06   0.30622238E-04
   5.650   7.150   0.47323233E+00   0.75616348E-06   0.30643891E-04   0.75616348E-06   0.30643891E-04
   5.667   7.167   0.47500290E+00   0.75814453E-06   0.30664914E-04   0.75814453E-06   0.30664914E-04
   5.683   7.183   0.47677390E+00   0.76011509E-06   0.30685304E-04   0.76011509E-06   0.30685304E-04
   5.700   7.200   0.47854529E+00   0.76207499E-06   0.30705056E-04   0.76207499E-06   0.30705056E-04
   5.717   7.217   0.48031703E+00   0.76402401E-06   0.30724166E-04   0.76402401E-06   0.30724166E-04
   5.733   7.233   0.48208909E+00   0.76596195E-06   0.30742629E-04   0.76596195E-06   0.30742629E-04
   5.750   7.250   0.48386143E+00   0.76788862E-06   0.30760440E-04   0.76788862E-06   0.30760440E-04
   5.767   7.267   0.48563402E+00   0.76980380E-06   0.30777595E-04   0.76980380E-06   0.30777595E-04
   5.783   7.283   0.48740681E+00   0.77170728E-06   0.30794089E-04   0.77170728E-06   0.30794089E-04
   5.800   7.300   0.48917978E+00   0.77359886E-06   0.30809917E-04   0.77359886E-06   0.30809917E-04
   5.817   7.317   0.49095287E+00   0.77547830E-06   0.30825075E-04   0.77547830E-06   0.30825075E-04
   5.833   7.333   0.49272607E+00   0.77734540E-06   0.30839557E-04   0.77734540E-06   0.30839557E-04
   5.850   7.350   0.49449932E+00   0.77919993E-06   0.30853359E-04   0.77919993E-06   0.30853359E-04
   5.867   7.367   0.49627259E+00   0.78104166E-06   0.30866476E-04   0.78104166E-06   0.30866476E-04
   5.883   7.383   0.49804585E+00   0.78287036E-06   0.30878902E-04   0.78287036E-06   0.30878902E-04
   5.900   7.400   0.49981905E+00   0.78468581E-06   0.30890633E-04   0.78468581E-06   0.30890633E-04
   5.917   7.417   0.50159215E+00   0.78648776E-06   0.30901663E-04   0.78648776E-06   0.30901663E-04
   5.933   7.433   0.50336512E+00   0.78827598E-06   0.30911988E-04   0.78827598E-06   0.30911988E-04
   5.950   7.450   0.50513792E+00   0.79005023E-06   0.30921602E-04   0.79005023E-06   0.30921602E-04
   5.967   7.467   0.50691051E+00   0.79181025E-06   0.30930499E-04   0.79181025E-06   0.30930499E-04
   5.983   7.483   0.50868284E+00   0.79355579E-06   0.30938675E-04   0.79355579E-06   0.30938675E-04
   6.000   7.500   0.51045489E+00   0.79528662E-06   0.30946123E-04   0.79528662E-06   0.30946123E-04
