        RT(hours)           [HNO3]         P_R_20           P_R_26           P_R_27           tot_loss         tot_prod
  -1.483   0.017   0.16534583E-05   0.31528285E-07   0.86143158E-09   0.26642548E-08   0.00000000E+00   0.35053971E-07
  -1.467   0.033   0.42185029E-05   0.41357847E-07   0.21341954E-08   0.66007417E-08   0.00000000E+00   0.50092784E-07
  -1.450   0.050   0.76712720E-05   0.50509195E-07   0.34781356E-08   0.10757557E-07   0.00000000E+00   0.64744887E-07
  -1.433   0.067   0.12007659E-04   0.59663650E-07   0.48782666E-08   0.15088505E-07   0.00000000E+00   0.79630422E-07
  -1.417   0.083   0.17253592E-04   0.69374239E-07   0.62795978E-08   0.19423659E-07   0.00000000E+00   0.95077497E-07
  -1.400   0.100   0.23444509E-04   0.80023075E-07   0.75942575E-08   0.23491357E-07   0.00000000E+00   0.11110869E-06
  -1.383   0.117   0.30612561E-04   0.91872999E-07   0.87333389E-08   0.27016662E-07   0.00000000E+00   0.12762300E-06
  -1.367   0.133   0.38783830E-04   0.10511515E-06   0.96296814E-08   0.29791812E-07   0.00000000E+00   0.14453664E-06
  -1.350   0.150   0.47981907E-04   0.11989722E-06   0.10248716E-07   0.31709774E-07   0.00000000E+00   0.16185571E-06
  -1.333   0.167   0.58233981E-04   0.13633613E-06   0.10589023E-07   0.32765991E-07   0.00000000E+00   0.17969114E-06
  -1.317   0.183   0.69576570E-04   0.15452109E-06   0.10675970E-07   0.33038748E-07   0.00000000E+00   0.19823580E-06
  -1.300   0.200   0.82059248E-04   0.17451228E-06   0.10552180E-07   0.32659712E-07   0.00000000E+00   0.21772417E-06
  -1.283   0.217   0.95745833E-04   0.19633810E-06   0.10267876E-07   0.31784090E-07   0.00000000E+00   0.23839007E-06
  -1.267   0.233   0.11071324E-03   0.21999299E-06   0.98729922E-08   0.30566245E-07   0.00000000E+00   0.26043222E-06
  -1.250   0.250   0.12704862E-03   0.24543675E-06   0.94118410E-08   0.29143191E-07   0.00000000E+00   0.28399178E-06
  -1.233   0.267   0.14484554E-03   0.27259584E-06   0.89203097E-08   0.27625925E-07   0.00000000E+00   0.30914207E-06
  -1.217   0.283   0.16419986E-03   0.30136645E-06   0.84251131E-08   0.26097093E-07   0.00000000E+00   0.33588865E-06
  -1.200   0.300   0.18520588E-03   0.33161909E-06   0.79444479E-08   0.24613011E-07   0.00000000E+00   0.36417655E-06
  -1.183   0.317   0.20795299E-03   0.36320414E-06   0.74894173E-08   0.23208060E-07   0.00000000E+00   0.39390162E-06
  -1.167   0.333   0.23252318E-03   0.39595776E-06   0.70657230E-08   0.21899911E-07   0.00000000E+00   0.42492339E-06
  -1.150   0.350   0.25898919E-03   0.42970772E-06   0.66752817E-08   0.20694523E-07   0.00000000E+00   0.45707753E-06
  -1.133   0.367   0.28741342E-03   0.46427884E-06   0.63175830E-08   0.19590342E-07   0.00000000E+00   0.49018677E-06
  -1.117   0.383   0.31784750E-03   0.49949760E-06   0.59907234E-08   0.18581499E-07   0.00000000E+00   0.52406982E-06
  -1.100   0.400   0.35033217E-03   0.53519606E-06   0.56921294E-08   0.17660046E-07   0.00000000E+00   0.55854823E-06
  -1.083   0.417   0.38489771E-03   0.57121486E-06   0.54190219E-08   0.16817395E-07   0.00000000E+00   0.59345128E-06
  -1.067   0.433   0.42156444E-03   0.60740548E-06   0.51686890E-08   0.16045163E-07   0.00000000E+00   0.62861933E-06
  -1.050   0.450   0.46034351E-03   0.64363170E-06   0.49386258E-08   0.15335605E-07   0.00000000E+00   0.66390593E-06
  -1.033   0.467   0.50123766E-03   0.67977045E-06   0.47265911E-08   0.14681792E-07   0.00000000E+00   0.69917884E-06
  -1.017   0.483   0.54424217E-03   0.71571217E-06   0.45306158E-08   0.14077635E-07   0.00000000E+00   0.73432042E-06
  -1.000   0.500   0.58934568E-03   0.75136057E-06   0.43489867E-08   0.13517834E-07   0.00000000E+00   0.76922739E-06
  -0.983   0.517   0.63653104E-03   0.78663226E-06   0.41802186E-08   0.12997797E-07   0.00000000E+00   0.80381028E-06
  -0.967   0.533   0.68577614E-03   0.82145592E-06   0.40230243E-08   0.12513544E-07   0.00000000E+00   0.83799249E-06
  -0.950   0.550   0.73705462E-03   0.85577142E-06   0.38762864E-08   0.12061618E-07   0.00000000E+00   0.87170933E-06
  -0.933   0.567   0.79033658E-03   0.88952881E-06   0.37390306E-08   0.11639006E-07   0.00000000E+00   0.90490684E-06
  -0.917   0.583   0.84558918E-03   0.92268720E-06   0.36104042E-08   0.11243073E-07   0.00000000E+00   0.93754068E-06
  -0.900   0.600   0.90277717E-03   0.95521377E-06   0.34896572E-08   0.10871499E-07   0.00000000E+00   0.96957493E-06
  -0.883   0.617   0.96186337E-03   0.98708269E-06   0.33761268E-08   0.10522235E-07   0.00000000E+00   0.10009810E-05
  -0.867   0.633   0.10228091E-02   0.10182742E-05   0.32692241E-08   0.10193460E-07   0.00000000E+00   0.10317369E-05
  -0.850   0.650   0.10855745E-02   0.10487736E-05   0.31684235E-08   0.98835506E-08   0.00000000E+00   0.10618256E-05
  -0.833   0.667   0.11501189E-02   0.10785709E-05   0.30732543E-08   0.95910500E-08   0.00000000E+00   0.10912352E-05
  -0.817   0.683   0.12164009E-02   0.11076595E-05   0.29832925E-08   0.93146485E-08   0.00000000E+00   0.11199574E-05
  -0.800   0.700   0.12843789E-02   0.11360360E-05   0.28981551E-08   0.90531623E-08   0.00000000E+00   0.11479874E-05
  -0.783   0.717   0.13540110E-02   0.11636999E-05   0.28174950E-08   0.88055185E-08   0.00000000E+00   0.11753229E-05
  -0.767   0.733   0.14252552E-02   0.11906524E-05   0.27409963E-08   0.85707411E-08   0.00000000E+00   0.12019642E-05
  -0.750   0.750   0.14980696E-02   0.12168971E-05   0.26683711E-08   0.83479401E-08   0.00000000E+00   0.12279134E-05
  -0.733   0.767   0.15724126E-02   0.12424387E-05   0.25993560E-08   0.81363016E-08   0.00000000E+00   0.12531744E-05
  -0.717   0.783   0.16482428E-02   0.12672835E-05   0.25337097E-08   0.79350799E-08   0.00000000E+00   0.12777523E-05
  -0.700   0.800   0.17255190E-02   0.12914388E-05   0.24712106E-08   0.77435900E-08   0.00000000E+00   0.13016536E-05
  -0.683   0.817   0.18042007E-02   0.13149130E-05   0.24116548E-08   0.75612020E-08   0.00000000E+00   0.13248859E-05
  -0.667   0.833   0.18842478E-02   0.13377151E-05   0.23548545E-08   0.73873353E-08   0.00000000E+00   0.13474573E-05
  -0.650   0.850   0.19656206E-02   0.13598551E-05   0.23006364E-08   0.72214542E-08   0.00000000E+00   0.13693772E-05
  -0.633   0.867   0.20482801E-02   0.13813433E-05   0.22488402E-08   0.70630638E-08   0.00000000E+00   0.13906552E-05
  -0.617   0.883   0.21321879E-02   0.14021909E-05   0.21993180E-08   0.69117059E-08   0.00000000E+00   0.14113019E-05
  -0.600   0.900   0.22173063E-02   0.14224093E-05   0.21519323E-08   0.67669565E-08   0.00000000E+00   0.14313281E-05
  -0.583   0.917   0.23035982E-02   0.14420104E-05   0.21065561E-08   0.66284223E-08   0.00000000E+00   0.14507454E-05
  -0.567   0.933   0.23910271E-02   0.14610066E-05   0.20630712E-08   0.64957384E-08   0.00000000E+00   0.14695654E-05
  -0.550   0.950   0.24795576E-02   0.14794104E-05   0.20213680E-08   0.63685656E-08   0.00000000E+00   0.14878003E-05
  -0.533   0.967   0.25691546E-02   0.14972347E-05   0.19813446E-08   0.62465887E-08   0.00000000E+00   0.15054626E-05
  -0.517   0.983   0.26597842E-02   0.15144925E-05   0.19429061E-08   0.61295143E-08   0.00000000E+00   0.15225649E-05
  -0.500   1.000   0.27514129E-02   0.15311971E-05   0.19059641E-08   0.60170692E-08   0.00000000E+00   0.15391201E-05
  -0.483   1.017   0.28440081E-02   0.15473617E-05   0.18704362E-08   0.59089985E-08   0.00000000E+00   0.15551412E-05
  -0.467   1.033   0.29375383E-02   0.15629999E-05   0.18362457E-08   0.58050645E-08   0.00000000E+00   0.15706412E-05
  -0.450   1.050   0.30319723E-02   0.15781251E-05   0.18033207E-08   0.57050454E-08   0.00000000E+00   0.15856334E-05
  -0.433   1.067   0.31272801E-02   0.15927507E-05   0.17715943E-08   0.56087338E-08   0.00000000E+00   0.16001310E-05
  -0.417   1.083   0.32234323E-02   0.16068902E-05   0.17410038E-08   0.55159355E-08   0.00000000E+00   0.16141471E-05
  -0.400   1.100   0.33204004E-02   0.16205571E-05   0.17114906E-08   0.54264691E-08   0.00000000E+00   0.16276950E-05
  -0.383   1.117   0.34181567E-02   0.16337645E-05   0.16829996E-08   0.53401644E-08   0.00000000E+00   0.16407877E-05
  -0.367   1.133   0.35166742E-02   0.16465258E-05   0.16554793E-08   0.52568620E-08   0.00000000E+00   0.16534381E-05
  -0.350   1.150   0.36159268E-02   0.16588539E-05   0.16288816E-08   0.51764123E-08   0.00000000E+00   0.16656592E-05
  -0.333   1.167   0.37158892E-02   0.16707617E-05   0.16031610E-08   0.50986749E-08   0.00000000E+00   0.16774636E-05
  -0.317   1.183   0.38165368E-02   0.16822620E-05   0.15782750E-08   0.50235177E-08   0.00000000E+00   0.16888638E-05
  -0.300   1.200   0.39178457E-02   0.16933672E-05   0.15541834E-08   0.49508166E-08   0.00000000E+00   0.16998722E-05
  -0.283   1.217   0.40197928E-02   0.17040896E-05   0.15308487E-08   0.48804548E-08   0.00000000E+00   0.17105010E-05
  -0.267   1.233   0.41223559E-02   0.17144413E-05   0.15082353E-08   0.48123225E-08   0.00000000E+00   0.17207619E-05
  -0.250   1.250   0.42255134E-02   0.17244340E-05   0.14863099E-08   0.47463158E-08   0.00000000E+00   0.17306666E-05
  -0.233   1.267   0.43292442E-02   0.17340792E-05   0.14650409E-08   0.46823372E-08   0.00000000E+00   0.17402265E-05
  -0.217   1.283   0.44335283E-02   0.17433882E-05   0.14443987E-08   0.46202943E-08   0.00000000E+00   0.17494529E-05
  -0.200   1.300   0.45383460E-02   0.17523720E-05   0.14243552E-08   0.45601001E-08   0.00000000E+00   0.17583564E-05
  -0.183   1.317   0.46436786E-02   0.17610412E-05   0.14048838E-08   0.45016723E-08   0.00000000E+00   0.17669478E-05
  -0.167   1.333   0.47495077E-02   0.17694063E-05   0.13859596E-08   0.44449330E-08   0.00000000E+00   0.17752372E-05
  -0.150   1.350   0.48558158E-02   0.17774774E-05   0.13675589E-08   0.43898087E-08   0.00000000E+00   0.17832348E-05
  -0.133   1.367   0.49625859E-02   0.17852643E-05   0.13496592E-08   0.43362296E-08   0.00000000E+00   0.17909502E-05
  -0.117   1.383   0.50698015E-02   0.17927765E-05   0.13322393E-08   0.42841297E-08   0.00000000E+00   0.17983928E-05
  -0.100   1.400   0.51774469E-02   0.18000231E-05   0.13152792E-08   0.42334464E-08   0.00000000E+00   0.18055719E-05
  -0.083   1.417   0.52855067E-02   0.18070133E-05   0.12987597E-08   0.41841202E-08   0.00000000E+00   0.18124961E-05
  -0.067   1.433   0.53939663E-02   0.18137554E-05   0.12826628E-08   0.41360950E-08   0.00000000E+00   0.18191742E-05
  -0.050   1.450   0.55028114E-02   0.18202579E-05   0.12669713E-08   0.40893171E-08   0.00000000E+00   0.18256142E-05
  -0.033   1.467   0.56120283E-02   0.18265288E-05   0.12516689E-08   0.40437357E-08   0.00000000E+00   0.18318242E-05
  -0.017   1.483   0.57216039E-02   0.18325758E-05   0.12367402E-08   0.39993024E-08   0.00000000E+00   0.18378119E-05
   0.000   1.500   0.58315252E-02   0.18384064E-05   0.12221704E-08   0.39559714E-08   0.00000000E+00   0.18435845E-05
   0.017   1.517   0.59417802E-02   0.18440277E-05   0.12079455E-08   0.39136988E-08   0.00000000E+00   0.18491493E-05
   0.033   1.533   0.60523568E-02   0.18494466E-05   0.11940523E-08   0.38724430E-08   0.00000000E+00   0.18545130E-05
   0.050   1.550   0.61632436E-02   0.18546696E-05   0.11804781E-08   0.38321643E-08   0.00000000E+00   0.18596822E-05
   0.067   1.567   0.62744297E-02   0.18597032E-05   0.11672107E-08   0.37928249E-08   0.00000000E+00   0.18646632E-05
   0.083   1.583   0.63859044E-02   0.18645533E-05   0.11542387E-08   0.37543886E-08   0.00000000E+00   0.18694619E-05
   0.100   1.600   0.64976573E-02   0.18692257E-05   0.11415512E-08   0.37168211E-08   0.00000000E+00   0.18740841E-05
   0.117   1.617   0.66096787E-02   0.18737261E-05   0.11291377E-08   0.36800895E-08   0.00000000E+00   0.18785353E-05
   0.133   1.633   0.67219588E-02   0.18780595E-05   0.11169881E-08   0.36441625E-08   0.00000000E+00   0.18828207E-05
   0.150   1.650   0.68344886E-02   0.18822312E-05   0.11050931E-08   0.36090100E-08   0.00000000E+00   0.18869453E-05
   0.167   1.667   0.69472589E-02   0.18862457E-05   0.10934436E-08   0.35746033E-08   0.00000000E+00   0.18909138E-05
   0.183   1.683   0.70602613E-02   0.18901078E-05   0.10820308E-08   0.35409151E-08   0.00000000E+00   0.18947307E-05
   0.200   1.700   0.71734874E-02   0.18938216E-05   0.10708464E-08   0.35079191E-08   0.00000000E+00   0.18984004E-05
   0.217   1.717   0.72869290E-02   0.18973913E-05   0.10598826E-08   0.34755903E-08   0.00000000E+00   0.19019267E-05
   0.233   1.733   0.74005785E-02   0.19008206E-05   0.10491317E-08   0.34439045E-08   0.00000000E+00   0.19053136E-05
   0.250   1.750   0.75144282E-02   0.19041131E-05   0.10385866E-08   0.34128387E-08   0.00000000E+00   0.19085646E-05
   0.267   1.767   0.76284708E-02   0.19072724E-05   0.10282403E-08   0.33823709E-08   0.00000000E+00   0.19116830E-05
   0.283   1.783   0.77426993E-02   0.19103015E-05   0.10180861E-08   0.33524798E-08   0.00000000E+00   0.19146720E-05
   0.300   1.800   0.78571066E-02   0.19132034E-05   0.10081176E-08   0.33231450E-08   0.00000000E+00   0.19175346E-05
   0.317   1.817   0.79716862E-02   0.19159808E-05   0.99832893E-09   0.32943472E-08   0.00000000E+00   0.19202735E-05
   0.333   1.833   0.80864316E-02   0.19186364E-05   0.98871407E-09   0.32660675E-08   0.00000000E+00   0.19228912E-05
   0.350   1.850   0.82013364E-02   0.19211725E-05   0.97926747E-09   0.32382879E-08   0.00000000E+00   0.19253900E-05
   0.367   1.867   0.83163944E-02   0.19235911E-05   0.96998377E-09   0.32109912E-08   0.00000000E+00   0.19277721E-05
   0.383   1.883   0.84315998E-02   0.19258943E-05   0.96085782E-09   0.31841606E-08   0.00000000E+00   0.19300393E-05
   0.400   1.900   0.85469466E-02   0.19280839E-05   0.95188468E-09   0.31577800E-08   0.00000000E+00   0.19321935E-05
   0.417   1.917   0.86624292E-02   0.19301613E-05   0.94305961E-09   0.31318342E-08   0.00000000E+00   0.19342362E-05
   0.433   1.933   0.87780419E-02   0.19321280E-05   0.93437806E-09   0.31063081E-08   0.00000000E+00   0.19361687E-05
   0.450   1.950   0.88937794E-02   0.19339851E-05   0.92583564E-09   0.30811875E-08   0.00000000E+00   0.19379922E-05
   0.467   1.967   0.90096363E-02   0.19357338E-05   0.91742816E-09   0.30564585E-08   0.00000000E+00   0.19397077E-05
   0.483   1.983   0.91256074E-02   0.19373747E-05   0.90915157E-09   0.30321077E-08   0.00000000E+00   0.19413159E-05
   0.500   2.000   0.92416875E-02   0.19389085E-05   0.90100197E-09   0.30081223E-08   0.00000000E+00   0.19428176E-05
   0.517   2.017   0.93578716E-02   0.19403356E-05   0.89297563E-09   0.29844897E-08   0.00000000E+00   0.19442131E-05
   0.533   2.033   0.94741547E-02   0.19416564E-05   0.88506893E-09   0.29611979E-08   0.00000000E+00   0.19455026E-05
   0.550   2.050   0.95905319E-02   0.19428708E-05   0.87727841E-09   0.29382352E-08   0.00000000E+00   0.19466863E-05
   0.567   2.067   0.97069984E-02   0.19439788E-05   0.86960072E-09   0.29155903E-08   0.00000000E+00   0.19477640E-05
   0.583   2.083   0.98235495E-02   0.19449800E-05   0.86203263E-09   0.28932521E-08   0.00000000E+00   0.19487353E-05
   0.600   2.100   0.99401804E-02   0.19458740E-05   0.85457102E-09   0.28712100E-08   0.00000000E+00   0.19495998E-05
   0.617   2.117   0.10056886E-01   0.19466600E-05   0.84721289E-09   0.28494536E-08   0.00000000E+00   0.19503567E-05
   0.633   2.133   0.10173663E-01   0.19473372E-05   0.83995532E-09   0.28279727E-08   0.00000000E+00   0.19510051E-05
   0.650   2.150   0.10290505E-01   0.19479044E-05   0.83279551E-09   0.28067576E-08   0.00000000E+00   0.19515440E-05
   0.667   2.167   0.10407409E-01   0.19483604E-05   0.82573072E-09   0.27857986E-08   0.00000000E+00   0.19519719E-05
   0.683   2.183   0.10524370E-01   0.19487036E-05   0.81875832E-09   0.27650863E-08   0.00000000E+00   0.19522874E-05
   0.700   2.200   0.10641383E-01   0.19489323E-05   0.81187575E-09   0.27446114E-08   0.00000000E+00   0.19524888E-05
   0.717   2.217   0.10758444E-01   0.19490445E-05   0.80508051E-09   0.27243650E-08   0.00000000E+00   0.19525740E-05
   0.733   2.233   0.10875548E-01   0.19490381E-05   0.79837020E-09   0.27043381E-08   0.00000000E+00   0.19525408E-05
   0.750   2.250   0.10992691E-01   0.19489106E-05   0.79174245E-09   0.26845220E-08   0.00000000E+00   0.19523869E-05
   0.767   2.267   0.11109868E-01   0.19486594E-05   0.78519496E-09   0.26649080E-08   0.00000000E+00   0.19521095E-05
   0.783   2.283   0.11227075E-01   0.19482814E-05   0.77872549E-09   0.26454876E-08   0.00000000E+00   0.19517056E-05
   0.800   2.300   0.11344308E-01   0.19477734E-05   0.77233183E-09   0.26262522E-08   0.00000000E+00   0.19511720E-05
   0.817   2.317   0.11461562E-01   0.19471320E-05   0.76601182E-09   0.26071934E-08   0.00000000E+00   0.19505052E-05
   0.833   2.333   0.11578832E-01   0.19463533E-05   0.75976333E-09   0.25883027E-08   0.00000000E+00   0.19497013E-05
   0.850   2.350   0.11696115E-01   0.19454332E-05   0.75358427E-09   0.25695718E-08   0.00000000E+00   0.19487563E-05
   0.867   2.367   0.11813405E-01   0.19443671E-05   0.74747256E-09   0.25509920E-08   0.00000000E+00   0.19476656E-05
   0.883   2.383   0.11930699E-01   0.19431504E-05   0.74142614E-09   0.25325548E-08   0.00000000E+00   0.19464244E-05
   0.900   2.400   0.12047991E-01   0.19417778E-05   0.73544295E-09   0.25142515E-08   0.00000000E+00   0.19450275E-05
   0.917   2.417   0.12165278E-01   0.19402436E-05   0.72952094E-09   0.24960733E-08   0.00000000E+00   0.19434692E-05
   0.933   2.433   0.12282555E-01   0.19385418E-05   0.72365806E-09   0.24780112E-08   0.00000000E+00   0.19417434E-05
   0.950   2.450   0.12399818E-01   0.19366658E-05   0.71785222E-09   0.24600559E-08   0.00000000E+00   0.19398437E-05
   0.967   2.467   0.12517062E-01   0.19346088E-05   0.71210133E-09   0.24421981E-08   0.00000000E+00   0.19377631E-05
   0.983   2.483   0.12634285E-01   0.19323631E-05   0.70640324E-09   0.24244277E-08   0.00000000E+00   0.19354939E-05
   1.000   2.500   0.12751480E-01   0.19299239E-05   0.70075728E-09   0.24067423E-08   0.00000000E+00   0.19330314E-05
   1.017   2.517   0.12868642E-01   0.19274280E-05   0.69593275E-09   0.23919332E-08   0.00000000E+00   0.19305159E-05
   1.033   2.533   0.12985760E-01   0.19247256E-05   0.69149563E-09   0.23783803E-08   0.00000000E+00   0.19277955E-05
   1.050   2.550   0.13102829E-01   0.19218449E-05   0.68711679E-09   0.23649523E-08   0.00000000E+00   0.19248970E-05
   1.067   2.567   0.13219844E-01   0.19187964E-05   0.68276624E-09   0.23515448E-08   0.00000000E+00   0.19218307E-05
   1.083   2.583   0.13336800E-01   0.19155858E-05   0.67844582E-09   0.23381631E-08   0.00000000E+00   0.19186024E-05
   1.100   2.600   0.13453694E-01   0.19122151E-05   0.67415852E-09   0.23248162E-08   0.00000000E+00   0.19152141E-05
   1.117   2.617   0.13570523E-01   0.19086843E-05   0.66990570E-09   0.23115075E-08   0.00000000E+00   0.19116657E-05
   1.133   2.633   0.13687284E-01   0.19049918E-05   0.66568752E-09   0.22982362E-08   0.00000000E+00   0.19079558E-05
   1.150   2.650   0.13803975E-01   0.19011356E-05   0.66150351E-09   0.22849996E-08   0.00000000E+00   0.19040821E-05
   1.167   2.667   0.13920592E-01   0.18971129E-05   0.65735282E-09   0.22717933E-08   0.00000000E+00   0.19000420E-05
   1.183   2.683   0.14037133E-01   0.18929207E-05   0.65323442E-09   0.22586125E-08   0.00000000E+00   0.18958325E-05
   1.200   2.700   0.14153596E-01   0.18885560E-05   0.64914716E-09   0.22454517E-08   0.00000000E+00   0.18914506E-05
   1.217   2.717   0.14269980E-01   0.18840157E-05   0.64508981E-09   0.22323055E-08   0.00000000E+00   0.18868931E-05
   1.233   2.733   0.14386281E-01   0.18792965E-05   0.64106112E-09   0.22191680E-08   0.00000000E+00   0.18821567E-05
   1.250   2.750   0.14502498E-01   0.18743953E-05   0.63705983E-09   0.22060335E-08   0.00000000E+00   0.18772384E-05
   1.267   2.767   0.14618629E-01   0.18693091E-05   0.63308464E-09   0.21928961E-08   0.00000000E+00   0.18721351E-05
   1.283   2.783   0.14734674E-01   0.18640349E-05   0.62913426E-09   0.21797500E-08   0.00000000E+00   0.18668438E-05
   1.300   2.800   0.14850630E-01   0.18585698E-05   0.62520740E-09   0.21665893E-08   0.00000000E+00   0.18613616E-05
   1.317   2.817   0.14966497E-01   0.18529113E-05   0.62130276E-09   0.21534082E-08   0.00000000E+00   0.18556860E-05
   1.333   2.833   0.15082274E-01   0.18470569E-05   0.61741906E-09   0.21402011E-08   0.00000000E+00   0.18498145E-05
   1.350   2.850   0.15197960E-01   0.18410044E-05   0.61355506E-09   0.21269624E-08   0.00000000E+00   0.18437449E-05
   1.367   2.867   0.15313554E-01   0.18347521E-05   0.60970949E-09   0.21136867E-08   0.00000000E+00   0.18374755E-05
   1.383   2.883   0.15429055E-01   0.18282986E-05   0.60588116E-09   0.21003688E-08   0.00000000E+00   0.18310048E-05
   1.400   2.900   0.15544465E-01   0.18216429E-05   0.60206889E-09   0.20870037E-08   0.00000000E+00   0.18243320E-05
   1.417   2.917   0.15659782E-01   0.18147846E-05   0.59827158E-09   0.20735869E-08   0.00000000E+00   0.18174564E-05
   1.433   2.933   0.15775006E-01   0.18077238E-05   0.59448818E-09   0.20601143E-08   0.00000000E+00   0.18103784E-05
   1.450   2.950   0.15890137E-01   0.18004615E-05   0.59071772E-09   0.20465822E-08   0.00000000E+00   0.18030988E-05
   1.467   2.967   0.16005175E-01   0.17929993E-05   0.58695934E-09   0.20329876E-08   0.00000000E+00   0.17956192E-05
   1.483   2.983   0.16120120E-01   0.17853397E-05   0.58321230E-09   0.20193281E-08   0.00000000E+00   0.17879422E-05
   1.500   3.000   0.16234971E-01   0.17774861E-05   0.57947597E-09   0.20056022E-08   0.00000000E+00   0.17800712E-05
   1.517   3.017   0.16349728E-01   0.17694432E-05   0.57574993E-09   0.19918092E-08   0.00000000E+00   0.17720108E-05
   1.533   3.033   0.16464389E-01   0.17612165E-05   0.57203389E-09   0.19779496E-08   0.00000000E+00   0.17637665E-05
   1.550   3.050   0.16578953E-01   0.17528128E-05   0.56832781E-09   0.19640248E-08   0.00000000E+00   0.17553452E-05
   1.567   3.067   0.16693417E-01   0.17442404E-05   0.56463186E-09   0.19500378E-08   0.00000000E+00   0.17467551E-05
   1.583   3.083   0.16807780E-01   0.17355088E-05   0.56094645E-09   0.19359927E-08   0.00000000E+00   0.17380057E-05
   1.600   3.100   0.16922037E-01   0.17266287E-05   0.55727227E-09   0.19218952E-08   0.00000000E+00   0.17291079E-05
   1.617   3.117   0.17036183E-01   0.17176125E-05   0.55361031E-09   0.19077523E-08   0.00000000E+00   0.17200739E-05
   1.633   3.133   0.17150214E-01   0.17084738E-05   0.54996183E-09   0.18935729E-08   0.00000000E+00   0.17109173E-05
   1.650   3.150   0.17264122E-01   0.16992276E-05   0.54632842E-09   0.18793672E-08   0.00000000E+00   0.17016533E-05
   1.667   3.167   0.17377900E-01   0.16898903E-05   0.54271196E-09   0.18651471E-08   0.00000000E+00   0.16922981E-05
   1.683   3.183   0.17491537E-01   0.16804792E-05   0.53911461E-09   0.18509261E-08   0.00000000E+00   0.16828692E-05
   1.700   3.200   0.17605025E-01   0.16710127E-05   0.53553884E-09   0.18367189E-08   0.00000000E+00   0.16733850E-05
   1.717   3.217   0.17718350E-01   0.16615101E-05   0.53198735E-09   0.18225416E-08   0.00000000E+00   0.16638647E-05
   1.733   3.233   0.17831500E-01   0.16519913E-05   0.52846307E-09   0.18084113E-08   0.00000000E+00   0.16543282E-05
   1.750   3.250   0.17944462E-01   0.16424765E-05   0.52496909E-09   0.17943461E-08   0.00000000E+00   0.16447958E-05
   1.767   3.267   0.18057219E-01   0.16329859E-05   0.52150864E-09   0.17803643E-08   0.00000000E+00   0.16352878E-05
   1.783   3.283   0.18169758E-01   0.16235396E-05   0.51808504E-09   0.17664849E-08   0.00000000E+00   0.16258242E-05
   1.800   3.300   0.18282061E-01   0.16141573E-05   0.51470159E-09   0.17527268E-08   0.00000000E+00   0.16164247E-05
   1.817   3.317   0.18394113E-01   0.16048579E-05   0.51136159E-09   0.17391084E-08   0.00000000E+00   0.16071083E-05
   1.833   3.333   0.18505897E-01   0.15956592E-05   0.50806822E-09   0.17256477E-08   0.00000000E+00   0.15978929E-05
   1.850   3.350   0.18617397E-01   0.15865780E-05   0.50482452E-09   0.17123619E-08   0.00000000E+00   0.15887952E-05
   1.867   3.367   0.18728598E-01   0.15776297E-05   0.50163336E-09   0.16992670E-08   0.00000000E+00   0.15798306E-05
   1.883   3.383   0.18839486E-01   0.15688280E-05   0.49849733E-09   0.16863778E-08   0.00000000E+00   0.15710129E-05
   1.900   3.400   0.18950046E-01   0.15601853E-05   0.49541879E-09   0.16737075E-08   0.00000000E+00   0.15623544E-05
   1.917   3.417   0.19060268E-01   0.15517119E-05   0.49239981E-09   0.16612681E-08   0.00000000E+00   0.15538656E-05
   1.933   3.433   0.19170138E-01   0.15434168E-05   0.48944213E-09   0.16490697E-08   0.00000000E+00   0.15455553E-05
   1.950   3.450   0.19279648E-01   0.15353071E-05   0.48654720E-09   0.16371209E-08   0.00000000E+00   0.15374308E-05
   1.967   3.467   0.19388790E-01   0.15273885E-05   0.48371615E-09   0.16254286E-08   0.00000000E+00   0.15294977E-05
   1.983   3.483   0.19497556E-01   0.15196650E-05   0.48094980E-09   0.16139981E-08   0.00000000E+00   0.15217599E-05
   2.000   3.500   0.19605942E-01   0.15121391E-05   0.47824870E-09   0.16028332E-08   0.00000000E+00   0.15142202E-05
   2.017   3.517   0.19713944E-01   0.15048123E-05   0.47561310E-09   0.15919366E-08   0.00000000E+00   0.15068799E-05
   2.033   3.533   0.19821559E-01   0.14976848E-05   0.47304299E-09   0.15813091E-08   0.00000000E+00   0.14997391E-05
   2.050   3.550   0.19928786E-01   0.14907555E-05   0.47053815E-09   0.15709508E-08   0.00000000E+00   0.14927970E-05
   2.067   3.567   0.20035625E-01   0.14840228E-05   0.46809813E-09   0.15608606E-08   0.00000000E+00   0.14860517E-05
   2.083   3.583   0.20142077E-01   0.14774840E-05   0.46572230E-09   0.15510363E-08   0.00000000E+00   0.14795007E-05
   2.100   3.600   0.20248144E-01   0.14711358E-05   0.46340985E-09   0.15414751E-08   0.00000000E+00   0.14731407E-05
   2.117   3.617   0.20353830E-01   0.14649746E-05   0.46115985E-09   0.15321733E-08   0.00000000E+00   0.14669679E-05
   2.133   3.633   0.20459138E-01   0.14589960E-05   0.45897125E-09   0.15231267E-08   0.00000000E+00   0.14609781E-05
   2.150   3.650   0.20564072E-01   0.14531955E-05   0.45684288E-09   0.15143306E-08   0.00000000E+00   0.14551667E-05
   2.167   3.667   0.20668637E-01   0.14475682E-05   0.45477350E-09   0.15057799E-08   0.00000000E+00   0.14495287E-05
   2.183   3.683   0.20772839E-01   0.14421090E-05   0.45276183E-09   0.14974691E-08   0.00000000E+00   0.14440592E-05
   2.200   3.700   0.20876683E-01   0.14368127E-05   0.45080650E-09   0.14893926E-08   0.00000000E+00   0.14387529E-05
   2.217   3.717   0.20980175E-01   0.14316741E-05   0.44890613E-09   0.14815445E-08   0.00000000E+00   0.14336046E-05
   2.233   3.733   0.21083323E-01   0.14266879E-05   0.44705933E-09   0.14739188E-08   0.00000000E+00   0.14286089E-05
   2.250   3.750   0.21186131E-01   0.14218489E-05   0.44526467E-09   0.14665095E-08   0.00000000E+00   0.14237607E-05
   2.267   3.767   0.21288608E-01   0.14171518E-05   0.44352074E-09   0.14593105E-08   0.00000000E+00   0.14190547E-05
   2.283   3.783   0.21390759E-01   0.14125915E-05   0.44182612E-09   0.14523158E-08   0.00000000E+00   0.14144857E-05
   2.300   3.800   0.21492591E-01   0.14081629E-05   0.44017941E-09   0.14455193E-08   0.00000000E+00   0.14100486E-05
   2.317   3.817   0.21594112E-01   0.14038612E-05   0.43857924E-09   0.14389153E-08   0.00000000E+00   0.14057387E-05
   2.333   3.833   0.21695327E-01   0.13996815E-05   0.43702424E-09   0.14324977E-08   0.00000000E+00   0.14015510E-05
   2.350   3.850   0.21796243E-01   0.13956192E-05   0.43551308E-09   0.14262610E-08   0.00000000E+00   0.13974810E-05
   2.367   3.867   0.21896867E-01   0.13916697E-05   0.43404445E-09   0.14201995E-08   0.00000000E+00   0.13935240E-05
   2.383   3.883   0.21997205E-01   0.13878288E-05   0.43261708E-09   0.14143077E-08   0.00000000E+00   0.13896757E-05
   2.400   3.900   0.22097263E-01   0.13840922E-05   0.43122974E-09   0.14085803E-08   0.00000000E+00   0.13859320E-05
   2.417   3.917   0.22197049E-01   0.13804559E-05   0.42988121E-09   0.14030123E-08   0.00000000E+00   0.13822887E-05
   2.433   3.933   0.22296566E-01   0.13769159E-05   0.42857032E-09   0.13975985E-08   0.00000000E+00   0.13787421E-05
   2.450   3.950   0.22395823E-01   0.13734686E-05   0.42729595E-09   0.13923342E-08   0.00000000E+00   0.13752882E-05
   2.467   3.967   0.22494823E-01   0.13701103E-05   0.42605700E-09   0.13872146E-08   0.00000000E+00   0.13719236E-05
   2.483   3.983   0.22593573E-01   0.13668377E-05   0.42485239E-09   0.13822352E-08   0.00000000E+00   0.13686448E-05
   2.500   4.000   0.22692079E-01   0.13636474E-05   0.42368111E-09   0.13773917E-08   0.00000000E+00   0.13654485E-05
   2.517   4.017   0.22790345E-01   0.13605363E-05   0.42254217E-09   0.13726797E-08   0.00000000E+00   0.13623316E-05
   2.533   4.033   0.22888377E-01   0.13575014E-05   0.42143460E-09   0.13680953E-08   0.00000000E+00   0.13592909E-05
   2.550   4.050   0.22986179E-01   0.13545397E-05   0.42035749E-09   0.13636346E-08   0.00000000E+00   0.13563237E-05
   2.567   4.067   0.23083756E-01   0.13516486E-05   0.41930995E-09   0.13592936E-08   0.00000000E+00   0.13534272E-05
   2.583   4.083   0.23181114E-01   0.13488253E-05   0.41829111E-09   0.13550688E-08   0.00000000E+00   0.13505986E-05
   2.600   4.100   0.23278255E-01   0.13460673E-05   0.41730015E-09   0.13509568E-08   0.00000000E+00   0.13478356E-05
   2.617   4.117   0.23375186E-01   0.13433723E-05   0.41633628E-09   0.13469540E-08   0.00000000E+00   0.13451356E-05
   2.633   4.133   0.23471910E-01   0.13407380E-05   0.41539873E-09   0.13430573E-08   0.00000000E+00   0.13424964E-05
   2.650   4.150   0.23568430E-01   0.13381621E-05   0.41448677E-09   0.13392636E-08   0.00000000E+00   0.13399158E-05
   2.667   4.167   0.23664752E-01   0.13356425E-05   0.41359967E-09   0.13355699E-08   0.00000000E+00   0.13373917E-05
   2.683   4.183   0.23760878E-01   0.13331772E-05   0.41273677E-09   0.13319732E-08   0.00000000E+00   0.13349219E-05
   2.700   4.200   0.23856813E-01   0.13307643E-05   0.41189740E-09   0.13284708E-08   0.00000000E+00   0.13325047E-05
   2.717   4.217   0.23952560E-01   0.13284020E-05   0.41108093E-09   0.13250601E-08   0.00000000E+00   0.13301382E-05
   2.733   4.233   0.24048122E-01   0.13260885E-05   0.41028674E-09   0.13217384E-08   0.00000000E+00   0.13278205E-05
   2.750   4.250   0.24143503E-01   0.13238221E-05   0.40951426E-09   0.13185033E-08   0.00000000E+00   0.13255501E-05
   2.767   4.267   0.24238705E-01   0.13216013E-05   0.40876292E-09   0.13153524E-08   0.00000000E+00   0.13233254E-05
   2.783   4.283   0.24333732E-01   0.13194244E-05   0.40803218E-09   0.13122835E-08   0.00000000E+00   0.13211447E-05
   2.800   4.300   0.24428588E-01   0.13172900E-05   0.40732151E-09   0.13092943E-08   0.00000000E+00   0.13190067E-05
   2.817   4.317   0.24523274E-01   0.13151968E-05   0.40663040E-09   0.13063828E-08   0.00000000E+00   0.13169098E-05
   2.833   4.333   0.24617446E-01   0.13131847E-05   0.40598868E-09   0.13036844E-08   0.00000000E+00   0.13148944E-05
   2.850   4.350   0.24710701E-01   0.13113414E-05   0.40541335E-09   0.13013006E-08   0.00000000E+00   0.13130481E-05
   2.867   4.367   0.24803191E-01   0.13096564E-05   0.40488381E-09   0.12991477E-08   0.00000000E+00   0.13113604E-05
   2.883   4.383   0.24895034E-01   0.13081089E-05   0.40439152E-09   0.12971849E-08   0.00000000E+00   0.13098104E-05
   2.900   4.400   0.24986321E-01   0.13066815E-05   0.40393198E-09   0.12953874E-08   0.00000000E+00   0.13083808E-05
   2.917   4.417   0.25077126E-01   0.13053595E-05   0.40350227E-09   0.12937378E-08   0.00000000E+00   0.13070567E-05
   2.933   4.433   0.25167508E-01   0.13041304E-05   0.40310008E-09   0.12922221E-08   0.00000000E+00   0.13058257E-05
   2.950   4.450   0.25257515E-01   0.13029834E-05   0.40272335E-09   0.12908283E-08   0.00000000E+00   0.13046769E-05
   2.967   4.467   0.25347187E-01   0.13019094E-05   0.40237018E-09   0.12895459E-08   0.00000000E+00   0.13036014E-05
   2.983   4.483   0.25436558E-01   0.13009007E-05   0.40203884E-09   0.12883658E-08   0.00000000E+00   0.13025911E-05
   3.000   4.500   0.25525657E-01   0.12999505E-05   0.40172777E-09   0.12872797E-08   0.00000000E+00   0.13016395E-05
   3.017   4.517   0.25614509E-01   0.12990531E-05   0.40143559E-09   0.12862806E-08   0.00000000E+00   0.13007408E-05
   3.033   4.533   0.25703136E-01   0.12982036E-05   0.40116107E-09   0.12853622E-08   0.00000000E+00   0.12998901E-05
   3.050   4.550   0.25791555E-01   0.12973977E-05   0.40090314E-09   0.12845190E-08   0.00000000E+00   0.12990832E-05
   3.067   4.567   0.25879784E-01   0.12966319E-05   0.40066084E-09   0.12837462E-08   0.00000000E+00   0.12983163E-05
   3.083   4.583   0.25967838E-01   0.12959027E-05   0.40043330E-09   0.12830396E-08   0.00000000E+00   0.12975862E-05
   3.100   4.600   0.26055728E-01   0.12952074E-05   0.40021979E-09   0.12823952E-08   0.00000000E+00   0.12968900E-05
   3.117   4.617   0.26143467E-01   0.12945435E-05   0.40001961E-09   0.12818097E-08   0.00000000E+00   0.12962253E-05
   3.133   4.633   0.26231066E-01   0.12939086E-05   0.39983215E-09   0.12812800E-08   0.00000000E+00   0.12955897E-05
   3.150   4.650   0.26318532E-01   0.12933008E-05   0.39965687E-09   0.12808035E-08   0.00000000E+00   0.12949812E-05
   3.167   4.667   0.26405876E-01   0.12927182E-05   0.39949327E-09   0.12803776E-08   0.00000000E+00   0.12943981E-05
   3.183   4.683   0.26493104E-01   0.12921593E-05   0.39934088E-09   0.12799999E-08   0.00000000E+00   0.12938387E-05
   3.200   4.700   0.26580223E-01   0.12916226E-05   0.39919931E-09   0.12796686E-08   0.00000000E+00   0.12933015E-05
   3.217   4.717   0.26667241E-01   0.12911068E-05   0.39906816E-09   0.12793817E-08   0.00000000E+00   0.12927853E-05
   3.233   4.733   0.26754161E-01   0.12906106E-05   0.39894709E-09   0.12791375E-08   0.00000000E+00   0.12922887E-05
   3.250   4.750   0.26840991E-01   0.12901329E-05   0.39883577E-09   0.12789343E-08   0.00000000E+00   0.12918107E-05
   3.267   4.767   0.26927734E-01   0.12896728E-05   0.39873393E-09   0.12787708E-08   0.00000000E+00   0.12913503E-05
   3.283   4.783   0.27014395E-01   0.12892293E-05   0.39864127E-09   0.12786456E-08   0.00000000E+00   0.12909066E-05
   3.300   4.800   0.27100979E-01   0.12888015E-05   0.39855755E-09   0.12785574E-08   0.00000000E+00   0.12904787E-05
   3.317   4.817   0.27187489E-01   0.12883888E-05   0.39848254E-09   0.12785051E-08   0.00000000E+00   0.12900658E-05
   3.333   4.833   0.27273928E-01   0.12879902E-05   0.39841601E-09   0.12784876E-08   0.00000000E+00   0.12896671E-05
   3.350   4.850   0.27360301E-01   0.12876053E-05   0.39835777E-09   0.12785040E-08   0.00000000E+00   0.12892822E-05
   3.367   4.867   0.27446610E-01   0.12872333E-05   0.39830763E-09   0.12785533E-08   0.00000000E+00   0.12889102E-05
   3.383   4.883   0.27532857E-01   0.12868738E-05   0.39826540E-09   0.12786345E-08   0.00000000E+00   0.12885507E-05
   3.400   4.900   0.27619046E-01   0.12865261E-05   0.39823093E-09   0.12787471E-08   0.00000000E+00   0.12882031E-05
   3.417   4.917   0.27705179E-01   0.12861898E-05   0.39820406E-09   0.12788901E-08   0.00000000E+00   0.12878669E-05
   3.433   4.933   0.27791258E-01   0.12858644E-05   0.39818465E-09   0.12790628E-08   0.00000000E+00   0.12875416E-05
   3.450   4.950   0.27877286E-01   0.12855495E-05   0.39817256E-09   0.12792647E-08   0.00000000E+00   0.12872269E-05
   3.467   4.967   0.27963264E-01   0.12852447E-05   0.39816767E-09   0.12794951E-08   0.00000000E+00   0.12869223E-05
   3.483   4.983   0.28049195E-01   0.12849495E-05   0.39816986E-09   0.12797533E-08   0.00000000E+00   0.12866275E-05
   3.500   5.000   0.28135080E-01   0.12846638E-05   0.39817902E-09   0.12800389E-08   0.00000000E+00   0.12863420E-05
   3.517   5.017   0.28220920E-01   0.12843871E-05   0.39819504E-09   0.12803514E-08   0.00000000E+00   0.12860656E-05
   3.533   5.033   0.28306718E-01   0.12841191E-05   0.39821783E-09   0.12806903E-08   0.00000000E+00   0.12857980E-05
   3.550   5.050   0.28392475E-01   0.12838595E-05   0.39824730E-09   0.12810550E-08   0.00000000E+00   0.12855388E-05
   3.567   5.067   0.28478191E-01   0.12836081E-05   0.39828335E-09   0.12814453E-08   0.00000000E+00   0.12852878E-05
   3.583   5.083   0.28563870E-01   0.12833646E-05   0.39832592E-09   0.12818606E-08   0.00000000E+00   0.12850448E-05
   3.600   5.100   0.28649511E-01   0.12831288E-05   0.39837492E-09   0.12823007E-08   0.00000000E+00   0.12848094E-05
   3.617   5.117   0.28735116E-01   0.12829004E-05   0.39843028E-09   0.12827651E-08   0.00000000E+00   0.12845815E-05
   3.633   5.133   0.28820685E-01   0.12826792E-05   0.39849194E-09   0.12832535E-08   0.00000000E+00   0.12843609E-05
   3.650   5.150   0.28906221E-01   0.12824650E-05   0.39855984E-09   0.12837657E-08   0.00000000E+00   0.12841473E-05
   3.667   5.167   0.28991724E-01   0.12822577E-05   0.39863391E-09   0.12843012E-08   0.00000000E+00   0.12839406E-05
   3.683   5.183   0.29077194E-01   0.12820570E-05   0.39871410E-09   0.12848599E-08   0.00000000E+00   0.12837406E-05
   3.700   5.200   0.29162634E-01   0.12818628E-05   0.39880036E-09   0.12854415E-08   0.00000000E+00   0.12835470E-05
   3.717   5.217   0.29248042E-01   0.12816749E-05   0.39889265E-09   0.12860457E-08   0.00000000E+00   0.12833598E-05
   3.733   5.233   0.29333421E-01   0.12814932E-05   0.39899091E-09   0.12866723E-08   0.00000000E+00   0.12831788E-05
   3.750   5.250   0.29418771E-01   0.12813175E-05   0.39909512E-09   0.12873211E-08   0.00000000E+00   0.12830039E-05
   3.767   5.267   0.29504093E-01   0.12811476E-05   0.39920522E-09   0.12879919E-08   0.00000000E+00   0.12828348E-05
   3.783   5.283   0.29589387E-01   0.12809835E-05   0.39932119E-09   0.12886844E-08   0.00000000E+00   0.12826715E-05
   3.800   5.300   0.29674654E-01   0.12808250E-05   0.39944299E-09   0.12893986E-08   0.00000000E+00   0.12825139E-05
   3.817   5.317   0.29759894E-01   0.12806721E-05   0.39957059E-09   0.12901342E-08   0.00000000E+00   0.12823618E-05
   3.833   5.333   0.29845109E-01   0.12805245E-05   0.39970396E-09   0.12908911E-08   0.00000000E+00   0.12822151E-05
   3.850   5.350   0.29930298E-01   0.12803821E-05   0.39984309E-09   0.12916692E-08   0.00000000E+00   0.12820737E-05
   3.867   5.367   0.30015462E-01   0.12802450E-05   0.39998794E-09   0.12924683E-08   0.00000000E+00   0.12819375E-05
   3.883   5.383   0.30100602E-01   0.12801129E-05   0.40013849E-09   0.12932883E-08   0.00000000E+00   0.12818064E-05
   3.900   5.400   0.30185717E-01   0.12799859E-05   0.40029473E-09   0.12941290E-08   0.00000000E+00   0.12816803E-05
   3.917   5.417   0.30270809E-01   0.12798637E-05   0.40045665E-09   0.12949904E-08   0.00000000E+00   0.12815591E-05
   3.933   5.433   0.30355878E-01   0.12797463E-05   0.40062421E-09   0.12958724E-08   0.00000000E+00   0.12814428E-05
   3.950   5.450   0.30440924E-01   0.12796336E-05   0.40079743E-09   0.12967749E-08   0.00000000E+00   0.12813312E-05
   3.967   5.467   0.30525948E-01   0.12795256E-05   0.40097627E-09   0.12976978E-08   0.00000000E+00   0.12812243E-05
   3.983   5.483   0.30610949E-01   0.12794222E-05   0.40116074E-09   0.12986411E-08   0.00000000E+00   0.12811220E-05
   4.000   5.500   0.30695928E-01   0.12793233E-05   0.40135082E-09   0.12996046E-08   0.00000000E+00   0.12810242E-05
   4.017   5.517   0.30780886E-01   0.12792287E-05   0.40154652E-09   0.13005883E-08   0.00000000E+00   0.12809309E-05
   4.033   5.533   0.30865823E-01   0.12791386E-05   0.40174782E-09   0.13015922E-08   0.00000000E+00   0.12808419E-05
   4.050   5.550   0.30950738E-01   0.12790527E-05   0.40195473E-09   0.13026162E-08   0.00000000E+00   0.12807573E-05
   4.067   5.567   0.31035633E-01   0.12789711E-05   0.40216724E-09   0.13036604E-08   0.00000000E+00   0.12806770E-05
   4.083   5.583   0.31120507E-01   0.12788937E-05   0.40238536E-09   0.13047245E-08   0.00000000E+00   0.12806008E-05
   4.100   5.600   0.31205361E-01   0.12788204E-05   0.40260909E-09   0.13058088E-08   0.00000000E+00   0.12805288E-05
   4.117   5.617   0.31290195E-01   0.12787511E-05   0.40283843E-09   0.13069130E-08   0.00000000E+00   0.12804609E-05
   4.133   5.633   0.31375009E-01   0.12786858E-05   0.40307339E-09   0.13080372E-08   0.00000000E+00   0.12803970E-05
   4.150   5.650   0.31459803E-01   0.12786245E-05   0.40331397E-09   0.13091815E-08   0.00000000E+00   0.12803370E-05
   4.167   5.667   0.31544577E-01   0.12785671E-05   0.40356019E-09   0.13103458E-08   0.00000000E+00   0.12802811E-05
   4.183   5.683   0.31629332E-01   0.12785136E-05   0.40381205E-09   0.13115300E-08   0.00000000E+00   0.12802289E-05
   4.200   5.700   0.31714068E-01   0.12784639E-05   0.40406956E-09   0.13127343E-08   0.00000000E+00   0.12801807E-05
   4.217   5.717   0.31798784E-01   0.12784179E-05   0.40433274E-09   0.13139587E-08   0.00000000E+00   0.12801362E-05
   4.233   5.733   0.31883482E-01   0.12783756E-05   0.40460160E-09   0.13152031E-08   0.00000000E+00   0.12800954E-05
   4.250   5.750   0.31968160E-01   0.12783370E-05   0.40487616E-09   0.13164676E-08   0.00000000E+00   0.12800584E-05
   4.267   5.767   0.32052820E-01   0.12783021E-05   0.40515642E-09   0.13177523E-08   0.00000000E+00   0.12800250E-05
   4.283   5.783   0.32137461E-01   0.12782707E-05   0.40544241E-09   0.13190571E-08   0.00000000E+00   0.12799952E-05
   4.300   5.800   0.32222083E-01   0.12782428E-05   0.40573415E-09   0.13203821E-08   0.00000000E+00   0.12799690E-05
   4.317   5.817   0.32306687E-01   0.12782185E-05   0.40603165E-09   0.13217274E-08   0.00000000E+00   0.12799463E-05
   4.333   5.833   0.32391273E-01   0.12781976E-05   0.40633494E-09   0.13230930E-08   0.00000000E+00   0.12799270E-05
   4.350   5.850   0.32475840E-01   0.12781801E-05   0.40664404E-09   0.13244789E-08   0.00000000E+00   0.12799113E-05
   4.367   5.867   0.32560389E-01   0.12781661E-05   0.40695897E-09   0.13258853E-08   0.00000000E+00   0.12798989E-05
   4.383   5.883   0.32644919E-01   0.12781553E-05   0.40727976E-09   0.13273122E-08   0.00000000E+00   0.12798899E-05
   4.400   5.900   0.32729431E-01   0.12781479E-05   0.40760643E-09   0.13287597E-08   0.00000000E+00   0.12798843E-05
   4.417   5.917   0.32813925E-01   0.12781437E-05   0.40793901E-09   0.13302278E-08   0.00000000E+00   0.12798819E-05
   4.433   5.933   0.32898401E-01   0.12781428E-05   0.40827753E-09   0.13317166E-08   0.00000000E+00   0.12798828E-05
   4.450   5.950   0.32982859E-01   0.12781451E-05   0.40862201E-09   0.13332263E-08   0.00000000E+00   0.12798869E-05
   4.467   5.967   0.33067299E-01   0.12781505E-05   0.40897249E-09   0.13347568E-08   0.00000000E+00   0.12798942E-05
   4.483   5.983   0.33151720E-01   0.12781590E-05   0.40932899E-09   0.13363083E-08   0.00000000E+00   0.12799047E-05
   4.500   6.000   0.33236124E-01   0.12781706E-05   0.40969156E-09   0.13378810E-08   0.00000000E+00   0.12799182E-05
   4.517   6.017   0.33320510E-01   0.12781853E-05   0.41006021E-09   0.13394748E-08   0.00000000E+00   0.12799349E-05
   4.533   6.033   0.33404877E-01   0.12782030E-05   0.41043500E-09   0.13410899E-08   0.00000000E+00   0.12799545E-05
   4.550   6.050   0.33489227E-01   0.12782237E-05   0.41081594E-09   0.13427264E-08   0.00000000E+00   0.12799772E-05
   4.567   6.067   0.33573558E-01   0.12782472E-05   0.41120309E-09   0.13443845E-08   0.00000000E+00   0.12800028E-05
   4.583   6.083   0.33657872E-01   0.12782737E-05   0.41159647E-09   0.13460642E-08   0.00000000E+00   0.12800314E-05
   4.600   6.100   0.33742167E-01   0.12783031E-05   0.41199613E-09   0.13477657E-08   0.00000000E+00   0.12800629E-05
   4.617   6.117   0.33826444E-01   0.12783353E-05   0.41240211E-09   0.13494891E-08   0.00000000E+00   0.12800972E-05
   4.633   6.133   0.33910703E-01   0.12783703E-05   0.41281444E-09   0.13512345E-08   0.00000000E+00   0.12801343E-05
   4.650   6.150   0.33994944E-01   0.12784080E-05   0.41323318E-09   0.13530020E-08   0.00000000E+00   0.12801743E-05
   4.667   6.167   0.34079167E-01   0.12784485E-05   0.41365835E-09   0.13547919E-08   0.00000000E+00   0.12802169E-05
   4.683   6.183   0.34163372E-01   0.12784916E-05   0.41409002E-09   0.13566042E-08   0.00000000E+00   0.12802623E-05
   4.700   6.200   0.34247558E-01   0.12785374E-05   0.41452821E-09   0.13584391E-08   0.00000000E+00   0.12803103E-05
   4.717   6.217   0.34331727E-01   0.12785858E-05   0.41497299E-09   0.13602968E-08   0.00000000E+00   0.12803610E-05
   4.733   6.233   0.34415876E-01   0.12786367E-05   0.41542439E-09   0.13621773E-08   0.00000000E+00   0.12804143E-05
   4.750   6.250   0.34500008E-01   0.12786902E-05   0.41588247E-09   0.13640810E-08   0.00000000E+00   0.12804701E-05
   4.767   6.267   0.34584121E-01   0.12787461E-05   0.41634727E-09   0.13660078E-08   0.00000000E+00   0.12805285E-05
   4.783   6.283   0.34668216E-01   0.12788045E-05   0.41681886E-09   0.13679581E-08   0.00000000E+00   0.12805893E-05
   4.800   6.300   0.34752292E-01   0.12788653E-05   0.41729727E-09   0.13699319E-08   0.00000000E+00   0.12806525E-05
   4.817   6.317   0.34836349E-01   0.12789285E-05   0.41778256E-09   0.13719295E-08   0.00000000E+00   0.12807182E-05
   4.833   6.333   0.34920388E-01   0.12789939E-05   0.41827480E-09   0.13739511E-08   0.00000000E+00   0.12807862E-05
   4.850   6.350   0.35004408E-01   0.12790617E-05   0.41877402E-09   0.13759967E-08   0.00000000E+00   0.12808565E-05
   4.867   6.367   0.35088410E-01   0.12791317E-05   0.41928030E-09   0.13780667E-08   0.00000000E+00   0.12809290E-05
   4.883   6.383   0.35172392E-01   0.12792038E-05   0.41979369E-09   0.13801612E-08   0.00000000E+00   0.12810038E-05
   4.900   6.400   0.35256356E-01   0.12792781E-05   0.42031424E-09   0.13822804E-08   0.00000000E+00   0.12810807E-05
   4.917   6.417   0.35340300E-01   0.12793546E-05   0.42084202E-09   0.13844245E-08   0.00000000E+00   0.12811598E-05
   4.933   6.433   0.35424226E-01   0.12794330E-05   0.42137709E-09   0.13865937E-08   0.00000000E+00   0.12812410E-05
   4.950   6.450   0.35508132E-01   0.12795135E-05   0.42191952E-09   0.13887883E-08   0.00000000E+00   0.12813242E-05
   4.967   6.467   0.35592019E-01   0.12795959E-05   0.42246936E-09   0.13910084E-08   0.00000000E+00   0.12814094E-05
   4.983   6.483   0.35675887E-01   0.12796802E-05   0.42302668E-09   0.13932543E-08   0.00000000E+00   0.12814965E-05
   5.000   6.500   0.35759735E-01   0.12797664E-05   0.42359156E-09   0.13955262E-08   0.00000000E+00   0.12815855E-05
   5.017   6.517   0.35843563E-01   0.12798544E-05   0.42416405E-09   0.13978244E-08   0.00000000E+00   0.12816764E-05
   5.033   6.533   0.35927372E-01   0.12799441E-05   0.42474423E-09   0.14001490E-08   0.00000000E+00   0.12817690E-05
   5.050   6.550   0.36011161E-01   0.12800355E-05   0.42533217E-09   0.14025004E-08   0.00000000E+00   0.12818633E-05
   5.067   6.567   0.36094931E-01   0.12801286E-05   0.42592794E-09   0.14048787E-08   0.00000000E+00   0.12819594E-05
   5.083   6.583   0.36178680E-01   0.12802232E-05   0.42653161E-09   0.14072842E-08   0.00000000E+00   0.12820570E-05
   5.100   6.600   0.36262409E-01   0.12803194E-05   0.42714325E-09   0.14097171E-08   0.00000000E+00   0.12821563E-05
   5.117   6.617   0.36346118E-01   0.12804171E-05   0.42776295E-09   0.14121779E-08   0.00000000E+00   0.12822570E-05
   5.133   6.633   0.36429807E-01   0.12805161E-05   0.42839079E-09   0.14146666E-08   0.00000000E+00   0.12823592E-05
   5.150   6.650   0.36513475E-01   0.12806165E-05   0.42902683E-09   0.14171835E-08   0.00000000E+00   0.12824627E-05
   5.167   6.667   0.36597123E-01   0.12807182E-05   0.42967116E-09   0.14197291E-08   0.00000000E+00   0.12825676E-05
   5.183   6.683   0.36680750E-01   0.12808212E-05   0.43032387E-09   0.14223034E-08   0.00000000E+00   0.12826738E-05
   5.200   6.700   0.36764356E-01   0.12809253E-05   0.43098503E-09   0.14249069E-08   0.00000000E+00   0.12827812E-05
   5.217   6.717   0.36847941E-01   0.12810304E-05   0.43165473E-09   0.14275397E-08   0.00000000E+00   0.12828896E-05
   5.233   6.733   0.36931505E-01   0.12811367E-05   0.43233305E-09   0.14302023E-08   0.00000000E+00   0.12829992E-05
   5.250   6.750   0.37015048E-01   0.12812439E-05   0.43302009E-09   0.14328949E-08   0.00000000E+00   0.12831098E-05
   5.267   6.767   0.37098569E-01   0.12813519E-05   0.43371594E-09   0.14356178E-08   0.00000000E+00   0.12832213E-05
   5.283   6.783   0.37182069E-01   0.12814608E-05   0.43442068E-09   0.14383713E-08   0.00000000E+00   0.12833336E-05
   5.300   6.800   0.37265547E-01   0.12815704E-05   0.43513440E-09   0.14411558E-08   0.00000000E+00   0.12834467E-05
   5.317   6.817   0.37349004E-01   0.12816808E-05   0.43585721E-09   0.14439716E-08   0.00000000E+00   0.12835606E-05
   5.333   6.833   0.37432438E-01   0.12817917E-05   0.43658920E-09   0.14468190E-08   0.00000000E+00   0.12836751E-05
   5.350   6.850   0.37515850E-01   0.12819031E-05   0.43733046E-09   0.14496983E-08   0.00000000E+00   0.12837901E-05
   5.367   6.867   0.37599240E-01   0.12820149E-05   0.43808109E-09   0.14526099E-08   0.00000000E+00   0.12839056E-05
   5.383   6.883   0.37682608E-01   0.12821271E-05   0.43884120E-09   0.14555542E-08   0.00000000E+00   0.12840215E-05
   5.400   6.900   0.37765953E-01   0.12822396E-05   0.43961089E-09   0.14585315E-08   0.00000000E+00   0.12841378E-05
   5.417   6.917   0.37849275E-01   0.12823523E-05   0.44039026E-09   0.14615422E-08   0.00000000E+00   0.12842542E-05
   5.433   6.933   0.37932574E-01   0.12824651E-05   0.44117942E-09   0.14645866E-08   0.00000000E+00   0.12843708E-05
   5.450   6.950   0.38015849E-01   0.12825778E-05   0.44197848E-09   0.14676651E-08   0.00000000E+00   0.12844875E-05
   5.467   6.967   0.38099102E-01   0.12826905E-05   0.44278754E-09   0.14707781E-08   0.00000000E+00   0.12846041E-05
   5.483   6.983   0.38182331E-01   0.12828031E-05   0.44360673E-09   0.14739260E-08   0.00000000E+00   0.12847206E-05
   5.500   7.000   0.38265536E-01   0.12829153E-05   0.44443615E-09   0.14771092E-08   0.00000000E+00   0.12848369E-05
   5.517   7.017   0.38348717E-01   0.12830272E-05   0.44527592E-09   0.14803281E-08   0.00000000E+00   0.12849528E-05
   5.533   7.033   0.38431874E-01   0.12831386E-05   0.44612617E-09   0.14835831E-08   0.00000000E+00   0.12850683E-05
   5.550   7.050   0.38515006E-01   0.12832495E-05   0.44698700E-09   0.14868747E-08   0.00000000E+00   0.12851833E-05
   5.567   7.067   0.38598114E-01   0.12833597E-05   0.44785854E-09   0.14902032E-08   0.00000000E+00   0.12852977E-05
   5.583   7.083   0.38681197E-01   0.12834691E-05   0.44874092E-09   0.14935691E-08   0.00000000E+00   0.12854114E-05
   5.600   7.100   0.38764256E-01   0.12835776E-05   0.44963427E-09   0.14969729E-08   0.00000000E+00   0.12855242E-05
   5.617   7.117   0.38847289E-01   0.12836852E-05   0.45053870E-09   0.15004149E-08   0.00000000E+00   0.12856361E-05
   5.633   7.133   0.38930296E-01   0.12837916E-05   0.45145436E-09   0.15038957E-08   0.00000000E+00   0.12857470E-05
   5.650   7.150   0.39013278E-01   0.12838968E-05   0.45238138E-09   0.15074157E-08   0.00000000E+00   0.12858566E-05
   5.667   7.167   0.39096233E-01   0.12840007E-05   0.45331990E-09   0.15109754E-08   0.00000000E+00   0.12859650E-05
   5.683   7.183   0.39179163E-01   0.12841031E-05   0.45427005E-09   0.15145753E-08   0.00000000E+00   0.12860720E-05
   5.700   7.200   0.39262066E-01   0.12842040E-05   0.45523197E-09   0.15182159E-08   0.00000000E+00   0.12861774E-05
   5.717   7.217   0.39344943E-01   0.12843031E-05   0.45620581E-09   0.15218976E-08   0.00000000E+00   0.12862812E-05
   5.733   7.233   0.39427792E-01   0.12844004E-05   0.45719172E-09   0.15256211E-08   0.00000000E+00   0.12863832E-05
   5.750   7.250   0.39510614E-01   0.12844957E-05   0.45818983E-09   0.15293867E-08   0.00000000E+00   0.12864833E-05
   5.767   7.267   0.39593409E-01   0.12845889E-05   0.45920032E-09   0.15331951E-08   0.00000000E+00   0.12865813E-05
   5.783   7.283   0.39676176E-01   0.12846799E-05   0.46022332E-09   0.15370468E-08   0.00000000E+00   0.12866772E-05
   5.800   7.300   0.39758914E-01   0.12847686E-05   0.46125900E-09   0.15409423E-08   0.00000000E+00   0.12867708E-05
   5.817   7.317   0.39841625E-01   0.12848547E-05   0.46230752E-09   0.15448823E-08   0.00000000E+00   0.12868618E-05
   5.833   7.333   0.39924307E-01   0.12849381E-05   0.46336903E-09   0.15488671E-08   0.00000000E+00   0.12869503E-05
   5.850   7.350   0.40006959E-01   0.12850187E-05   0.46444371E-09   0.15528976E-08   0.00000000E+00   0.12870361E-05
   5.867   7.367   0.40089583E-01   0.12850964E-05   0.46553173E-09   0.15569742E-08   0.00000000E+00   0.12871189E-05
   5.883   7.383   0.40172177E-01   0.12851709E-05   0.46663326E-09   0.15610975E-08   0.00000000E+00   0.12871986E-05
   5.900   7.400   0.40254740E-01   0.12852422E-05   0.46774846E-09   0.15652682E-08   0.00000000E+00   0.12872752E-05
   5.917   7.417   0.40337274E-01   0.12853100E-05   0.46887753E-09   0.15694869E-08   0.00000000E+00   0.12873484E-05
   5.933   7.433   0.40419777E-01   0.12853742E-05   0.47002064E-09   0.15737542E-08   0.00000000E+00   0.12874180E-05
   5.950   7.450   0.40502249E-01   0.12854347E-05   0.47117798E-09   0.15780708E-08   0.00000000E+00   0.12874839E-05
   5.967   7.467   0.40584689E-01   0.12854912E-05   0.47234974E-09   0.15824374E-08   0.00000000E+00   0.12875460E-05
   5.983   7.483   0.40667098E-01   0.12855435E-05   0.47353611E-09   0.15868546E-08   0.00000000E+00   0.12876039E-05
   6.000   7.500   0.40749475E-01   0.12855916E-05   0.47473728E-09   0.15913231E-08   0.00000000E+00   0.12876577E-05
