        RT(hours)           [IRO2]         L_R_15           L_R_19           P_R_09           tot_loss         tot_prod
  -1.483   0.017   0.28091677E-04   0.22147500E-06   0.27178216E-09   0.68863260E-06   0.22174680E-06   0.68863260E-06
  -1.467   0.033   0.57629295E-04   0.32283997E-06   0.12740917E-08   0.84820939E-06   0.32411407E-06   0.84820939E-06
  -1.450   0.050   0.91546459E-04   0.38737281E-06   0.33179489E-08   0.99801484E-06   0.39069076E-06   0.99801484E-06
  -1.433   0.067   0.13071657E-03   0.44927179E-06   0.67936651E-08   0.11532938E-05   0.45606546E-06   0.11532938E-05
  -1.417   0.083   0.17525038E-03   0.52700433E-06   0.12168668E-07   0.13243778E-05   0.53917300E-06   0.13243778E-05
  -1.400   0.100   0.22486867E-03   0.63159616E-06   0.19984673E-07   0.15179529E-05   0.65158084E-06   0.15179529E-05
  -1.383   0.117   0.27907251E-03   0.76969999E-06   0.30851990E-07   0.17386839E-05   0.80055199E-06   0.17386839E-05
  -1.367   0.133   0.33726102E-03   0.94524016E-06   0.45436537E-07   0.19902492E-05   0.99067670E-06   0.19902492E-05
  -1.350   0.150   0.39881669E-03   0.11604831E-05   0.64438051E-07   0.22758710E-05   0.12249211E-05   0.22758710E-05
  -1.333   0.167   0.46316039E-03   0.14167564E-05   0.88561020E-07   0.25985216E-05   0.15053174E-05   0.25985216E-05
  -1.317   0.183   0.52977992E-03   0.17149006E-05   0.11848170E-06   0.29609492E-05   0.18333824E-05   0.29609492E-05
  -1.300   0.200   0.59823851E-03   0.20555179E-05   0.15481510E-06   0.33656181E-05   0.22103330E-05   0.33656181E-05
  -1.283   0.217   0.66817019E-03   0.24390790E-05   0.19808502E-06   0.38146204E-05   0.26371640E-05   0.38146204E-05
  -1.267   0.233   0.73926803E-03   0.28659467E-05   0.24869960E-06   0.43095938E-05   0.31146464E-05   0.43095938E-05
  -1.250   0.250   0.81126947E-03   0.33363541E-05   0.30693353E-06   0.48516644E-05   0.36432877E-05   0.48516644E-05
  -1.233   0.267   0.88394198E-03   0.38503681E-05   0.37291754E-06   0.54414224E-05   0.42232857E-05   0.54414224E-05
  -1.217   0.283   0.95707094E-03   0.44078539E-05   0.44663534E-06   0.60789340E-05   0.48544893E-05   0.60789340E-05
  -1.200   0.300   0.10304510E-02   0.50084493E-05   0.52792761E-06   0.67637821E-05   0.55363769E-05   0.67637821E-05
  -1.183   0.317   0.11038813E-02   0.56515536E-05   0.61650246E-06   0.74951309E-05   0.62680561E-05   0.74951309E-05
  -1.167   0.333   0.11771644E-02   0.63363332E-05   0.71195162E-06   0.82718037E-05   0.70482849E-05   0.82718037E-05
  -1.150   0.350   0.12501083E-02   0.70617418E-05   0.81377107E-06   0.90923655E-05   0.78755129E-05   0.90923655E-05
  -1.133   0.367   0.13225299E-02   0.78265538E-05   0.92138473E-06   0.99552039E-05   0.87479385E-05   0.99552039E-05
  -1.117   0.383   0.13942602E-02   0.86294071E-05   0.10341697E-05   0.10858603E-04   0.96635768E-05   0.10858603E-04
  -1.100   0.400   0.14651485E-02   0.94688507E-05   0.11514813E-05   0.11800810E-04   0.10620332E-04   0.11800810E-04
  -1.083   0.417   0.15350665E-02   0.10343393E-04   0.12726765E-05   0.12780085E-04   0.11616069E-04   0.12780085E-04
  -1.067   0.433   0.16039108E-02   0.11251544E-04   0.13971350E-05   0.13794746E-04   0.12648679E-04   0.13794746E-04
  -1.050   0.450   0.16716039E-02   0.12191860E-04   0.15242755E-05   0.14843201E-04   0.13716136E-04   0.14843201E-04
  -1.033   0.467   0.17380943E-02   0.13162967E-04   0.16535693E-05   0.15923971E-04   0.14816536E-04   0.15923971E-04
  -1.017   0.483   0.18033547E-02   0.14163588E-04   0.17845483E-05   0.17035698E-04   0.15948136E-04   0.17035698E-04
  -1.000   0.500   0.18673801E-02   0.15192553E-04   0.19168103E-05   0.18177161E-04   0.17109364E-04   0.18177161E-04
  -0.983   0.517   0.19301850E-02   0.16248811E-04   0.20500195E-05   0.19347265E-04   0.18298831E-04   0.19347265E-04
  -0.967   0.533   0.19917996E-02   0.17331424E-04   0.21839053E-05   0.20545045E-04   0.19515330E-04   0.20545045E-04
  -0.950   0.550   0.20522672E-02   0.18439566E-04   0.23182580E-05   0.21769652E-04   0.20757824E-04   0.21769652E-04
  -0.933   0.567   0.21116409E-02   0.19572512E-04   0.24529232E-05   0.23020345E-04   0.22025435E-04   0.23020345E-04
  -0.917   0.583   0.21699803E-02   0.20729629E-04   0.25877956E-05   0.24296476E-04   0.23317425E-04   0.24296476E-04
  -0.900   0.600   0.22273495E-02   0.21910363E-04   0.27228118E-05   0.25597477E-04   0.24633174E-04   0.25597477E-04
  -0.883   0.617   0.22838143E-02   0.23114225E-04   0.28579433E-05   0.26922849E-04   0.25972168E-04   0.26922849E-04
  -0.867   0.633   0.23394406E-02   0.24340781E-04   0.29931898E-05   0.28272144E-04   0.27333971E-04   0.28272144E-04
  -0.850   0.650   0.23942930E-02   0.25589639E-04   0.31285731E-05   0.29644959E-04   0.28718213E-04   0.29644959E-04
  -0.833   0.667   0.24484333E-02   0.26860438E-04   0.32641316E-05   0.31040919E-04   0.30124570E-04   0.31040919E-04
  -0.817   0.683   0.25019201E-02   0.28152837E-04   0.33999154E-05   0.32459674E-04   0.31552752E-04   0.32459674E-04
  -0.800   0.700   0.25548079E-02   0.29466511E-04   0.35359821E-05   0.33900885E-04   0.33002493E-04   0.33900885E-04
  -0.783   0.717   0.26071469E-02   0.30801139E-04   0.36723941E-05   0.35364223E-04   0.34473534E-04   0.35364223E-04
  -0.767   0.733   0.26589828E-02   0.32156406E-04   0.38092151E-05   0.36849359E-04   0.35965621E-04   0.36849359E-04
  -0.750   0.750   0.27103568E-02   0.33531991E-04   0.39465088E-05   0.38355965E-04   0.37478500E-04   0.38355965E-04
  -0.733   0.767   0.27613060E-02   0.34927568E-04   0.40843368E-05   0.39883706E-04   0.39011905E-04   0.39883706E-04
  -0.717   0.783   0.28118631E-02   0.36342806E-04   0.42227582E-05   0.41432244E-04   0.40565564E-04   0.41432244E-04
  -0.700   0.800   0.28620571E-02   0.37777364E-04   0.43618282E-05   0.43001232E-04   0.42139192E-04   0.43001232E-04
  -0.683   0.817   0.29119133E-02   0.39230892E-04   0.45015982E-05   0.44590316E-04   0.43732490E-04   0.44590316E-04
  -0.667   0.833   0.29614542E-02   0.40703033E-04   0.46421156E-05   0.46199137E-04   0.45345149E-04   0.46199137E-04
  -0.650   0.850   0.30106989E-02   0.42193422E-04   0.47834238E-05   0.47827326E-04   0.46976846E-04   0.47827326E-04
  -0.633   0.867   0.30596642E-02   0.43701686E-04   0.49255620E-05   0.49474512E-04   0.48627248E-04   0.49474512E-04
  -0.617   0.883   0.31083648E-02   0.45227447E-04   0.50685660E-05   0.51140318E-04   0.50296013E-04   0.51140318E-04
  -0.600   0.900   0.31568131E-02   0.46770321E-04   0.52124682E-05   0.52824364E-04   0.51982790E-04   0.52824364E-04
  -0.583   0.917   0.32050202E-02   0.48329923E-04   0.53572980E-05   0.54526267E-04   0.53687221E-04   0.54526267E-04
  -0.567   0.933   0.32529955E-02   0.49905864E-04   0.55030821E-05   0.56245644E-04   0.55408946E-04   0.56245644E-04
  -0.550   0.950   0.33007473E-02   0.51497753E-04   0.56498448E-05   0.57982112E-04   0.57147598E-04   0.57982112E-04
  -0.533   0.967   0.33482828E-02   0.53105202E-04   0.57976085E-05   0.59735290E-04   0.58902811E-04   0.59735290E-04
  -0.517   0.983   0.33956085E-02   0.54727823E-04   0.59463938E-05   0.61504796E-04   0.60674217E-04   0.61504796E-04
  -0.500   1.000   0.34427300E-02   0.56365228E-04   0.60962197E-05   0.63290254E-04   0.62461448E-04   0.63290254E-04
  -0.483   1.017   0.34896525E-02   0.58017035E-04   0.62471043E-05   0.65091291E-04   0.64264140E-04   0.65091291E-04
  -0.467   1.033   0.35363807E-02   0.59682864E-04   0.63990645E-05   0.66907537E-04   0.66081929E-04   0.66907537E-04
  -0.450   1.050   0.35829188E-02   0.61362339E-04   0.65521163E-05   0.68738628E-04   0.67914456E-04   0.68738628E-04
  -0.433   1.067   0.36292708E-02   0.63055088E-04   0.67062753E-05   0.70584205E-04   0.69761364E-04   0.70584205E-04
  -0.417   1.083   0.36754405E-02   0.64760746E-04   0.68615563E-05   0.72443912E-04   0.71622302E-04   0.72443912E-04
  -0.400   1.100   0.37214314E-02   0.66478950E-04   0.70179739E-05   0.74317402E-04   0.73496924E-04   0.74317402E-04
  -0.383   1.117   0.37672469E-02   0.68209344E-04   0.71755422E-05   0.76204331E-04   0.75384886E-04   0.76204331E-04
  -0.367   1.133   0.38128904E-02   0.69951577E-04   0.73342752E-05   0.78104361E-04   0.77285853E-04   0.78104361E-04
  -0.350   1.150   0.38583650E-02   0.71705304E-04   0.74941865E-05   0.80017160E-04   0.79199491E-04   0.80017160E-04
  -0.333   1.167   0.39036740E-02   0.73470184E-04   0.76552898E-05   0.81942400E-04   0.81125474E-04   0.81942400E-04
  -0.317   1.183   0.39488203E-02   0.75245881E-04   0.78175985E-05   0.83879761E-04   0.83063480E-04   0.83879761E-04
  -0.300   1.200   0.39938072E-02   0.77032065E-04   0.79811260E-05   0.85828925E-04   0.85013191E-04   0.85828925E-04
  -0.283   1.217   0.40386375E-02   0.78828408E-04   0.81458854E-05   0.87789580E-04   0.86974294E-04   0.87789580E-04
  -0.267   1.233   0.40833145E-02   0.80634591E-04   0.83118899E-05   0.89761419E-04   0.88946481E-04   0.89761419E-04
  -0.250   1.250   0.41278409E-02   0.82450293E-04   0.84791525E-05   0.91744136E-04   0.90929446E-04   0.91744136E-04
  -0.233   1.267   0.41722199E-02   0.84275203E-04   0.86476863E-05   0.93737433E-04   0.92922889E-04   0.93737433E-04
  -0.217   1.283   0.42164543E-02   0.86109008E-04   0.88175041E-05   0.95741012E-04   0.94926512E-04   0.95741012E-04
  -0.200   1.300   0.42605471E-02   0.87951401E-04   0.89886186E-05   0.97754579E-04   0.96940020E-04   0.97754579E-04
  -0.183   1.317   0.43045012E-02   0.89802077E-04   0.91610424E-05   0.99777843E-04   0.98963120E-04   0.99777843E-04
  -0.167   1.333   0.43483194E-02   0.91660733E-04   0.93347879E-05   0.10181051E-03   0.10099552E-03   0.10181051E-03
  -0.150   1.350   0.43920047E-02   0.93527067E-04   0.95098673E-05   0.10385230E-03   0.10303693E-03   0.10385230E-03
  -0.133   1.367   0.44355598E-02   0.95400780E-04   0.96862929E-05   0.10590292E-03   0.10508707E-03   0.10590292E-03
  -0.117   1.383   0.44789874E-02   0.97281572E-04   0.98640762E-05   0.10796209E-03   0.10714565E-03   0.10796209E-03
  -0.100   1.400   0.45222904E-02   0.99169144E-04   0.10043229E-04   0.11002952E-03   0.10921237E-03   0.11002952E-03
  -0.083   1.417   0.45654713E-02   0.10106320E-03   0.10223763E-04   0.11210492E-03   0.11128696E-03   0.11210492E-03
  -0.067   1.433   0.46085328E-02   0.10296344E-03   0.10405688E-04   0.11418801E-03   0.11336912E-03   0.11418801E-03
  -0.050   1.450   0.46514774E-02   0.10486956E-03   0.10589016E-04   0.11627849E-03   0.11545857E-03   0.11627849E-03
  -0.033   1.467   0.46943077E-02   0.10678126E-03   0.10773757E-04   0.11837608E-03   0.11755501E-03   0.11837608E-03
  -0.017   1.483   0.47370259E-02   0.10869823E-03   0.10959921E-04   0.12048049E-03   0.11965816E-03   0.12048049E-03
   0.000   1.500   0.47796346E-02   0.11062018E-03   0.11147518E-04   0.12259141E-03   0.12176770E-03   0.12259141E-03
   0.017   1.517   0.48221359E-02   0.11254679E-03   0.11336557E-04   0.12470856E-03   0.12388335E-03   0.12470856E-03
   0.033   1.533   0.48645321E-02   0.11447776E-03   0.11527045E-04   0.12683163E-03   0.12600480E-03   0.12683163E-03
   0.050   1.550   0.49068252E-02   0.11641275E-03   0.11718993E-04   0.12896031E-03   0.12813175E-03   0.12896031E-03
   0.067   1.567   0.49490172E-02   0.11835146E-03   0.11912408E-04   0.13109428E-03   0.13026387E-03   0.13109428E-03
   0.083   1.583   0.49911102E-02   0.12029356E-03   0.12107296E-04   0.13323325E-03   0.13240086E-03   0.13323325E-03
   0.100   1.600   0.50331058E-02   0.12223871E-03   0.12303666E-04   0.13537687E-03   0.13454238E-03   0.13537687E-03
   0.117   1.617   0.50750059E-02   0.12418659E-03   0.12501522E-04   0.13752483E-03   0.13668811E-03   0.13752483E-03
   0.133   1.633   0.51168120E-02   0.12613684E-03   0.12700870E-04   0.13967678E-03   0.13883771E-03   0.13967678E-03
   0.150   1.650   0.51585257E-02   0.12808912E-03   0.12901716E-04   0.14183239E-03   0.14099084E-03   0.14183239E-03
   0.167   1.667   0.52001484E-02   0.13004307E-03   0.13104064E-04   0.14399129E-03   0.14314714E-03   0.14399129E-03
   0.183   1.683   0.52416814E-02   0.13199833E-03   0.13307917E-04   0.14615314E-03   0.14530624E-03   0.14615314E-03
   0.200   1.700   0.52831257E-02   0.13395451E-03   0.13513278E-04   0.14831756E-03   0.14746779E-03   0.14831756E-03
   0.217   1.717   0.53244826E-02   0.13591124E-03   0.13720150E-04   0.15048417E-03   0.14963139E-03   0.15048417E-03
   0.233   1.733   0.53657530E-02   0.13786812E-03   0.13928533E-04   0.15265259E-03   0.15179665E-03   0.15265259E-03
   0.250   1.750   0.54069376E-02   0.13982475E-03   0.14138429E-04   0.15482240E-03   0.15396318E-03   0.15482240E-03
   0.267   1.767   0.54480372E-02   0.14178071E-03   0.14349838E-04   0.15699321E-03   0.15613055E-03   0.15699321E-03
   0.283   1.783   0.54890523E-02   0.14373558E-03   0.14562757E-04   0.15916458E-03   0.15829833E-03   0.15916458E-03
   0.300   1.800   0.55299833E-02   0.14568891E-03   0.14777186E-04   0.16133607E-03   0.16046610E-03   0.16133607E-03
   0.317   1.817   0.55708306E-02   0.14764026E-03   0.14993121E-04   0.16350724E-03   0.16263338E-03   0.16350724E-03
   0.333   1.833   0.56115943E-02   0.14958916E-03   0.15210559E-04   0.16567762E-03   0.16479972E-03   0.16567762E-03
   0.350   1.850   0.56522745E-02   0.15153512E-03   0.15429494E-04   0.16784672E-03   0.16696462E-03   0.16784672E-03
   0.367   1.867   0.56928709E-02   0.15347766E-03   0.15649921E-04   0.17001405E-03   0.16912758E-03   0.17001405E-03
   0.383   1.883   0.57333833E-02   0.15541625E-03   0.15871834E-04   0.17217910E-03   0.17128808E-03   0.17217910E-03
   0.400   1.900   0.57738114E-02   0.15735037E-03   0.16095223E-04   0.17434132E-03   0.17344559E-03   0.17434132E-03
   0.417   1.917   0.58141545E-02   0.15927947E-03   0.16320080E-04   0.17650017E-03   0.17559955E-03   0.17650017E-03
   0.433   1.933   0.58544118E-02   0.16120299E-03   0.16546394E-04   0.17865509E-03   0.17774938E-03   0.17865509E-03
   0.450   1.950   0.58945826E-02   0.16312033E-03   0.16774154E-04   0.18080546E-03   0.17989449E-03   0.18080546E-03
   0.467   1.967   0.59346656E-02   0.16503089E-03   0.17003346E-04   0.18295069E-03   0.18203424E-03   0.18295069E-03
   0.483   1.983   0.59746598E-02   0.16693405E-03   0.17233957E-04   0.18509013E-03   0.18416801E-03   0.18509013E-03
   0.500   2.000   0.60145636E-02   0.16882914E-03   0.17465971E-04   0.18722313E-03   0.18629511E-03   0.18722313E-03
   0.517   2.017   0.60543756E-02   0.17071549E-03   0.17699370E-04   0.18934899E-03   0.18841486E-03   0.18934899E-03
   0.533   2.033   0.60940938E-02   0.17259240E-03   0.17934135E-04   0.19146701E-03   0.19052653E-03   0.19146701E-03
   0.550   2.050   0.61337164E-02   0.17445913E-03   0.18170247E-04   0.19357643E-03   0.19262937E-03   0.19357643E-03
   0.567   2.067   0.61732411E-02   0.17631492E-03   0.18407683E-04   0.19567650E-03   0.19472261E-03   0.19567650E-03
   0.583   2.083   0.62126655E-02   0.17815900E-03   0.18646420E-04   0.19776641E-03   0.19680542E-03   0.19776641E-03
   0.600   2.100   0.62519872E-02   0.17999052E-03   0.18886432E-04   0.19984531E-03   0.19887695E-03   0.19984531E-03
   0.617   2.117   0.62912032E-02   0.18180865E-03   0.19127690E-04   0.20191235E-03   0.20093634E-03   0.20191235E-03
   0.633   2.133   0.63303104E-02   0.18361248E-03   0.19370166E-04   0.20396660E-03   0.20298264E-03   0.20396660E-03
   0.650   2.150   0.63693057E-02   0.18540108E-03   0.19613828E-04   0.20600714E-03   0.20501491E-03   0.20600714E-03
   0.667   2.167   0.64081853E-02   0.18717349E-03   0.19858642E-04   0.20803295E-03   0.20703214E-03   0.20803295E-03
   0.683   2.183   0.64469455E-02   0.18892870E-03   0.20104571E-04   0.21004303E-03   0.20903327E-03   0.21004303E-03
   0.700   2.200   0.64855821E-02   0.19066563E-03   0.20351576E-04   0.21203627E-03   0.21101721E-03   0.21203627E-03
   0.717   2.217   0.65240907E-02   0.19238320E-03   0.20599616E-04   0.21401157E-03   0.21298282E-03   0.21401157E-03
   0.733   2.233   0.65624666E-02   0.19408024E-03   0.20848647E-04   0.21596773E-03   0.21492888E-03   0.21596773E-03
   0.750   2.250   0.66007046E-02   0.19575553E-03   0.21098620E-04   0.21790352E-03   0.21685415E-03   0.21790352E-03
   0.767   2.267   0.66387994E-02   0.19740781E-03   0.21349486E-04   0.21981764E-03   0.21875729E-03   0.21981764E-03
   0.783   2.283   0.66767451E-02   0.19903574E-03   0.21601190E-04   0.22170874E-03   0.22063693E-03   0.22170874E-03
   0.800   2.300   0.67145355E-02   0.20063793E-03   0.21853676E-04   0.22357539E-03   0.22249161E-03   0.22357539E-03
   0.817   2.317   0.67521639E-02   0.20221291E-03   0.22106881E-04   0.22541608E-03   0.22431979E-03   0.22541608E-03
   0.833   2.333   0.67896232E-02   0.20375913E-03   0.22360741E-04   0.22722925E-03   0.22611987E-03   0.22722925E-03
   0.850   2.350   0.68269057E-02   0.20527496E-03   0.22615185E-04   0.22901323E-03   0.22789014E-03   0.22901323E-03
   0.867   2.367   0.68640034E-02   0.20675869E-03   0.22870139E-04   0.23076628E-03   0.22962883E-03   0.23076628E-03
   0.883   2.383   0.69009074E-02   0.20820852E-03   0.23125524E-04   0.23248655E-03   0.23133404E-03   0.23248655E-03
   0.900   2.400   0.69376083E-02   0.20962253E-03   0.23381255E-04   0.23417210E-03   0.23300378E-03   0.23417210E-03
   0.917   2.417   0.69740962E-02   0.21099870E-03   0.23637240E-04   0.23582088E-03   0.23463594E-03   0.23582088E-03
   0.933   2.433   0.70103602E-02   0.21233491E-03   0.23893383E-04   0.23743071E-03   0.23622829E-03   0.23743071E-03
   0.950   2.450   0.70463887E-02   0.21362888E-03   0.24149580E-04   0.23899930E-03   0.23777846E-03   0.23899930E-03
   0.967   2.467   0.70821691E-02   0.21487823E-03   0.24405719E-04   0.24052419E-03   0.23928395E-03   0.24052419E-03
   0.983   2.483   0.71176881E-02   0.21608041E-03   0.24661681E-04   0.24200282E-03   0.24074209E-03   0.24200282E-03
   1.000   2.500   0.71529314E-02   0.21723293E-03   0.24917363E-04   0.24343287E-03   0.24215029E-03   0.24343287E-03
   1.017   2.517   0.71881126E-02   0.21836604E-03   0.25173666E-04   0.24484023E-03   0.24353970E-03   0.24484023E-03
   1.033   2.533   0.72229613E-02   0.21946487E-03   0.25428275E-04   0.24620596E-03   0.24489315E-03   0.24620596E-03
   1.050   2.550   0.72573953E-02   0.22052201E-03   0.25681376E-04   0.24752961E-03   0.24620339E-03   0.24752961E-03
   1.067   2.567   0.72914555E-02   0.22153595E-03   0.25933280E-04   0.24881018E-03   0.24746923E-03   0.24881018E-03
   1.083   2.583   0.73251738E-02   0.22250575E-03   0.26184176E-04   0.25004667E-03   0.24868993E-03   0.25004667E-03
   1.100   2.600   0.73585661E-02   0.22343042E-03   0.26434136E-04   0.25123797E-03   0.24986456E-03   0.25123797E-03
   1.117   2.617   0.73916379E-02   0.22430881E-03   0.26683161E-04   0.25238279E-03   0.25099197E-03   0.25238279E-03
   1.133   2.633   0.74243877E-02   0.22513964E-03   0.26931200E-04   0.25347977E-03   0.25207084E-03   0.25347977E-03
   1.150   2.650   0.74568098E-02   0.22592156E-03   0.27178173E-04   0.25452744E-03   0.25309973E-03   0.25452744E-03
   1.167   2.667   0.74888960E-02   0.22665317E-03   0.27423983E-04   0.25552430E-03   0.25407715E-03   0.25552430E-03
   1.183   2.683   0.75206364E-02   0.22733304E-03   0.27668518E-04   0.25646880E-03   0.25500156E-03   0.25646880E-03
   1.200   2.700   0.75520201E-02   0.22795971E-03   0.27911658E-04   0.25735937E-03   0.25587136E-03   0.25735937E-03
   1.217   2.717   0.75830353E-02   0.22853170E-03   0.28153275E-04   0.25819444E-03   0.25668497E-03   0.25819444E-03
   1.233   2.733   0.76136696E-02   0.22904754E-03   0.28393236E-04   0.25897239E-03   0.25744077E-03   0.25897239E-03
   1.250   2.750   0.76439102E-02   0.22950576E-03   0.28631403E-04   0.25969165E-03   0.25813716E-03   0.25969165E-03
   1.267   2.767   0.76737439E-02   0.22990491E-03   0.28867634E-04   0.26035062E-03   0.25877254E-03   0.26035062E-03
   1.283   2.783   0.77031570E-02   0.23024353E-03   0.29101780E-04   0.26094772E-03   0.25934531E-03   0.26094772E-03
   1.300   2.800   0.77321355E-02   0.23052022E-03   0.29333693E-04   0.26148140E-03   0.25985391E-03   0.26148140E-03
   1.317   2.817   0.77606651E-02   0.23073360E-03   0.29563216E-04   0.26195013E-03   0.26029681E-03   0.26195013E-03
   1.333   2.833   0.77887314E-02   0.23088236E-03   0.29790193E-04   0.26235245E-03   0.26067255E-03   0.26235245E-03
   1.350   2.850   0.78163196E-02   0.23096523E-03   0.30014463E-04   0.26268693E-03   0.26097970E-03   0.26268693E-03
   1.367   2.867   0.78434150E-02   0.23098105E-03   0.30235863E-04   0.26295222E-03   0.26121691E-03   0.26295222E-03
   1.383   2.883   0.78700026E-02   0.23092873E-03   0.30454229E-04   0.26314706E-03   0.26138296E-03   0.26314706E-03
   1.400   2.900   0.78960678E-02   0.23080731E-03   0.30669396E-04   0.26327029E-03   0.26147670E-03   0.26327029E-03
   1.417   2.917   0.79215958E-02   0.23061595E-03   0.30881196E-04   0.26332088E-03   0.26149715E-03   0.26332088E-03
   1.433   2.933   0.79465723E-02   0.23035399E-03   0.31089467E-04   0.26329795E-03   0.26144346E-03   0.26329795E-03
   1.450   2.950   0.79709833E-02   0.23002093E-03   0.31294045E-04   0.26320079E-03   0.26131497E-03   0.26320079E-03
   1.467   2.967   0.79948155E-02   0.22961648E-03   0.31494771E-04   0.26302888E-03   0.26111125E-03   0.26302888E-03
   1.483   2.983   0.80180563E-02   0.22914060E-03   0.31691490E-04   0.26278193E-03   0.26083209E-03   0.26278193E-03
   1.500   3.000   0.80406941E-02   0.22859350E-03   0.31884055E-04   0.26245989E-03   0.26047755E-03   0.26245989E-03
   1.517   3.017   0.80627183E-02   0.22797566E-03   0.32072325E-04   0.26206301E-03   0.26004798E-03   0.26206301E-03
   1.533   3.033   0.80841200E-02   0.22728790E-03   0.32256171E-04   0.26159182E-03   0.25954407E-03   0.26159182E-03
   1.550   3.050   0.81048917E-02   0.22653138E-03   0.32435475E-04   0.26104722E-03   0.25896686E-03   0.26104722E-03
   1.567   3.067   0.81250279E-02   0.22570762E-03   0.32610136E-04   0.26043044E-03   0.25831776E-03   0.26043044E-03
   1.583   3.083   0.81445252E-02   0.22481853E-03   0.32780067E-04   0.25974311E-03   0.25759859E-03   0.25974311E-03
   1.600   3.100   0.81633825E-02   0.22386641E-03   0.32945201E-04   0.25898726E-03   0.25681161E-03   0.25898726E-03
   1.617   3.117   0.81816014E-02   0.22285399E-03   0.33105491E-04   0.25816535E-03   0.25595948E-03   0.25816535E-03
   1.633   3.133   0.81991861E-02   0.22178441E-03   0.33260916E-04   0.25728026E-03   0.25504532E-03   0.25728026E-03
   1.650   3.150   0.82161436E-02   0.22066121E-03   0.33411477E-04   0.25633528E-03   0.25407269E-03   0.25633528E-03
   1.667   3.167   0.82324840E-02   0.21948834E-03   0.33557201E-04   0.25533413E-03   0.25304554E-03   0.25533413E-03
   1.683   3.183   0.82482204E-02   0.21827011E-03   0.33698142E-04   0.25428094E-03   0.25196825E-03   0.25428094E-03
   1.700   3.200   0.82633686E-02   0.21701115E-03   0.33834383E-04   0.25318017E-03   0.25084553E-03   0.25318017E-03
   1.717   3.217   0.82779474E-02   0.21571639E-03   0.33966031E-04   0.25203662E-03   0.24968242E-03   0.25203662E-03
   1.733   3.233   0.82919779E-02   0.21439097E-03   0.34093220E-04   0.25085537E-03   0.24848419E-03   0.25085537E-03
   1.750   3.250   0.83054838E-02   0.21304020E-03   0.34216111E-04   0.24964171E-03   0.24725631E-03   0.24964171E-03
   1.767   3.267   0.83184904E-02   0.21166948E-03   0.34334885E-04   0.24840105E-03   0.24600437E-03   0.24840105E-03
   1.783   3.283   0.83310250E-02   0.21028422E-03   0.34449742E-04   0.24713891E-03   0.24473396E-03   0.24713891E-03
   1.800   3.300   0.83431158E-02   0.20888978E-03   0.34560901E-04   0.24586077E-03   0.24345068E-03   0.24586077E-03
   1.817   3.317   0.83547917E-02   0.20749137E-03   0.34668594E-04   0.24457207E-03   0.24215996E-03   0.24457207E-03
   1.833   3.333   0.83660819E-02   0.20609401E-03   0.34773061E-04   0.24327806E-03   0.24086707E-03   0.24327806E-03
   1.850   3.350   0.83770157E-02   0.20470246E-03   0.34874549E-04   0.24198381E-03   0.23957700E-03   0.24198381E-03
   1.867   3.367   0.83876216E-02   0.20332115E-03   0.34973308E-04   0.24069409E-03   0.23829445E-03   0.24069409E-03
   1.883   3.383   0.83979275E-02   0.20195416E-03   0.35069587E-04   0.23941336E-03   0.23702374E-03   0.23941336E-03
   1.900   3.400   0.84079601E-02   0.20060519E-03   0.35163627E-04   0.23814572E-03   0.23576882E-03   0.23814572E-03
   1.917   3.417   0.84177447E-02   0.19927753E-03   0.35255668E-04   0.23689488E-03   0.23453320E-03   0.23689488E-03
   1.933   3.433   0.84273052E-02   0.19797405E-03   0.35345935E-04   0.23566414E-03   0.23331999E-03   0.23566414E-03
   1.950   3.450   0.84366638E-02   0.19669723E-03   0.35434645E-04   0.23445640E-03   0.23213187E-03   0.23445640E-03
   1.967   3.467   0.84458412E-02   0.19544912E-03   0.35522000E-04   0.23327415E-03   0.23097112E-03   0.23327415E-03
   1.983   3.483   0.84548563E-02   0.19423140E-03   0.35608189E-04   0.23211948E-03   0.22983959E-03   0.23211948E-03
   2.000   3.500   0.84637261E-02   0.19304540E-03   0.35693388E-04   0.23099410E-03   0.22873879E-03   0.23099410E-03
   2.017   3.517   0.84724665E-02   0.19189211E-03   0.35777755E-04   0.22989939E-03   0.22766987E-03   0.22989939E-03
   2.033   3.533   0.84810913E-02   0.19077222E-03   0.35861435E-04   0.22883638E-03   0.22663365E-03   0.22883638E-03
   2.050   3.550   0.84896132E-02   0.18968613E-03   0.35944559E-04   0.22780580E-03   0.22563069E-03   0.22780580E-03
   2.067   3.567   0.84980433E-02   0.18863403E-03   0.36027243E-04   0.22680814E-03   0.22466127E-03   0.22680814E-03
   2.083   3.583   0.85063914E-02   0.18761587E-03   0.36109591E-04   0.22584360E-03   0.22372546E-03   0.22584360E-03
   2.100   3.600   0.85146665E-02   0.18663143E-03   0.36191692E-04   0.22491223E-03   0.22282312E-03   0.22491223E-03
   2.117   3.617   0.85228760E-02   0.18568035E-03   0.36273625E-04   0.22401385E-03   0.22195398E-03   0.22401385E-03
   2.133   3.633   0.85310266E-02   0.18476212E-03   0.36355459E-04   0.22314815E-03   0.22111758E-03   0.22314815E-03
   2.150   3.650   0.85391241E-02   0.18387612E-03   0.36437251E-04   0.22231469E-03   0.22031337E-03   0.22231469E-03
   2.167   3.667   0.85471735E-02   0.18302167E-03   0.36519050E-04   0.22151290E-03   0.21954072E-03   0.22151290E-03
   2.183   3.683   0.85551790E-02   0.18219799E-03   0.36600898E-04   0.22074215E-03   0.21879889E-03   0.22074215E-03
   2.200   3.700   0.85631443E-02   0.18140427E-03   0.36682827E-04   0.22000172E-03   0.21808710E-03   0.22000172E-03
   2.217   3.717   0.85710725E-02   0.18063965E-03   0.36764864E-04   0.21929083E-03   0.21740452E-03   0.21929083E-03
   2.233   3.733   0.85789661E-02   0.17990326E-03   0.36847031E-04   0.21860868E-03   0.21675029E-03   0.21860868E-03
   2.250   3.750   0.85868273E-02   0.17919419E-03   0.36929344E-04   0.21795443E-03   0.21612353E-03   0.21795443E-03
   2.267   3.767   0.85946577E-02   0.17851154E-03   0.37011814E-04   0.21732720E-03   0.21552335E-03   0.21732720E-03
   2.283   3.783   0.86024589E-02   0.17785441E-03   0.37094447E-04   0.21672614E-03   0.21494885E-03   0.21672614E-03
   2.300   3.800   0.86102318E-02   0.17722189E-03   0.37177249E-04   0.21615036E-03   0.21439914E-03   0.21615036E-03
   2.317   3.817   0.86179774E-02   0.17661309E-03   0.37260220E-04   0.21559898E-03   0.21387331E-03   0.21559898E-03
   2.333   3.833   0.86256962E-02   0.17602716E-03   0.37343359E-04   0.21507116E-03   0.21337052E-03   0.21507116E-03
   2.350   3.850   0.86333886E-02   0.17546322E-03   0.37426661E-04   0.21456603E-03   0.21288988E-03   0.21456603E-03
   2.367   3.867   0.86410549E-02   0.17492044E-03   0.37510122E-04   0.21408275E-03   0.21243056E-03   0.21408275E-03
   2.383   3.883   0.86486953E-02   0.17439801E-03   0.37593733E-04   0.21362050E-03   0.21199175E-03   0.21362050E-03
   2.400   3.900   0.86563096E-02   0.17389515E-03   0.37677486E-04   0.21317849E-03   0.21157264E-03   0.21317849E-03
   2.417   3.917   0.86638977E-02   0.17341108E-03   0.37761371E-04   0.21275594E-03   0.21117246E-03   0.21275594E-03
   2.433   3.933   0.86714595E-02   0.17294508E-03   0.37845377E-04   0.21235208E-03   0.21079045E-03   0.21235208E-03
   2.450   3.950   0.86789945E-02   0.17249641E-03   0.37929494E-04   0.21196619E-03   0.21042591E-03   0.21196619E-03
   2.467   3.967   0.86865024E-02   0.17206441E-03   0.38013709E-04   0.21159756E-03   0.21007812E-03   0.21159756E-03
   2.483   3.983   0.86939829E-02   0.17164839E-03   0.38098009E-04   0.21124550E-03   0.20974640E-03   0.21124550E-03
   2.500   4.000   0.87014354E-02   0.17124774E-03   0.38182382E-04   0.21090936E-03   0.20943012E-03   0.21090936E-03
   2.517   4.017   0.87088593E-02   0.17086182E-03   0.38266815E-04   0.21058848E-03   0.20912864E-03   0.21058848E-03
   2.533   4.033   0.87162543E-02   0.17049006E-03   0.38351294E-04   0.21028227E-03   0.20884135E-03   0.21028227E-03
   2.550   4.050   0.87236197E-02   0.17013189E-03   0.38435806E-04   0.20999013E-03   0.20856769E-03   0.20999013E-03
   2.567   4.067   0.87309549E-02   0.16978676E-03   0.38520338E-04   0.20971150E-03   0.20830710E-03   0.20971150E-03
   2.583   4.083   0.87382593E-02   0.16945416E-03   0.38604876E-04   0.20944582E-03   0.20805903E-03   0.20944582E-03
   2.600   4.100   0.87455324E-02   0.16913358E-03   0.38689407E-04   0.20919257E-03   0.20782299E-03   0.20919257E-03
   2.617   4.117   0.87527736E-02   0.16882455E-03   0.38773918E-04   0.20895126E-03   0.20759847E-03   0.20895126E-03
   2.633   4.133   0.87599822E-02   0.16852660E-03   0.38858397E-04   0.20872139E-03   0.20738500E-03   0.20872139E-03
   2.650   4.150   0.87671576E-02   0.16823931E-03   0.38942829E-04   0.20850250E-03   0.20718214E-03   0.20850250E-03
   2.667   4.167   0.87742992E-02   0.16796224E-03   0.39027202E-04   0.20829414E-03   0.20698944E-03   0.20829414E-03
   2.683   4.183   0.87814065E-02   0.16769499E-03   0.39111504E-04   0.20809590E-03   0.20680649E-03   0.20809590E-03
   2.700   4.200   0.87884788E-02   0.16743717E-03   0.39195723E-04   0.20790735E-03   0.20663290E-03   0.20790735E-03
   2.717   4.217   0.87955156E-02   0.16718842E-03   0.39279847E-04   0.20772811E-03   0.20646827E-03   0.20772811E-03
   2.733   4.233   0.88025163E-02   0.16694838E-03   0.39363863E-04   0.20755779E-03   0.20631224E-03   0.20755779E-03
   2.750   4.250   0.88094803E-02   0.16671671E-03   0.39447760E-04   0.20739604E-03   0.20616447E-03   0.20739604E-03
   2.767   4.267   0.88164070E-02   0.16649307E-03   0.39531528E-04   0.20724251E-03   0.20602460E-03   0.20724251E-03
   2.783   4.283   0.88232960E-02   0.16627716E-03   0.39615154E-04   0.20709686E-03   0.20589232E-03   0.20709686E-03
   2.800   4.300   0.88301467E-02   0.16606869E-03   0.39698629E-04   0.20695877E-03   0.20576731E-03   0.20695877E-03
   2.817   4.317   0.88369585E-02   0.16586734E-03   0.39781941E-04   0.20682793E-03   0.20564929E-03   0.20682793E-03
   2.833   4.333   0.88447181E-02   0.16570802E-03   0.39869506E-04   0.20672307E-03   0.20557752E-03   0.20672307E-03
   2.850   4.350   0.88535863E-02   0.16561315E-03   0.39963489E-04   0.20667305E-03   0.20557664E-03   0.20667305E-03
   2.867   4.367   0.88627328E-02   0.16555988E-03   0.40060625E-04   0.20667124E-03   0.20562050E-03   0.20667124E-03
   2.883   4.383   0.88719914E-02   0.16553913E-03   0.40160032E-04   0.20671022E-03   0.20569916E-03   0.20671022E-03
   2.900   4.400   0.88813369E-02   0.16554572E-03   0.40261429E-04   0.20678393E-03   0.20580715E-03   0.20678393E-03
   2.917   4.417   0.88907685E-02   0.16557593E-03   0.40364643E-04   0.20688747E-03   0.20594057E-03   0.20688747E-03
   2.933   4.433   0.89002842E-02   0.16562677E-03   0.40469500E-04   0.20701679E-03   0.20609627E-03   0.20701679E-03
   2.950   4.450   0.89098785E-02   0.16569577E-03   0.40575819E-04   0.20716856E-03   0.20627158E-03   0.20716856E-03
   2.967   4.467   0.89195430E-02   0.16578081E-03   0.40683419E-04   0.20733999E-03   0.20646423E-03   0.20733999E-03
   2.983   4.483   0.89292683E-02   0.16588011E-03   0.40792134E-04   0.20752872E-03   0.20667224E-03   0.20752872E-03
   3.000   4.500   0.89390448E-02   0.16599212E-03   0.40901813E-04   0.20773277E-03   0.20689394E-03   0.20773277E-03
   3.017   4.517   0.89488633E-02   0.16611552E-03   0.41012323E-04   0.20795044E-03   0.20712784E-03   0.20795044E-03
   3.033   4.533   0.89587155E-02   0.16624913E-03   0.41123544E-04   0.20818025E-03   0.20737267E-03   0.20818025E-03
   3.050   4.550   0.89685937E-02   0.16639194E-03   0.41235374E-04   0.20842094E-03   0.20762731E-03   0.20842094E-03
   3.067   4.567   0.89784910E-02   0.16654307E-03   0.41347719E-04   0.20867139E-03   0.20789079E-03   0.20867139E-03
   3.083   4.583   0.89884012E-02   0.16670171E-03   0.41460500E-04   0.20893062E-03   0.20816221E-03   0.20893062E-03
   3.100   4.600   0.89983186E-02   0.16686718E-03   0.41573645E-04   0.20919777E-03   0.20844082E-03   0.20919777E-03
   3.117   4.617   0.90082381E-02   0.16703883E-03   0.41687088E-04   0.20947208E-03   0.20872592E-03   0.20947208E-03
   3.133   4.633   0.90181551E-02   0.16721612E-03   0.41800772E-04   0.20975285E-03   0.20901689E-03   0.20975285E-03
   3.150   4.650   0.90280653E-02   0.16739853E-03   0.41914645E-04   0.21003947E-03   0.20931318E-03   0.21003947E-03
   3.167   4.667   0.90379650E-02   0.16758561E-03   0.42028660E-04   0.21033138E-03   0.20961427E-03   0.21033138E-03
   3.183   4.683   0.90478506E-02   0.16777694E-03   0.42142774E-04   0.21062809E-03   0.20991971E-03   0.21062809E-03
   3.200   4.700   0.90577189E-02   0.16797214E-03   0.42256947E-04   0.21092913E-03   0.21022909E-03   0.21092913E-03
   3.217   4.717   0.90675669E-02   0.16817087E-03   0.42371144E-04   0.21123409E-03   0.21054201E-03   0.21123409E-03
   3.233   4.733   0.90773920E-02   0.16837281E-03   0.42485331E-04   0.21154259E-03   0.21085814E-03   0.21154259E-03
   3.250   4.750   0.90871914E-02   0.16857767E-03   0.42599477E-04   0.21185429E-03   0.21117715E-03   0.21185429E-03
   3.267   4.767   0.90969630E-02   0.16878518E-03   0.42713555E-04   0.21216886E-03   0.21149874E-03   0.21216886E-03
   3.283   4.783   0.91067046E-02   0.16899510E-03   0.42827538E-04   0.21248601E-03   0.21182264E-03   0.21248601E-03
   3.300   4.800   0.91164141E-02   0.16920720E-03   0.42941401E-04   0.21280546E-03   0.21214860E-03   0.21280546E-03
   3.317   4.817   0.91260896E-02   0.16942127E-03   0.43055121E-04   0.21312697E-03   0.21247639E-03   0.21312697E-03
   3.333   4.833   0.91357295E-02   0.16963710E-03   0.43168677E-04   0.21345030E-03   0.21280578E-03   0.21345030E-03
   3.350   4.850   0.91453319E-02   0.16985453E-03   0.43282048E-04   0.21377523E-03   0.21313657E-03   0.21377523E-03
   3.367   4.867   0.91548955E-02   0.17007336E-03   0.43395215E-04   0.21410156E-03   0.21346858E-03   0.21410156E-03
   3.383   4.883   0.91644188E-02   0.17029346E-03   0.43508162E-04   0.21442909E-03   0.21380162E-03   0.21442909E-03
   3.400   4.900   0.91739004E-02   0.17051466E-03   0.43620869E-04   0.21475766E-03   0.21413553E-03   0.21475766E-03
   3.417   4.917   0.91833390E-02   0.17073683E-03   0.43733322E-04   0.21508710E-03   0.21447016E-03   0.21508710E-03
   3.433   4.933   0.91927335E-02   0.17095984E-03   0.43845505E-04   0.21541725E-03   0.21480535E-03   0.21541725E-03
   3.450   4.950   0.92020827E-02   0.17118356E-03   0.43957403E-04   0.21574796E-03   0.21514097E-03   0.21574796E-03
   3.467   4.967   0.92113856E-02   0.17140788E-03   0.44069003E-04   0.21607910E-03   0.21547688E-03   0.21607910E-03
   3.483   4.983   0.92206411E-02   0.17163269E-03   0.44180292E-04   0.21641053E-03   0.21581298E-03   0.21641053E-03
   3.500   5.000   0.92298483E-02   0.17185787E-03   0.44291257E-04   0.21674214E-03   0.21614913E-03   0.21674214E-03
   3.517   5.017   0.92390062E-02   0.17208335E-03   0.44401885E-04   0.21707380E-03   0.21648524E-03   0.21707380E-03
   3.533   5.033   0.92481141E-02   0.17230902E-03   0.44512166E-04   0.21740542E-03   0.21682119E-03   0.21740542E-03
   3.550   5.050   0.92571711E-02   0.17253480E-03   0.44622088E-04   0.21773687E-03   0.21715688E-03   0.21773687E-03
   3.567   5.067   0.92661764E-02   0.17276060E-03   0.44731640E-04   0.21806808E-03   0.21749224E-03   0.21806808E-03
   3.583   5.083   0.92751293E-02   0.17298634E-03   0.44840813E-04   0.21839893E-03   0.21782715E-03   0.21839893E-03
   3.600   5.100   0.92840291E-02   0.17321195E-03   0.44949596E-04   0.21872934E-03   0.21816155E-03   0.21872934E-03
   3.617   5.117   0.92928751E-02   0.17343736E-03   0.45057980E-04   0.21905923E-03   0.21849534E-03   0.21905923E-03
   3.633   5.133   0.93016666E-02   0.17366250E-03   0.45165955E-04   0.21938852E-03   0.21882845E-03   0.21938852E-03
   3.650   5.150   0.93104031E-02   0.17388730E-03   0.45273513E-04   0.21971712E-03   0.21916082E-03   0.21971712E-03
   3.667   5.167   0.93190840E-02   0.17411171E-03   0.45380645E-04   0.22004497E-03   0.21949235E-03   0.22004497E-03
   3.683   5.183   0.93277086E-02   0.17433566E-03   0.45487342E-04   0.22037199E-03   0.21982300E-03   0.22037199E-03
   3.700   5.200   0.93362765E-02   0.17455910E-03   0.45593597E-04   0.22069811E-03   0.22015269E-03   0.22069811E-03
   3.717   5.217   0.93447872E-02   0.17478196E-03   0.45699401E-04   0.22102328E-03   0.22048137E-03   0.22102328E-03
   3.733   5.233   0.93532401E-02   0.17500421E-03   0.45804747E-04   0.22134742E-03   0.22080896E-03   0.22134742E-03
   3.750   5.250   0.93616347E-02   0.17522579E-03   0.45909627E-04   0.22167048E-03   0.22113542E-03   0.22167048E-03
   3.767   5.267   0.93699706E-02   0.17544666E-03   0.46014034E-04   0.22199240E-03   0.22146069E-03   0.22199240E-03
   3.783   5.283   0.93782474E-02   0.17566675E-03   0.46117961E-04   0.22231313E-03   0.22178472E-03   0.22231313E-03
   3.800   5.300   0.93864645E-02   0.17588605E-03   0.46221401E-04   0.22263261E-03   0.22210745E-03   0.22263261E-03
   3.817   5.317   0.93946217E-02   0.17610449E-03   0.46324347E-04   0.22295079E-03   0.22242883E-03   0.22295079E-03
   3.833   5.333   0.94027185E-02   0.17632204E-03   0.46426792E-04   0.22326762E-03   0.22274883E-03   0.22326762E-03
   3.850   5.350   0.94107544E-02   0.17653866E-03   0.46528730E-04   0.22358305E-03   0.22306739E-03   0.22358305E-03
   3.867   5.367   0.94187292E-02   0.17675431E-03   0.46630155E-04   0.22389704E-03   0.22338446E-03   0.22389704E-03
   3.883   5.383   0.94266425E-02   0.17696896E-03   0.46731059E-04   0.22420954E-03   0.22370002E-03   0.22420954E-03
   3.900   5.400   0.94344938E-02   0.17718256E-03   0.46831438E-04   0.22452051E-03   0.22401400E-03   0.22452051E-03
   3.917   5.417   0.94422829E-02   0.17739509E-03   0.46931285E-04   0.22482990E-03   0.22432638E-03   0.22482990E-03
   3.933   5.433   0.94500094E-02   0.17760651E-03   0.47030594E-04   0.22513769E-03   0.22463711E-03   0.22513769E-03
   3.950   5.450   0.94576730E-02   0.17781679E-03   0.47129359E-04   0.22544382E-03   0.22494615E-03   0.22544382E-03
   3.967   5.467   0.94652733E-02   0.17802590E-03   0.47227575E-04   0.22574826E-03   0.22525348E-03   0.22574826E-03
   3.983   5.483   0.94728101E-02   0.17823381E-03   0.47325236E-04   0.22605097E-03   0.22555905E-03   0.22605097E-03
   4.000   5.500   0.94802831E-02   0.17844049E-03   0.47422336E-04   0.22635192E-03   0.22586282E-03   0.22635192E-03
   4.017   5.517   0.94876919E-02   0.17864590E-03   0.47518870E-04   0.22665106E-03   0.22616477E-03   0.22665106E-03
   4.033   5.533   0.94950362E-02   0.17885003E-03   0.47614832E-04   0.22694838E-03   0.22646486E-03   0.22694838E-03
   4.050   5.550   0.95023159E-02   0.17905284E-03   0.47710217E-04   0.22724383E-03   0.22676306E-03   0.22724383E-03
   4.067   5.567   0.95095305E-02   0.17925432E-03   0.47805020E-04   0.22753737E-03   0.22705934E-03   0.22753737E-03
   4.083   5.583   0.95166798E-02   0.17945442E-03   0.47899236E-04   0.22782899E-03   0.22735366E-03   0.22782899E-03
   4.100   5.600   0.95237636E-02   0.17965314E-03   0.47992859E-04   0.22811864E-03   0.22764600E-03   0.22811864E-03
   4.117   5.617   0.95307815E-02   0.17985044E-03   0.48085885E-04   0.22840631E-03   0.22793632E-03   0.22840631E-03
   4.133   5.633   0.95377334E-02   0.18004630E-03   0.48178307E-04   0.22869195E-03   0.22822461E-03   0.22869195E-03
   4.150   5.650   0.95446189E-02   0.18024070E-03   0.48270122E-04   0.22897554E-03   0.22851082E-03   0.22897554E-03
   4.167   5.667   0.95514378E-02   0.18043361E-03   0.48361325E-04   0.22925705E-03   0.22879494E-03   0.22925705E-03
   4.183   5.683   0.95581898E-02   0.18062502E-03   0.48451910E-04   0.22953645E-03   0.22907693E-03   0.22953645E-03
   4.200   5.700   0.95648748E-02   0.18081490E-03   0.48541872E-04   0.22981372E-03   0.22935677E-03   0.22981372E-03
   4.217   5.717   0.95714924E-02   0.18100323E-03   0.48631207E-04   0.23008883E-03   0.22963444E-03   0.23008883E-03
   4.233   5.733   0.95780424E-02   0.18118999E-03   0.48719910E-04   0.23036176E-03   0.22990990E-03   0.23036176E-03
   4.250   5.750   0.95845246E-02   0.18137516E-03   0.48807976E-04   0.23063247E-03   0.23018313E-03   0.23063247E-03
   4.267   5.767   0.95909387E-02   0.18155872E-03   0.48895401E-04   0.23090094E-03   0.23045412E-03   0.23090094E-03
   4.283   5.783   0.95972845E-02   0.18174064E-03   0.48982179E-04   0.23116715E-03   0.23072282E-03   0.23116715E-03
   4.300   5.800   0.96035617E-02   0.18192092E-03   0.49068307E-04   0.23143107E-03   0.23098923E-03   0.23143107E-03
   4.317   5.817   0.96097702E-02   0.18209953E-03   0.49153779E-04   0.23169268E-03   0.23125331E-03   0.23169268E-03
   4.333   5.833   0.96159097E-02   0.18227646E-03   0.49238590E-04   0.23195196E-03   0.23151505E-03   0.23195196E-03
   4.350   5.850   0.96219799E-02   0.18245168E-03   0.49322737E-04   0.23220887E-03   0.23177441E-03   0.23220887E-03
   4.367   5.867   0.96279806E-02   0.18262517E-03   0.49406214E-04   0.23246341E-03   0.23203139E-03   0.23246341E-03
   4.383   5.883   0.96339117E-02   0.18279693E-03   0.49489018E-04   0.23271554E-03   0.23228594E-03   0.23271554E-03
   4.400   5.900   0.96397728E-02   0.18296692E-03   0.49571143E-04   0.23296525E-03   0.23253807E-03   0.23296525E-03
   4.417   5.917   0.96455637E-02   0.18313514E-03   0.49652584E-04   0.23321250E-03   0.23278773E-03   0.23321250E-03
   4.433   5.933   0.96512842E-02   0.18330157E-03   0.49733339E-04   0.23345729E-03   0.23303491E-03   0.23345729E-03
   4.450   5.950   0.96569342E-02   0.18346619E-03   0.49813401E-04   0.23369958E-03   0.23327959E-03   0.23369958E-03
   4.467   5.967   0.96625132E-02   0.18362899E-03   0.49892766E-04   0.23393936E-03   0.23352175E-03   0.23393936E-03
   4.483   5.983   0.96680212E-02   0.18378994E-03   0.49971430E-04   0.23417660E-03   0.23376137E-03   0.23417660E-03
   4.500   6.000   0.96734579E-02   0.18394903E-03   0.50049389E-04   0.23441128E-03   0.23399842E-03   0.23441128E-03
   4.517   6.017   0.96788230E-02   0.18410625E-03   0.50126638E-04   0.23464339E-03   0.23423289E-03   0.23464339E-03
   4.533   6.033   0.96841164E-02   0.18426157E-03   0.50203172E-04   0.23487290E-03   0.23446475E-03   0.23487290E-03
   4.550   6.050   0.96893378E-02   0.18441500E-03   0.50278986E-04   0.23509978E-03   0.23469398E-03   0.23509978E-03
   4.567   6.067   0.96944869E-02   0.18456649E-03   0.50354078E-04   0.23532403E-03   0.23492057E-03   0.23532403E-03
   4.583   6.083   0.96995636E-02   0.18471605E-03   0.50428441E-04   0.23554562E-03   0.23514449E-03   0.23554562E-03
   4.600   6.100   0.97045675E-02   0.18486366E-03   0.50502072E-04   0.23576453E-03   0.23536573E-03   0.23576453E-03
   4.617   6.117   0.97094986E-02   0.18500930E-03   0.50574966E-04   0.23598073E-03   0.23558427E-03   0.23598073E-03
   4.633   6.133   0.97143564E-02   0.18515295E-03   0.50647118E-04   0.23619422E-03   0.23580007E-03   0.23619422E-03
   4.650   6.150   0.97191409E-02   0.18529461E-03   0.50718525E-04   0.23640496E-03   0.23601313E-03   0.23640496E-03
   4.667   6.167   0.97238517E-02   0.18543425E-03   0.50789181E-04   0.23661295E-03   0.23622343E-03   0.23661295E-03
   4.683   6.183   0.97284886E-02   0.18557186E-03   0.50859082E-04   0.23681815E-03   0.23643095E-03   0.23681815E-03
   4.700   6.200   0.97330513E-02   0.18570743E-03   0.50928223E-04   0.23702055E-03   0.23663566E-03   0.23702055E-03
   4.717   6.217   0.97375397E-02   0.18584094E-03   0.50996601E-04   0.23722014E-03   0.23683754E-03   0.23722014E-03
   4.733   6.233   0.97419535E-02   0.18597238E-03   0.51064210E-04   0.23741688E-03   0.23703659E-03   0.23741688E-03
   4.750   6.250   0.97462924E-02   0.18610173E-03   0.51131046E-04   0.23761076E-03   0.23723277E-03   0.23761076E-03
   4.767   6.267   0.97505562E-02   0.18622897E-03   0.51197104E-04   0.23780177E-03   0.23742608E-03   0.23780177E-03
   4.783   6.283   0.97547446E-02   0.18635410E-03   0.51262381E-04   0.23798987E-03   0.23761648E-03   0.23798987E-03
   4.800   6.300   0.97588573E-02   0.18647709E-03   0.51326870E-04   0.23817506E-03   0.23780396E-03   0.23817506E-03
   4.817   6.317   0.97628942E-02   0.18659794E-03   0.51390568E-04   0.23835731E-03   0.23798850E-03   0.23835731E-03
   4.833   6.333   0.97668549E-02   0.18671662E-03   0.51453470E-04   0.23853661E-03   0.23817009E-03   0.23853661E-03
   4.850   6.350   0.97707392E-02   0.18683313E-03   0.51515572E-04   0.23871292E-03   0.23834870E-03   0.23871292E-03
   4.867   6.367   0.97745469E-02   0.18694744E-03   0.51576868E-04   0.23888624E-03   0.23852431E-03   0.23888624E-03
   4.883   6.383   0.97782776E-02   0.18705955E-03   0.51637355E-04   0.23905655E-03   0.23869690E-03   0.23905655E-03
   4.900   6.400   0.97819311E-02   0.18716944E-03   0.51697027E-04   0.23922381E-03   0.23886646E-03   0.23922381E-03
   4.917   6.417   0.97855070E-02   0.18727709E-03   0.51755879E-04   0.23938803E-03   0.23903297E-03   0.23938803E-03
   4.933   6.433   0.97890053E-02   0.18738249E-03   0.51813908E-04   0.23954916E-03   0.23919640E-03   0.23954916E-03
   4.950   6.450   0.97924255E-02   0.18748563E-03   0.51871107E-04   0.23970721E-03   0.23935673E-03   0.23970721E-03
   4.967   6.467   0.97957673E-02   0.18758648E-03   0.51927473E-04   0.23986213E-03   0.23951395E-03   0.23986213E-03
   4.983   6.483   0.97990305E-02   0.18768504E-03   0.51983001E-04   0.24001393E-03   0.23966804E-03   0.24001393E-03
   5.000   6.500   0.98022149E-02   0.18778129E-03   0.52037686E-04   0.24016256E-03   0.23981898E-03   0.24016256E-03
   5.017   6.517   0.98053200E-02   0.18787521E-03   0.52091522E-04   0.24030803E-03   0.23996674E-03   0.24030803E-03
   5.033   6.533   0.98083457E-02   0.18796680E-03   0.52144506E-04   0.24045029E-03   0.24011130E-03   0.24045029E-03
   5.050   6.550   0.98112915E-02   0.18805603E-03   0.52196632E-04   0.24058935E-03   0.24025266E-03   0.24058935E-03
   5.067   6.567   0.98141573E-02   0.18814289E-03   0.52247895E-04   0.24072516E-03   0.24039078E-03   0.24072516E-03
   5.083   6.583   0.98169426E-02   0.18822736E-03   0.52298291E-04   0.24085772E-03   0.24052565E-03   0.24085772E-03
   5.100   6.600   0.98196473E-02   0.18830943E-03   0.52347813E-04   0.24098701E-03   0.24065724E-03   0.24098701E-03
   5.117   6.617   0.98222709E-02   0.18838908E-03   0.52396458E-04   0.24111299E-03   0.24078554E-03   0.24111299E-03
   5.133   6.633   0.98248131E-02   0.18846630E-03   0.52444220E-04   0.24123566E-03   0.24091052E-03   0.24123566E-03
   5.150   6.650   0.98272737E-02   0.18854108E-03   0.52491094E-04   0.24135499E-03   0.24103217E-03   0.24135499E-03
   5.167   6.667   0.98296522E-02   0.18861339E-03   0.52537076E-04   0.24147096E-03   0.24115046E-03   0.24147096E-03
   5.183   6.683   0.98319485E-02   0.18868322E-03   0.52582158E-04   0.24158355E-03   0.24126538E-03   0.24158355E-03
   5.200   6.700   0.98341620E-02   0.18875056E-03   0.52626338E-04   0.24169273E-03   0.24137689E-03   0.24169273E-03
   5.217   6.717   0.98362926E-02   0.18881538E-03   0.52669609E-04   0.24179849E-03   0.24148499E-03   0.24179849E-03
   5.233   6.733   0.98383397E-02   0.18887768E-03   0.52711966E-04   0.24190081E-03   0.24158964E-03   0.24190081E-03
   5.250   6.750   0.98403032E-02   0.18893743E-03   0.52753404E-04   0.24199966E-03   0.24169083E-03   0.24199966E-03
   5.267   6.767   0.98421826E-02   0.18899462E-03   0.52793917E-04   0.24209501E-03   0.24178854E-03   0.24209501E-03
   5.283   6.783   0.98439776E-02   0.18904924E-03   0.52833500E-04   0.24218686E-03   0.24188273E-03   0.24218686E-03
   5.300   6.800   0.98456878E-02   0.18910126E-03   0.52872147E-04   0.24227517E-03   0.24197340E-03   0.24227517E-03
   5.317   6.817   0.98473128E-02   0.18915067E-03   0.52909854E-04   0.24235993E-03   0.24206052E-03   0.24235993E-03
   5.333   6.833   0.98488523E-02   0.18919745E-03   0.52946614E-04   0.24244110E-03   0.24214406E-03   0.24244110E-03
   5.350   6.850   0.98503058E-02   0.18924159E-03   0.52982423E-04   0.24251867E-03   0.24222401E-03   0.24251867E-03
   5.367   6.867   0.98516731E-02   0.18928307E-03   0.53017273E-04   0.24259262E-03   0.24230034E-03   0.24259262E-03
   5.383   6.883   0.98529537E-02   0.18932186E-03   0.53051160E-04   0.24266292E-03   0.24237302E-03   0.24266292E-03
   5.400   6.900   0.98541471E-02   0.18935796E-03   0.53084079E-04   0.24272955E-03   0.24244204E-03   0.24272955E-03
   5.417   6.917   0.98552531E-02   0.18939135E-03   0.53116022E-04   0.24279248E-03   0.24250737E-03   0.24279248E-03
   5.433   6.933   0.98562712E-02   0.18942200E-03   0.53146985E-04   0.24285169E-03   0.24256899E-03   0.24285169E-03
   5.450   6.950   0.98572009E-02   0.18944991E-03   0.53176962E-04   0.24290716E-03   0.24262687E-03   0.24290716E-03
   5.467   6.967   0.98580419E-02   0.18947504E-03   0.53205946E-04   0.24295886E-03   0.24268099E-03   0.24295886E-03
   5.483   6.983   0.98587938E-02   0.18949739E-03   0.53233932E-04   0.24300677E-03   0.24273132E-03   0.24300677E-03
   5.500   7.000   0.98594561E-02   0.18951693E-03   0.53260914E-04   0.24305086E-03   0.24277784E-03   0.24305086E-03
   5.517   7.017   0.98600283E-02   0.18953364E-03   0.53286885E-04   0.24309110E-03   0.24282052E-03   0.24309110E-03
   5.533   7.033   0.98605100E-02   0.18954751E-03   0.53311840E-04   0.24312748E-03   0.24285935E-03   0.24312748E-03
   5.550   7.050   0.98609008E-02   0.18955852E-03   0.53335772E-04   0.24315996E-03   0.24289429E-03   0.24315996E-03
   5.567   7.067   0.98612003E-02   0.18956664E-03   0.53358675E-04   0.24318853E-03   0.24292531E-03   0.24318853E-03
   5.583   7.083   0.98614078E-02   0.18957186E-03   0.53380543E-04   0.24321315E-03   0.24295240E-03   0.24321315E-03
   5.600   7.100   0.98615231E-02   0.18957416E-03   0.53401369E-04   0.24323379E-03   0.24297553E-03   0.24323379E-03
   5.617   7.117   0.98615456E-02   0.18957351E-03   0.53421148E-04   0.24325044E-03   0.24299466E-03   0.24325044E-03
   5.633   7.133   0.98614747E-02   0.18956990E-03   0.53439872E-04   0.24326306E-03   0.24300978E-03   0.24326306E-03
   5.650   7.150   0.98613101E-02   0.18956331E-03   0.53457536E-04   0.24327162E-03   0.24302085E-03   0.24327162E-03
   5.667   7.167   0.98610512E-02   0.18955371E-03   0.53474131E-04   0.24327611E-03   0.24302785E-03   0.24327611E-03
   5.683   7.183   0.98606976E-02   0.18954109E-03   0.53489653E-04   0.24327648E-03   0.24303074E-03   0.24327648E-03
   5.700   7.200   0.98602486E-02   0.18952542E-03   0.53504094E-04   0.24327272E-03   0.24302952E-03   0.24327272E-03
   5.717   7.217   0.98597038E-02   0.18950668E-03   0.53517447E-04   0.24326479E-03   0.24302413E-03   0.24326479E-03
   5.733   7.233   0.98590627E-02   0.18948485E-03   0.53529705E-04   0.24325267E-03   0.24301456E-03   0.24325267E-03
   5.750   7.250   0.98583247E-02   0.18945991E-03   0.53540863E-04   0.24323632E-03   0.24300077E-03   0.24323632E-03
   5.767   7.267   0.98574893E-02   0.18943183E-03   0.53550911E-04   0.24321572E-03   0.24298274E-03   0.24321572E-03
   5.783   7.283   0.98565558E-02   0.18940060E-03   0.53559845E-04   0.24319084E-03   0.24296044E-03   0.24319084E-03
   5.800   7.300   0.98555239E-02   0.18936618E-03   0.53567655E-04   0.24316164E-03   0.24293384E-03   0.24316164E-03
   5.817   7.317   0.98543928E-02   0.18932856E-03   0.53574336E-04   0.24312810E-03   0.24290290E-03   0.24312810E-03
   5.833   7.333   0.98531620E-02   0.18928771E-03   0.53579880E-04   0.24309018E-03   0.24286759E-03   0.24309018E-03
   5.850   7.350   0.98518310E-02   0.18924361E-03   0.53584280E-04   0.24304785E-03   0.24282789E-03   0.24304785E-03
   5.867   7.367   0.98503991E-02   0.18919624E-03   0.53587528E-04   0.24300109E-03   0.24278377E-03   0.24300109E-03
   5.883   7.383   0.98488657E-02   0.18914556E-03   0.53589616E-04   0.24294986E-03   0.24273518E-03   0.24294986E-03
   5.900   7.400   0.98472302E-02   0.18909156E-03   0.53590538E-04   0.24289412E-03   0.24268210E-03   0.24289412E-03
   5.917   7.417   0.98454920E-02   0.18903422E-03   0.53590285E-04   0.24283384E-03   0.24262450E-03   0.24283384E-03
   5.933   7.433   0.98436505E-02   0.18897349E-03   0.53588850E-04   0.24276900E-03   0.24256234E-03   0.24276900E-03
   5.950   7.450   0.98417049E-02   0.18890937E-03   0.53586225E-04   0.24269956E-03   0.24249559E-03   0.24269956E-03
   5.967   7.467   0.98396548E-02   0.18884181E-03   0.53582402E-04   0.24262547E-03   0.24242422E-03   0.24262547E-03
   5.983   7.483   0.98374993E-02   0.18877081E-03   0.53577373E-04   0.24254672E-03   0.24234818E-03   0.24254672E-03
   6.000   7.500   0.98352379E-02   0.18869633E-03   0.53571131E-04   0.24246326E-03   0.24226746E-03   0.24246326E-03
