        RT(hours)            [ISO]         L_R_09           tot_loss         tot_prod
  -1.483   0.017   0.40012190E+00   0.68863260E-06   0.68863260E-06   0.00000000E+00
  -1.467   0.033   0.40054431E+00   0.84820939E-06   0.84820939E-06   0.00000000E+00
  -1.450   0.050   0.40126959E+00   0.99801484E-06   0.99801484E-06   0.00000000E+00
  -1.433   0.067   0.40229889E+00   0.11532938E-05   0.11532938E-05   0.00000000E+00
  -1.417   0.083   0.40363259E+00   0.13243778E-05   0.13243778E-05   0.00000000E+00
  -1.400   0.100   0.40527052E+00   0.15179529E-05   0.15179529E-05   0.00000000E+00
  -1.383   0.117   0.40721216E+00   0.17386839E-05   0.17386839E-05   0.00000000E+00
  -1.367   0.133   0.40945673E+00   0.19902492E-05   0.19902492E-05   0.00000000E+00
  -1.350   0.150   0.41200321E+00   0.22758710E-05   0.22758710E-05   0.00000000E+00
  -1.333   0.167   0.41485036E+00   0.25985216E-05   0.25985216E-05   0.00000000E+00
  -1.317   0.183   0.41799677E+00   0.29609492E-05   0.29609492E-05   0.00000000E+00
  -1.300   0.200   0.42144082E+00   0.33656181E-05   0.33656181E-05   0.00000000E+00
  -1.283   0.217   0.42518073E+00   0.38146204E-05   0.38146204E-05   0.00000000E+00
  -1.267   0.233   0.42921460E+00   0.43095938E-05   0.43095938E-05   0.00000000E+00
  -1.250   0.250   0.43354040E+00   0.48516644E-05   0.48516644E-05   0.00000000E+00
  -1.233   0.267   0.43815603E+00   0.54414224E-05   0.54414224E-05   0.00000000E+00
  -1.217   0.283   0.44305935E+00   0.60789340E-05   0.60789340E-05   0.00000000E+00
  -1.200   0.300   0.44824819E+00   0.67637821E-05   0.67637821E-05   0.00000000E+00
  -1.183   0.317   0.45372040E+00   0.74951309E-05   0.74951309E-05   0.00000000E+00
  -1.167   0.333   0.45947386E+00   0.82718037E-05   0.82718037E-05   0.00000000E+00
  -1.150   0.350   0.46550649E+00   0.90923655E-05   0.90923655E-05   0.00000000E+00
  -1.133   0.367   0.47181630E+00   0.99552039E-05   0.99552039E-05   0.00000000E+00
  -1.117   0.383   0.47840134E+00   0.10858603E-04   0.10858603E-04   0.00000000E+00
  -1.100   0.400   0.48525976E+00   0.11800810E-04   0.11800810E-04   0.00000000E+00
  -1.083   0.417   0.49238977E+00   0.12780085E-04   0.12780085E-04   0.00000000E+00
  -1.067   0.433   0.49978965E+00   0.13794746E-04   0.13794746E-04   0.00000000E+00
  -1.050   0.450   0.50745777E+00   0.14843201E-04   0.14843201E-04   0.00000000E+00
  -1.033   0.467   0.51539253E+00   0.15923971E-04   0.15923971E-04   0.00000000E+00
  -1.017   0.483   0.52359240E+00   0.17035698E-04   0.17035698E-04   0.00000000E+00
  -1.000   0.500   0.53205591E+00   0.18177161E-04   0.18177161E-04   0.00000000E+00
  -0.983   0.517   0.54078160E+00   0.19347265E-04   0.19347265E-04   0.00000000E+00
  -0.967   0.533   0.54976805E+00   0.20545045E-04   0.20545045E-04   0.00000000E+00
  -0.950   0.550   0.55901387E+00   0.21769652E-04   0.21769652E-04   0.00000000E+00
  -0.933   0.567   0.56851766E+00   0.23020345E-04   0.23020345E-04   0.00000000E+00
  -0.917   0.583   0.57827807E+00   0.24296476E-04   0.24296476E-04   0.00000000E+00
  -0.900   0.600   0.58829370E+00   0.25597477E-04   0.25597477E-04   0.00000000E+00
  -0.883   0.617   0.59856318E+00   0.26922849E-04   0.26922849E-04   0.00000000E+00
  -0.867   0.633   0.60908513E+00   0.28272144E-04   0.28272144E-04   0.00000000E+00
  -0.850   0.650   0.61985814E+00   0.29644959E-04   0.29644959E-04   0.00000000E+00
  -0.833   0.667   0.63088081E+00   0.31040919E-04   0.31040919E-04   0.00000000E+00
  -0.817   0.683   0.64215171E+00   0.32459674E-04   0.32459674E-04   0.00000000E+00
  -0.800   0.700   0.65366939E+00   0.33900885E-04   0.33900885E-04   0.00000000E+00
  -0.783   0.717   0.66543240E+00   0.35364223E-04   0.35364223E-04   0.00000000E+00
  -0.767   0.733   0.67743926E+00   0.36849359E-04   0.36849359E-04   0.00000000E+00
  -0.750   0.750   0.68968845E+00   0.38355965E-04   0.38355965E-04   0.00000000E+00
  -0.733   0.767   0.70217845E+00   0.39883706E-04   0.39883706E-04   0.00000000E+00
  -0.717   0.783   0.71490773E+00   0.41432244E-04   0.41432244E-04   0.00000000E+00
  -0.700   0.800   0.72787471E+00   0.43001232E-04   0.43001232E-04   0.00000000E+00
  -0.683   0.817   0.74107781E+00   0.44590316E-04   0.44590316E-04   0.00000000E+00
  -0.667   0.833   0.75451542E+00   0.46199137E-04   0.46199137E-04   0.00000000E+00
  -0.650   0.850   0.76818590E+00   0.47827326E-04   0.47827326E-04   0.00000000E+00
  -0.633   0.867   0.78208760E+00   0.49474512E-04   0.49474512E-04   0.00000000E+00
  -0.617   0.883   0.79621884E+00   0.51140318E-04   0.51140318E-04   0.00000000E+00
  -0.600   0.900   0.81057791E+00   0.52824364E-04   0.52824364E-04   0.00000000E+00
  -0.583   0.917   0.82516310E+00   0.54526267E-04   0.54526267E-04   0.00000000E+00
  -0.567   0.933   0.83997264E+00   0.56245644E-04   0.56245644E-04   0.00000000E+00
  -0.550   0.950   0.85500475E+00   0.57982112E-04   0.57982112E-04   0.00000000E+00
  -0.533   0.967   0.87025763E+00   0.59735290E-04   0.59735290E-04   0.00000000E+00
  -0.517   0.983   0.88572944E+00   0.61504796E-04   0.61504796E-04   0.00000000E+00
  -0.500   1.000   0.90141831E+00   0.63290254E-04   0.63290254E-04   0.00000000E+00
  -0.483   1.017   0.91732234E+00   0.65091291E-04   0.65091291E-04   0.00000000E+00
  -0.467   1.033   0.93343961E+00   0.66907537E-04   0.66907537E-04   0.00000000E+00
  -0.450   1.050   0.94976814E+00   0.68738628E-04   0.68738628E-04   0.00000000E+00
  -0.433   1.067   0.96630594E+00   0.70584205E-04   0.70584205E-04   0.00000000E+00
  -0.417   1.083   0.98305098E+00   0.72443912E-04   0.72443912E-04   0.00000000E+00
  -0.400   1.100   0.10000012E+01   0.74317402E-04   0.74317402E-04   0.00000000E+00
  -0.383   1.117   0.10171544E+01   0.76204331E-04   0.76204331E-04   0.00000000E+00
  -0.367   1.133   0.10345085E+01   0.78104361E-04   0.78104361E-04   0.00000000E+00
  -0.350   1.150   0.10520613E+01   0.80017160E-04   0.80017160E-04   0.00000000E+00
  -0.333   1.167   0.10698105E+01   0.81942400E-04   0.81942400E-04   0.00000000E+00
  -0.317   1.183   0.10877539E+01   0.83879761E-04   0.83879761E-04   0.00000000E+00
  -0.300   1.200   0.11058890E+01   0.85828925E-04   0.85828925E-04   0.00000000E+00
  -0.283   1.217   0.11242136E+01   0.87789580E-04   0.87789580E-04   0.00000000E+00
  -0.267   1.233   0.11427250E+01   0.89761419E-04   0.89761419E-04   0.00000000E+00
  -0.250   1.250   0.11614210E+01   0.91744136E-04   0.91744136E-04   0.00000000E+00
  -0.233   1.267   0.11802988E+01   0.93737433E-04   0.93737433E-04   0.00000000E+00
  -0.217   1.283   0.11993559E+01   0.95741012E-04   0.95741012E-04   0.00000000E+00
  -0.200   1.300   0.12185895E+01   0.97754579E-04   0.97754579E-04   0.00000000E+00
  -0.183   1.317   0.12379970E+01   0.99777843E-04   0.99777843E-04   0.00000000E+00
  -0.167   1.333   0.12575755E+01   0.10181051E-03   0.10181051E-03   0.00000000E+00
  -0.150   1.350   0.12773222E+01   0.10385230E-03   0.10385230E-03   0.00000000E+00
  -0.133   1.367   0.12972340E+01   0.10590292E-03   0.10590292E-03   0.00000000E+00
  -0.117   1.383   0.13173081E+01   0.10796209E-03   0.10796209E-03   0.00000000E+00
  -0.100   1.400   0.13375411E+01   0.11002952E-03   0.11002952E-03   0.00000000E+00
  -0.083   1.417   0.13579301E+01   0.11210492E-03   0.11210492E-03   0.00000000E+00
  -0.067   1.433   0.13784717E+01   0.11418801E-03   0.11418801E-03   0.00000000E+00
  -0.050   1.450   0.13991625E+01   0.11627849E-03   0.11627849E-03   0.00000000E+00
  -0.033   1.467   0.14199993E+01   0.11837608E-03   0.11837608E-03   0.00000000E+00
  -0.017   1.483   0.14409783E+01   0.12048049E-03   0.12048049E-03   0.00000000E+00
   0.000   1.500   0.14620961E+01   0.12259141E-03   0.12259141E-03   0.00000000E+00
   0.017   1.517   0.14833488E+01   0.12470856E-03   0.12470856E-03   0.00000000E+00
   0.033   1.533   0.15047328E+01   0.12683163E-03   0.12683163E-03   0.00000000E+00
   0.050   1.550   0.15262440E+01   0.12896031E-03   0.12896031E-03   0.00000000E+00
   0.067   1.567   0.15478785E+01   0.13109428E-03   0.13109428E-03   0.00000000E+00
   0.083   1.583   0.15696321E+01   0.13323325E-03   0.13323325E-03   0.00000000E+00
   0.100   1.600   0.15915006E+01   0.13537687E-03   0.13537687E-03   0.00000000E+00
   0.117   1.617   0.16134796E+01   0.13752483E-03   0.13752483E-03   0.00000000E+00
   0.133   1.633   0.16355646E+01   0.13967678E-03   0.13967678E-03   0.00000000E+00
   0.150   1.650   0.16577510E+01   0.14183239E-03   0.14183239E-03   0.00000000E+00
   0.167   1.667   0.16800341E+01   0.14399129E-03   0.14399129E-03   0.00000000E+00
   0.183   1.683   0.17024090E+01   0.14615314E-03   0.14615314E-03   0.00000000E+00
   0.200   1.700   0.17248706E+01   0.14831756E-03   0.14831756E-03   0.00000000E+00
   0.217   1.717   0.17474138E+01   0.15048417E-03   0.15048417E-03   0.00000000E+00
   0.233   1.733   0.17700332E+01   0.15265259E-03   0.15265259E-03   0.00000000E+00
   0.250   1.750   0.17927233E+01   0.15482240E-03   0.15482240E-03   0.00000000E+00
   0.267   1.767   0.18154786E+01   0.15699321E-03   0.15699321E-03   0.00000000E+00
   0.283   1.783   0.18382930E+01   0.15916458E-03   0.15916458E-03   0.00000000E+00
   0.300   1.800   0.18611607E+01   0.16133607E-03   0.16133607E-03   0.00000000E+00
   0.317   1.817   0.18840755E+01   0.16350724E-03   0.16350724E-03   0.00000000E+00
   0.333   1.833   0.19070308E+01   0.16567762E-03   0.16567762E-03   0.00000000E+00
   0.350   1.850   0.19300202E+01   0.16784672E-03   0.16784672E-03   0.00000000E+00
   0.367   1.867   0.19530368E+01   0.17001405E-03   0.17001405E-03   0.00000000E+00
   0.383   1.883   0.19760735E+01   0.17217910E-03   0.17217910E-03   0.00000000E+00
   0.400   1.900   0.19991231E+01   0.17434132E-03   0.17434132E-03   0.00000000E+00
   0.417   1.917   0.20221780E+01   0.17650017E-03   0.17650017E-03   0.00000000E+00
   0.433   1.933   0.20452305E+01   0.17865509E-03   0.17865509E-03   0.00000000E+00
   0.450   1.950   0.20682725E+01   0.18080546E-03   0.18080546E-03   0.00000000E+00
   0.467   1.967   0.20912957E+01   0.18295069E-03   0.18295069E-03   0.00000000E+00
   0.483   1.983   0.21142914E+01   0.18509013E-03   0.18509013E-03   0.00000000E+00
   0.500   2.000   0.21372507E+01   0.18722313E-03   0.18722313E-03   0.00000000E+00
   0.517   2.017   0.21601643E+01   0.18934899E-03   0.18934899E-03   0.00000000E+00
   0.533   2.033   0.21830225E+01   0.19146701E-03   0.19146701E-03   0.00000000E+00
   0.550   2.050   0.22058155E+01   0.19357643E-03   0.19357643E-03   0.00000000E+00
   0.567   2.067   0.22285328E+01   0.19567650E-03   0.19567650E-03   0.00000000E+00
   0.583   2.083   0.22511637E+01   0.19776641E-03   0.19776641E-03   0.00000000E+00
   0.600   2.100   0.22736969E+01   0.19984531E-03   0.19984531E-03   0.00000000E+00
   0.617   2.117   0.22961208E+01   0.20191235E-03   0.20191235E-03   0.00000000E+00
   0.633   2.133   0.23184233E+01   0.20396660E-03   0.20396660E-03   0.00000000E+00
   0.650   2.150   0.23405917E+01   0.20600714E-03   0.20600714E-03   0.00000000E+00
   0.667   2.167   0.23626127E+01   0.20803295E-03   0.20803295E-03   0.00000000E+00
   0.683   2.183   0.23844728E+01   0.21004303E-03   0.21004303E-03   0.00000000E+00
   0.700   2.200   0.24061574E+01   0.21203627E-03   0.21203627E-03   0.00000000E+00
   0.717   2.217   0.24276516E+01   0.21401157E-03   0.21401157E-03   0.00000000E+00
   0.733   2.233   0.24489397E+01   0.21596773E-03   0.21596773E-03   0.00000000E+00
   0.750   2.250   0.24700052E+01   0.21790352E-03   0.21790352E-03   0.00000000E+00
   0.767   2.267   0.24908309E+01   0.21981764E-03   0.21981764E-03   0.00000000E+00
   0.783   2.283   0.25113988E+01   0.22170874E-03   0.22170874E-03   0.00000000E+00
   0.800   2.300   0.25316898E+01   0.22357539E-03   0.22357539E-03   0.00000000E+00
   0.817   2.317   0.25516840E+01   0.22541608E-03   0.22541608E-03   0.00000000E+00
   0.833   2.333   0.25713604E+01   0.22722925E-03   0.22722925E-03   0.00000000E+00
   0.850   2.350   0.25906971E+01   0.22901323E-03   0.22901323E-03   0.00000000E+00
   0.867   2.367   0.26096706E+01   0.23076628E-03   0.23076628E-03   0.00000000E+00
   0.883   2.383   0.26282565E+01   0.23248655E-03   0.23248655E-03   0.00000000E+00
   0.900   2.400   0.26464287E+01   0.23417210E-03   0.23417210E-03   0.00000000E+00
   0.917   2.417   0.26641599E+01   0.23582088E-03   0.23582088E-03   0.00000000E+00
   0.933   2.433   0.26814210E+01   0.23743071E-03   0.23743071E-03   0.00000000E+00
   0.950   2.450   0.26981811E+01   0.23899930E-03   0.23899930E-03   0.00000000E+00
   0.967   2.467   0.27144074E+01   0.24052419E-03   0.24052419E-03   0.00000000E+00
   0.983   2.483   0.27300653E+01   0.24200282E-03   0.24200282E-03   0.00000000E+00
   1.000   2.500   0.27451177E+01   0.24343287E-03   0.24343287E-03   0.00000000E+00
   1.017   2.517   0.27596298E+01   0.24484023E-03   0.24484023E-03   0.00000000E+00
   1.033   2.533   0.27736778E+01   0.24620596E-03   0.24620596E-03   0.00000000E+00
   1.050   2.550   0.27872435E+01   0.24752961E-03   0.24752961E-03   0.00000000E+00
   1.067   2.567   0.28003085E+01   0.24881018E-03   0.24881018E-03   0.00000000E+00
   1.083   2.583   0.28128539E+01   0.25004667E-03   0.25004667E-03   0.00000000E+00
   1.100   2.600   0.28248603E+01   0.25123797E-03   0.25123797E-03   0.00000000E+00
   1.117   2.617   0.28363079E+01   0.25238279E-03   0.25238279E-03   0.00000000E+00
   1.133   2.633   0.28471766E+01   0.25347977E-03   0.25347977E-03   0.00000000E+00
   1.150   2.650   0.28574456E+01   0.25452744E-03   0.25452744E-03   0.00000000E+00
   1.167   2.667   0.28670943E+01   0.25552430E-03   0.25552430E-03   0.00000000E+00
   1.183   2.683   0.28761012E+01   0.25646880E-03   0.25646880E-03   0.00000000E+00
   1.200   2.700   0.28844450E+01   0.25735937E-03   0.25735937E-03   0.00000000E+00
   1.217   2.717   0.28921039E+01   0.25819444E-03   0.25819444E-03   0.00000000E+00
   1.233   2.733   0.28990559E+01   0.25897239E-03   0.25897239E-03   0.00000000E+00
   1.250   2.750   0.29052792E+01   0.25969165E-03   0.25969165E-03   0.00000000E+00
   1.267   2.767   0.29107515E+01   0.26035062E-03   0.26035062E-03   0.00000000E+00
   1.283   2.783   0.29154511E+01   0.26094772E-03   0.26094772E-03   0.00000000E+00
   1.300   2.800   0.29193560E+01   0.26148140E-03   0.26148140E-03   0.00000000E+00
   1.317   2.817   0.29224448E+01   0.26195013E-03   0.26195013E-03   0.00000000E+00
   1.333   2.833   0.29246964E+01   0.26235245E-03   0.26235245E-03   0.00000000E+00
   1.350   2.850   0.29260905E+01   0.26268693E-03   0.26268693E-03   0.00000000E+00
   1.367   2.867   0.29266074E+01   0.26295222E-03   0.26295222E-03   0.00000000E+00
   1.383   2.883   0.29262286E+01   0.26314706E-03   0.26314706E-03   0.00000000E+00
   1.400   2.900   0.29249368E+01   0.26327029E-03   0.26327029E-03   0.00000000E+00
   1.417   2.917   0.29227162E+01   0.26332088E-03   0.26332088E-03   0.00000000E+00
   1.433   2.933   0.29195529E+01   0.26329795E-03   0.26329795E-03   0.00000000E+00
   1.450   2.950   0.29154351E+01   0.26320079E-03   0.26320079E-03   0.00000000E+00
   1.467   2.967   0.29103537E+01   0.26302888E-03   0.26302888E-03   0.00000000E+00
   1.483   2.983   0.29043022E+01   0.26278193E-03   0.26278193E-03   0.00000000E+00
   1.500   3.000   0.28972776E+01   0.26245989E-03   0.26245989E-03   0.00000000E+00
   1.517   3.017   0.28892804E+01   0.26206301E-03   0.26206301E-03   0.00000000E+00
   1.533   3.033   0.28803155E+01   0.26159182E-03   0.26159182E-03   0.00000000E+00
   1.550   3.050   0.28703920E+01   0.26104722E-03   0.26104722E-03   0.00000000E+00
   1.567   3.067   0.28595240E+01   0.26043044E-03   0.26043044E-03   0.00000000E+00
   1.583   3.083   0.28477307E+01   0.25974311E-03   0.25974311E-03   0.00000000E+00
   1.600   3.100   0.28350371E+01   0.25898726E-03   0.25898726E-03   0.00000000E+00
   1.617   3.117   0.28214736E+01   0.25816535E-03   0.25816535E-03   0.00000000E+00
   1.633   3.133   0.28070767E+01   0.25728026E-03   0.25728026E-03   0.00000000E+00
   1.650   3.150   0.27918888E+01   0.25633528E-03   0.25633528E-03   0.00000000E+00
   1.667   3.167   0.27759579E+01   0.25533413E-03   0.25533413E-03   0.00000000E+00
   1.683   3.183   0.27593379E+01   0.25428094E-03   0.25428094E-03   0.00000000E+00
   1.700   3.200   0.27420874E+01   0.25318017E-03   0.25318017E-03   0.00000000E+00
   1.717   3.217   0.27242701E+01   0.25203662E-03   0.25203662E-03   0.00000000E+00
   1.733   3.233   0.27059534E+01   0.25085537E-03   0.25085537E-03   0.00000000E+00
   1.750   3.250   0.26872077E+01   0.24964171E-03   0.24964171E-03   0.00000000E+00
   1.767   3.267   0.26681058E+01   0.24840105E-03   0.24840105E-03   0.00000000E+00
   1.783   3.283   0.26487217E+01   0.24713891E-03   0.24713891E-03   0.00000000E+00
   1.800   3.300   0.26291296E+01   0.24586077E-03   0.24586077E-03   0.00000000E+00
   1.817   3.317   0.26094028E+01   0.24457207E-03   0.24457207E-03   0.00000000E+00
   1.833   3.333   0.25896127E+01   0.24327806E-03   0.24327806E-03   0.00000000E+00
   1.850   3.350   0.25698281E+01   0.24198381E-03   0.24198381E-03   0.00000000E+00
   1.867   3.367   0.25501142E+01   0.24069409E-03   0.24069409E-03   0.00000000E+00
   1.883   3.383   0.25305318E+01   0.23941336E-03   0.23941336E-03   0.00000000E+00
   1.900   3.400   0.25111370E+01   0.23814572E-03   0.23814572E-03   0.00000000E+00
   1.917   3.417   0.24919808E+01   0.23689488E-03   0.23689488E-03   0.00000000E+00
   1.933   3.433   0.24731087E+01   0.23566414E-03   0.23566414E-03   0.00000000E+00
   1.950   3.450   0.24545606E+01   0.23445640E-03   0.23445640E-03   0.00000000E+00
   1.967   3.467   0.24363710E+01   0.23327415E-03   0.23327415E-03   0.00000000E+00
   1.983   3.483   0.24185692E+01   0.23211948E-03   0.23211948E-03   0.00000000E+00
   2.000   3.500   0.24011792E+01   0.23099410E-03   0.23099410E-03   0.00000000E+00
   2.017   3.517   0.23842202E+01   0.22989939E-03   0.22989939E-03   0.00000000E+00
   2.033   3.533   0.23677071E+01   0.22883638E-03   0.22883638E-03   0.00000000E+00
   2.050   3.550   0.23516505E+01   0.22780580E-03   0.22780580E-03   0.00000000E+00
   2.067   3.567   0.23360576E+01   0.22680814E-03   0.22680814E-03   0.00000000E+00
   2.083   3.583   0.23209321E+01   0.22584360E-03   0.22584360E-03   0.00000000E+00
   2.100   3.600   0.23062749E+01   0.22491223E-03   0.22491223E-03   0.00000000E+00
   2.117   3.617   0.22920846E+01   0.22401385E-03   0.22401385E-03   0.00000000E+00
   2.133   3.633   0.22783573E+01   0.22314815E-03   0.22314815E-03   0.00000000E+00
   2.150   3.650   0.22650876E+01   0.22231469E-03   0.22231469E-03   0.00000000E+00
   2.167   3.667   0.22522684E+01   0.22151290E-03   0.22151290E-03   0.00000000E+00
   2.183   3.683   0.22398914E+01   0.22074215E-03   0.22074215E-03   0.00000000E+00
   2.200   3.700   0.22279473E+01   0.22000172E-03   0.22000172E-03   0.00000000E+00
   2.217   3.717   0.22164261E+01   0.21929083E-03   0.21929083E-03   0.00000000E+00
   2.233   3.733   0.22053171E+01   0.21860868E-03   0.21860868E-03   0.00000000E+00
   2.250   3.750   0.21946091E+01   0.21795443E-03   0.21795443E-03   0.00000000E+00
   2.267   3.767   0.21842909E+01   0.21732720E-03   0.21732720E-03   0.00000000E+00
   2.283   3.783   0.21743507E+01   0.21672614E-03   0.21672614E-03   0.00000000E+00
   2.300   3.800   0.21647769E+01   0.21615036E-03   0.21615036E-03   0.00000000E+00
   2.317   3.817   0.21555579E+01   0.21559898E-03   0.21559898E-03   0.00000000E+00
   2.333   3.833   0.21466820E+01   0.21507116E-03   0.21507116E-03   0.00000000E+00
   2.350   3.850   0.21381379E+01   0.21456603E-03   0.21456603E-03   0.00000000E+00
   2.367   3.867   0.21299143E+01   0.21408275E-03   0.21408275E-03   0.00000000E+00
   2.383   3.883   0.21220002E+01   0.21362050E-03   0.21362050E-03   0.00000000E+00
   2.400   3.900   0.21143847E+01   0.21317849E-03   0.21317849E-03   0.00000000E+00
   2.417   3.917   0.21070574E+01   0.21275594E-03   0.21275594E-03   0.00000000E+00
   2.433   3.933   0.21000080E+01   0.21235208E-03   0.21235208E-03   0.00000000E+00
   2.450   3.950   0.20932266E+01   0.21196619E-03   0.21196619E-03   0.00000000E+00
   2.467   3.967   0.20867037E+01   0.21159756E-03   0.21159756E-03   0.00000000E+00
   2.483   3.983   0.20804298E+01   0.21124550E-03   0.21124550E-03   0.00000000E+00
   2.500   4.000   0.20743961E+01   0.21090936E-03   0.21090936E-03   0.00000000E+00
   2.517   4.017   0.20685938E+01   0.21058848E-03   0.21058848E-03   0.00000000E+00
   2.533   4.033   0.20630147E+01   0.21028227E-03   0.21028227E-03   0.00000000E+00
   2.550   4.050   0.20576506E+01   0.20999013E-03   0.20999013E-03   0.00000000E+00
   2.567   4.067   0.20524938E+01   0.20971150E-03   0.20971150E-03   0.00000000E+00
   2.583   4.083   0.20475368E+01   0.20944582E-03   0.20944582E-03   0.00000000E+00
   2.600   4.100   0.20427724E+01   0.20919257E-03   0.20919257E-03   0.00000000E+00
   2.617   4.117   0.20381938E+01   0.20895126E-03   0.20895126E-03   0.00000000E+00
   2.633   4.133   0.20337943E+01   0.20872139E-03   0.20872139E-03   0.00000000E+00
   2.650   4.150   0.20295676E+01   0.20850250E-03   0.20850250E-03   0.00000000E+00
   2.667   4.167   0.20255074E+01   0.20829414E-03   0.20829414E-03   0.00000000E+00
   2.683   4.183   0.20216080E+01   0.20809590E-03   0.20809590E-03   0.00000000E+00
   2.700   4.200   0.20178636E+01   0.20790735E-03   0.20790735E-03   0.00000000E+00
   2.717   4.217   0.20142688E+01   0.20772811E-03   0.20772811E-03   0.00000000E+00
   2.733   4.233   0.20108185E+01   0.20755779E-03   0.20755779E-03   0.00000000E+00
   2.750   4.250   0.20075076E+01   0.20739604E-03   0.20739604E-03   0.00000000E+00
   2.767   4.267   0.20043312E+01   0.20724251E-03   0.20724251E-03   0.00000000E+00
   2.783   4.283   0.20012849E+01   0.20709686E-03   0.20709686E-03   0.00000000E+00
   2.800   4.300   0.19983640E+01   0.20695877E-03   0.20695877E-03   0.00000000E+00
   2.817   4.317   0.19955644E+01   0.20682793E-03   0.20682793E-03   0.00000000E+00
   2.833   4.333   0.19932022E+01   0.20672307E-03   0.20672307E-03   0.00000000E+00
   2.850   4.350   0.19916477E+01   0.20667305E-03   0.20667305E-03   0.00000000E+00
   2.867   4.367   0.19907597E+01   0.20667124E-03   0.20667124E-03   0.00000000E+00
   2.883   4.383   0.19904291E+01   0.20671022E-03   0.20671022E-03   0.00000000E+00
   2.900   4.400   0.19905721E+01   0.20678393E-03   0.20678393E-03   0.00000000E+00
   2.917   4.417   0.19911229E+01   0.20688747E-03   0.20688747E-03   0.00000000E+00
   2.933   4.433   0.19920288E+01   0.20701679E-03   0.20701679E-03   0.00000000E+00
   2.950   4.450   0.19932466E+01   0.20716856E-03   0.20716856E-03   0.00000000E+00
   2.967   4.467   0.19947408E+01   0.20733999E-03   0.20733999E-03   0.00000000E+00
   2.983   4.483   0.19964813E+01   0.20752872E-03   0.20752872E-03   0.00000000E+00
   3.000   4.500   0.19984429E+01   0.20773277E-03   0.20773277E-03   0.00000000E+00
   3.017   4.517   0.20006038E+01   0.20795044E-03   0.20795044E-03   0.00000000E+00
   3.033   4.533   0.20029454E+01   0.20818025E-03   0.20818025E-03   0.00000000E+00
   3.050   4.550   0.20054514E+01   0.20842094E-03   0.20842094E-03   0.00000000E+00
   3.067   4.567   0.20081074E+01   0.20867139E-03   0.20867139E-03   0.00000000E+00
   3.083   4.583   0.20109010E+01   0.20893062E-03   0.20893062E-03   0.00000000E+00
   3.100   4.600   0.20138210E+01   0.20919777E-03   0.20919777E-03   0.00000000E+00
   3.117   4.617   0.20168574E+01   0.20947208E-03   0.20947208E-03   0.00000000E+00
   3.133   4.633   0.20200014E+01   0.20975285E-03   0.20975285E-03   0.00000000E+00
   3.150   4.650   0.20232449E+01   0.21003947E-03   0.21003947E-03   0.00000000E+00
   3.167   4.667   0.20265807E+01   0.21033138E-03   0.21033138E-03   0.00000000E+00
   3.183   4.683   0.20300023E+01   0.21062809E-03   0.21062809E-03   0.00000000E+00
   3.200   4.700   0.20335038E+01   0.21092913E-03   0.21092913E-03   0.00000000E+00
   3.217   4.717   0.20370796E+01   0.21123409E-03   0.21123409E-03   0.00000000E+00
   3.233   4.733   0.20407248E+01   0.21154259E-03   0.21154259E-03   0.00000000E+00
   3.250   4.750   0.20444349E+01   0.21185429E-03   0.21185429E-03   0.00000000E+00
   3.267   4.767   0.20482055E+01   0.21216886E-03   0.21216886E-03   0.00000000E+00
   3.283   4.783   0.20520329E+01   0.21248601E-03   0.21248601E-03   0.00000000E+00
   3.300   4.800   0.20559134E+01   0.21280546E-03   0.21280546E-03   0.00000000E+00
   3.317   4.817   0.20598438E+01   0.21312697E-03   0.21312697E-03   0.00000000E+00
   3.333   4.833   0.20638208E+01   0.21345030E-03   0.21345030E-03   0.00000000E+00
   3.350   4.850   0.20678416E+01   0.21377523E-03   0.21377523E-03   0.00000000E+00
   3.367   4.867   0.20719035E+01   0.21410156E-03   0.21410156E-03   0.00000000E+00
   3.383   4.883   0.20760040E+01   0.21442909E-03   0.21442909E-03   0.00000000E+00
   3.400   4.900   0.20801408E+01   0.21475766E-03   0.21475766E-03   0.00000000E+00
   3.417   4.917   0.20843115E+01   0.21508710E-03   0.21508710E-03   0.00000000E+00
   3.433   4.933   0.20885141E+01   0.21541725E-03   0.21541725E-03   0.00000000E+00
   3.450   4.950   0.20927467E+01   0.21574796E-03   0.21574796E-03   0.00000000E+00
   3.467   4.967   0.20970074E+01   0.21607910E-03   0.21607910E-03   0.00000000E+00
   3.483   4.983   0.21012945E+01   0.21641053E-03   0.21641053E-03   0.00000000E+00
   3.500   5.000   0.21056062E+01   0.21674214E-03   0.21674214E-03   0.00000000E+00
   3.517   5.017   0.21099411E+01   0.21707380E-03   0.21707380E-03   0.00000000E+00
   3.533   5.033   0.21142977E+01   0.21740542E-03   0.21740542E-03   0.00000000E+00
   3.550   5.050   0.21186744E+01   0.21773687E-03   0.21773687E-03   0.00000000E+00
   3.567   5.067   0.21230701E+01   0.21806808E-03   0.21806808E-03   0.00000000E+00
   3.583   5.083   0.21274834E+01   0.21839893E-03   0.21839893E-03   0.00000000E+00
   3.600   5.100   0.21319131E+01   0.21872934E-03   0.21872934E-03   0.00000000E+00
   3.617   5.117   0.21363581E+01   0.21905923E-03   0.21905923E-03   0.00000000E+00
   3.633   5.133   0.21408172E+01   0.21938852E-03   0.21938852E-03   0.00000000E+00
   3.650   5.150   0.21452894E+01   0.21971712E-03   0.21971712E-03   0.00000000E+00
   3.667   5.167   0.21497737E+01   0.22004497E-03   0.22004497E-03   0.00000000E+00
   3.683   5.183   0.21542691E+01   0.22037199E-03   0.22037199E-03   0.00000000E+00
   3.700   5.200   0.21587747E+01   0.22069811E-03   0.22069811E-03   0.00000000E+00
   3.717   5.217   0.21632896E+01   0.22102328E-03   0.22102328E-03   0.00000000E+00
   3.733   5.233   0.21678129E+01   0.22134742E-03   0.22134742E-03   0.00000000E+00
   3.750   5.250   0.21723439E+01   0.22167048E-03   0.22167048E-03   0.00000000E+00
   3.767   5.267   0.21768817E+01   0.22199240E-03   0.22199240E-03   0.00000000E+00
   3.783   5.283   0.21814255E+01   0.22231313E-03   0.22231313E-03   0.00000000E+00
   3.800   5.300   0.21859747E+01   0.22263261E-03   0.22263261E-03   0.00000000E+00
   3.817   5.317   0.21905285E+01   0.22295079E-03   0.22295079E-03   0.00000000E+00
   3.833   5.333   0.21950862E+01   0.22326762E-03   0.22326762E-03   0.00000000E+00
   3.850   5.350   0.21996473E+01   0.22358305E-03   0.22358305E-03   0.00000000E+00
   3.867   5.367   0.22042110E+01   0.22389704E-03   0.22389704E-03   0.00000000E+00
   3.883   5.383   0.22087768E+01   0.22420954E-03   0.22420954E-03   0.00000000E+00
   3.900   5.400   0.22133440E+01   0.22452051E-03   0.22452051E-03   0.00000000E+00
   3.917   5.417   0.22179121E+01   0.22482990E-03   0.22482990E-03   0.00000000E+00
   3.933   5.433   0.22224805E+01   0.22513769E-03   0.22513769E-03   0.00000000E+00
   3.950   5.450   0.22270487E+01   0.22544382E-03   0.22544382E-03   0.00000000E+00
   3.967   5.467   0.22316161E+01   0.22574826E-03   0.22574826E-03   0.00000000E+00
   3.983   5.483   0.22361823E+01   0.22605097E-03   0.22605097E-03   0.00000000E+00
   4.000   5.500   0.22407468E+01   0.22635192E-03   0.22635192E-03   0.00000000E+00
   4.017   5.517   0.22453090E+01   0.22665106E-03   0.22665106E-03   0.00000000E+00
   4.033   5.533   0.22498686E+01   0.22694838E-03   0.22694838E-03   0.00000000E+00
   4.050   5.550   0.22544250E+01   0.22724383E-03   0.22724383E-03   0.00000000E+00
   4.067   5.567   0.22589779E+01   0.22753737E-03   0.22753737E-03   0.00000000E+00
   4.083   5.583   0.22635268E+01   0.22782899E-03   0.22782899E-03   0.00000000E+00
   4.100   5.600   0.22680713E+01   0.22811864E-03   0.22811864E-03   0.00000000E+00
   4.117   5.617   0.22726109E+01   0.22840631E-03   0.22840631E-03   0.00000000E+00
   4.133   5.633   0.22771454E+01   0.22869195E-03   0.22869195E-03   0.00000000E+00
   4.150   5.650   0.22816742E+01   0.22897554E-03   0.22897554E-03   0.00000000E+00
   4.167   5.667   0.22861971E+01   0.22925705E-03   0.22925705E-03   0.00000000E+00
   4.183   5.683   0.22907136E+01   0.22953645E-03   0.22953645E-03   0.00000000E+00
   4.200   5.700   0.22952235E+01   0.22981372E-03   0.22981372E-03   0.00000000E+00
   4.217   5.717   0.22997263E+01   0.23008883E-03   0.23008883E-03   0.00000000E+00
   4.233   5.733   0.23042218E+01   0.23036176E-03   0.23036176E-03   0.00000000E+00
   4.250   5.750   0.23087095E+01   0.23063247E-03   0.23063247E-03   0.00000000E+00
   4.267   5.767   0.23131892E+01   0.23090094E-03   0.23090094E-03   0.00000000E+00
   4.283   5.783   0.23176606E+01   0.23116715E-03   0.23116715E-03   0.00000000E+00
   4.300   5.800   0.23221233E+01   0.23143107E-03   0.23143107E-03   0.00000000E+00
   4.317   5.817   0.23265770E+01   0.23169268E-03   0.23169268E-03   0.00000000E+00
   4.333   5.833   0.23310215E+01   0.23195196E-03   0.23195196E-03   0.00000000E+00
   4.350   5.850   0.23354565E+01   0.23220887E-03   0.23220887E-03   0.00000000E+00
   4.367   5.867   0.23398816E+01   0.23246341E-03   0.23246341E-03   0.00000000E+00
   4.383   5.883   0.23442966E+01   0.23271554E-03   0.23271554E-03   0.00000000E+00
   4.400   5.900   0.23487013E+01   0.23296525E-03   0.23296525E-03   0.00000000E+00
   4.417   5.917   0.23530953E+01   0.23321250E-03   0.23321250E-03   0.00000000E+00
   4.433   5.933   0.23574783E+01   0.23345729E-03   0.23345729E-03   0.00000000E+00
   4.450   5.950   0.23618503E+01   0.23369958E-03   0.23369958E-03   0.00000000E+00
   4.467   5.967   0.23662108E+01   0.23393936E-03   0.23393936E-03   0.00000000E+00
   4.483   5.983   0.23705597E+01   0.23417660E-03   0.23417660E-03   0.00000000E+00
   4.500   6.000   0.23748967E+01   0.23441128E-03   0.23441128E-03   0.00000000E+00
   4.517   6.017   0.23792215E+01   0.23464339E-03   0.23464339E-03   0.00000000E+00
   4.533   6.033   0.23835340E+01   0.23487290E-03   0.23487290E-03   0.00000000E+00
   4.550   6.050   0.23878339E+01   0.23509978E-03   0.23509978E-03   0.00000000E+00
   4.567   6.067   0.23921210E+01   0.23532403E-03   0.23532403E-03   0.00000000E+00
   4.583   6.083   0.23963950E+01   0.23554562E-03   0.23554562E-03   0.00000000E+00
   4.600   6.100   0.24006559E+01   0.23576453E-03   0.23576453E-03   0.00000000E+00
   4.617   6.117   0.24049032E+01   0.23598073E-03   0.23598073E-03   0.00000000E+00
   4.633   6.133   0.24091370E+01   0.23619422E-03   0.23619422E-03   0.00000000E+00
   4.650   6.150   0.24133568E+01   0.23640496E-03   0.23640496E-03   0.00000000E+00
   4.667   6.167   0.24175626E+01   0.23661295E-03   0.23661295E-03   0.00000000E+00
   4.683   6.183   0.24217542E+01   0.23681815E-03   0.23681815E-03   0.00000000E+00
   4.700   6.200   0.24259313E+01   0.23702055E-03   0.23702055E-03   0.00000000E+00
   4.717   6.217   0.24300937E+01   0.23722014E-03   0.23722014E-03   0.00000000E+00
   4.733   6.233   0.24342414E+01   0.23741688E-03   0.23741688E-03   0.00000000E+00
   4.750   6.250   0.24383741E+01   0.23761076E-03   0.23761076E-03   0.00000000E+00
   4.767   6.267   0.24424915E+01   0.23780177E-03   0.23780177E-03   0.00000000E+00
   4.783   6.283   0.24465937E+01   0.23798987E-03   0.23798987E-03   0.00000000E+00
   4.800   6.300   0.24506803E+01   0.23817506E-03   0.23817506E-03   0.00000000E+00
   4.817   6.317   0.24547512E+01   0.23835731E-03   0.23835731E-03   0.00000000E+00
   4.833   6.333   0.24588063E+01   0.23853661E-03   0.23853661E-03   0.00000000E+00
   4.850   6.350   0.24628454E+01   0.23871292E-03   0.23871292E-03   0.00000000E+00
   4.867   6.367   0.24668683E+01   0.23888624E-03   0.23888624E-03   0.00000000E+00
   4.883   6.383   0.24708749E+01   0.23905655E-03   0.23905655E-03   0.00000000E+00
   4.900   6.400   0.24748649E+01   0.23922381E-03   0.23922381E-03   0.00000000E+00
   4.917   6.417   0.24788384E+01   0.23938803E-03   0.23938803E-03   0.00000000E+00
   4.933   6.433   0.24827951E+01   0.23954916E-03   0.23954916E-03   0.00000000E+00
   4.950   6.450   0.24867348E+01   0.23970721E-03   0.23970721E-03   0.00000000E+00
   4.967   6.467   0.24906575E+01   0.23986213E-03   0.23986213E-03   0.00000000E+00
   4.983   6.483   0.24945629E+01   0.24001393E-03   0.24001393E-03   0.00000000E+00
   5.000   6.500   0.24984510E+01   0.24016256E-03   0.24016256E-03   0.00000000E+00
   5.017   6.517   0.25023217E+01   0.24030803E-03   0.24030803E-03   0.00000000E+00
   5.033   6.533   0.25061747E+01   0.24045029E-03   0.24045029E-03   0.00000000E+00
   5.050   6.550   0.25100100E+01   0.24058935E-03   0.24058935E-03   0.00000000E+00
   5.067   6.567   0.25138274E+01   0.24072516E-03   0.24072516E-03   0.00000000E+00
   5.083   6.583   0.25176268E+01   0.24085772E-03   0.24085772E-03   0.00000000E+00
   5.100   6.600   0.25214081E+01   0.24098701E-03   0.24098701E-03   0.00000000E+00
   5.117   6.617   0.25251711E+01   0.24111299E-03   0.24111299E-03   0.00000000E+00
   5.133   6.633   0.25289158E+01   0.24123566E-03   0.24123566E-03   0.00000000E+00
   5.150   6.650   0.25326421E+01   0.24135499E-03   0.24135499E-03   0.00000000E+00
   5.167   6.667   0.25363497E+01   0.24147096E-03   0.24147096E-03   0.00000000E+00
   5.183   6.683   0.25400387E+01   0.24158355E-03   0.24158355E-03   0.00000000E+00
   5.200   6.700   0.25437088E+01   0.24169273E-03   0.24169273E-03   0.00000000E+00
   5.217   6.717   0.25473601E+01   0.24179849E-03   0.24179849E-03   0.00000000E+00
   5.233   6.733   0.25509923E+01   0.24190081E-03   0.24190081E-03   0.00000000E+00
   5.250   6.750   0.25546055E+01   0.24199966E-03   0.24199966E-03   0.00000000E+00
   5.267   6.767   0.25581994E+01   0.24209501E-03   0.24209501E-03   0.00000000E+00
   5.283   6.783   0.25617740E+01   0.24218686E-03   0.24218686E-03   0.00000000E+00
   5.300   6.800   0.25653292E+01   0.24227517E-03   0.24227517E-03   0.00000000E+00
   5.317   6.817   0.25688649E+01   0.24235993E-03   0.24235993E-03   0.00000000E+00
   5.333   6.833   0.25723810E+01   0.24244110E-03   0.24244110E-03   0.00000000E+00
   5.350   6.850   0.25758774E+01   0.24251867E-03   0.24251867E-03   0.00000000E+00
   5.367   6.867   0.25793541E+01   0.24259262E-03   0.24259262E-03   0.00000000E+00
   5.383   6.883   0.25828109E+01   0.24266292E-03   0.24266292E-03   0.00000000E+00
   5.400   6.900   0.25862478E+01   0.24272955E-03   0.24272955E-03   0.00000000E+00
   5.417   6.917   0.25896647E+01   0.24279248E-03   0.24279248E-03   0.00000000E+00
   5.433   6.933   0.25930615E+01   0.24285169E-03   0.24285169E-03   0.00000000E+00
   5.450   6.950   0.25964381E+01   0.24290716E-03   0.24290716E-03   0.00000000E+00
   5.467   6.967   0.25997945E+01   0.24295886E-03   0.24295886E-03   0.00000000E+00
   5.483   6.983   0.26031306E+01   0.24300677E-03   0.24300677E-03   0.00000000E+00
   5.500   7.000   0.26064463E+01   0.24305086E-03   0.24305086E-03   0.00000000E+00
   5.517   7.017   0.26097416E+01   0.24309110E-03   0.24309110E-03   0.00000000E+00
   5.533   7.033   0.26130164E+01   0.24312748E-03   0.24312748E-03   0.00000000E+00
   5.550   7.050   0.26162705E+01   0.24315996E-03   0.24315996E-03   0.00000000E+00
   5.567   7.067   0.26195041E+01   0.24318853E-03   0.24318853E-03   0.00000000E+00
   5.583   7.083   0.26227169E+01   0.24321315E-03   0.24321315E-03   0.00000000E+00
   5.600   7.100   0.26259091E+01   0.24323379E-03   0.24323379E-03   0.00000000E+00
   5.617   7.117   0.26290804E+01   0.24325044E-03   0.24325044E-03   0.00000000E+00
   5.633   7.133   0.26322308E+01   0.24326306E-03   0.24326306E-03   0.00000000E+00
   5.650   7.150   0.26353603E+01   0.24327162E-03   0.24327162E-03   0.00000000E+00
   5.667   7.167   0.26384689E+01   0.24327611E-03   0.24327611E-03   0.00000000E+00
   5.683   7.183   0.26415565E+01   0.24327648E-03   0.24327648E-03   0.00000000E+00
   5.700   7.200   0.26446230E+01   0.24327272E-03   0.24327272E-03   0.00000000E+00
   5.717   7.217   0.26476684E+01   0.24326479E-03   0.24326479E-03   0.00000000E+00
   5.733   7.233   0.26506927E+01   0.24325267E-03   0.24325267E-03   0.00000000E+00
   5.750   7.250   0.26536958E+01   0.24323632E-03   0.24323632E-03   0.00000000E+00
   5.767   7.267   0.26566778E+01   0.24321572E-03   0.24321572E-03   0.00000000E+00
   5.783   7.283   0.26596384E+01   0.24319084E-03   0.24319084E-03   0.00000000E+00
   5.800   7.300   0.26625778E+01   0.24316164E-03   0.24316164E-03   0.00000000E+00
   5.817   7.317   0.26654959E+01   0.24312810E-03   0.24312810E-03   0.00000000E+00
   5.833   7.333   0.26683927E+01   0.24309018E-03   0.24309018E-03   0.00000000E+00
   5.850   7.350   0.26712681E+01   0.24304785E-03   0.24304785E-03   0.00000000E+00
   5.867   7.367   0.26741222E+01   0.24300109E-03   0.24300109E-03   0.00000000E+00
   5.883   7.383   0.26769548E+01   0.24294986E-03   0.24294986E-03   0.00000000E+00
   5.900   7.400   0.26797660E+01   0.24289412E-03   0.24289412E-03   0.00000000E+00
   5.917   7.417   0.26825558E+01   0.24283384E-03   0.24283384E-03   0.00000000E+00
   5.933   7.433   0.26853241E+01   0.24276900E-03   0.24276900E-03   0.00000000E+00
   5.950   7.450   0.26880709E+01   0.24269956E-03   0.24269956E-03   0.00000000E+00
   5.967   7.467   0.26907963E+01   0.24262547E-03   0.24262547E-03   0.00000000E+00
   5.983   7.483   0.26935002E+01   0.24254672E-03   0.24254672E-03   0.00000000E+00
   6.000   7.500   0.26961826E+01   0.24246326E-03   0.24246326E-03   0.00000000E+00
