        RT(hours)           [N2O5]         L_R_25           L_R_26           L_R_27           P_R_24           tot_loss         tot_prod
  -1.483   0.017   0.40107751E-05   0.78751742E-07   0.43071579E-09   0.13321274E-08   0.17443714E-06   0.80514585E-07   0.17443714E-06
  -1.467   0.033   0.99366066E-05   0.19518195E-06   0.10670977E-08   0.33003708E-08   0.30123162E-06   0.19954941E-06   0.30123162E-06
  -1.450   0.050   0.16193543E-04   0.31822190E-06   0.17390678E-08   0.53787783E-08   0.43213636E-06   0.32533975E-06   0.43213636E-06
  -1.433   0.067   0.22711580E-04   0.44651826E-06   0.24391333E-08   0.75442525E-08   0.56619190E-06   0.45650164E-06   0.56619190E-06
  -1.417   0.083   0.29234462E-04   0.57505282E-06   0.31397989E-08   0.97118297E-08   0.69453399E-06   0.58790445E-06   0.69453399E-06
  -1.400   0.100   0.35352899E-04   0.69578584E-06   0.37971288E-08   0.11745678E-07   0.80766700E-06   0.71132864E-06   0.80766700E-06
  -1.383   0.117   0.40652891E-04   0.80056594E-06   0.43666694E-08   0.13508331E-07   0.89820265E-06   0.81844094E-06   0.89820265E-06
  -1.367   0.133   0.44821813E-04   0.88321712E-06   0.48148407E-08   0.14895906E-07   0.96208009E-06   0.90292786E-06   0.96208009E-06
  -1.350   0.150   0.47698891E-04   0.94053737E-06   0.51243581E-08   0.15854887E-07   0.99869185E-06   0.96151662E-06   0.99869185E-06
  -1.333   0.167   0.49277760E-04   0.97235718E-06   0.52945115E-08   0.16382996E-07   0.10102600E-05   0.99403469E-06   0.10102600E-05
  -1.317   0.183   0.49676796E-04   0.98096380E-06   0.53379849E-08   0.16519374E-07   0.10008570E-05   0.10028212E-05   0.10008570E-05
  -1.300   0.200   0.49094690E-04   0.97023278E-06   0.52760899E-08   0.16329856E-07   0.97540172E-06   0.99183873E-06   0.97540172E-06
  -1.283   0.217   0.47765456E-04   0.94474571E-06   0.51339379E-08   0.15892045E-07   0.93883574E-06   0.96577169E-06   0.93883574E-06
  -1.267   0.233   0.45921704E-04   0.90906757E-06   0.49364961E-08   0.15283122E-07   0.89556495E-06   0.92928719E-06   0.89556495E-06
  -1.250   0.250   0.43769798E-04   0.86725645E-06   0.47059205E-08   0.14571596E-07   0.84916376E-06   0.88653397E-06   0.84916376E-06
  -1.233   0.267   0.41476828E-04   0.82260445E-06   0.44601548E-08   0.13812962E-07   0.80229244E-06   0.84087756E-06   0.80229244E-06
  -1.217   0.283   0.39167139E-04   0.77756668E-06   0.42125566E-08   0.13048546E-07   0.75675993E-06   0.79482779E-06   0.75675993E-06
  -1.200   0.300   0.36925398E-04   0.73381918E-06   0.39722239E-08   0.12306505E-07   0.71366655E-06   0.75009791E-06   0.71366655E-06
  -1.183   0.317   0.34803243E-04   0.69238797E-06   0.37447087E-08   0.11604030E-07   0.67357447E-06   0.70773671E-06   0.67357447E-06
  -1.167   0.333   0.32827164E-04   0.65380310E-06   0.35328615E-08   0.10949955E-07   0.63667063E-06   0.66828591E-06   0.63667063E-06
  -1.150   0.350   0.31006037E-04   0.61824644E-06   0.33376408E-08   0.10347261E-07   0.60290314E-06   0.63193134E-06   0.60290314E-06
  -1.133   0.367   0.29337451E-04   0.58567605E-06   0.31587915E-08   0.97951712E-08   0.57208454E-06   0.59863001E-06   0.57208454E-06
  -1.117   0.383   0.27812516E-04   0.55592105E-06   0.29953617E-08   0.92907497E-08   0.54396339E-06   0.56820716E-06   0.54396339E-06
  -1.100   0.400   0.26419232E-04   0.52874814E-06   0.28460647E-08   0.88300229E-08   0.51826986E-06   0.54042423E-06   0.51826986E-06
  -1.083   0.417   0.25144650E-04   0.50390443E-06   0.27095110E-08   0.84086973E-08   0.49474194E-06   0.51502263E-06   0.49474194E-06
  -1.067   0.433   0.23976135E-04   0.48114261E-06   0.25843445E-08   0.80225813E-08   0.47313871E-06   0.49174953E-06   0.47313871E-06
  -1.050   0.450   0.22902021E-04   0.46023400E-06   0.24693129E-08   0.76678026E-08   0.45324541E-06   0.47037111E-06   0.45324541E-06
  -1.033   0.467   0.21911872E-04   0.44097382E-06   0.23632955E-08   0.73408961E-08   0.43487393E-06   0.45067802E-06   0.43487393E-06
  -1.017   0.483   0.20996518E-04   0.42318212E-06   0.22653079E-08   0.70388174E-08   0.41786096E-06   0.43248624E-06   0.41786096E-06
  -1.000   0.500   0.20147982E-04   0.40670223E-06   0.21744934E-08   0.67589170E-08   0.40206522E-06   0.41563565E-06   0.40206522E-06
  -0.983   0.517   0.19359348E-04   0.39139838E-06   0.20901093E-08   0.64988986E-08   0.38736443E-06   0.39998739E-06   0.38736443E-06
  -0.967   0.533   0.18624623E-04   0.37715290E-06   0.20115122E-08   0.62567719E-08   0.37365256E-06   0.38542118E-06   0.37365256E-06
  -0.950   0.550   0.17938604E-04   0.36386360E-06   0.19381432E-08   0.60308088E-08   0.36083725E-06   0.37183255E-06   0.36083725E-06
  -0.933   0.567   0.17296754E-04   0.35144147E-06   0.18695153E-08   0.58195031E-08   0.34883773E-06   0.35913048E-06   0.34883773E-06
  -0.917   0.583   0.16695103E-04   0.33980857E-06   0.18052021E-08   0.56215366E-08   0.33758301E-06   0.34723531E-06   0.33758301E-06
  -0.900   0.600   0.16130157E-04   0.32889639E-06   0.17448286E-08   0.54357497E-08   0.32701038E-06   0.33607697E-06   0.32701038E-06
  -0.883   0.617   0.15598829E-04   0.31864439E-06   0.16880634E-08   0.52611176E-08   0.31706417E-06   0.32559357E-06   0.31706417E-06
  -0.867   0.633   0.15098376E-04   0.30899879E-06   0.16346120E-08   0.50967302E-08   0.30769473E-06   0.31573013E-06   0.30769473E-06
  -0.850   0.650   0.14626350E-04   0.29991163E-06   0.15842118E-08   0.49417753E-08   0.29885758E-06   0.30643761E-06   0.29885758E-06
  -0.833   0.667   0.14180559E-04   0.29133992E-06   0.15366272E-08   0.47955250E-08   0.29051271E-06   0.29767207E-06   0.29051271E-06
  -0.817   0.683   0.13759026E-04   0.28324498E-06   0.14916463E-08   0.46573242E-08   0.28262397E-06   0.28939396E-06   0.28262397E-06
  -0.800   0.700   0.13359969E-04   0.27559188E-06   0.14490776E-08   0.45265812E-08   0.27515861E-06   0.28156754E-06   0.27515861E-06
  -0.783   0.717   0.12981769E-04   0.26834893E-06   0.14087475E-08   0.44027593E-08   0.26808686E-06   0.27416043E-06   0.26808686E-06
  -0.767   0.733   0.12622955E-04   0.26148732E-06   0.13704982E-08   0.42853706E-08   0.26138154E-06   0.26714319E-06   0.26138154E-06
  -0.750   0.750   0.12282185E-04   0.25498080E-06   0.13341855E-08   0.41739701E-08   0.25501784E-06   0.26048895E-06   0.25501784E-06
  -0.733   0.767   0.11958232E-04   0.24880533E-06   0.12996780E-08   0.40681508E-08   0.24897301E-06   0.25417316E-06   0.24897301E-06
  -0.717   0.783   0.11649972E-04   0.24293890E-06   0.12668548E-08   0.39675399E-08   0.24322616E-06   0.24817330E-06   0.24322616E-06
  -0.700   0.800   0.11356373E-04   0.23736131E-06   0.12356053E-08   0.38717950E-08   0.23775807E-06   0.24246871E-06   0.23775807E-06
  -0.683   0.817   0.11076484E-04   0.23205394E-06   0.12058274E-08   0.37806010E-08   0.23255104E-06   0.23704037E-06   0.23255104E-06
  -0.667   0.833   0.10809431E-04   0.22699967E-06   0.11774273E-08   0.36936677E-08   0.22758874E-06   0.23187076E-06   0.22758874E-06
  -0.650   0.850   0.10554406E-04   0.22218268E-06   0.11503182E-08   0.36107271E-08   0.22285606E-06   0.22694372E-06   0.22285606E-06
  -0.633   0.867   0.10310663E-04   0.21758834E-06   0.11244201E-08   0.35315319E-08   0.21833905E-06   0.22224430E-06   0.21833905E-06
  -0.617   0.883   0.10077511E-04   0.21320315E-06   0.10996590E-08   0.34558529E-08   0.21402476E-06   0.21775866E-06   0.21402476E-06
  -0.600   0.900   0.98543122E-05   0.20901457E-06   0.10759662E-08   0.33834783E-08   0.20990121E-06   0.21347402E-06   0.20990121E-06
  -0.583   0.917   0.96404735E-05   0.20501100E-06   0.10532780E-08   0.33142112E-08   0.20595727E-06   0.20937849E-06   0.20595727E-06
  -0.567   0.933   0.94354453E-05   0.20118164E-06   0.10315356E-08   0.32478692E-08   0.20218259E-06   0.20546105E-06   0.20218259E-06
  -0.550   0.950   0.92387168E-05   0.19751649E-06   0.10106840E-08   0.31842828E-08   0.19856756E-06   0.20171146E-06   0.19856756E-06
  -0.533   0.967   0.90498133E-05   0.19400623E-06   0.99067231E-09   0.31232943E-08   0.19510324E-06   0.19812020E-06   0.19510324E-06
  -0.517   0.983   0.88682932E-05   0.19064220E-06   0.97145304E-09   0.30647572E-08   0.19178129E-06   0.19467841E-06   0.19178129E-06
  -0.500   1.000   0.86937452E-05   0.18741632E-06   0.95298203E-09   0.30085346E-08   0.18859393E-06   0.19137783E-06   0.18859393E-06
  -0.483   1.017   0.85257858E-05   0.18432106E-06   0.93521810E-09   0.29544992E-08   0.18553393E-06   0.18821077E-06   0.18553393E-06
  -0.467   1.033   0.83640575E-05   0.18134939E-06   0.91812283E-09   0.29025323E-08   0.18259452E-06   0.18517005E-06   0.18259452E-06
  -0.450   1.050   0.82082265E-05   0.17849477E-06   0.90166036E-09   0.28525227E-08   0.17976936E-06   0.18224895E-06   0.17976936E-06
  -0.433   1.067   0.80579809E-05   0.17575106E-06   0.88579717E-09   0.28043669E-08   0.17705255E-06   0.17944122E-06   0.17705255E-06
  -0.417   1.083   0.79130292E-05   0.17311252E-06   0.87050192E-09   0.27579677E-08   0.17443854E-06   0.17674099E-06   0.17443854E-06
  -0.400   1.100   0.77730985E-05   0.17057379E-06   0.85574528E-09   0.27132345E-08   0.17192215E-06   0.17414277E-06   0.17192215E-06
  -0.383   1.117   0.76379334E-05   0.16812984E-06   0.84149978E-09   0.26700822E-08   0.16949852E-06   0.17164142E-06   0.16949852E-06
  -0.367   1.133   0.75072943E-05   0.16577596E-06   0.82773967E-09   0.26284310E-08   0.16716308E-06   0.16923213E-06   0.16716308E-06
  -0.350   1.150   0.73809568E-05   0.16350772E-06   0.81444080E-09   0.25882062E-08   0.16491156E-06   0.16691036E-06   0.16491156E-06
  -0.333   1.167   0.72587102E-05   0.16132097E-06   0.80158051E-09   0.25493374E-08   0.16273992E-06   0.16467188E-06   0.16273992E-06
  -0.317   1.183   0.71403565E-05   0.15921180E-06   0.78913748E-09   0.25117588E-08   0.16064439E-06   0.16251270E-06   0.16064439E-06
  -0.300   1.200   0.70257096E-05   0.15717656E-06   0.77709171E-09   0.24754083E-08   0.15862140E-06   0.16042906E-06   0.15862140E-06
  -0.283   1.217   0.69145947E-05   0.15521178E-06   0.76542434E-09   0.24402274E-08   0.15666761E-06   0.15841743E-06   0.15666761E-06
  -0.267   1.233   0.68068470E-05   0.15331421E-06   0.75411766E-09   0.24061612E-08   0.15477984E-06   0.15647449E-06   0.15477984E-06
  -0.250   1.250   0.67023115E-05   0.15148079E-06   0.74315496E-09   0.23731579E-08   0.15295513E-06   0.15459710E-06   0.15295513E-06
  -0.233   1.267   0.66008419E-05   0.14970862E-06   0.73252047E-09   0.23411686E-08   0.15119066E-06   0.15278231E-06   0.15119066E-06
  -0.217   1.283   0.65023006E-05   0.14799498E-06   0.72219936E-09   0.23101472E-08   0.14948377E-06   0.15102733E-06   0.14948377E-06
  -0.200   1.300   0.64065573E-05   0.14633729E-06   0.71217759E-09   0.22800501E-08   0.14783196E-06   0.14932952E-06   0.14783196E-06
  -0.183   1.317   0.63134892E-05   0.14473312E-06   0.70244191E-09   0.22508361E-08   0.14623285E-06   0.14768640E-06   0.14623285E-06
  -0.167   1.333   0.62229803E-05   0.14318017E-06   0.69297981E-09   0.22224665E-08   0.14468421E-06   0.14609561E-06   0.14468421E-06
  -0.150   1.350   0.61349209E-05   0.14167624E-06   0.68377944E-09   0.21949044E-08   0.14318390E-06   0.14455493E-06   0.14318390E-06
  -0.133   1.367   0.60492072E-05   0.14021930E-06   0.67482960E-09   0.21681148E-08   0.14172991E-06   0.14306224E-06   0.14172991E-06
  -0.117   1.383   0.59657409E-05   0.13880737E-06   0.66611967E-09   0.21420648E-08   0.14032034E-06   0.14161555E-06   0.14032034E-06
  -0.100   1.400   0.58844290E-05   0.13743860E-06   0.65763959E-09   0.21167232E-08   0.13895337E-06   0.14021297E-06   0.13895337E-06
  -0.083   1.417   0.58051834E-05   0.13611125E-06   0.64937985E-09   0.20920601E-08   0.13762729E-06   0.13885269E-06   0.13762729E-06
  -0.067   1.433   0.57279205E-05   0.13482363E-06   0.64133139E-09   0.20680475E-08   0.13634046E-06   0.13753301E-06   0.13634046E-06
  -0.050   1.450   0.56525610E-05   0.13357417E-06   0.63348564E-09   0.20446585E-08   0.13509133E-06   0.13625231E-06   0.13509133E-06
  -0.033   1.467   0.55790296E-05   0.13236136E-06   0.62583446E-09   0.20218678E-08   0.13387844E-06   0.13500906E-06   0.13387844E-06
  -0.017   1.483   0.55072551E-05   0.13118377E-06   0.61837009E-09   0.19996512E-08   0.13270038E-06   0.13380179E-06   0.13270038E-06
   0.000   1.500   0.54371694E-05   0.13004003E-06   0.61108520E-09   0.19779857E-08   0.13155581E-06   0.13262910E-06   0.13155581E-06
   0.017   1.517   0.53687082E-05   0.12892885E-06   0.60397277E-09   0.19568494E-08   0.13044347E-06   0.13148967E-06   0.13044347E-06
   0.033   1.533   0.53018101E-05   0.12784900E-06   0.59702616E-09   0.19362215E-08   0.12936214E-06   0.13038225E-06   0.12936214E-06
   0.050   1.550   0.52364168E-05   0.12679930E-06   0.59023903E-09   0.19160822E-08   0.12831067E-06   0.12930562E-06   0.12831067E-06
   0.067   1.567   0.51724728E-05   0.12577863E-06   0.58360534E-09   0.18964124E-08   0.12728796E-06   0.12825865E-06   0.12728796E-06
   0.083   1.583   0.51099252E-05   0.12478591E-06   0.57711936E-09   0.18771943E-08   0.12629297E-06   0.12724023E-06   0.12629297E-06
   0.100   1.600   0.50487238E-05   0.12382013E-06   0.57077559E-09   0.18584106E-08   0.12532468E-06   0.12624932E-06   0.12532468E-06
   0.117   1.617   0.49888206E-05   0.12288032E-06   0.56456883E-09   0.18400448E-08   0.12438214E-06   0.12528493E-06   0.12438214E-06
   0.133   1.633   0.49301699E-05   0.12196553E-06   0.55849407E-09   0.18220812E-08   0.12346444E-06   0.12434611E-06   0.12346444E-06
   0.150   1.650   0.48727281E-05   0.12107489E-06   0.55254657E-09   0.18045050E-08   0.12257070E-06   0.12343194E-06   0.12257070E-06
   0.167   1.667   0.48164537E-05   0.12020754E-06   0.54672178E-09   0.17873017E-08   0.12170008E-06   0.12254156E-06   0.12170008E-06
   0.183   1.683   0.47613070E-05   0.11936266E-06   0.54101538E-09   0.17704576E-08   0.12085178E-06   0.12167413E-06   0.12085178E-06
   0.200   1.700   0.47072501E-05   0.11853948E-06   0.53542320E-09   0.17539596E-08   0.12002504E-06   0.12082886E-06   0.12002504E-06
   0.217   1.717   0.46542470E-05   0.11773725E-06   0.52994129E-09   0.17377951E-08   0.11921912E-06   0.12000498E-06   0.11921912E-06
   0.233   1.733   0.46022631E-05   0.11695525E-06   0.52456587E-09   0.17219523E-08   0.11843332E-06   0.11920177E-06   0.11843332E-06
   0.250   1.750   0.45512655E-05   0.11619280E-06   0.51929331E-09   0.17064194E-08   0.11766696E-06   0.11841852E-06   0.11766696E-06
   0.267   1.767   0.45012225E-05   0.11544925E-06   0.51412013E-09   0.16911854E-08   0.11691939E-06   0.11765455E-06   0.11691939E-06
   0.283   1.783   0.44521041E-05   0.11472395E-06   0.50904303E-09   0.16762399E-08   0.11619000E-06   0.11690924E-06   0.11619000E-06
   0.300   1.800   0.44038816E-05   0.11401631E-06   0.50405882E-09   0.16615725E-08   0.11547818E-06   0.11618194E-06   0.11547818E-06
   0.317   1.817   0.43565272E-05   0.11332575E-06   0.49916446E-09   0.16471736E-08   0.11478337E-06   0.11547209E-06   0.11478337E-06
   0.333   1.833   0.43100148E-05   0.11265170E-06   0.49435703E-09   0.16330338E-08   0.11410501E-06   0.11477909E-06   0.11410501E-06
   0.350   1.850   0.42643190E-05   0.11199362E-06   0.48963373E-09   0.16191440E-08   0.11344256E-06   0.11410240E-06   0.11344256E-06
   0.367   1.867   0.42194157E-05   0.11135101E-06   0.48499188E-09   0.16054956E-08   0.11279553E-06   0.11344149E-06   0.11279553E-06
   0.383   1.883   0.41752818E-05   0.11072335E-06   0.48042891E-09   0.15920803E-08   0.11216342E-06   0.11279586E-06   0.11216342E-06
   0.400   1.900   0.41318952E-05   0.11011019E-06   0.47594234E-09   0.15788900E-08   0.11154576E-06   0.11216502E-06   0.11154576E-06
   0.417   1.917   0.40892346E-05   0.10951104E-06   0.47152981E-09   0.15659171E-08   0.11094209E-06   0.11154848E-06   0.11094209E-06
   0.433   1.933   0.40472797E-05   0.10892546E-06   0.46718903E-09   0.15531541E-08   0.11035197E-06   0.11094581E-06   0.11035197E-06
   0.450   1.950   0.40060112E-05   0.10835303E-06   0.46291782E-09   0.15405938E-08   0.10977498E-06   0.11035655E-06   0.10977498E-06
   0.467   1.967   0.39654102E-05   0.10779334E-06   0.45871408E-09   0.15282293E-08   0.10921071E-06   0.10978028E-06   0.10921071E-06
   0.483   1.983   0.39254590E-05   0.10724597E-06   0.45457578E-09   0.15160539E-08   0.10865876E-06   0.10921660E-06   0.10865876E-06
   0.500   2.000   0.38861403E-05   0.10671054E-06   0.45050098E-09   0.15040612E-08   0.10811875E-06   0.10866510E-06   0.10811875E-06
   0.517   2.017   0.38474378E-05   0.10618668E-06   0.44648781E-09   0.14922449E-08   0.10759031E-06   0.10812541E-06   0.10759031E-06
   0.533   2.033   0.38093357E-05   0.10567402E-06   0.44253447E-09   0.14805990E-08   0.10707307E-06   0.10759715E-06   0.10707307E-06
   0.550   2.050   0.37718187E-05   0.10517221E-06   0.43863921E-09   0.14691176E-08   0.10656670E-06   0.10707997E-06   0.10656670E-06
   0.567   2.067   0.37348725E-05   0.10468091E-06   0.43480036E-09   0.14577952E-08   0.10607086E-06   0.10657350E-06   0.10607086E-06
   0.583   2.083   0.36984830E-05   0.10419978E-06   0.43101632E-09   0.14466261E-08   0.10558520E-06   0.10607742E-06   0.10558520E-06
   0.600   2.100   0.36626368E-05   0.10372850E-06   0.42728551E-09   0.14356050E-08   0.10510943E-06   0.10559139E-06   0.10510943E-06
   0.617   2.117   0.36273212E-05   0.10326676E-06   0.42360644E-09   0.14247268E-08   0.10464322E-06   0.10511510E-06   0.10464322E-06
   0.633   2.133   0.35925237E-05   0.10281425E-06   0.41997766E-09   0.14139864E-08   0.10418627E-06   0.10464821E-06   0.10418627E-06
   0.650   2.150   0.35582325E-05   0.10237067E-06   0.41639775E-09   0.14033788E-08   0.10373829E-06   0.10419044E-06   0.10373829E-06
   0.667   2.167   0.35244362E-05   0.10193572E-06   0.41286536E-09   0.13928993E-08   0.10329899E-06   0.10374148E-06   0.10329899E-06
   0.683   2.183   0.34911238E-05   0.10150912E-06   0.40937916E-09   0.13825431E-08   0.10286807E-06   0.10330104E-06   0.10286807E-06
   0.700   2.200   0.34582848E-05   0.10109058E-06   0.40593787E-09   0.13723057E-08   0.10244527E-06   0.10286882E-06   0.10244527E-06
   0.717   2.217   0.34259090E-05   0.10067983E-06   0.40254026E-09   0.13621825E-08   0.10203032E-06   0.10244455E-06   0.10203032E-06
   0.733   2.233   0.33939867E-05   0.10027659E-06   0.39918510E-09   0.13521691E-08   0.10162293E-06   0.10202794E-06   0.10162293E-06
   0.750   2.250   0.33625085E-05   0.99880589E-07   0.39587123E-09   0.13422610E-08   0.10122284E-06   0.10161872E-06   0.10122284E-06
   0.767   2.267   0.33314652E-05   0.99491561E-07   0.39259748E-09   0.13324540E-08   0.10082979E-06   0.10121661E-06   0.10082979E-06
   0.783   2.283   0.33008482E-05   0.99109237E-07   0.38936275E-09   0.13227438E-08   0.10044352E-06   0.10082134E-06   0.10044352E-06
   0.800   2.300   0.32706490E-05   0.98733351E-07   0.38616592E-09   0.13131261E-08   0.10006376E-06   0.10043264E-06   0.10006376E-06
   0.817   2.317   0.32408594E-05   0.98363636E-07   0.38300591E-09   0.13035967E-08   0.99690248E-07   0.10005024E-06   0.99690248E-07
   0.833   2.333   0.32114716E-05   0.97999825E-07   0.37988167E-09   0.12941514E-08   0.99322727E-07   0.99673858E-07   0.99322727E-07
   0.850   2.350   0.31824779E-05   0.97641649E-07   0.37679214E-09   0.12847859E-08   0.98960930E-07   0.99303227E-07   0.98960930E-07
   0.867   2.367   0.31538709E-05   0.97288834E-07   0.37373628E-09   0.12754960E-08   0.98604589E-07   0.98938066E-07   0.98604589E-07
   0.883   2.383   0.31256434E-05   0.96941105E-07   0.37071307E-09   0.12662774E-08   0.98253434E-07   0.98578095E-07   0.98253434E-07
   0.900   2.400   0.30977884E-05   0.96598179E-07   0.36772147E-09   0.12571257E-08   0.97907188E-07   0.98223026E-07   0.97907188E-07
   0.917   2.417   0.30702991E-05   0.96259767E-07   0.36476047E-09   0.12480367E-08   0.97565568E-07   0.97872564E-07   0.97565568E-07
   0.933   2.433   0.30431687E-05   0.95925573E-07   0.36182903E-09   0.12390056E-08   0.97228282E-07   0.97526407E-07   0.97228282E-07
   0.950   2.450   0.30163908E-05   0.95595288E-07   0.35892611E-09   0.12300280E-08   0.96895031E-07   0.97184242E-07   0.96895031E-07
   0.967   2.467   0.29899588E-05   0.95268594E-07   0.35605066E-09   0.12210990E-08   0.96565502E-07   0.96845744E-07   0.96565502E-07
   0.983   2.483   0.29638664E-05   0.94945158E-07   0.35320162E-09   0.12122139E-08   0.96239369E-07   0.96510573E-07   0.96239369E-07
   1.000   2.500   0.29381105E-05   0.94621258E-07   0.35037864E-09   0.12033712E-08   0.95916308E-07   0.96175008E-07   0.95916308E-07
   1.017   2.517   0.29157346E-05   0.94194644E-07   0.34796637E-09   0.11959666E-08   0.95554678E-07   0.95738577E-07   0.95554678E-07
   1.033   2.533   0.28950767E-05   0.93819082E-07   0.34574782E-09   0.11891901E-08   0.95182082E-07   0.95354020E-07   0.95182082E-07
   1.050   2.550   0.28747577E-05   0.93450084E-07   0.34355840E-09   0.11824761E-08   0.94810261E-07   0.94976118E-07   0.94810261E-07
   1.067   2.567   0.28546529E-05   0.93083508E-07   0.34138312E-09   0.11757724E-08   0.94440729E-07   0.94600663E-07   0.94440729E-07
   1.083   2.583   0.28347713E-05   0.92719527E-07   0.33922291E-09   0.11690816E-08   0.94074158E-07   0.94227832E-07   0.94074158E-07
   1.100   2.600   0.28151266E-05   0.92358470E-07   0.33707926E-09   0.11624081E-08   0.93710784E-07   0.93857957E-07   0.93710784E-07
   1.117   2.617   0.27957256E-05   0.92000438E-07   0.33495285E-09   0.11557537E-08   0.93350610E-07   0.93491144E-07   0.93350610E-07
   1.133   2.633   0.27765702E-05   0.91645372E-07   0.33284376E-09   0.11491181E-08   0.92993520E-07   0.93127334E-07   0.92993520E-07
   1.150   2.650   0.27576596E-05   0.91293122E-07   0.33075175E-09   0.11424998E-08   0.92639330E-07   0.92766373E-07   0.92639330E-07
   1.167   2.667   0.27389918E-05   0.90943480E-07   0.32867641E-09   0.11358967E-08   0.92287814E-07   0.92408053E-07   0.92287814E-07
   1.183   2.683   0.27205636E-05   0.90596208E-07   0.32661721E-09   0.11293062E-08   0.91938724E-07   0.92052131E-07   0.91938724E-07
   1.200   2.700   0.27023717E-05   0.90251047E-07   0.32457358E-09   0.11227259E-08   0.91591792E-07   0.91698346E-07   0.91591792E-07
   1.217   2.717   0.26844123E-05   0.89907722E-07   0.32254490E-09   0.11161527E-08   0.91246739E-07   0.91346420E-07   0.91246739E-07
   1.233   2.733   0.26666818E-05   0.89565949E-07   0.32053056E-09   0.11095840E-08   0.90903276E-07   0.90996063E-07   0.90903276E-07
   1.250   2.750   0.26491762E-05   0.89225432E-07   0.31852992E-09   0.11030167E-08   0.90561103E-07   0.90646979E-07   0.90561103E-07
   1.267   2.767   0.26318916E-05   0.88885868E-07   0.31654232E-09   0.10964480E-08   0.90219912E-07   0.90298858E-07   0.90219912E-07
   1.283   2.783   0.26148241E-05   0.88546946E-07   0.31456713E-09   0.10898750E-08   0.89879388E-07   0.89951388E-07   0.89879388E-07
   1.300   2.800   0.25979699E-05   0.88208346E-07   0.31260370E-09   0.10832946E-08   0.89539205E-07   0.89604244E-07   0.89539205E-07
   1.317   2.817   0.25813250E-05   0.87869742E-07   0.31065138E-09   0.10767041E-08   0.89199033E-07   0.89257098E-07   0.89199033E-07
   1.333   2.833   0.25648854E-05   0.87530802E-07   0.30870953E-09   0.10701006E-08   0.88858531E-07   0.88909612E-07   0.88858531E-07
   1.350   2.850   0.25486474E-05   0.87191187E-07   0.30677753E-09   0.10634812E-08   0.88517353E-07   0.88561445E-07   0.88517353E-07
   1.367   2.867   0.25326069E-05   0.86850552E-07   0.30485474E-09   0.10568434E-08   0.88175147E-07   0.88212250E-07   0.88175147E-07
   1.383   2.883   0.25167602E-05   0.86508549E-07   0.30294058E-09   0.10501844E-08   0.87831555E-07   0.87861674E-07   0.87831555E-07
   1.400   2.900   0.25011035E-05   0.86164829E-07   0.30103445E-09   0.10435018E-08   0.87486217E-07   0.87509365E-07   0.87486217E-07
   1.417   2.917   0.24856330E-05   0.85819038E-07   0.29913579E-09   0.10367935E-08   0.87138768E-07   0.87154967E-07   0.87138768E-07
   1.433   2.933   0.24703451E-05   0.85470827E-07   0.29724409E-09   0.10300571E-08   0.86788847E-07   0.86798128E-07   0.86788847E-07
   1.450   2.950   0.24552363E-05   0.85119849E-07   0.29535886E-09   0.10232911E-08   0.86436091E-07   0.86438498E-07   0.86436091E-07
   1.467   2.967   0.24403033E-05   0.84765763E-07   0.29347967E-09   0.10164938E-08   0.86080147E-07   0.86075736E-07   0.86080147E-07
   1.483   2.983   0.24255428E-05   0.84408241E-07   0.29160615E-09   0.10096640E-08   0.85720667E-07   0.85709511E-07   0.85720667E-07
   1.500   3.000   0.24109520E-05   0.84046966E-07   0.28973799E-09   0.10028011E-08   0.85357320E-07   0.85339505E-07   0.85357320E-07
   1.517   3.017   0.23965282E-05   0.83681642E-07   0.28787496E-09   0.99590459E-09   0.84989789E-07   0.84965422E-07   0.84989789E-07
   1.533   3.033   0.23822690E-05   0.83311996E-07   0.28601695E-09   0.98897478E-09   0.84617782E-07   0.84586987E-07   0.84617782E-07
   1.550   3.050   0.23681725E-05   0.82937782E-07   0.28416391E-09   0.98201242E-09   0.84241034E-07   0.84203959E-07   0.84241034E-07
   1.567   3.067   0.23542372E-05   0.82558792E-07   0.28231593E-09   0.97501892E-09   0.83859314E-07   0.83816127E-07   0.83859314E-07
   1.583   3.083   0.23404619E-05   0.82174854E-07   0.28047322E-09   0.96799637E-09   0.83472430E-07   0.83423324E-07   0.83472430E-07
   1.600   3.100   0.23268461E-05   0.81785846E-07   0.27863614E-09   0.96094759E-09   0.83080237E-07   0.83025429E-07   0.83080237E-07
   1.617   3.117   0.23133900E-05   0.81391694E-07   0.27680516E-09   0.95387615E-09   0.82682642E-07   0.82622375E-07   0.82682642E-07
   1.633   3.133   0.23000939E-05   0.80992383E-07   0.27498092E-09   0.94678643E-09   0.82279610E-07   0.82214151E-07   0.82279610E-07
   1.650   3.150   0.22869594E-05   0.80587960E-07   0.27316421E-09   0.93968358E-09   0.81871170E-07   0.81800808E-07   0.81871170E-07
   1.667   3.167   0.22739881E-05   0.80178536E-07   0.27135598E-09   0.93257355E-09   0.81457417E-07   0.81382466E-07   0.81457417E-07
   1.683   3.183   0.22611825E-05   0.79764291E-07   0.26955731E-09   0.92546304E-09   0.81038517E-07   0.80959311E-07   0.81038517E-07
   1.700   3.200   0.22485459E-05   0.79345472E-07   0.26776942E-09   0.91835944E-09   0.80614709E-07   0.80531601E-07   0.80614709E-07
   1.717   3.217   0.22360817E-05   0.78922397E-07   0.26599368E-09   0.91127080E-09   0.80186304E-07   0.80099662E-07   0.80186304E-07
   1.733   3.233   0.22237940E-05   0.78495450E-07   0.26423153E-09   0.90420567E-09   0.79753685E-07   0.79663888E-07   0.79753685E-07
   1.750   3.250   0.22116875E-05   0.78065078E-07   0.26248454E-09   0.89717303E-09   0.79317301E-07   0.79224736E-07   0.79317301E-07
   1.767   3.267   0.21997668E-05   0.77631785E-07   0.26075432E-09   0.89018215E-09   0.78877666E-07   0.78782721E-07   0.78877666E-07
   1.783   3.283   0.21880370E-05   0.77196124E-07   0.25904252E-09   0.88324246E-09   0.78435344E-07   0.78338409E-07   0.78435344E-07
   1.800   3.300   0.21765031E-05   0.76758691E-07   0.25735080E-09   0.87636338E-09   0.77990951E-07   0.77892405E-07   0.77990951E-07
   1.817   3.317   0.21651703E-05   0.76320113E-07   0.25568079E-09   0.86955418E-09   0.77545136E-07   0.77445348E-07   0.77545136E-07
   1.833   3.333   0.21540432E-05   0.75881041E-07   0.25403411E-09   0.86282385E-09   0.77098574E-07   0.76997899E-07   0.77098574E-07
   1.850   3.350   0.21431266E-05   0.75442134E-07   0.25241226E-09   0.85618094E-09   0.76651955E-07   0.76550728E-07   0.76651955E-07
   1.867   3.367   0.21324246E-05   0.75004056E-07   0.25081668E-09   0.84963349E-09   0.76205973E-07   0.76104506E-07   0.76205973E-07
   1.883   3.383   0.21219410E-05   0.74567458E-07   0.24924866E-09   0.84318888E-09   0.75761316E-07   0.75659896E-07   0.75761316E-07
   1.900   3.400   0.21116789E-05   0.74132976E-07   0.24770940E-09   0.83685377E-09   0.75318651E-07   0.75217539E-07   0.75318651E-07
   1.917   3.417   0.21016409E-05   0.73701219E-07   0.24619990E-09   0.83063407E-09   0.74878623E-07   0.74778053E-07   0.74878623E-07
   1.933   3.433   0.20918289E-05   0.73272762E-07   0.24472106E-09   0.82453487E-09   0.74441843E-07   0.74342018E-07   0.74441843E-07
   1.950   3.450   0.20822443E-05   0.72848146E-07   0.24327360E-09   0.81856045E-09   0.74008881E-07   0.73909980E-07   0.74008881E-07
   1.967   3.467   0.20728877E-05   0.72427864E-07   0.24185807E-09   0.81271428E-09   0.73580264E-07   0.73482437E-07   0.73580264E-07
   1.983   3.483   0.20637590E-05   0.72012369E-07   0.24047490E-09   0.80699903E-09   0.73156471E-07   0.73059843E-07   0.73156471E-07
   2.000   3.500   0.20548577E-05   0.71602064E-07   0.23912435E-09   0.80141662E-09   0.72737933E-07   0.72642605E-07   0.72737933E-07
   2.017   3.517   0.20461824E-05   0.71197306E-07   0.23780655E-09   0.79596828E-09   0.72325030E-07   0.72231081E-07   0.72325030E-07
   2.033   3.533   0.20377314E-05   0.70798406E-07   0.23652150E-09   0.79065456E-09   0.71918093E-07   0.71825582E-07   0.71918093E-07
   2.050   3.550   0.20295025E-05   0.70405629E-07   0.23526908E-09   0.78547542E-09   0.71517405E-07   0.71426374E-07   0.71517405E-07
   2.067   3.567   0.20214927E-05   0.70019197E-07   0.23404907E-09   0.78043031E-09   0.71123204E-07   0.71033677E-07   0.71123204E-07
   2.083   3.583   0.20136991E-05   0.69639291E-07   0.23286115E-09   0.77551817E-09   0.70735682E-07   0.70647670E-07   0.70735682E-07
   2.100   3.600   0.20061181E-05   0.69266053E-07   0.23170492E-09   0.77073756E-09   0.70354992E-07   0.70268495E-07   0.70354992E-07
   2.117   3.617   0.19987459E-05   0.68899589E-07   0.23057993E-09   0.76608665E-09   0.69981249E-07   0.69896256E-07   0.69981249E-07
   2.133   3.633   0.19915784E-05   0.68539976E-07   0.22948562E-09   0.76156336E-09   0.69614533E-07   0.69531025E-07   0.69614533E-07
   2.150   3.650   0.19846115E-05   0.68187259E-07   0.22842144E-09   0.75716531E-09   0.69254894E-07   0.69172846E-07   0.69254894E-07
   2.167   3.667   0.19778407E-05   0.67841456E-07   0.22738675E-09   0.75288995E-09   0.68902355E-07   0.68821733E-07   0.68902355E-07
   2.183   3.683   0.19712614E-05   0.67502565E-07   0.22638091E-09   0.74873456E-09   0.68556912E-07   0.68477680E-07   0.68556912E-07
   2.200   3.700   0.19648692E-05   0.67170560E-07   0.22540325E-09   0.74469630E-09   0.68218541E-07   0.68140659E-07   0.68218541E-07
   2.217   3.717   0.19586592E-05   0.66845399E-07   0.22445307E-09   0.74077223E-09   0.67887198E-07   0.67810624E-07   0.67887198E-07
   2.233   3.733   0.19526269E-05   0.66527025E-07   0.22352967E-09   0.73695939E-09   0.67562824E-07   0.67487514E-07   0.67562824E-07
   2.250   3.750   0.19467675E-05   0.66215366E-07   0.22263234E-09   0.73325473E-09   0.67245345E-07   0.67171253E-07   0.67245345E-07
   2.267   3.767   0.19410765E-05   0.65910340E-07   0.22176037E-09   0.72965524E-09   0.66934676E-07   0.66861756E-07   0.66934676E-07
   2.283   3.783   0.19355492E-05   0.65611856E-07   0.22091306E-09   0.72615789E-09   0.66630721E-07   0.66558926E-07   0.66630721E-07
   2.300   3.800   0.19301810E-05   0.65319813E-07   0.22008971E-09   0.72275967E-09   0.66333378E-07   0.66262662E-07   0.66333378E-07
   2.317   3.817   0.19249675E-05   0.65034107E-07   0.21928962E-09   0.71945764E-09   0.66042537E-07   0.65972854E-07   0.66042537E-07
   2.333   3.833   0.19199044E-05   0.64754626E-07   0.21851212E-09   0.71624886E-09   0.65758082E-07   0.65689387E-07   0.65758082E-07
   2.350   3.850   0.19149873E-05   0.64481257E-07   0.21775654E-09   0.71313049E-09   0.65479894E-07   0.65412144E-07   0.65479894E-07
   2.367   3.867   0.19102120E-05   0.64213882E-07   0.21702222E-09   0.71009973E-09   0.65207853E-07   0.65141004E-07   0.65207853E-07
   2.383   3.883   0.19055744E-05   0.63952381E-07   0.21630854E-09   0.70715384E-09   0.64941834E-07   0.64875844E-07   0.64941834E-07
   2.400   3.900   0.19010707E-05   0.63696636E-07   0.21561487E-09   0.70429017E-09   0.64681713E-07   0.64616541E-07   0.64681713E-07
   2.417   3.917   0.18966969E-05   0.63446524E-07   0.21494060E-09   0.70150615E-09   0.64427364E-07   0.64362971E-07   0.64427364E-07
   2.433   3.933   0.18924493E-05   0.63201926E-07   0.21428516E-09   0.69879927E-09   0.64178663E-07   0.64115010E-07   0.64178663E-07
   2.450   3.950   0.18883242E-05   0.62962720E-07   0.21364798E-09   0.69616710E-09   0.63935484E-07   0.63872535E-07   0.63935484E-07
   2.467   3.967   0.18843182E-05   0.62728789E-07   0.21302850E-09   0.69360731E-09   0.63697705E-07   0.63635425E-07   0.63697705E-07
   2.483   3.983   0.18804278E-05   0.62500015E-07   0.21242620E-09   0.69111762E-09   0.63465204E-07   0.63403559E-07   0.63465204E-07
   2.500   4.000   0.18766498E-05   0.62276280E-07   0.21184056E-09   0.68869584E-09   0.63237860E-07   0.63176817E-07   0.63237860E-07
   2.517   4.017   0.18729810E-05   0.62057472E-07   0.21127109E-09   0.68633987E-09   0.63015556E-07   0.62955083E-07   0.63015556E-07
   2.533   4.033   0.18694184E-05   0.61843478E-07   0.21071730E-09   0.68404767E-09   0.62798175E-07   0.62738243E-07   0.62798175E-07
   2.550   4.050   0.18659589E-05   0.61634187E-07   0.21017875E-09   0.68181728E-09   0.62585604E-07   0.62526183E-07   0.62585604E-07
   2.567   4.067   0.18625998E-05   0.61429493E-07   0.20965497E-09   0.67964680E-09   0.62377732E-07   0.62318795E-07   0.62377732E-07
   2.583   4.083   0.18593382E-05   0.61229290E-07   0.20914555E-09   0.67753442E-09   0.62174449E-07   0.62115970E-07   0.62174449E-07
   2.600   4.100   0.18561716E-05   0.61033474E-07   0.20865008E-09   0.67547838E-09   0.61975650E-07   0.61917602E-07   0.61975650E-07
   2.617   4.117   0.18530974E-05   0.60841946E-07   0.20816814E-09   0.67347701E-09   0.61781231E-07   0.61723591E-07   0.61781231E-07
   2.633   4.133   0.18501131E-05   0.60654608E-07   0.20769937E-09   0.67152867E-09   0.61591092E-07   0.61533836E-07   0.61591092E-07
   2.650   4.150   0.18472163E-05   0.60471365E-07   0.20724338E-09   0.66963181E-09   0.61405134E-07   0.61348240E-07   0.61405134E-07
   2.667   4.167   0.18444048E-05   0.60292124E-07   0.20679984E-09   0.66778494E-09   0.61223262E-07   0.61166709E-07   0.61223262E-07
   2.683   4.183   0.18416764E-05   0.60116795E-07   0.20636839E-09   0.66598660E-09   0.61045383E-07   0.60989150E-07   0.61045383E-07
   2.700   4.200   0.18390290E-05   0.59945290E-07   0.20594870E-09   0.66423540E-09   0.60871406E-07   0.60815474E-07   0.60871406E-07
   2.717   4.217   0.18364605E-05   0.59777525E-07   0.20554046E-09   0.66253003E-09   0.60701245E-07   0.60645595E-07   0.60701245E-07
   2.733   4.233   0.18339689E-05   0.59613416E-07   0.20514337E-09   0.66086918E-09   0.60534814E-07   0.60479428E-07   0.60534814E-07
   2.750   4.250   0.18315524E-05   0.59452883E-07   0.20475713E-09   0.65925164E-09   0.60372031E-07   0.60316892E-07   0.60372031E-07
   2.767   4.267   0.18292091E-05   0.59295849E-07   0.20438146E-09   0.65767621E-09   0.60212816E-07   0.60157906E-07   0.60212816E-07
   2.783   4.283   0.18269373E-05   0.59142237E-07   0.20401609E-09   0.65614175E-09   0.60057090E-07   0.60002395E-07   0.60057090E-07
   2.800   4.300   0.18247354E-05   0.58991975E-07   0.20366075E-09   0.65464717E-09   0.59904779E-07   0.59850283E-07   0.59904779E-07
   2.817   4.317   0.18226016E-05   0.58844991E-07   0.20331520E-09   0.65319140E-09   0.59755809E-07   0.59701498E-07   0.59755809E-07
   2.833   4.333   0.18206140E-05   0.58707800E-07   0.20299434E-09   0.65184219E-09   0.59615151E-07   0.59562637E-07   0.59615151E-07
   2.850   4.350   0.18187834E-05   0.58585522E-07   0.20270668E-09   0.65065029E-09   0.59488527E-07   0.59438879E-07   0.59488527E-07
   2.867   4.367   0.18170413E-05   0.58474330E-07   0.20244191E-09   0.64957384E-09   0.59373348E-07   0.59326345E-07   0.59373348E-07
   2.883   4.383   0.18153681E-05   0.58372336E-07   0.20219576E-09   0.64859245E-09   0.59267875E-07   0.59223124E-07   0.59267875E-07
   2.900   4.400   0.18137578E-05   0.58278385E-07   0.20196599E-09   0.64769371E-09   0.59170938E-07   0.59128044E-07   0.59170938E-07
   2.917   4.417   0.18122086E-05   0.58191656E-07   0.20175114E-09   0.64686890E-09   0.59081648E-07   0.59040276E-07   0.59081648E-07
   2.933   4.433   0.18107193E-05   0.58111494E-07   0.20155004E-09   0.64611103E-09   0.58999273E-07   0.58959155E-07   0.58999273E-07
   2.950   4.450   0.18092878E-05   0.58037337E-07   0.20136168E-09   0.64541413E-09   0.58923183E-07   0.58884113E-07   0.58923183E-07
   2.967   4.467   0.18079119E-05   0.57968690E-07   0.20118509E-09   0.64477296E-09   0.58852832E-07   0.58814648E-07   0.58852832E-07
   2.983   4.483   0.18065889E-05   0.57905120E-07   0.20101942E-09   0.64418289E-09   0.58787749E-07   0.58750322E-07   0.58787749E-07
   3.000   4.500   0.18053162E-05   0.57846244E-07   0.20086388E-09   0.64363985E-09   0.58727523E-07   0.58690748E-07   0.58727523E-07
   3.017   4.517   0.18040913E-05   0.57791728E-07   0.20071779E-09   0.64314030E-09   0.58671798E-07   0.58635586E-07   0.58671798E-07
   3.033   4.533   0.18029120E-05   0.57741277E-07   0.20058054E-09   0.64268110E-09   0.58620262E-07   0.58584539E-07   0.58620262E-07
   3.050   4.550   0.18017763E-05   0.57694633E-07   0.20045157E-09   0.64225951E-09   0.58572645E-07   0.58537344E-07   0.58572645E-07
   3.067   4.567   0.18006823E-05   0.57651566E-07   0.20033042E-09   0.64187311E-09   0.58528705E-07   0.58493770E-07   0.58528705E-07
   3.083   4.583   0.17996284E-05   0.57611875E-07   0.20021665E-09   0.64151978E-09   0.58488232E-07   0.58453611E-07   0.58488232E-07
   3.100   4.600   0.17986130E-05   0.57575378E-07   0.20010989E-09   0.64119759E-09   0.58451037E-07   0.58416686E-07   0.58451037E-07
   3.117   4.617   0.17976349E-05   0.57541915E-07   0.20000980E-09   0.64090484E-09   0.58416951E-07   0.58382829E-07   0.58416951E-07
   3.133   4.633   0.17966929E-05   0.57511339E-07   0.19991608E-09   0.64064002E-09   0.58385823E-07   0.58351895E-07   0.58385823E-07
   3.150   4.650   0.17957859E-05   0.57483520E-07   0.19982844E-09   0.64040175E-09   0.58357516E-07   0.58323750E-07   0.58357516E-07
   3.167   4.667   0.17949129E-05   0.57458338E-07   0.19974663E-09   0.64018878E-09   0.58331908E-07   0.58298274E-07   0.58331908E-07
   3.183   4.683   0.17940729E-05   0.57435686E-07   0.19967044E-09   0.63999997E-09   0.58308885E-07   0.58275357E-07   0.58308885E-07
   3.200   4.700   0.17932652E-05   0.57415465E-07   0.19959965E-09   0.63983431E-09   0.58288346E-07   0.58254899E-07   0.58288346E-07
   3.217   4.717   0.17924890E-05   0.57397583E-07   0.19953408E-09   0.63969085E-09   0.58270196E-07   0.58236808E-07   0.58270196E-07
   3.233   4.733   0.17917436E-05   0.57381960E-07   0.19947354E-09   0.63956873E-09   0.58254351E-07   0.58221002E-07   0.58254351E-07
   3.250   4.750   0.17910284E-05   0.57368516E-07   0.19941789E-09   0.63946715E-09   0.58240730E-07   0.58207402E-07   0.58240730E-07
   3.267   4.767   0.17903427E-05   0.57357184E-07   0.19936696E-09   0.63938540E-09   0.58229261E-07   0.58195936E-07   0.58229261E-07
   3.283   4.783   0.17896860E-05   0.57347896E-07   0.19932064E-09   0.63932278E-09   0.58219877E-07   0.58186539E-07   0.58219877E-07
   3.300   4.800   0.17890577E-05   0.57340593E-07   0.19927878E-09   0.63927869E-09   0.58212516E-07   0.58179150E-07   0.58212516E-07
   3.317   4.817   0.17884575E-05   0.57335218E-07   0.19924127E-09   0.63925255E-09   0.58207118E-07   0.58173712E-07   0.58207118E-07
   3.333   4.833   0.17878848E-05   0.57331720E-07   0.19920801E-09   0.63924382E-09   0.58203632E-07   0.58170172E-07   0.58203632E-07
   3.350   4.850   0.17873392E-05   0.57330049E-07   0.19917889E-09   0.63925200E-09   0.58202005E-07   0.58168480E-07   0.58202005E-07
   3.367   4.867   0.17868204E-05   0.57330160E-07   0.19915381E-09   0.63927663E-09   0.58202193E-07   0.58168591E-07   0.58202193E-07
   3.383   4.883   0.17863280E-05   0.57332011E-07   0.19913270E-09   0.63931727E-09   0.58204150E-07   0.58170461E-07   0.58204150E-07
   3.400   4.900   0.17858617E-05   0.57335561E-07   0.19911546E-09   0.63937353E-09   0.58207836E-07   0.58174050E-07   0.58207836E-07
   3.417   4.917   0.17854210E-05   0.57340774E-07   0.19910203E-09   0.63944503E-09   0.58213213E-07   0.58179321E-07   0.58213213E-07
   3.433   4.933   0.17850058E-05   0.57347615E-07   0.19909232E-09   0.63953141E-09   0.58220244E-07   0.58186238E-07   0.58220244E-07
   3.450   4.950   0.17846158E-05   0.57356050E-07   0.19908628E-09   0.63963235E-09   0.58228897E-07   0.58194768E-07   0.58228897E-07
   3.467   4.967   0.17842507E-05   0.57366049E-07   0.19908383E-09   0.63974753E-09   0.58239139E-07   0.58204880E-07   0.58239139E-07
   3.483   4.983   0.17839102E-05   0.57377582E-07   0.19908493E-09   0.63987666E-09   0.58250941E-07   0.58216544E-07   0.58250941E-07
   3.500   5.000   0.17835942E-05   0.57390623E-07   0.19908951E-09   0.64001947E-09   0.58264274E-07   0.58229732E-07   0.58264274E-07
   3.517   5.017   0.17833024E-05   0.57405146E-07   0.19909752E-09   0.64017571E-09   0.58279112E-07   0.58244419E-07   0.58279112E-07
   3.533   5.033   0.17830346E-05   0.57421126E-07   0.19910891E-09   0.64034514E-09   0.58295431E-07   0.58260580E-07   0.58295431E-07
   3.550   5.050   0.17827908E-05   0.57438540E-07   0.19912365E-09   0.64052752E-09   0.58313206E-07   0.58278191E-07   0.58313206E-07
   3.567   5.067   0.17825706E-05   0.57457367E-07   0.19914168E-09   0.64072264E-09   0.58332416E-07   0.58297231E-07   0.58332416E-07
   3.583   5.083   0.17823739E-05   0.57477586E-07   0.19916296E-09   0.64093032E-09   0.58353039E-07   0.58317679E-07   0.58353039E-07
   3.600   5.100   0.17822006E-05   0.57499178E-07   0.19918746E-09   0.64115034E-09   0.58375056E-07   0.58339515E-07   0.58375056E-07
   3.617   5.117   0.17820506E-05   0.57522124E-07   0.19921514E-09   0.64138255E-09   0.58398448E-07   0.58362722E-07   0.58398448E-07
   3.633   5.133   0.17819237E-05   0.57546408E-07   0.19924597E-09   0.64162677E-09   0.58423197E-07   0.58387280E-07   0.58423197E-07
   3.650   5.150   0.17818198E-05   0.57572012E-07   0.19927992E-09   0.64188284E-09   0.58449288E-07   0.58413175E-07   0.58449288E-07
   3.667   5.167   0.17817389E-05   0.57598922E-07   0.19931695E-09   0.64215062E-09   0.58476703E-07   0.58440390E-07   0.58476703E-07
   3.683   5.183   0.17816808E-05   0.57627123E-07   0.19935705E-09   0.64242997E-09   0.58505428E-07   0.58468910E-07   0.58505428E-07
   3.700   5.200   0.17816453E-05   0.57656601E-07   0.19940018E-09   0.64272076E-09   0.58535449E-07   0.58498722E-07   0.58535449E-07
   3.717   5.217   0.17816326E-05   0.57687343E-07   0.19944632E-09   0.64302286E-09   0.58566753E-07   0.58529813E-07   0.58566753E-07
   3.733   5.233   0.17816424E-05   0.57719337E-07   0.19949546E-09   0.64333616E-09   0.58599327E-07   0.58562169E-07   0.58599327E-07
   3.750   5.250   0.17816748E-05   0.57752571E-07   0.19954756E-09   0.64366055E-09   0.58633159E-07   0.58595779E-07   0.58633159E-07
   3.767   5.267   0.17817296E-05   0.57787034E-07   0.19960261E-09   0.64399594E-09   0.58668238E-07   0.58630632E-07   0.58668238E-07
   3.783   5.283   0.17818068E-05   0.57822715E-07   0.19966059E-09   0.64434222E-09   0.58704553E-07   0.58666718E-07   0.58704553E-07
   3.800   5.300   0.17819064E-05   0.57859605E-07   0.19972149E-09   0.64469930E-09   0.58742095E-07   0.58704026E-07   0.58742095E-07
   3.817   5.317   0.17820284E-05   0.57897695E-07   0.19978529E-09   0.64506711E-09   0.58780854E-07   0.58742547E-07   0.58780854E-07
   3.833   5.333   0.17821727E-05   0.57936976E-07   0.19985198E-09   0.64544557E-09   0.58820820E-07   0.58782273E-07   0.58820820E-07
   3.850   5.350   0.17823392E-05   0.57977439E-07   0.19992154E-09   0.64583460E-09   0.58861987E-07   0.58823195E-07   0.58861987E-07
   3.867   5.367   0.17825281E-05   0.58019077E-07   0.19999397E-09   0.64623414E-09   0.58904345E-07   0.58865305E-07   0.58904345E-07
   3.883   5.383   0.17827392E-05   0.58061883E-07   0.20006925E-09   0.64664413E-09   0.58947888E-07   0.58908596E-07   0.58947888E-07
   3.900   5.400   0.17829726E-05   0.58105850E-07   0.20014737E-09   0.64706451E-09   0.58992609E-07   0.58953062E-07   0.58992609E-07
   3.917   5.417   0.17832283E-05   0.58150971E-07   0.20022832E-09   0.64749522E-09   0.59038501E-07   0.58998695E-07   0.59038501E-07
   3.933   5.433   0.17835062E-05   0.58197242E-07   0.20031211E-09   0.64793622E-09   0.59085558E-07   0.59045490E-07   0.59085558E-07
   3.950   5.450   0.17838065E-05   0.58244655E-07   0.20039871E-09   0.64838746E-09   0.59133774E-07   0.59093441E-07   0.59133774E-07
   3.967   5.467   0.17841290E-05   0.58293206E-07   0.20048813E-09   0.64884891E-09   0.59183146E-07   0.59142544E-07   0.59183146E-07
   3.983   5.483   0.17844739E-05   0.58342891E-07   0.20058037E-09   0.64932053E-09   0.59233666E-07   0.59192792E-07   0.59233666E-07
   4.000   5.500   0.17848412E-05   0.58393705E-07   0.20067541E-09   0.64980229E-09   0.59285332E-07   0.59244183E-07   0.59285332E-07
   4.017   5.517   0.17852308E-05   0.58445644E-07   0.20077326E-09   0.65029416E-09   0.59338140E-07   0.59296711E-07   0.59338140E-07
   4.033   5.533   0.17856429E-05   0.58498704E-07   0.20087391E-09   0.65079611E-09   0.59392084E-07   0.59350374E-07   0.59392084E-07
   4.050   5.550   0.17860775E-05   0.58552882E-07   0.20097736E-09   0.65130812E-09   0.59447163E-07   0.59405167E-07   0.59447163E-07
   4.067   5.567   0.17865346E-05   0.58608174E-07   0.20108362E-09   0.65183018E-09   0.59503373E-07   0.59461088E-07   0.59503373E-07
   4.083   5.583   0.17870142E-05   0.58664579E-07   0.20119268E-09   0.65236227E-09   0.59560711E-07   0.59518134E-07   0.59560711E-07
   4.100   5.600   0.17875165E-05   0.58722094E-07   0.20130455E-09   0.65290438E-09   0.59619174E-07   0.59576303E-07   0.59619174E-07
   4.117   5.617   0.17880416E-05   0.58780716E-07   0.20141922E-09   0.65345650E-09   0.59678762E-07   0.59635592E-07   0.59678762E-07
   4.133   5.633   0.17885894E-05   0.58840444E-07   0.20153670E-09   0.65401862E-09   0.59739471E-07   0.59696000E-07   0.59739471E-07
   4.150   5.650   0.17891600E-05   0.58901277E-07   0.20165699E-09   0.65459075E-09   0.59801301E-07   0.59757525E-07   0.59801301E-07
   4.167   5.667   0.17897535E-05   0.58963212E-07   0.20178010E-09   0.65517288E-09   0.59864250E-07   0.59820165E-07   0.59864250E-07
   4.183   5.683   0.17903700E-05   0.59026249E-07   0.20190603E-09   0.65576502E-09   0.59928316E-07   0.59883920E-07   0.59928316E-07
   4.200   5.700   0.17910096E-05   0.59090388E-07   0.20203478E-09   0.65636717E-09   0.59993501E-07   0.59948790E-07   0.59993501E-07
   4.217   5.717   0.17916724E-05   0.59155627E-07   0.20216637E-09   0.65697935E-09   0.60059801E-07   0.60014773E-07   0.60059801E-07
   4.233   5.733   0.17923584E-05   0.59221966E-07   0.20230080E-09   0.65760156E-09   0.60127219E-07   0.60081869E-07   0.60127219E-07
   4.250   5.750   0.17930678E-05   0.59289407E-07   0.20243808E-09   0.65823381E-09   0.60195753E-07   0.60150078E-07   0.60195753E-07
   4.267   5.767   0.17938006E-05   0.59357947E-07   0.20257821E-09   0.65887613E-09   0.60265405E-07   0.60219402E-07   0.60265405E-07
   4.283   5.783   0.17945570E-05   0.59427589E-07   0.20272121E-09   0.65952854E-09   0.60336174E-07   0.60289839E-07   0.60336174E-07
   4.300   5.800   0.17953370E-05   0.59498333E-07   0.20286707E-09   0.66019105E-09   0.60408061E-07   0.60361391E-07   0.60408061E-07
   4.317   5.817   0.17961408E-05   0.59570180E-07   0.20301583E-09   0.66086369E-09   0.60481067E-07   0.60434060E-07   0.60481067E-07
   4.333   5.833   0.17969685E-05   0.59643131E-07   0.20316747E-09   0.66154648E-09   0.60555194E-07   0.60507845E-07   0.60555194E-07
   4.350   5.850   0.17978203E-05   0.59717187E-07   0.20332202E-09   0.66223946E-09   0.60630442E-07   0.60582748E-07   0.60630442E-07
   4.367   5.867   0.17986961E-05   0.59792350E-07   0.20347949E-09   0.66294266E-09   0.60706815E-07   0.60658772E-07   0.60706815E-07
   4.383   5.883   0.17995962E-05   0.59868622E-07   0.20363988E-09   0.66365611E-09   0.60784313E-07   0.60735918E-07   0.60784313E-07
   4.400   5.900   0.18005207E-05   0.59946005E-07   0.20380322E-09   0.66437984E-09   0.60862938E-07   0.60814188E-07   0.60862938E-07
   4.417   5.917   0.18014697E-05   0.60024501E-07   0.20396951E-09   0.66511389E-09   0.60942694E-07   0.60893584E-07   0.60942694E-07
   4.433   5.933   0.18024434E-05   0.60104112E-07   0.20413876E-09   0.66585830E-09   0.61023582E-07   0.60974110E-07   0.61023582E-07
   4.450   5.950   0.18034419E-05   0.60184842E-07   0.20431101E-09   0.66661313E-09   0.61105605E-07   0.61055766E-07   0.61105605E-07
   4.467   5.967   0.18044653E-05   0.60266693E-07   0.20448624E-09   0.66737840E-09   0.61188766E-07   0.61138558E-07   0.61188766E-07
   4.483   5.983   0.18055139E-05   0.60349668E-07   0.20466450E-09   0.66815417E-09   0.61273069E-07   0.61222487E-07   0.61273069E-07
   4.500   6.000   0.18065877E-05   0.60433770E-07   0.20484578E-09   0.66894048E-09   0.61358516E-07   0.61307557E-07   0.61358516E-07
   4.517   6.017   0.18076869E-05   0.60519004E-07   0.20503011E-09   0.66973739E-09   0.61445112E-07   0.61393771E-07   0.61445112E-07
   4.533   6.033   0.18088117E-05   0.60605372E-07   0.20521750E-09   0.67054496E-09   0.61532859E-07   0.61481134E-07   0.61532859E-07
   4.550   6.050   0.18099623E-05   0.60692878E-07   0.20540797E-09   0.67136322E-09   0.61621763E-07   0.61569649E-07   0.61621763E-07
   4.567   6.067   0.18111388E-05   0.60781527E-07   0.20560155E-09   0.67219225E-09   0.61711827E-07   0.61659320E-07   0.61711827E-07
   4.583   6.083   0.18123414E-05   0.60871322E-07   0.20579824E-09   0.67303211E-09   0.61803056E-07   0.61750152E-07   0.61803056E-07
   4.600   6.100   0.18135702E-05   0.60962269E-07   0.20599807E-09   0.67388284E-09   0.61895453E-07   0.61842150E-07   0.61895453E-07
   4.617   6.117   0.18148255E-05   0.61054371E-07   0.20620106E-09   0.67474453E-09   0.61989025E-07   0.61935317E-07   0.61989025E-07
   4.633   6.133   0.18161075E-05   0.61147634E-07   0.20640722E-09   0.67561723E-09   0.62083775E-07   0.62029659E-07   0.62083775E-07
   4.650   6.150   0.18174163E-05   0.61242063E-07   0.20661659E-09   0.67650101E-09   0.62179710E-07   0.62125181E-07   0.62179710E-07
   4.667   6.167   0.18187521E-05   0.61337663E-07   0.20682918E-09   0.67739594E-09   0.62276834E-07   0.62221888E-07   0.62276834E-07
   4.683   6.183   0.18201151E-05   0.61434439E-07   0.20704501E-09   0.67830210E-09   0.62375152E-07   0.62319786E-07   0.62375152E-07
   4.700   6.200   0.18215056E-05   0.61532397E-07   0.20726411E-09   0.67921955E-09   0.62474672E-07   0.62418880E-07   0.62474672E-07
   4.717   6.217   0.18229237E-05   0.61631542E-07   0.20748649E-09   0.68014838E-09   0.62575398E-07   0.62519177E-07   0.62575398E-07
   4.733   6.233   0.18243696E-05   0.61731882E-07   0.20771220E-09   0.68108866E-09   0.62677337E-07   0.62620683E-07   0.62677337E-07
   4.750   6.250   0.18258436E-05   0.61833421E-07   0.20794123E-09   0.68204048E-09   0.62780495E-07   0.62723403E-07   0.62780495E-07
   4.767   6.267   0.18273459E-05   0.61936166E-07   0.20817364E-09   0.68300391E-09   0.62884879E-07   0.62827344E-07   0.62884879E-07
   4.783   6.283   0.18288767E-05   0.62040125E-07   0.20840943E-09   0.68397905E-09   0.62990495E-07   0.62932513E-07   0.62990495E-07
   4.800   6.300   0.18304362E-05   0.62145302E-07   0.20864863E-09   0.68496597E-09   0.63097350E-07   0.63038917E-07   0.63097350E-07
   4.817   6.317   0.18320246E-05   0.62251707E-07   0.20889128E-09   0.68596477E-09   0.63205452E-07   0.63146563E-07   0.63205452E-07
   4.833   6.333   0.18336423E-05   0.62359345E-07   0.20913740E-09   0.68697554E-09   0.63314808E-07   0.63255458E-07   0.63314808E-07
   4.850   6.350   0.18352894E-05   0.62468224E-07   0.20938701E-09   0.68799837E-09   0.63425425E-07   0.63365610E-07   0.63425425E-07
   4.867   6.367   0.18369662E-05   0.62578352E-07   0.20964015E-09   0.68903335E-09   0.63537311E-07   0.63477026E-07   0.63537311E-07
   4.883   6.383   0.18386729E-05   0.62689736E-07   0.20989684E-09   0.69008060E-09   0.63650475E-07   0.63589714E-07   0.63650475E-07
   4.900   6.400   0.18404099E-05   0.62802385E-07   0.21015712E-09   0.69114019E-09   0.63764923E-07   0.63703682E-07   0.63764923E-07
   4.917   6.417   0.18421772E-05   0.62916306E-07   0.21042101E-09   0.69221225E-09   0.63880665E-07   0.63818939E-07   0.63880665E-07
   4.933   6.433   0.18439753E-05   0.63031508E-07   0.21068855E-09   0.69329687E-09   0.63997709E-07   0.63935493E-07   0.63997709E-07
   4.950   6.450   0.18458044E-05   0.63147999E-07   0.21095976E-09   0.69439415E-09   0.64116063E-07   0.64053353E-07   0.64116063E-07
   4.967   6.467   0.18476647E-05   0.63265788E-07   0.21123468E-09   0.69550422E-09   0.64235738E-07   0.64172527E-07   0.64235738E-07
   4.983   6.483   0.18495566E-05   0.63384885E-07   0.21151334E-09   0.69662717E-09   0.64356741E-07   0.64293025E-07   0.64356741E-07
   5.000   6.500   0.18514802E-05   0.63505298E-07   0.21179578E-09   0.69776312E-09   0.64479083E-07   0.64414857E-07   0.64479083E-07
   5.017   6.517   0.18534360E-05   0.63627036E-07   0.21208203E-09   0.69891220E-09   0.64602773E-07   0.64538031E-07   0.64602773E-07
   5.033   6.533   0.18554242E-05   0.63750110E-07   0.21237212E-09   0.70007451E-09   0.64727821E-07   0.64662557E-07   0.64727821E-07
   5.050   6.550   0.18574450E-05   0.63874529E-07   0.21266608E-09   0.70125018E-09   0.64854237E-07   0.64788446E-07   0.64854237E-07
   5.067   6.567   0.18594989E-05   0.64000304E-07   0.21296397E-09   0.70243933E-09   0.64982031E-07   0.64915707E-07   0.64982031E-07
   5.083   6.583   0.18615861E-05   0.64127443E-07   0.21326580E-09   0.70364208E-09   0.65111213E-07   0.65044351E-07   0.65111213E-07
   5.100   6.600   0.18637069E-05   0.64255959E-07   0.21357163E-09   0.70485857E-09   0.65241795E-07   0.65174389E-07   0.65241795E-07
   5.117   6.617   0.18658616E-05   0.64385862E-07   0.21388148E-09   0.70608893E-09   0.65373788E-07   0.65305832E-07   0.65373788E-07
   5.133   6.633   0.18680506E-05   0.64517162E-07   0.21419539E-09   0.70733328E-09   0.65507202E-07   0.65438690E-07   0.65507202E-07
   5.150   6.650   0.18702742E-05   0.64649870E-07   0.21451341E-09   0.70859177E-09   0.65642049E-07   0.65572976E-07   0.65642049E-07
   5.167   6.667   0.18725328E-05   0.64783999E-07   0.21483558E-09   0.70986453E-09   0.65778341E-07   0.65708700E-07   0.65778341E-07
   5.183   6.683   0.18748266E-05   0.64919560E-07   0.21516193E-09   0.71115171E-09   0.65916090E-07   0.65845874E-07   0.65916090E-07
   5.200   6.700   0.18771560E-05   0.65056565E-07   0.21549251E-09   0.71245344E-09   0.66055307E-07   0.65984511E-07   0.66055307E-07
   5.217   6.717   0.18795214E-05   0.65195025E-07   0.21582736E-09   0.71376987E-09   0.66196005E-07   0.66124623E-07   0.66196005E-07
   5.233   6.733   0.18819232E-05   0.65334954E-07   0.21616653E-09   0.71510116E-09   0.66338197E-07   0.66266222E-07   0.66338197E-07
   5.250   6.750   0.18843616E-05   0.65476363E-07   0.21651005E-09   0.71644745E-09   0.66481896E-07   0.66409321E-07   0.66481896E-07
   5.267   6.767   0.18868372E-05   0.65619267E-07   0.21685797E-09   0.71780890E-09   0.66627115E-07   0.66553933E-07   0.66627115E-07
   5.283   6.783   0.18893501E-05   0.65763677E-07   0.21721034E-09   0.71918567E-09   0.66773868E-07   0.66700073E-07   0.66773868E-07
   5.300   6.800   0.18919010E-05   0.65909607E-07   0.21756720E-09   0.72057791E-09   0.66922167E-07   0.66847752E-07   0.66922167E-07
   5.317   6.817   0.18944900E-05   0.66057071E-07   0.21792861E-09   0.72198579E-09   0.67072027E-07   0.66996985E-07   0.67072027E-07
   5.333   6.833   0.18971177E-05   0.66206083E-07   0.21829460E-09   0.72340948E-09   0.67223463E-07   0.67147787E-07   0.67223463E-07
   5.350   6.850   0.18997844E-05   0.66356657E-07   0.21866523E-09   0.72484915E-09   0.67376488E-07   0.67300171E-07   0.67376488E-07
   5.367   6.867   0.19024905E-05   0.66508807E-07   0.21904055E-09   0.72630497E-09   0.67531118E-07   0.67454152E-07   0.67531118E-07
   5.383   6.883   0.19052365E-05   0.66662548E-07   0.21942060E-09   0.72777711E-09   0.67687367E-07   0.67609746E-07   0.67687367E-07
   5.400   6.900   0.19080228E-05   0.66817896E-07   0.21980544E-09   0.72926575E-09   0.67845252E-07   0.67766967E-07   0.67845252E-07
   5.417   6.917   0.19108498E-05   0.66974865E-07   0.22019513E-09   0.73077108E-09   0.68004787E-07   0.67925831E-07   0.68004787E-07
   5.433   6.933   0.19137180E-05   0.67133472E-07   0.22058971E-09   0.73229328E-09   0.68165988E-07   0.68086355E-07   0.68165988E-07
   5.450   6.950   0.19166278E-05   0.67293731E-07   0.22098924E-09   0.73383254E-09   0.68328873E-07   0.68248553E-07   0.68328873E-07
   5.467   6.967   0.19195796E-05   0.67455660E-07   0.22139377E-09   0.73538905E-09   0.68493457E-07   0.68412443E-07   0.68493457E-07
   5.483   6.983   0.19225740E-05   0.67619274E-07   0.22180337E-09   0.73696300E-09   0.68659758E-07   0.68578041E-07   0.68659758E-07
   5.500   7.000   0.19256114E-05   0.67784591E-07   0.22221808E-09   0.73855461E-09   0.68827792E-07   0.68745364E-07   0.68827792E-07
   5.517   7.017   0.19286922E-05   0.67951628E-07   0.22263796E-09   0.74016406E-09   0.68997578E-07   0.68914430E-07   0.68997578E-07
   5.533   7.033   0.19318170E-05   0.68120402E-07   0.22306308E-09   0.74179157E-09   0.69169132E-07   0.69085257E-07   0.69169132E-07
   5.550   7.050   0.19349863E-05   0.68290932E-07   0.22349350E-09   0.74343735E-09   0.69342474E-07   0.69257862E-07   0.69342474E-07
   5.567   7.067   0.19382006E-05   0.68463234E-07   0.22392927E-09   0.74510161E-09   0.69517622E-07   0.69432265E-07   0.69517622E-07
   5.583   7.083   0.19414603E-05   0.68637328E-07   0.22437046E-09   0.74678456E-09   0.69694594E-07   0.69608483E-07   0.69694594E-07
   5.600   7.100   0.19447660E-05   0.68813233E-07   0.22481713E-09   0.74848644E-09   0.69873410E-07   0.69786537E-07   0.69873410E-07
   5.617   7.117   0.19481183E-05   0.68990968E-07   0.22526935E-09   0.75020746E-09   0.70054091E-07   0.69966445E-07   0.70054091E-07
   5.633   7.133   0.19515176E-05   0.69170552E-07   0.22572718E-09   0.75194786E-09   0.70236655E-07   0.70148227E-07   0.70236655E-07
   5.650   7.150   0.19549646E-05   0.69352005E-07   0.22619069E-09   0.75370786E-09   0.70421122E-07   0.70331903E-07   0.70421122E-07
   5.667   7.167   0.19584598E-05   0.69535348E-07   0.22665995E-09   0.75548772E-09   0.70607515E-07   0.70517495E-07   0.70607515E-07
   5.683   7.183   0.19620037E-05   0.69720601E-07   0.22713502E-09   0.75728766E-09   0.70795854E-07   0.70705023E-07   0.70795854E-07
   5.700   7.200   0.19655969E-05   0.69907785E-07   0.22761598E-09   0.75910795E-09   0.70986161E-07   0.70894509E-07   0.70986161E-07
   5.717   7.217   0.19692401E-05   0.70096922E-07   0.22810291E-09   0.76094882E-09   0.71178457E-07   0.71085974E-07   0.71178457E-07
   5.733   7.233   0.19729338E-05   0.70288034E-07   0.22859586E-09   0.76281054E-09   0.71372765E-07   0.71279441E-07   0.71372765E-07
   5.750   7.250   0.19766786E-05   0.70481143E-07   0.22909492E-09   0.76469337E-09   0.71569108E-07   0.71474932E-07   0.71569108E-07
   5.767   7.267   0.19804753E-05   0.70676272E-07   0.22960016E-09   0.76659757E-09   0.71767509E-07   0.71672470E-07   0.71767509E-07
   5.783   7.283   0.19843242E-05   0.70873444E-07   0.23011166E-09   0.76852341E-09   0.71967991E-07   0.71872079E-07   0.71967991E-07
   5.800   7.300   0.19882263E-05   0.71072682E-07   0.23062950E-09   0.77047117E-09   0.72170580E-07   0.72073783E-07   0.72170580E-07
   5.817   7.317   0.19921820E-05   0.71274011E-07   0.23115376E-09   0.77244113E-09   0.72375299E-07   0.72277606E-07   0.72375299E-07
   5.833   7.333   0.19961921E-05   0.71477455E-07   0.23168452E-09   0.77443357E-09   0.72582173E-07   0.72483573E-07   0.72582173E-07
   5.850   7.350   0.20002573E-05   0.71683039E-07   0.23222186E-09   0.77644879E-09   0.72791229E-07   0.72691710E-07   0.72791229E-07
   5.867   7.367   0.20043782E-05   0.71890789E-07   0.23276587E-09   0.77848709E-09   0.73002492E-07   0.72902042E-07   0.73002492E-07
   5.883   7.383   0.20085555E-05   0.72100730E-07   0.23331663E-09   0.78054875E-09   0.73215989E-07   0.73114595E-07   0.73215989E-07
   5.900   7.400   0.20127900E-05   0.72312889E-07   0.23387423E-09   0.78263411E-09   0.73431746E-07   0.73329397E-07   0.73431746E-07
   5.917   7.417   0.20170824E-05   0.72527293E-07   0.23443877E-09   0.78474345E-09   0.73649792E-07   0.73546475E-07   0.73649792E-07
   5.933   7.433   0.20214334E-05   0.72743969E-07   0.23501032E-09   0.78687712E-09   0.73870154E-07   0.73765857E-07   0.73870154E-07
   5.950   7.450   0.20258439E-05   0.72962946E-07   0.23558899E-09   0.78903542E-09   0.74092862E-07   0.73987570E-07   0.74092862E-07
   5.967   7.467   0.20303145E-05   0.73184251E-07   0.23617487E-09   0.79121870E-09   0.74317944E-07   0.74211645E-07   0.74317944E-07
   5.983   7.483   0.20348461E-05   0.73407915E-07   0.23676805E-09   0.79342729E-09   0.74545429E-07   0.74438110E-07   0.74545429E-07
   6.000   7.500   0.20394394E-05   0.73633966E-07   0.23736864E-09   0.79566153E-09   0.74775350E-07   0.74666996E-07   0.74775350E-07
