        RT(hours)            [NO3]         L_R_22           L_R_24           P_R_23           P_R_25           tot_loss         tot_prod
  -1.483   0.017   0.69190509E-04   0.14228740E-05   0.17443714E-06   0.22927217E-05   0.78751742E-07   0.15973111E-05   0.23714734E-05
  -1.467   0.033   0.11207602E-03   0.16376756E-05   0.30123162E-06   0.24427271E-05   0.19518195E-06   0.19389072E-05   0.26379091E-05
  -1.450   0.050   0.15462299E-03   0.17065969E-05   0.43213636E-06   0.25389465E-05   0.31822190E-06   0.21387333E-05   0.28571684E-05
  -1.433   0.067   0.19768504E-03   0.17722280E-05   0.56619190E-06   0.26011890E-05   0.44651826E-06   0.23384199E-05   0.30477073E-05
  -1.417   0.083   0.23870206E-03   0.18723045E-05   0.69453399E-06   0.26419686E-05   0.57505282E-06   0.25668385E-05   0.32170215E-05
  -1.400   0.100   0.27470877E-03   0.20125458E-05   0.80766700E-06   0.26691762E-05   0.69578584E-06   0.28202128E-05   0.33649620E-05
  -1.383   0.117   0.30334430E-03   0.21822297E-05   0.89820265E-06   0.26877757E-05   0.80056594E-06   0.30804323E-05   0.34883417E-05
  -1.367   0.133   0.32329781E-03   0.23633947E-05   0.96208009E-06   0.27008759E-05   0.88321712E-06   0.33254748E-05   0.35840930E-05
  -1.350   0.150   0.33437608E-03   0.25377878E-05   0.99869185E-06   0.27104114E-05   0.94053737E-06   0.35364796E-05   0.36509487E-05
  -1.333   0.167   0.33731195E-03   0.26912067E-05   0.10102600E-05   0.27175783E-05   0.97235718E-06   0.37014667E-05   0.36899355E-05
  -1.317   0.183   0.33344667E-03   0.28152579E-05   0.10008570E-05   0.27231133E-05   0.98096380E-06   0.38161150E-05   0.37040771E-05
  -1.300   0.200   0.32439917E-03   0.29071776E-05   0.97540172E-06   0.27274710E-05   0.97023278E-06   0.38825793E-05   0.36977038E-05
  -1.283   0.217   0.31179356E-03   0.29685700E-05   0.93883574E-06   0.27309361E-05   0.94474571E-06   0.39074057E-05   0.36756818E-05
  -1.267   0.233   0.29707451E-03   0.30037875E-05   0.89556495E-06   0.27336922E-05   0.90906757E-06   0.38993525E-05   0.36427597E-05
  -1.250   0.250   0.28141014E-03   0.30184255E-05   0.84916376E-06   0.27358635E-05   0.86725645E-06   0.38675892E-05   0.36031200E-05
  -1.233   0.267   0.26566588E-03   0.30181712E-05   0.80229244E-06   0.27375393E-05   0.82260445E-06   0.38204637E-05   0.35601437E-05
  -1.217   0.283   0.25042625E-03   0.30080722E-05   0.75675993E-06   0.27387873E-05   0.77756668E-06   0.37648321E-05   0.35163540E-05
  -1.200   0.300   0.23604291E-03   0.29921805E-05   0.71366655E-06   0.27396618E-05   0.73381918E-06   0.37058470E-05   0.34734809E-05
  -1.183   0.317   0.22269133E-03   0.29734802E-05   0.67357447E-06   0.27402070E-05   0.69238797E-06   0.36470547E-05   0.34325950E-05
  -1.167   0.333   0.21042481E-03   0.29539918E-05   0.63667063E-06   0.27404601E-05   0.65380310E-06   0.35906625E-05   0.33942632E-05
  -1.150   0.350   0.19921940E-03   0.29349608E-05   0.60290314E-06   0.27404521E-05   0.61824644E-06   0.35378639E-05   0.33586985E-05
  -1.133   0.367   0.18900778E-03   0.29170647E-05   0.57208454E-06   0.27402092E-05   0.58567605E-06   0.34891492E-05   0.33258853E-05
  -1.117   0.383   0.17970269E-03   0.29005988E-05   0.54396339E-06   0.27397537E-05   0.55592105E-06   0.34445622E-05   0.32956748E-05
  -1.100   0.400   0.17121168E-03   0.28856222E-05   0.51826986E-06   0.27391044E-05   0.52874814E-06   0.34038920E-05   0.32678526E-05
  -1.083   0.417   0.16344565E-03   0.28720628E-05   0.49474194E-06   0.27382778E-05   0.50390443E-06   0.33668047E-05   0.32421822E-05
  -1.067   0.433   0.15632297E-03   0.28597864E-05   0.47313871E-06   0.27372881E-05   0.48114261E-06   0.33329251E-05   0.32184307E-05
  -1.050   0.450   0.14977107E-03   0.28486384E-05   0.45324541E-06   0.27361484E-05   0.46023400E-06   0.33018838E-05   0.31963824E-05
  -1.033   0.467   0.14372648E-03   0.28384669E-05   0.43487393E-06   0.27348705E-05   0.44097382E-06   0.32733408E-05   0.31758443E-05
  -1.017   0.483   0.13813419E-03   0.28291336E-05   0.41786096E-06   0.27334655E-05   0.42318212E-06   0.32469946E-05   0.31566476E-05
  -1.000   0.500   0.13294663E-03   0.28205181E-05   0.40206522E-06   0.27319441E-05   0.40670223E-06   0.32225833E-05   0.31386464E-05
  -0.983   0.517   0.12812265E-03   0.28125181E-05   0.38736443E-06   0.27303166E-05   0.39139838E-06   0.31998825E-05   0.31217149E-05
  -0.967   0.533   0.12362658E-03   0.28050478E-05   0.37365256E-06   0.27285928E-05   0.37715290E-06   0.31787004E-05   0.31057457E-05
  -0.950   0.550   0.11942738E-03   0.27980363E-05   0.36083725E-06   0.27267827E-05   0.36386360E-06   0.31588735E-05   0.30906463E-05
  -0.933   0.567   0.11549791E-03   0.27914248E-05   0.34883773E-06   0.27248956E-05   0.35144147E-06   0.31402625E-05   0.30763371E-05
  -0.917   0.583   0.11181431E-03   0.27851649E-05   0.33758301E-06   0.27229411E-05   0.33980857E-06   0.31227479E-05   0.30627497E-05
  -0.900   0.600   0.10835554E-03   0.27792168E-05   0.32701038E-06   0.27209281E-05   0.32889639E-06   0.31062271E-05   0.30498245E-05
  -0.883   0.617   0.10510294E-03   0.27735475E-05   0.31706417E-06   0.27188654E-05   0.31864439E-06   0.30906117E-05   0.30375098E-05
  -0.867   0.633   0.10203985E-03   0.27681299E-05   0.30769473E-06   0.27167616E-05   0.30899879E-06   0.30758246E-05   0.30257604E-05
  -0.850   0.650   0.99151408E-04   0.27629412E-05   0.29885758E-06   0.27146247E-05   0.29991163E-06   0.30617988E-05   0.30145363E-05
  -0.833   0.667   0.96424221E-04   0.27579628E-05   0.29051271E-06   0.27124623E-05   0.29133992E-06   0.30484755E-05   0.30038022E-05
  -0.817   0.683   0.93846232E-04   0.27531787E-05   0.28262397E-06   0.27102818E-05   0.28324498E-06   0.30358027E-05   0.29935268E-05
  -0.800   0.700   0.91406523E-04   0.27485756E-05   0.27515861E-06   0.27080899E-05   0.27559188E-06   0.30237342E-05   0.29836818E-05
  -0.783   0.717   0.89095189E-04   0.27441420E-05   0.26808686E-06   0.27058930E-05   0.26834893E-06   0.30122288E-05   0.29742419E-05
  -0.767   0.733   0.86903208E-04   0.27398681E-05   0.26138154E-06   0.27036969E-05   0.26148732E-06   0.30012497E-05   0.29651843E-05
  -0.750   0.750   0.84822353E-04   0.27357455E-05   0.25501784E-06   0.27015070E-05   0.25498080E-06   0.29907634E-05   0.29564878E-05
  -0.733   0.767   0.82845097E-04   0.27317666E-05   0.24897301E-06   0.26993282E-05   0.24880533E-06   0.29807396E-05   0.29481335E-05
  -0.717   0.783   0.80964542E-04   0.27279248E-05   0.24322616E-06   0.26971649E-05   0.24293890E-06   0.29711509E-05   0.29401038E-05
  -0.700   0.800   0.79174356E-04   0.27242140E-05   0.23775807E-06   0.26950211E-05   0.23736131E-06   0.29619721E-05   0.29323824E-05
  -0.683   0.817   0.77468715E-04   0.27206290E-05   0.23255104E-06   0.26929003E-05   0.23205394E-06   0.29531800E-05   0.29249543E-05
  -0.667   0.833   0.75842256E-04   0.27171646E-05   0.22758874E-06   0.26908058E-05   0.22699967E-06   0.29447534E-05   0.29178055E-05
  -0.650   0.850   0.74290033E-04   0.27138164E-05   0.22285606E-06   0.26887403E-05   0.22218268E-06   0.29366725E-05   0.29109230E-05
  -0.633   0.867   0.72807478E-04   0.27105801E-05   0.21833905E-06   0.26867062E-05   0.21758834E-06   0.29289191E-05   0.29042945E-05
  -0.617   0.883   0.71390367E-04   0.27074516E-05   0.21402476E-06   0.26847056E-05   0.21320315E-06   0.29214763E-05   0.28979088E-05
  -0.600   0.900   0.70034792E-04   0.27044272E-05   0.20990121E-06   0.26827403E-05   0.20901457E-06   0.29143284E-05   0.28917549E-05
  -0.583   0.917   0.68737132E-04   0.27015033E-05   0.20595727E-06   0.26808117E-05   0.20501100E-06   0.29074605E-05   0.28858227E-05
  -0.567   0.933   0.67494027E-04   0.26986764E-05   0.20218259E-06   0.26789211E-05   0.20118164E-06   0.29008590E-05   0.28801028E-05
  -0.550   0.950   0.66302360E-04   0.26959435E-05   0.19856756E-06   0.26770695E-05   0.19751649E-06   0.28945110E-05   0.28745860E-05
  -0.533   0.967   0.65159232E-04   0.26933012E-05   0.19510324E-06   0.26752576E-05   0.19400623E-06   0.28884044E-05   0.28692639E-05
  -0.517   0.983   0.64061949E-04   0.26907465E-05   0.19178129E-06   0.26734861E-05   0.19064220E-06   0.28825278E-05   0.28641283E-05
  -0.500   1.000   0.63008003E-04   0.26882767E-05   0.18859393E-06   0.26717552E-05   0.18741632E-06   0.28768706E-05   0.28591715E-05
  -0.483   1.017   0.61995054E-04   0.26858888E-05   0.18553393E-06   0.26700651E-05   0.18432106E-06   0.28714227E-05   0.28543862E-05
  -0.467   1.033   0.61020925E-04   0.26835801E-05   0.18259452E-06   0.26684161E-05   0.18134939E-06   0.28661746E-05   0.28497655E-05
  -0.450   1.050   0.60083579E-04   0.26813480E-05   0.17976936E-06   0.26668078E-05   0.17849477E-06   0.28611174E-05   0.28453026E-05
  -0.433   1.067   0.59181117E-04   0.26791900E-05   0.17705255E-06   0.26652403E-05   0.17575106E-06   0.28562425E-05   0.28409914E-05
  -0.417   1.083   0.58311763E-04   0.26771034E-05   0.17443854E-06   0.26637131E-05   0.17311252E-06   0.28515420E-05   0.28368256E-05
  -0.400   1.100   0.57473853E-04   0.26750860E-05   0.17192215E-06   0.26622258E-05   0.17057379E-06   0.28470081E-05   0.28327996E-05
  -0.383   1.117   0.56665832E-04   0.26731353E-05   0.16949852E-06   0.26607780E-05   0.16812984E-06   0.28426338E-05   0.28289078E-05
  -0.367   1.133   0.55886240E-04   0.26712490E-05   0.16716308E-06   0.26593690E-05   0.16577596E-06   0.28384121E-05   0.28251449E-05
  -0.350   1.150   0.55133710E-04   0.26694248E-05   0.16491156E-06   0.26579981E-05   0.16350772E-06   0.28343364E-05   0.28215059E-05
  -0.333   1.167   0.54406957E-04   0.26676606E-05   0.16273992E-06   0.26566647E-05   0.16132097E-06   0.28304005E-05   0.28179857E-05
  -0.317   1.183   0.53704776E-04   0.26659541E-05   0.16064439E-06   0.26553680E-05   0.15921180E-06   0.28265985E-05   0.28145798E-05
  -0.300   1.200   0.53026033E-04   0.26643033E-05   0.15862140E-06   0.26541070E-05   0.15717656E-06   0.28229247E-05   0.28112835E-05
  -0.283   1.217   0.52369661E-04   0.26627060E-05   0.15666761E-06   0.26528809E-05   0.15521178E-06   0.28193736E-05   0.28080926E-05
  -0.267   1.233   0.51734658E-04   0.26611603E-05   0.15477984E-06   0.26516887E-05   0.15331421E-06   0.28159401E-05   0.28050029E-05
  -0.250   1.250   0.51120077E-04   0.26596641E-05   0.15295513E-06   0.26505295E-05   0.15148079E-06   0.28126192E-05   0.28020103E-05
  -0.233   1.267   0.50525027E-04   0.26582154E-05   0.15119066E-06   0.26494023E-05   0.14970862E-06   0.28094060E-05   0.27991109E-05
  -0.217   1.283   0.49948668E-04   0.26568123E-05   0.14948377E-06   0.26483059E-05   0.14799498E-06   0.28062961E-05   0.27963009E-05
  -0.200   1.300   0.49390207E-04   0.26554529E-05   0.14783196E-06   0.26472394E-05   0.14633729E-06   0.28032849E-05   0.27935767E-05
  -0.183   1.317   0.48848893E-04   0.26541354E-05   0.14623285E-06   0.26462016E-05   0.14473312E-06   0.28003683E-05   0.27909347E-05
  -0.167   1.333   0.48324019E-04   0.26528578E-05   0.14468421E-06   0.26451914E-05   0.14318017E-06   0.27975421E-05   0.27883716E-05
  -0.150   1.350   0.47814916E-04   0.26516184E-05   0.14318390E-06   0.26442076E-05   0.14167624E-06   0.27948023E-05   0.27858839E-05
  -0.133   1.367   0.47320949E-04   0.26504154E-05   0.14172991E-06   0.26432491E-05   0.14021930E-06   0.27921453E-05   0.27834684E-05
  -0.117   1.383   0.46841520E-04   0.26492470E-05   0.14032034E-06   0.26423147E-05   0.13880737E-06   0.27895673E-05   0.27811221E-05
  -0.100   1.400   0.46376060E-04   0.26481114E-05   0.13895337E-06   0.26414033E-05   0.13743860E-06   0.27870648E-05   0.27788419E-05
  -0.083   1.417   0.45924031E-04   0.26470070E-05   0.13762729E-06   0.26405135E-05   0.13611125E-06   0.27846343E-05   0.27766248E-05
  -0.067   1.433   0.45484923E-04   0.26459320E-05   0.13634046E-06   0.26396442E-05   0.13482363E-06   0.27822725E-05   0.27744679E-05
  -0.050   1.450   0.45058252E-04   0.26448848E-05   0.13509133E-06   0.26387942E-05   0.13357417E-06   0.27799761E-05   0.27723684E-05
  -0.033   1.467   0.44643558E-04   0.26438637E-05   0.13387844E-06   0.26379623E-05   0.13236136E-06   0.27777421E-05   0.27703236E-05
  -0.017   1.483   0.44240406E-04   0.26428670E-05   0.13270038E-06   0.26371471E-05   0.13118377E-06   0.27755674E-05   0.27683309E-05
   0.000   1.500   0.43848382E-04   0.26418931E-05   0.13155581E-06   0.26363475E-05   0.13004003E-06   0.27734489E-05   0.27663875E-05
   0.017   1.517   0.43467090E-04   0.26409405E-05   0.13044347E-06   0.26355621E-05   0.12892885E-06   0.27713839E-05   0.27644910E-05
   0.033   1.533   0.43096159E-04   0.26400074E-05   0.12936214E-06   0.26347898E-05   0.12784900E-06   0.27693696E-05   0.27626388E-05
   0.050   1.550   0.42735231E-04   0.26390925E-05   0.12831067E-06   0.26340293E-05   0.12679930E-06   0.27674031E-05   0.27608286E-05
   0.067   1.567   0.42383968E-04   0.26381939E-05   0.12728796E-06   0.26332792E-05   0.12577863E-06   0.27654819E-05   0.27590579E-05
   0.083   1.583   0.42042049E-04   0.26373103E-05   0.12629297E-06   0.26325384E-05   0.12478591E-06   0.27636033E-05   0.27573243E-05
   0.100   1.600   0.41709167E-04   0.26364401E-05   0.12532468E-06   0.26318055E-05   0.12382013E-06   0.27617648E-05   0.27556257E-05
   0.117   1.617   0.41385030E-04   0.26355817E-05   0.12438214E-06   0.26310793E-05   0.12288032E-06   0.27599638E-05   0.27539596E-05
   0.133   1.633   0.41069360E-04   0.26347336E-05   0.12346444E-06   0.26303585E-05   0.12196553E-06   0.27581980E-05   0.27523240E-05
   0.150   1.650   0.40761893E-04   0.26338943E-05   0.12257070E-06   0.26296417E-05   0.12107489E-06   0.27564650E-05   0.27507165E-05
   0.167   1.667   0.40462376E-04   0.26330622E-05   0.12170008E-06   0.26289276E-05   0.12020754E-06   0.27547623E-05   0.27491352E-05
   0.183   1.683   0.40170571E-04   0.26322360E-05   0.12085178E-06   0.26282150E-05   0.11936266E-06   0.27530877E-05   0.27475777E-05
   0.200   1.700   0.39886247E-04   0.26314139E-05   0.12002504E-06   0.26275026E-05   0.11853948E-06   0.27514390E-05   0.27460421E-05
   0.217   1.717   0.39609187E-04   0.26305947E-05   0.11921912E-06   0.26267890E-05   0.11773725E-06   0.27498138E-05   0.27445262E-05
   0.233   1.733   0.39339183E-04   0.26297766E-05   0.11843332E-06   0.26260728E-05   0.11695525E-06   0.27482099E-05   0.27430281E-05
   0.250   1.750   0.39076037E-04   0.26289583E-05   0.11766696E-06   0.26253528E-05   0.11619280E-06   0.27466253E-05   0.27415456E-05
   0.267   1.767   0.38819561E-04   0.26281382E-05   0.11691939E-06   0.26246276E-05   0.11544925E-06   0.27450576E-05   0.27400768E-05
   0.283   1.783   0.38569575E-04   0.26273149E-05   0.11619000E-06   0.26238957E-05   0.11472395E-06   0.27435049E-05   0.27386197E-05
   0.300   1.800   0.38325909E-04   0.26264867E-05   0.11547818E-06   0.26231559E-05   0.11401631E-06   0.27419649E-05   0.27371722E-05
   0.317   1.817   0.38088398E-04   0.26256522E-05   0.11478337E-06   0.26224067E-05   0.11332575E-06   0.27404356E-05   0.27357325E-05
   0.333   1.833   0.37856889E-04   0.26248098E-05   0.11410501E-06   0.26216468E-05   0.11265170E-06   0.27389148E-05   0.27342985E-05
   0.350   1.850   0.37631233E-04   0.26239580E-05   0.11344256E-06   0.26208746E-05   0.11199362E-06   0.27374006E-05   0.27328682E-05
   0.367   1.867   0.37411291E-04   0.26230952E-05   0.11279553E-06   0.26200887E-05   0.11135101E-06   0.27358907E-05   0.27314397E-05
   0.383   1.883   0.37196929E-04   0.26222198E-05   0.11216342E-06   0.26192877E-05   0.11072335E-06   0.27343832E-05   0.27300110E-05
   0.400   1.900   0.36988021E-04   0.26213302E-05   0.11154576E-06   0.26184700E-05   0.11011019E-06   0.27328759E-05   0.27285802E-05
   0.417   1.917   0.36784447E-04   0.26204247E-05   0.11094209E-06   0.26176341E-05   0.10951104E-06   0.27313668E-05   0.27271452E-05
   0.433   1.933   0.36586092E-04   0.26195018E-05   0.11035197E-06   0.26167785E-05   0.10892546E-06   0.27298538E-05   0.27257039E-05
   0.450   1.950   0.36392849E-04   0.26185597E-05   0.10977498E-06   0.26159015E-05   0.10835303E-06   0.27283347E-05   0.27242545E-05
   0.467   1.967   0.36204617E-04   0.26175967E-05   0.10921071E-06   0.26150014E-05   0.10779334E-06   0.27268074E-05   0.27227948E-05
   0.483   1.983   0.36021298E-04   0.26166110E-05   0.10865876E-06   0.26140767E-05   0.10724597E-06   0.27252698E-05   0.27213227E-05
   0.500   2.000   0.35842803E-04   0.26156009E-05   0.10811875E-06   0.26131256E-05   0.10671054E-06   0.27237196E-05   0.27198362E-05
   0.517   2.017   0.35669046E-04   0.26145644E-05   0.10759031E-06   0.26121463E-05   0.10618668E-06   0.27221547E-05   0.27183330E-05
   0.533   2.033   0.35499947E-04   0.26134997E-05   0.10707307E-06   0.26111370E-05   0.10567402E-06   0.27205728E-05   0.27168110E-05
   0.550   2.050   0.35335432E-04   0.26124048E-05   0.10656670E-06   0.26100958E-05   0.10517221E-06   0.27189715E-05   0.27152680E-05
   0.567   2.067   0.35175431E-04   0.26112777E-05   0.10607086E-06   0.26090207E-05   0.10468091E-06   0.27173486E-05   0.27137016E-05
   0.583   2.083   0.35019880E-04   0.26101164E-05   0.10558520E-06   0.26079097E-05   0.10419978E-06   0.27157016E-05   0.27121095E-05
   0.600   2.100   0.34868718E-04   0.26089185E-05   0.10510943E-06   0.26067607E-05   0.10372850E-06   0.27140279E-05   0.27104892E-05
   0.617   2.117   0.34721891E-04   0.26076819E-05   0.10464322E-06   0.26055715E-05   0.10326676E-06   0.27123252E-05   0.27088383E-05
   0.633   2.133   0.34579349E-04   0.26064043E-05   0.10418627E-06   0.26043398E-05   0.10281425E-06   0.27105906E-05   0.27071541E-05
   0.650   2.150   0.34441047E-04   0.26050832E-05   0.10373829E-06   0.26030633E-05   0.10237067E-06   0.27088215E-05   0.27054340E-05
   0.667   2.167   0.34306945E-04   0.26037160E-05   0.10329899E-06   0.26017394E-05   0.10193572E-06   0.27070150E-05   0.27036751E-05
   0.683   2.183   0.34177008E-04   0.26023001E-05   0.10286807E-06   0.26003655E-05   0.10150912E-06   0.27051681E-05   0.27018746E-05
   0.700   2.200   0.34051205E-04   0.26008326E-05   0.10244527E-06   0.25989388E-05   0.10109058E-06   0.27032779E-05   0.27000294E-05
   0.717   2.217   0.33929511E-04   0.25993107E-05   0.10203032E-06   0.25974565E-05   0.10067983E-06   0.27013410E-05   0.26981363E-05
   0.733   2.233   0.33811905E-04   0.25977312E-05   0.10162293E-06   0.25959154E-05   0.10027659E-06   0.26993541E-05   0.26961920E-05
   0.750   2.250   0.33698371E-04   0.25960909E-05   0.10122284E-06   0.25943124E-05   0.99880589E-07   0.26973137E-05   0.26941930E-05
   0.767   2.267   0.33588899E-04   0.25943862E-05   0.10082979E-06   0.25926441E-05   0.99491561E-07   0.26952160E-05   0.26921356E-05
   0.783   2.283   0.33483485E-04   0.25926135E-05   0.10044352E-06   0.25909067E-05   0.99109237E-07   0.26930570E-05   0.26900159E-05
   0.800   2.300   0.33382128E-04   0.25907690E-05   0.10006376E-06   0.25890965E-05   0.98733351E-07   0.26908327E-05   0.26878298E-05
   0.817   2.317   0.33284834E-04   0.25888484E-05   0.99690248E-07   0.25872093E-05   0.98363636E-07   0.26885386E-05   0.26855729E-05
   0.833   2.333   0.33191616E-04   0.25868473E-05   0.99322727E-07   0.25852407E-05   0.97999825E-07   0.26861700E-05   0.26832405E-05
   0.850   2.350   0.33102490E-04   0.25847610E-05   0.98960930E-07   0.25831861E-05   0.97641649E-07   0.26837220E-05   0.26808277E-05
   0.867   2.367   0.33017480E-04   0.25825846E-05   0.98604589E-07   0.25810404E-05   0.97288834E-07   0.26811892E-05   0.26783292E-05
   0.883   2.383   0.32936618E-04   0.25803124E-05   0.98253434E-07   0.25787982E-05   0.96941105E-07   0.26785659E-05   0.26757393E-05
   0.900   2.400   0.32859940E-04   0.25779388E-05   0.97907188E-07   0.25764539E-05   0.96598179E-07   0.26758460E-05   0.26730520E-05
   0.917   2.417   0.32787491E-04   0.25754575E-05   0.97565568E-07   0.25740010E-05   0.96259767E-07   0.26730230E-05   0.26702608E-05
   0.933   2.433   0.32719322E-04   0.25728616E-05   0.97228282E-07   0.25714330E-05   0.95925573E-07   0.26700899E-05   0.26673585E-05
   0.950   2.450   0.32655495E-04   0.25701440E-05   0.96895031E-07   0.25687425E-05   0.95595288E-07   0.26670391E-05   0.26643378E-05
   0.967   2.467   0.32596077E-04   0.25672968E-05   0.96565502E-07   0.25659217E-05   0.95268594E-07   0.26638623E-05   0.26611903E-05
   0.983   2.483   0.32541146E-04   0.25643113E-05   0.96239369E-07   0.25629621E-05   0.94945158E-07   0.26605507E-05   0.26579073E-05
   1.000   2.500   0.32490766E-04   0.25611801E-05   0.95916308E-07   0.25598360E-05   0.94621258E-07   0.26570964E-05   0.26544572E-05
   1.017   2.517   0.32429123E-04   0.25569987E-05   0.95554678E-07   0.25554543E-05   0.94194644E-07   0.26525534E-05   0.26496489E-05
   1.033   2.533   0.32366691E-04   0.25524643E-05   0.95182082E-07   0.25509339E-05   0.93819082E-07   0.26476464E-05   0.26447530E-05
   1.050   2.550   0.32307130E-04   0.25478145E-05   0.94810261E-07   0.25463018E-05   0.93450084E-07   0.26426248E-05   0.26397519E-05
   1.067   2.567   0.32250864E-04   0.25430581E-05   0.94440729E-07   0.25415673E-05   0.93083508E-07   0.26374988E-05   0.26346508E-05
   1.083   2.583   0.32198130E-04   0.25381990E-05   0.94074158E-07   0.25367327E-05   0.92719527E-07   0.26322731E-05   0.26294522E-05
   1.100   2.600   0.32149058E-04   0.25332374E-05   0.93710784E-07   0.25317968E-05   0.92358470E-07   0.26269482E-05   0.26241553E-05
   1.117   2.617   0.32103725E-04   0.25281714E-05   0.93350610E-07   0.25267569E-05   0.92000438E-07   0.26215221E-05   0.26187574E-05
   1.133   2.633   0.32062179E-04   0.25229975E-05   0.92993520E-07   0.25216092E-05   0.91645372E-07   0.26159911E-05   0.26132546E-05
   1.150   2.650   0.32024455E-04   0.25177115E-05   0.92639330E-07   0.25163492E-05   0.91293122E-07   0.26103508E-05   0.26076423E-05
   1.167   2.667   0.31990580E-04   0.25123085E-05   0.92287814E-07   0.25109721E-05   0.90943480E-07   0.26045964E-05   0.26019155E-05
   1.183   2.683   0.31960578E-04   0.25067835E-05   0.91938724E-07   0.25054725E-05   0.90596208E-07   0.25987222E-05   0.25960687E-05
   1.200   2.700   0.31934469E-04   0.25011308E-05   0.91591792E-07   0.24998451E-05   0.90251047E-07   0.25927226E-05   0.25900962E-05
   1.217   2.717   0.31912274E-04   0.24953448E-05   0.91246739E-07   0.24940841E-05   0.89907722E-07   0.25865915E-05   0.25839918E-05
   1.233   2.733   0.31894014E-04   0.24894194E-05   0.90903276E-07   0.24881833E-05   0.89565949E-07   0.25803226E-05   0.25777493E-05
   1.250   2.750   0.31879707E-04   0.24833483E-05   0.90561103E-07   0.24821368E-05   0.89225432E-07   0.25739094E-05   0.25713622E-05
   1.267   2.767   0.31869372E-04   0.24771252E-05   0.90219912E-07   0.24759379E-05   0.88885868E-07   0.25673451E-05   0.25648237E-05
   1.283   2.783   0.31863027E-04   0.24707433E-05   0.89879388E-07   0.24695800E-05   0.88546946E-07   0.25606227E-05   0.25581270E-05
   1.300   2.800   0.31860686E-04   0.24641960E-05   0.89539205E-07   0.24630565E-05   0.88208346E-07   0.25537352E-05   0.25512649E-05
   1.317   2.817   0.31862364E-04   0.24574762E-05   0.89199033E-07   0.24563604E-05   0.87869742E-07   0.25466752E-05   0.25442301E-05
   1.333   2.833   0.31868070E-04   0.24505768E-05   0.88858531E-07   0.24494846E-05   0.87530802E-07   0.25394353E-05   0.25370154E-05
   1.350   2.850   0.31877811E-04   0.24434907E-05   0.88517353E-07   0.24424220E-05   0.87191187E-07   0.25320081E-05   0.25296132E-05
   1.367   2.867   0.31891588E-04   0.24362108E-05   0.88175147E-07   0.24351655E-05   0.86850552E-07   0.25243859E-05   0.25220160E-05
   1.383   2.883   0.31909399E-04   0.24287298E-05   0.87831555E-07   0.24277079E-05   0.86508549E-07   0.25165614E-05   0.25142164E-05
   1.400   2.900   0.31931232E-04   0.24210408E-05   0.87486217E-07   0.24200422E-05   0.86164829E-07   0.25085270E-05   0.25062070E-05
   1.417   2.917   0.31957070E-04   0.24131368E-05   0.87138768E-07   0.24121615E-05   0.85819038E-07   0.25002756E-05   0.24979806E-05
   1.433   2.933   0.31986885E-04   0.24050112E-05   0.86788847E-07   0.24040592E-05   0.85470827E-07   0.24918000E-05   0.24895301E-05
   1.450   2.950   0.32020639E-04   0.23966576E-05   0.86436091E-07   0.23957291E-05   0.85119849E-07   0.24830937E-05   0.24808489E-05
   1.467   2.967   0.32058284E-04   0.23880702E-05   0.86080147E-07   0.23871652E-05   0.84765763E-07   0.24741504E-05   0.24719310E-05
   1.483   2.983   0.32099757E-04   0.23792439E-05   0.85720667E-07   0.23783624E-05   0.84408241E-07   0.24649646E-05   0.24627707E-05
   1.500   3.000   0.32144980E-04   0.23701740E-05   0.85357320E-07   0.23693162E-05   0.84046966E-07   0.24555313E-05   0.24533632E-05
   1.517   3.017   0.32193860E-04   0.23608570E-05   0.84989789E-07   0.23600231E-05   0.83681642E-07   0.24458468E-05   0.24437047E-05
   1.533   3.033   0.32246285E-04   0.23512903E-05   0.84617782E-07   0.23504803E-05   0.83311996E-07   0.24359081E-05   0.24337923E-05
   1.550   3.050   0.32302126E-04   0.23414726E-05   0.84241034E-07   0.23406866E-05   0.82937782E-07   0.24257136E-05   0.24236244E-05
   1.567   3.067   0.32361231E-04   0.23314039E-05   0.83859314E-07   0.23306421E-05   0.82558792E-07   0.24152632E-05   0.24132009E-05
   1.583   3.083   0.32423429E-04   0.23210857E-05   0.83472430E-07   0.23203483E-05   0.82174854E-07   0.24045581E-05   0.24025232E-05
   1.600   3.100   0.32488527E-04   0.23105215E-05   0.83080237E-07   0.23098086E-05   0.81785846E-07   0.23936017E-05   0.23915945E-05
   1.617   3.117   0.32556309E-04   0.22997164E-05   0.82682642E-07   0.22990282E-05   0.81391694E-07   0.23823991E-05   0.23804198E-05
   1.633   3.133   0.32626538E-04   0.22886777E-05   0.82279610E-07   0.22880142E-05   0.80992383E-07   0.23709573E-05   0.23690066E-05
   1.650   3.150   0.32698955E-04   0.22774147E-05   0.81871170E-07   0.22767760E-05   0.80587960E-07   0.23592859E-05   0.23573639E-05
   1.667   3.167   0.32773283E-04   0.22659390E-05   0.81457417E-07   0.22653250E-05   0.80178536E-07   0.23473964E-05   0.23455036E-05
   1.683   3.183   0.32849223E-04   0.22542641E-05   0.81038517E-07   0.22536750E-05   0.79764291E-07   0.23353027E-05   0.23334393E-05
   1.700   3.200   0.32926465E-04   0.22424061E-05   0.80614709E-07   0.22418417E-05   0.79345472E-07   0.23230208E-05   0.23211872E-05
   1.717   3.217   0.33004686E-04   0.22303827E-05   0.80186304E-07   0.22298430E-05   0.78922397E-07   0.23105690E-05   0.23087654E-05
   1.733   3.233   0.33083551E-04   0.22182138E-05   0.79753685E-07   0.22176987E-05   0.78495450E-07   0.22979675E-05   0.22961941E-05
   1.750   3.250   0.33162725E-04   0.22059210E-05   0.79317301E-07   0.22054301E-05   0.78065078E-07   0.22852383E-05   0.22834952E-05
   1.767   3.267   0.33241871E-04   0.21935270E-05   0.78877666E-07   0.21930602E-05   0.77631785E-07   0.22724047E-05   0.22706920E-05
   1.783   3.283   0.33320656E-04   0.21810560E-05   0.78435344E-07   0.21806129E-05   0.77196124E-07   0.22594913E-05   0.22578090E-05
   1.800   3.300   0.33398760E-04   0.21685328E-05   0.77990951E-07   0.21681130E-05   0.76758691E-07   0.22465237E-05   0.22448717E-05
   1.817   3.317   0.33475873E-04   0.21559826E-05   0.77545136E-07   0.21555858E-05   0.76320113E-07   0.22335277E-05   0.22319059E-05
   1.833   3.333   0.33551704E-04   0.21434306E-05   0.77098574E-07   0.21430563E-05   0.75881041E-07   0.22205292E-05   0.22189373E-05
   1.850   3.350   0.33625986E-04   0.21309019E-05   0.76651955E-07   0.21305495E-05   0.75442134E-07   0.22075538E-05   0.22059916E-05
   1.867   3.367   0.33698473E-04   0.21184205E-05   0.76205973E-07   0.21180896E-05   0.75004056E-07   0.21946265E-05   0.21930936E-05
   1.883   3.383   0.33768950E-04   0.21060098E-05   0.75761316E-07   0.21056997E-05   0.74567458E-07   0.21817711E-05   0.21802672E-05
   1.900   3.400   0.33837225E-04   0.20936916E-05   0.75318651E-07   0.20934020E-05   0.74132976E-07   0.21690102E-05   0.21675349E-05
   1.917   3.417   0.33903140E-04   0.20814864E-05   0.74878623E-07   0.20812166E-05   0.73701219E-07   0.21563651E-05   0.21549179E-05
   1.933   3.433   0.33966562E-04   0.20694131E-05   0.74441843E-07   0.20691626E-05   0.73272762E-07   0.21438550E-05   0.21424353E-05
   1.950   3.450   0.34027389E-04   0.20574886E-05   0.74008881E-07   0.20572568E-05   0.72848146E-07   0.21314975E-05   0.21301049E-05
   1.967   3.467   0.34085545E-04   0.20457280E-05   0.73580264E-07   0.20455144E-05   0.72427864E-07   0.21193083E-05   0.21179423E-05
   1.983   3.483   0.34140980E-04   0.20341446E-05   0.73156471E-07   0.20339487E-05   0.72012369E-07   0.21073011E-05   0.21059611E-05
   2.000   3.500   0.34193667E-04   0.20227498E-05   0.72737933E-07   0.20225711E-05   0.71602064E-07   0.20954877E-05   0.20941731E-05
   2.017   3.517   0.34243600E-04   0.20115531E-05   0.72325030E-07   0.20113912E-05   0.71197306E-07   0.20838782E-05   0.20825885E-05
   2.033   3.533   0.34290793E-04   0.20005625E-05   0.71918093E-07   0.20004168E-05   0.70798406E-07   0.20724806E-05   0.20712152E-05
   2.050   3.550   0.34335275E-04   0.19897841E-05   0.71517405E-07   0.19896543E-05   0.70405629E-07   0.20613015E-05   0.20600599E-05
   2.067   3.567   0.34377092E-04   0.19792227E-05   0.71123204E-07   0.19791084E-05   0.70019197E-07   0.20503459E-05   0.20491276E-05
   2.083   3.583   0.34416299E-04   0.19688817E-05   0.70735682E-07   0.19687824E-05   0.69639291E-07   0.20396174E-05   0.20384217E-05
   2.100   3.600   0.34452964E-04   0.19587630E-05   0.70354992E-07   0.19586785E-05   0.69266053E-07   0.20291180E-05   0.20279445E-05
   2.117   3.617   0.34487160E-04   0.19488678E-05   0.69981249E-07   0.19487976E-05   0.68899589E-07   0.20188490E-05   0.20176972E-05
   2.133   3.633   0.34518969E-04   0.19391959E-05   0.69614533E-07   0.19391398E-05   0.68539976E-07   0.20088104E-05   0.20076798E-05
   2.150   3.650   0.34548475E-04   0.19297465E-05   0.69254894E-07   0.19297042E-05   0.68187259E-07   0.19990014E-05   0.19978915E-05
   2.167   3.667   0.34575768E-04   0.19205180E-05   0.68902355E-07   0.19204892E-05   0.67841456E-07   0.19894204E-05   0.19883307E-05
   2.183   3.683   0.34600938E-04   0.19115081E-05   0.68556912E-07   0.19114926E-05   0.67502565E-07   0.19800650E-05   0.19789951E-05
   2.200   3.700   0.34624078E-04   0.19027140E-05   0.68218541E-07   0.19027114E-05   0.67170560E-07   0.19709325E-05   0.19698820E-05
   2.217   3.717   0.34645279E-04   0.18941324E-05   0.67887198E-07   0.18941426E-05   0.66845399E-07   0.19620196E-05   0.19609880E-05
   2.233   3.733   0.34664634E-04   0.18857596E-05   0.67562824E-07   0.18857823E-05   0.66527025E-07   0.19533224E-05   0.19523093E-05
   2.250   3.750   0.34682232E-04   0.18775917E-05   0.67245345E-07   0.18776267E-05   0.66215366E-07   0.19448370E-05   0.19438421E-05
   2.267   3.767   0.34698162E-04   0.18696245E-05   0.66934676E-07   0.18696717E-05   0.65910340E-07   0.19365592E-05   0.19355820E-05
   2.283   3.783   0.34712512E-04   0.18618537E-05   0.66630721E-07   0.18619128E-05   0.65611856E-07   0.19284844E-05   0.19275247E-05
   2.300   3.800   0.34725366E-04   0.18542748E-05   0.66333378E-07   0.18543456E-05   0.65319813E-07   0.19206081E-05   0.19196654E-05
   2.317   3.817   0.34736805E-04   0.18468831E-05   0.66042537E-07   0.18469656E-05   0.65034107E-07   0.19129256E-05   0.19119997E-05
   2.333   3.833   0.34746909E-04   0.18396741E-05   0.65758082E-07   0.18397680E-05   0.64754626E-07   0.19054322E-05   0.19045226E-05
   2.350   3.850   0.34755754E-04   0.18326431E-05   0.65479894E-07   0.18327483E-05   0.64481257E-07   0.18981230E-05   0.18972295E-05
   2.367   3.867   0.34763413E-04   0.18257855E-05   0.65207853E-07   0.18259017E-05   0.64213882E-07   0.18909934E-05   0.18901156E-05
   2.383   3.883   0.34769958E-04   0.18190966E-05   0.64941834E-07   0.18192239E-05   0.63952381E-07   0.18840385E-05   0.18831762E-05
   2.400   3.900   0.34775455E-04   0.18125720E-05   0.64681713E-07   0.18127100E-05   0.63696636E-07   0.18772537E-05   0.18764066E-05
   2.417   3.917   0.34779970E-04   0.18062070E-05   0.64427364E-07   0.18063557E-05   0.63446524E-07   0.18706344E-05   0.18698022E-05
   2.433   3.933   0.34783563E-04   0.17999973E-05   0.64178663E-07   0.18001566E-05   0.63201926E-07   0.18641759E-05   0.18633585E-05
   2.450   3.950   0.34786295E-04   0.17939385E-05   0.63935484E-07   0.17941082E-05   0.62962720E-07   0.18578740E-05   0.18570710E-05
   2.467   3.967   0.34788221E-04   0.17880264E-05   0.63697705E-07   0.17882065E-05   0.62728789E-07   0.18517241E-05   0.18509353E-05
   2.483   3.983   0.34789395E-04   0.17822569E-05   0.63465204E-07   0.17824472E-05   0.62500015E-07   0.18457221E-05   0.18449472E-05
   2.500   4.000   0.34789868E-04   0.17766259E-05   0.63237860E-07   0.17768262E-05   0.62276280E-07   0.18398637E-05   0.18391025E-05
   2.517   4.017   0.34789688E-04   0.17711294E-05   0.63015556E-07   0.17713398E-05   0.62057472E-07   0.18341450E-05   0.18333973E-05
   2.533   4.033   0.34788903E-04   0.17657637E-05   0.62798175E-07   0.17659840E-05   0.61843478E-07   0.18285619E-05   0.18278275E-05
   2.550   4.050   0.34787555E-04   0.17605251E-05   0.62585604E-07   0.17607552E-05   0.61634187E-07   0.18231107E-05   0.18223893E-05
   2.567   4.067   0.34785686E-04   0.17554099E-05   0.62377732E-07   0.17556497E-05   0.61429493E-07   0.18177877E-05   0.18170792E-05
   2.583   4.083   0.34783337E-04   0.17504147E-05   0.62174449E-07   0.17506641E-05   0.61229290E-07   0.18125892E-05   0.18118934E-05
   2.600   4.100   0.34780545E-04   0.17455361E-05   0.61975650E-07   0.17457950E-05   0.61033474E-07   0.18075118E-05   0.18068285E-05
   2.617   4.117   0.34777345E-04   0.17407709E-05   0.61781231E-07   0.17410392E-05   0.60841946E-07   0.18025521E-05   0.18018811E-05
   2.633   4.133   0.34773772E-04   0.17361158E-05   0.61591092E-07   0.17363934E-05   0.60654608E-07   0.17977069E-05   0.17970480E-05
   2.650   4.150   0.34769858E-04   0.17315678E-05   0.61405134E-07   0.17318547E-05   0.60471365E-07   0.17929729E-05   0.17923260E-05
   2.667   4.167   0.34765633E-04   0.17271240E-05   0.61223262E-07   0.17274200E-05   0.60292124E-07   0.17883473E-05   0.17877121E-05
   2.683   4.183   0.34761127E-04   0.17227815E-05   0.61045383E-07   0.17230866E-05   0.60116795E-07   0.17838269E-05   0.17832034E-05
   2.700   4.200   0.34756368E-04   0.17185375E-05   0.60871406E-07   0.17188517E-05   0.59945290E-07   0.17794089E-05   0.17787969E-05
   2.717   4.217   0.34751381E-04   0.17143894E-05   0.60701245E-07   0.17147125E-05   0.59777525E-07   0.17750907E-05   0.17744900E-05
   2.733   4.233   0.34746191E-04   0.17103347E-05   0.60534814E-07   0.17106666E-05   0.59613416E-07   0.17708695E-05   0.17702800E-05
   2.750   4.250   0.34740823E-04   0.17063708E-05   0.60372031E-07   0.17067115E-05   0.59452883E-07   0.17667428E-05   0.17661644E-05
   2.767   4.267   0.34735298E-04   0.17024953E-05   0.60212816E-07   0.17028447E-05   0.59295849E-07   0.17627081E-05   0.17621406E-05
   2.783   4.283   0.34729638E-04   0.16987059E-05   0.60057090E-07   0.16990640E-05   0.59142237E-07   0.17587630E-05   0.17582063E-05
   2.800   4.300   0.34723863E-04   0.16950005E-05   0.59904779E-07   0.16953672E-05   0.58991975E-07   0.17549052E-05   0.17543591E-05
   2.817   4.317   0.34717993E-04   0.16913767E-05   0.59755809E-07   0.16917520E-05   0.58844991E-07   0.17511326E-05   0.17505970E-05
   2.833   4.333   0.34711573E-04   0.16879783E-05   0.59615151E-07   0.16883629E-05   0.58707800E-07   0.17475934E-05   0.17470707E-05
   2.850   4.350   0.34704103E-04   0.16849775E-05   0.59488527E-07   0.16853659E-05   0.58585522E-07   0.17444661E-05   0.17439515E-05
   2.867   4.367   0.34695678E-04   0.16823044E-05   0.59373348E-07   0.16826939E-05   0.58474330E-07   0.17416777E-05   0.17411683E-05
   2.883   4.383   0.34686472E-04   0.16799061E-05   0.59267875E-07   0.16802973E-05   0.58372336E-07   0.17391739E-05   0.17386697E-05
   2.900   4.400   0.34676701E-04   0.16777444E-05   0.59170938E-07   0.16781388E-05   0.58278385E-07   0.17369154E-05   0.17364172E-05
   2.917   4.417   0.34666550E-04   0.16757904E-05   0.59081648E-07   0.16761892E-05   0.58191656E-07   0.17348720E-05   0.17343809E-05
   2.933   4.433   0.34656167E-04   0.16740205E-05   0.58999273E-07   0.16744246E-05   0.58111494E-07   0.17330197E-05   0.17325361E-05
   2.950   4.450   0.34645658E-04   0.16724152E-05   0.58923183E-07   0.16728252E-05   0.58037337E-07   0.17313384E-05   0.17308625E-05
   2.967   4.467   0.34635102E-04   0.16709583E-05   0.58852832E-07   0.16713745E-05   0.57968690E-07   0.17298111E-05   0.17293432E-05
   2.983   4.483   0.34624560E-04   0.16696359E-05   0.58787749E-07   0.16700585E-05   0.57905120E-07   0.17284236E-05   0.17279636E-05
   3.000   4.500   0.34614077E-04   0.16684360E-05   0.58727523E-07   0.16688652E-05   0.57846244E-07   0.17271635E-05   0.17267114E-05
   3.017   4.517   0.34603694E-04   0.16673484E-05   0.58671798E-07   0.16677842E-05   0.57791728E-07   0.17260202E-05   0.17255759E-05
   3.033   4.533   0.34593442E-04   0.16663641E-05   0.58620262E-07   0.16668067E-05   0.57741277E-07   0.17249844E-05   0.17245479E-05
   3.050   4.550   0.34583348E-04   0.16654754E-05   0.58572645E-07   0.16659248E-05   0.57694633E-07   0.17240481E-05   0.17236194E-05
   3.067   4.567   0.34573434E-04   0.16646755E-05   0.58528705E-07   0.16651317E-05   0.57651566E-07   0.17232042E-05   0.17227832E-05
   3.083   4.583   0.34563722E-04   0.16639583E-05   0.58488232E-07   0.16644213E-05   0.57611875E-07   0.17224465E-05   0.17220332E-05
   3.100   4.600   0.34554230E-04   0.16633184E-05   0.58451037E-07   0.16637883E-05   0.57575378E-07   0.17217694E-05   0.17213637E-05
   3.117   4.617   0.34544972E-04   0.16627510E-05   0.58416951E-07   0.16632278E-05   0.57541915E-07   0.17211679E-05   0.17207697E-05
   3.133   4.633   0.34535963E-04   0.16622518E-05   0.58385823E-07   0.16627356E-05   0.57511339E-07   0.17206377E-05   0.17202470E-05
   3.150   4.650   0.34527215E-04   0.16618171E-05   0.58357516E-07   0.16623079E-05   0.57483520E-07   0.17201746E-05   0.17197914E-05
   3.167   4.667   0.34518739E-04   0.16614432E-05   0.58331908E-07   0.16619409E-05   0.57458338E-07   0.17197751E-05   0.17193993E-05
   3.183   4.683   0.34510543E-04   0.16611270E-05   0.58308885E-07   0.16616317E-05   0.57435686E-07   0.17194359E-05   0.17190674E-05
   3.200   4.700   0.34502638E-04   0.16608656E-05   0.58288346E-07   0.16613774E-05   0.57415465E-07   0.17191539E-05   0.17187928E-05
   3.217   4.717   0.34495030E-04   0.16606563E-05   0.58270196E-07   0.16611751E-05   0.57397583E-07   0.17189265E-05   0.17185727E-05
   3.233   4.733   0.34487726E-04   0.16604968E-05   0.58254351E-07   0.16610227E-05   0.57381960E-07   0.17187512E-05   0.17184046E-05
   3.250   4.750   0.34480733E-04   0.16603849E-05   0.58240730E-07   0.16609178E-05   0.57368516E-07   0.17186256E-05   0.17182863E-05
   3.267   4.767   0.34474056E-04   0.16603184E-05   0.58229261E-07   0.16608583E-05   0.57357184E-07   0.17185477E-05   0.17182155E-05
   3.283   4.783   0.34467699E-04   0.16602955E-05   0.58219877E-07   0.16608425E-05   0.57347896E-07   0.17185154E-05   0.17181904E-05
   3.300   4.800   0.34461667E-04   0.16603145E-05   0.58212516E-07   0.16608685E-05   0.57340593E-07   0.17185270E-05   0.17182091E-05
   3.317   4.817   0.34455965E-04   0.16603737E-05   0.58207118E-07   0.16609347E-05   0.57335218E-07   0.17185808E-05   0.17182700E-05
   3.333   4.833   0.34450595E-04   0.16604716E-05   0.58203632E-07   0.16610397E-05   0.57331720E-07   0.17186752E-05   0.17183715E-05
   3.350   4.850   0.34445562E-04   0.16606069E-05   0.58202005E-07   0.16611820E-05   0.57330049E-07   0.17188089E-05   0.17185121E-05
   3.367   4.867   0.34440867E-04   0.16607782E-05   0.58202193E-07   0.16613604E-05   0.57330160E-07   0.17189804E-05   0.17186906E-05
   3.383   4.883   0.34436513E-04   0.16609843E-05   0.58204150E-07   0.16615736E-05   0.57332011E-07   0.17191884E-05   0.17189056E-05
   3.400   4.900   0.34432503E-04   0.16612241E-05   0.58207836E-07   0.16618204E-05   0.57335561E-07   0.17194319E-05   0.17191560E-05
   3.417   4.917   0.34428838E-04   0.16614965E-05   0.58213213E-07   0.16620999E-05   0.57340774E-07   0.17197098E-05   0.17194407E-05
   3.433   4.933   0.34425522E-04   0.16618006E-05   0.58220244E-07   0.16624110E-05   0.57347615E-07   0.17200209E-05   0.17197586E-05
   3.450   4.950   0.34422554E-04   0.16621354E-05   0.58228897E-07   0.16627528E-05   0.57356050E-07   0.17203643E-05   0.17201089E-05
   3.467   4.967   0.34419938E-04   0.16625000E-05   0.58239139E-07   0.16631244E-05   0.57366049E-07   0.17207391E-05   0.17204905E-05
   3.483   4.983   0.34417674E-04   0.16628935E-05   0.58250941E-07   0.16635250E-05   0.57377582E-07   0.17211445E-05   0.17209026E-05
   3.500   5.000   0.34415763E-04   0.16633153E-05   0.58264274E-07   0.16639539E-05   0.57390623E-07   0.17215796E-05   0.17213445E-05
   3.517   5.017   0.34414208E-04   0.16637646E-05   0.58279112E-07   0.16644101E-05   0.57405146E-07   0.17220437E-05   0.17218153E-05
   3.533   5.033   0.34413008E-04   0.16642406E-05   0.58295431E-07   0.16648932E-05   0.57421126E-07   0.17225361E-05   0.17223144E-05
   3.550   5.050   0.34412164E-04   0.16647428E-05   0.58313206E-07   0.16654024E-05   0.57438540E-07   0.17230560E-05   0.17228410E-05
   3.567   5.067   0.34411679E-04   0.16652705E-05   0.58332416E-07   0.16659372E-05   0.57457367E-07   0.17236030E-05   0.17233945E-05
   3.583   5.083   0.34411551E-04   0.16658232E-05   0.58353039E-07   0.16664968E-05   0.57477586E-07   0.17241762E-05   0.17239744E-05
   3.600   5.100   0.34411783E-04   0.16664002E-05   0.58375056E-07   0.16670809E-05   0.57499178E-07   0.17247753E-05   0.17245801E-05
   3.617   5.117   0.34412374E-04   0.16670011E-05   0.58398448E-07   0.16676888E-05   0.57522124E-07   0.17253996E-05   0.17252109E-05
   3.633   5.133   0.34413326E-04   0.16676254E-05   0.58423197E-07   0.16683201E-05   0.57546408E-07   0.17260486E-05   0.17258665E-05
   3.650   5.150   0.34414638E-04   0.16682725E-05   0.58449288E-07   0.16689743E-05   0.57572012E-07   0.17267218E-05   0.17265463E-05
   3.667   5.167   0.34416312E-04   0.16689421E-05   0.58476703E-07   0.16696509E-05   0.57598922E-07   0.17274188E-05   0.17272498E-05
   3.683   5.183   0.34418348E-04   0.16696337E-05   0.58505428E-07   0.16703495E-05   0.57627123E-07   0.17281392E-05   0.17279766E-05
   3.700   5.200   0.34420746E-04   0.16703470E-05   0.58535449E-07   0.16710698E-05   0.57656601E-07   0.17288824E-05   0.17287264E-05
   3.717   5.217   0.34423507E-04   0.16710815E-05   0.58566753E-07   0.16718113E-05   0.57687343E-07   0.17296482E-05   0.17294986E-05
   3.733   5.233   0.34426630E-04   0.16718368E-05   0.58599327E-07   0.16725737E-05   0.57719337E-07   0.17304361E-05   0.17302930E-05
   3.750   5.250   0.34430118E-04   0.16726127E-05   0.58633159E-07   0.16733566E-05   0.57752571E-07   0.17312459E-05   0.17311092E-05
   3.767   5.267   0.34433969E-04   0.16734088E-05   0.58668238E-07   0.16741597E-05   0.57787034E-07   0.17320770E-05   0.17319467E-05
   3.783   5.283   0.34438184E-04   0.16742247E-05   0.58704553E-07   0.16749827E-05   0.57822715E-07   0.17329293E-05   0.17328054E-05
   3.800   5.300   0.34442763E-04   0.16750603E-05   0.58742095E-07   0.16758253E-05   0.57859605E-07   0.17338024E-05   0.17336849E-05
   3.817   5.317   0.34447708E-04   0.16759151E-05   0.58780854E-07   0.16766872E-05   0.57897695E-07   0.17346960E-05   0.17345849E-05
   3.833   5.333   0.34453018E-04   0.16767890E-05   0.58820820E-07   0.16775682E-05   0.57936976E-07   0.17356099E-05   0.17355051E-05
   3.850   5.350   0.34458693E-04   0.16776817E-05   0.58861987E-07   0.16784679E-05   0.57977439E-07   0.17365437E-05   0.17364453E-05
   3.867   5.367   0.34464734E-04   0.16785929E-05   0.58904345E-07   0.16793862E-05   0.58019077E-07   0.17374972E-05   0.17374052E-05
   3.883   5.383   0.34471141E-04   0.16795224E-05   0.58947888E-07   0.16803227E-05   0.58061883E-07   0.17384702E-05   0.17383846E-05
   3.900   5.400   0.34477915E-04   0.16804699E-05   0.58992609E-07   0.16812774E-05   0.58105850E-07   0.17394625E-05   0.17393832E-05
   3.917   5.417   0.34485056E-04   0.16814353E-05   0.59038501E-07   0.16822499E-05   0.58150971E-07   0.17404738E-05   0.17404008E-05
   3.933   5.433   0.34492564E-04   0.16824184E-05   0.59085558E-07   0.16832400E-05   0.58197242E-07   0.17415039E-05   0.17414373E-05
   3.950   5.450   0.34500439E-04   0.16834189E-05   0.59133774E-07   0.16842477E-05   0.58244655E-07   0.17425527E-05   0.17424924E-05
   3.967   5.467   0.34508683E-04   0.16844367E-05   0.59183146E-07   0.16852726E-05   0.58293206E-07   0.17436199E-05   0.17435658E-05
   3.983   5.483   0.34517294E-04   0.16854716E-05   0.59233666E-07   0.16863147E-05   0.58342891E-07   0.17447053E-05   0.17446576E-05
   4.000   5.500   0.34526275E-04   0.16865235E-05   0.59285332E-07   0.16873737E-05   0.58393705E-07   0.17458088E-05   0.17457674E-05
   4.017   5.517   0.34535625E-04   0.16875921E-05   0.59338140E-07   0.16884495E-05   0.58445644E-07   0.17469302E-05   0.17468951E-05
   4.033   5.533   0.34545344E-04   0.16886773E-05   0.59392084E-07   0.16895419E-05   0.58498704E-07   0.17480694E-05   0.17480406E-05
   4.050   5.550   0.34555433E-04   0.16897790E-05   0.59447163E-07   0.16906508E-05   0.58552882E-07   0.17492262E-05   0.17492037E-05
   4.067   5.567   0.34565893E-04   0.16908971E-05   0.59503373E-07   0.16917761E-05   0.58608174E-07   0.17504005E-05   0.17503843E-05
   4.083   5.583   0.34576725E-04   0.16920314E-05   0.59560711E-07   0.16929176E-05   0.58664579E-07   0.17515921E-05   0.17515822E-05
   4.100   5.600   0.34587927E-04   0.16931818E-05   0.59619174E-07   0.16940753E-05   0.58722094E-07   0.17528009E-05   0.17527973E-05
   4.117   5.617   0.34599502E-04   0.16943481E-05   0.59678762E-07   0.16952489E-05   0.58780716E-07   0.17540269E-05   0.17540296E-05
   4.133   5.633   0.34611449E-04   0.16955303E-05   0.59739471E-07   0.16964383E-05   0.58840444E-07   0.17552698E-05   0.17552788E-05
   4.150   5.650   0.34623770E-04   0.16967282E-05   0.59801301E-07   0.16976436E-05   0.58901277E-07   0.17565295E-05   0.17565449E-05
   4.167   5.667   0.34636465E-04   0.16979418E-05   0.59864250E-07   0.16988645E-05   0.58963212E-07   0.17578061E-05   0.17578277E-05
   4.183   5.683   0.34649534E-04   0.16991710E-05   0.59928316E-07   0.17001010E-05   0.59026249E-07   0.17590993E-05   0.17591273E-05
   4.200   5.700   0.34662978E-04   0.17004156E-05   0.59993501E-07   0.17013530E-05   0.59090388E-07   0.17604091E-05   0.17604434E-05
   4.217   5.717   0.34676798E-04   0.17016756E-05   0.60059801E-07   0.17026204E-05   0.59155627E-07   0.17617354E-05   0.17617761E-05
   4.233   5.733   0.34690995E-04   0.17029509E-05   0.60127219E-07   0.17039032E-05   0.59221966E-07   0.17630782E-05   0.17631251E-05
   4.250   5.750   0.34705568E-04   0.17042415E-05   0.60195753E-07   0.17052011E-05   0.59289407E-07   0.17644372E-05   0.17644905E-05
   4.267   5.767   0.34720520E-04   0.17055472E-05   0.60265405E-07   0.17065143E-05   0.59357947E-07   0.17658126E-05   0.17658722E-05
   4.283   5.783   0.34735851E-04   0.17068679E-05   0.60336174E-07   0.17078425E-05   0.59427589E-07   0.17672041E-05   0.17672701E-05
   4.300   5.800   0.34751562E-04   0.17082037E-05   0.60408061E-07   0.17091858E-05   0.59498333E-07   0.17686118E-05   0.17686842E-05
   4.317   5.817   0.34767653E-04   0.17095545E-05   0.60481067E-07   0.17105441E-05   0.59570180E-07   0.17700355E-05   0.17701143E-05
   4.333   5.833   0.34784125E-04   0.17109201E-05   0.60555194E-07   0.17119174E-05   0.59643131E-07   0.17714753E-05   0.17715605E-05
   4.350   5.850   0.34800980E-04   0.17123007E-05   0.60630442E-07   0.17133055E-05   0.59717187E-07   0.17729311E-05   0.17730227E-05
   4.367   5.867   0.34818217E-04   0.17136960E-05   0.60706815E-07   0.17147084E-05   0.59792350E-07   0.17744028E-05   0.17745008E-05
   4.383   5.883   0.34835840E-04   0.17151061E-05   0.60784313E-07   0.17161262E-05   0.59868622E-07   0.17758904E-05   0.17759948E-05
   4.400   5.900   0.34853847E-04   0.17165309E-05   0.60862938E-07   0.17175587E-05   0.59946005E-07   0.17773939E-05   0.17775047E-05
   4.417   5.917   0.34872241E-04   0.17179704E-05   0.60942694E-07   0.17190059E-05   0.60024501E-07   0.17789131E-05   0.17790304E-05
   4.433   5.933   0.34891022E-04   0.17194246E-05   0.61023582E-07   0.17204678E-05   0.60104112E-07   0.17804482E-05   0.17805719E-05
   4.450   5.950   0.34910191E-04   0.17208934E-05   0.61105605E-07   0.17219444E-05   0.60184842E-07   0.17819990E-05   0.17821292E-05
   4.467   5.967   0.34929750E-04   0.17223768E-05   0.61188766E-07   0.17234356E-05   0.60266693E-07   0.17835655E-05   0.17837023E-05
   4.483   5.983   0.34949700E-04   0.17238747E-05   0.61273069E-07   0.17249414E-05   0.60349668E-07   0.17851478E-05   0.17852911E-05
   4.500   6.000   0.34970041E-04   0.17253872E-05   0.61358516E-07   0.17264618E-05   0.60433770E-07   0.17867457E-05   0.17868955E-05
   4.517   6.017   0.34990776E-04   0.17269143E-05   0.61445112E-07   0.17279967E-05   0.60519004E-07   0.17883594E-05   0.17885157E-05
   4.533   6.033   0.35011906E-04   0.17284558E-05   0.61532859E-07   0.17295462E-05   0.60605372E-07   0.17899887E-05   0.17901516E-05
   4.550   6.050   0.35033431E-04   0.17300118E-05   0.61621763E-07   0.17311103E-05   0.60692878E-07   0.17916336E-05   0.17918031E-05
   4.567   6.067   0.35055353E-04   0.17315824E-05   0.61711827E-07   0.17326888E-05   0.60781527E-07   0.17932942E-05   0.17934704E-05
   4.583   6.083   0.35077674E-04   0.17331674E-05   0.61803056E-07   0.17342819E-05   0.60871322E-07   0.17949705E-05   0.17951532E-05
   4.600   6.100   0.35100395E-04   0.17347669E-05   0.61895453E-07   0.17358895E-05   0.60962269E-07   0.17966623E-05   0.17968518E-05
   4.617   6.117   0.35123517E-04   0.17363808E-05   0.61989025E-07   0.17375116E-05   0.61054371E-07   0.17983699E-05   0.17985660E-05
   4.633   6.133   0.35147043E-04   0.17380093E-05   0.62083775E-07   0.17391483E-05   0.61147634E-07   0.18000931E-05   0.18002959E-05
   4.650   6.150   0.35170972E-04   0.17396522E-05   0.62179710E-07   0.17407994E-05   0.61242063E-07   0.18018319E-05   0.18020415E-05
   4.667   6.167   0.35195308E-04   0.17413096E-05   0.62276834E-07   0.17424651E-05   0.61337663E-07   0.18035864E-05   0.18038027E-05
   4.683   6.183   0.35220051E-04   0.17429814E-05   0.62375152E-07   0.17441452E-05   0.61434439E-07   0.18053566E-05   0.18055797E-05
   4.700   6.200   0.35245204E-04   0.17446678E-05   0.62474672E-07   0.17458400E-05   0.61532397E-07   0.18071424E-05   0.18073724E-05
   4.717   6.217   0.35270768E-04   0.17463686E-05   0.62575398E-07   0.17475492E-05   0.61631542E-07   0.18089440E-05   0.18091808E-05
   4.733   6.233   0.35296744E-04   0.17480840E-05   0.62677337E-07   0.17492731E-05   0.61731882E-07   0.18107613E-05   0.18110050E-05
   4.750   6.250   0.35323136E-04   0.17498139E-05   0.62780495E-07   0.17510115E-05   0.61833421E-07   0.18125944E-05   0.18128449E-05
   4.767   6.267   0.35349943E-04   0.17515583E-05   0.62884879E-07   0.17527645E-05   0.61936166E-07   0.18144432E-05   0.18147007E-05
   4.783   6.283   0.35377169E-04   0.17533173E-05   0.62990495E-07   0.17545321E-05   0.62040125E-07   0.18163078E-05   0.18165722E-05
   4.800   6.300   0.35404815E-04   0.17550909E-05   0.63097350E-07   0.17563144E-05   0.62145302E-07   0.18181883E-05   0.18184597E-05
   4.817   6.317   0.35432883E-04   0.17568791E-05   0.63205452E-07   0.17581113E-05   0.62251707E-07   0.18200846E-05   0.18203630E-05
   4.833   6.333   0.35461375E-04   0.17586819E-05   0.63314808E-07   0.17599229E-05   0.62359345E-07   0.18219968E-05   0.18222822E-05
   4.850   6.350   0.35490293E-04   0.17604994E-05   0.63425425E-07   0.17617492E-05   0.62468224E-07   0.18239249E-05   0.18242174E-05
   4.867   6.367   0.35519640E-04   0.17623316E-05   0.63537311E-07   0.17635903E-05   0.62578352E-07   0.18258689E-05   0.18261686E-05
   4.883   6.383   0.35549417E-04   0.17641785E-05   0.63650475E-07   0.17654461E-05   0.62689736E-07   0.18278290E-05   0.18281358E-05
   4.900   6.400   0.35579627E-04   0.17660402E-05   0.63764923E-07   0.17673167E-05   0.62802385E-07   0.18298051E-05   0.18301191E-05
   4.917   6.417   0.35610272E-04   0.17679166E-05   0.63880665E-07   0.17692022E-05   0.62916306E-07   0.18317972E-05   0.18321185E-05
   4.933   6.433   0.35641353E-04   0.17698078E-05   0.63997709E-07   0.17711026E-05   0.63031508E-07   0.18338055E-05   0.18341341E-05
   4.950   6.450   0.35672874E-04   0.17717139E-05   0.64116063E-07   0.17730179E-05   0.63147999E-07   0.18358300E-05   0.18361659E-05
   4.967   6.467   0.35704838E-04   0.17736350E-05   0.64235738E-07   0.17749481E-05   0.63265788E-07   0.18378707E-05   0.18382139E-05
   4.983   6.483   0.35737245E-04   0.17755709E-05   0.64356741E-07   0.17768934E-05   0.63384885E-07   0.18399276E-05   0.18402782E-05
   5.000   6.500   0.35770099E-04   0.17775218E-05   0.64479083E-07   0.17788537E-05   0.63505298E-07   0.18420009E-05   0.18423590E-05
   5.017   6.517   0.35803402E-04   0.17794878E-05   0.64602773E-07   0.17808290E-05   0.63627036E-07   0.18440906E-05   0.18444561E-05
   5.033   6.533   0.35837158E-04   0.17814688E-05   0.64727821E-07   0.17828196E-05   0.63750110E-07   0.18461966E-05   0.18465697E-05
   5.050   6.550   0.35871368E-04   0.17834650E-05   0.64854237E-07   0.17848253E-05   0.63874529E-07   0.18483192E-05   0.18486998E-05
   5.067   6.567   0.35906035E-04   0.17854763E-05   0.64982031E-07   0.17868462E-05   0.64000304E-07   0.18504583E-05   0.18508465E-05
   5.083   6.583   0.35941162E-04   0.17875028E-05   0.65111213E-07   0.17888825E-05   0.64127443E-07   0.18526140E-05   0.18530099E-05
   5.100   6.600   0.35976752E-04   0.17895446E-05   0.65241795E-07   0.17909341E-05   0.64255959E-07   0.18547864E-05   0.18551900E-05
   5.117   6.617   0.36012808E-04   0.17916018E-05   0.65373788E-07   0.17930010E-05   0.64385862E-07   0.18569756E-05   0.18573869E-05
   5.133   6.633   0.36049332E-04   0.17936743E-05   0.65507202E-07   0.17950835E-05   0.64517162E-07   0.18591815E-05   0.18596007E-05
   5.150   6.650   0.36086328E-04   0.17957623E-05   0.65642049E-07   0.17971815E-05   0.64649870E-07   0.18614043E-05   0.18618313E-05
   5.167   6.667   0.36123799E-04   0.17978657E-05   0.65778341E-07   0.17992950E-05   0.64783999E-07   0.18636441E-05   0.18640790E-05
   5.183   6.683   0.36161747E-04   0.17999848E-05   0.65916090E-07   0.18014242E-05   0.64919560E-07   0.18659008E-05   0.18663437E-05
   5.200   6.700   0.36200176E-04   0.18021194E-05   0.66055307E-07   0.18035691E-05   0.65056565E-07   0.18681747E-05   0.18686256E-05
   5.217   6.717   0.36239089E-04   0.18042697E-05   0.66196005E-07   0.18057297E-05   0.65195025E-07   0.18704658E-05   0.18709247E-05
   5.233   6.733   0.36278490E-04   0.18064358E-05   0.66338197E-07   0.18079062E-05   0.65334954E-07   0.18727740E-05   0.18732411E-05
   5.250   6.750   0.36318382E-04   0.18086178E-05   0.66481896E-07   0.18100986E-05   0.65476363E-07   0.18750997E-05   0.18755749E-05
   5.267   6.767   0.36358768E-04   0.18108156E-05   0.66627115E-07   0.18123069E-05   0.65619267E-07   0.18774427E-05   0.18779262E-05
   5.283   6.783   0.36399651E-04   0.18130293E-05   0.66773868E-07   0.18145313E-05   0.65763677E-07   0.18798032E-05   0.18802950E-05
   5.300   6.800   0.36441036E-04   0.18152591E-05   0.66922167E-07   0.18167719E-05   0.65909607E-07   0.18821813E-05   0.18826815E-05
   5.317   6.817   0.36482926E-04   0.18175050E-05   0.67072027E-07   0.18190286E-05   0.66057071E-07   0.18845770E-05   0.18850857E-05
   5.333   6.833   0.36525324E-04   0.18197671E-05   0.67223463E-07   0.18213016E-05   0.66206083E-07   0.18869906E-05   0.18875077E-05
   5.350   6.850   0.36568234E-04   0.18220454E-05   0.67376488E-07   0.18235909E-05   0.66356657E-07   0.18894219E-05   0.18899476E-05
   5.367   6.867   0.36611661E-04   0.18243401E-05   0.67531118E-07   0.18258967E-05   0.66508807E-07   0.18918712E-05   0.18924055E-05
   5.383   6.883   0.36655608E-04   0.18266512E-05   0.67687367E-07   0.18282189E-05   0.66662548E-07   0.18943385E-05   0.18948815E-05
   5.400   6.900   0.36700079E-04   0.18289787E-05   0.67845252E-07   0.18305578E-05   0.66817896E-07   0.18968240E-05   0.18973757E-05
   5.417   6.917   0.36745078E-04   0.18313229E-05   0.68004787E-07   0.18329133E-05   0.66974865E-07   0.18993276E-05   0.18998882E-05
   5.433   6.933   0.36790610E-04   0.18336837E-05   0.68165988E-07   0.18352856E-05   0.67133472E-07   0.19018497E-05   0.19024191E-05
   5.450   6.950   0.36836677E-04   0.18360612E-05   0.68328873E-07   0.18376747E-05   0.67293731E-07   0.19043901E-05   0.19049685E-05
   5.467   6.967   0.36883286E-04   0.18384556E-05   0.68493457E-07   0.18400808E-05   0.67455660E-07   0.19069490E-05   0.19075365E-05
   5.483   6.983   0.36930440E-04   0.18408669E-05   0.68659758E-07   0.18425039E-05   0.67619274E-07   0.19095266E-05   0.19101232E-05
   5.500   7.000   0.36978144E-04   0.18432952E-05   0.68827792E-07   0.18449441E-05   0.67784591E-07   0.19121230E-05   0.19127287E-05
   5.517   7.017   0.37026401E-04   0.18457406E-05   0.68997578E-07   0.18474015E-05   0.67951628E-07   0.19147382E-05   0.19153532E-05
   5.533   7.033   0.37075218E-04   0.18482032E-05   0.69169132E-07   0.18498763E-05   0.68120402E-07   0.19173723E-05   0.19179967E-05
   5.550   7.050   0.37124598E-04   0.18506831E-05   0.69342474E-07   0.18523684E-05   0.68290932E-07   0.19200255E-05   0.19206593E-05
   5.567   7.067   0.37174547E-04   0.18531803E-05   0.69517622E-07   0.18548780E-05   0.68463234E-07   0.19226980E-05   0.19233413E-05
   5.583   7.083   0.37225068E-04   0.18556951E-05   0.69694594E-07   0.18574053E-05   0.68637328E-07   0.19253897E-05   0.19260426E-05
   5.600   7.100   0.37276169E-04   0.18582274E-05   0.69873410E-07   0.18599502E-05   0.68813233E-07   0.19281009E-05   0.19287634E-05
   5.617   7.117   0.37327852E-04   0.18607775E-05   0.70054091E-07   0.18625129E-05   0.68990968E-07   0.19308316E-05   0.19315039E-05
   5.633   7.133   0.37380124E-04   0.18633453E-05   0.70236655E-07   0.18650936E-05   0.69170552E-07   0.19335819E-05   0.19342641E-05
   5.650   7.150   0.37432990E-04   0.18659310E-05   0.70421122E-07   0.18676922E-05   0.69352005E-07   0.19363521E-05   0.19370442E-05
   5.667   7.167   0.37486455E-04   0.18685347E-05   0.70607515E-07   0.18703090E-05   0.69535348E-07   0.19391422E-05   0.19398444E-05
   5.683   7.183   0.37540525E-04   0.18711565E-05   0.70795854E-07   0.18729440E-05   0.69720601E-07   0.19419523E-05   0.19426646E-05
   5.700   7.200   0.37595206E-04   0.18737965E-05   0.70986161E-07   0.18755974E-05   0.69907785E-07   0.19447826E-05   0.19455052E-05
   5.717   7.217   0.37650502E-04   0.18764548E-05   0.71178457E-07   0.18782692E-05   0.70096922E-07   0.19476333E-05   0.19483661E-05
   5.733   7.233   0.37706421E-04   0.18791316E-05   0.71372765E-07   0.18809596E-05   0.70288034E-07   0.19505044E-05   0.19512476E-05
   5.750   7.250   0.37762967E-04   0.18818269E-05   0.71569108E-07   0.18836687E-05   0.70481143E-07   0.19533960E-05   0.19541498E-05
   5.767   7.267   0.37820147E-04   0.18845409E-05   0.71767509E-07   0.18863966E-05   0.70676272E-07   0.19563084E-05   0.19570728E-05
   5.783   7.283   0.37877966E-04   0.18872737E-05   0.71967991E-07   0.18891434E-05   0.70873444E-07   0.19592417E-05   0.19600168E-05
   5.800   7.300   0.37936433E-04   0.18900254E-05   0.72170580E-07   0.18919092E-05   0.71072682E-07   0.19621959E-05   0.19629819E-05
   5.817   7.317   0.37995552E-04   0.18927961E-05   0.72375299E-07   0.18946943E-05   0.71274011E-07   0.19651714E-05   0.19659683E-05
   5.833   7.333   0.38055330E-04   0.18955859E-05   0.72582173E-07   0.18974986E-05   0.71477455E-07   0.19681681E-05   0.19689761E-05
   5.850   7.350   0.38115774E-04   0.18983950E-05   0.72791229E-07   0.19003224E-05   0.71683039E-07   0.19711863E-05   0.19720054E-05
   5.867   7.367   0.38176890E-04   0.19012235E-05   0.73002492E-07   0.19031657E-05   0.71890789E-07   0.19742260E-05   0.19750565E-05
   5.883   7.383   0.38238686E-04   0.19040716E-05   0.73215989E-07   0.19060287E-05   0.72100730E-07   0.19772876E-05   0.19781294E-05
   5.900   7.400   0.38301169E-04   0.19069393E-05   0.73431746E-07   0.19089115E-05   0.72312889E-07   0.19803710E-05   0.19812244E-05
   5.917   7.417   0.38364345E-04   0.19098268E-05   0.73649792E-07   0.19118143E-05   0.72527293E-07   0.19834766E-05   0.19843416E-05
   5.933   7.433   0.38428222E-04   0.19127342E-05   0.73870154E-07   0.19147371E-05   0.72743969E-07   0.19866043E-05   0.19874811E-05
   5.950   7.450   0.38492808E-04   0.19156616E-05   0.74092862E-07   0.19176802E-05   0.72962946E-07   0.19897545E-05   0.19906432E-05
   5.967   7.467   0.38558110E-04   0.19186093E-05   0.74317944E-07   0.19206437E-05   0.73184251E-07   0.19929272E-05   0.19938279E-05
   5.983   7.483   0.38624136E-04   0.19215773E-05   0.74545429E-07   0.19236276E-05   0.73407915E-07   0.19961227E-05   0.19970356E-05
   6.000   7.500   0.38690893E-04   0.19245657E-05   0.74775350E-07   0.19266323E-05   0.73633966E-07   0.19993411E-05   0.20002662E-05
