        RT(hours)            [ISO]         L_R_09           tot_loss         tot_prod
   5.817   0.017   0.73531240E-05   0.11666505E-08   0.11666505E-08   0.00000000E+00
   5.833   0.033   0.28805391E-04   0.55023317E-08   0.55023317E-08   0.00000000E+00
   5.850   0.050   0.64087794E-04   0.13943542E-07   0.13943542E-07   0.00000000E+00
   5.867   0.067   0.11286023E-03   0.26933363E-07   0.26933363E-07   0.00000000E+00
   5.883   0.083   0.17473847E-03   0.44552172E-07   0.44552172E-07   0.00000000E+00
   5.900   0.100   0.24931164E-03   0.66689974E-07   0.66689974E-07   0.00000000E+00
   5.917   0.117   0.33615070E-03   0.93173866E-07   0.93173866E-07   0.00000000E+00
   5.933   0.133   0.43481142E-03   0.12383186E-06   0.12383186E-06   0.00000000E+00
   5.950   0.150   0.54483515E-03   0.15851351E-06   0.15851351E-06   0.00000000E+00
   5.967   0.167   0.66574921E-03   0.19708998E-06   0.19708998E-06   0.00000000E+00
   5.983   0.183   0.79706762E-03   0.23944747E-06   0.23944747E-06   0.00000000E+00
   6.000   0.200   0.93829241E-03   0.28547993E-06   0.28547993E-06   0.00000000E+00
   6.017   0.217   0.10889153E-02   0.33508338E-06   0.33508338E-06   0.00000000E+00
   6.033   0.233   0.12484199E-02   0.38815191E-06   0.38815191E-06   0.00000000E+00
   6.050   0.250   0.14162839E-02   0.44457524E-06   0.44457524E-06   0.00000000E+00
   6.067   0.267   0.15919815E-02   0.50423737E-06   0.50423737E-06   0.00000000E+00
   6.083   0.283   0.17749858E-02   0.56701605E-06   0.56701605E-06   0.00000000E+00
   6.100   0.300   0.19647714E-02   0.63278281E-06   0.63278281E-06   0.00000000E+00
   6.117   0.317   0.21608167E-02   0.70140330E-06   0.70140330E-06   0.00000000E+00
   6.133   0.333   0.23626060E-02   0.77273803E-06   0.77273803E-06   0.00000000E+00
   6.150   0.350   0.25696316E-02   0.84664309E-06   0.84664309E-06   0.00000000E+00
   6.167   0.367   0.27813959E-02   0.92297116E-06   0.92297116E-06   0.00000000E+00
   6.183   0.383   0.29974131E-02   0.10015724E-05   0.10015724E-05   0.00000000E+00
   6.200   0.400   0.32172107E-02   0.10822954E-05   0.10822954E-05   0.00000000E+00
   6.217   0.417   0.34403307E-02   0.11649882E-05   0.11649882E-05   0.00000000E+00
   6.233   0.433   0.36663313E-02   0.12494991E-05   0.12494991E-05   0.00000000E+00
   6.250   0.450   0.38947871E-02   0.13356775E-05   0.13356775E-05   0.00000000E+00
   6.267   0.467   0.41252906E-02   0.14233749E-05   0.14233749E-05   0.00000000E+00
   6.283   0.483   0.43574523E-02   0.15124451E-05   0.15124451E-05   0.00000000E+00
   6.300   0.500   0.45909013E-02   0.16027450E-05   0.16027450E-05   0.00000000E+00
   6.317   0.517   0.48252857E-02   0.16941356E-05   0.16941356E-05   0.00000000E+00
   6.333   0.533   0.50602722E-02   0.17864816E-05   0.17864816E-05   0.00000000E+00
   6.350   0.550   0.52955468E-02   0.18796525E-05   0.18796525E-05   0.00000000E+00
   6.367   0.567   0.55308139E-02   0.19735223E-05   0.19735223E-05   0.00000000E+00
   6.383   0.583   0.57657967E-02   0.20679702E-05   0.20679702E-05   0.00000000E+00
   6.400   0.600   0.60002363E-02   0.21628807E-05   0.21628807E-05   0.00000000E+00
   6.417   0.617   0.62338916E-02   0.22581432E-05   0.22581432E-05   0.00000000E+00
   6.433   0.633   0.64665384E-02   0.23536529E-05   0.23536529E-05   0.00000000E+00
   6.450   0.650   0.66979696E-02   0.24493100E-05   0.24493100E-05   0.00000000E+00
   6.467   0.667   0.69279936E-02   0.25450203E-05   0.25450203E-05   0.00000000E+00
   6.483   0.683   0.71564344E-02   0.26406948E-05   0.26406948E-05   0.00000000E+00
   6.500   0.700   0.73831308E-02   0.27362498E-05   0.27362498E-05   0.00000000E+00
   6.517   0.717   0.76079353E-02   0.28316064E-05   0.28316064E-05   0.00000000E+00
   6.533   0.733   0.78307140E-02   0.29266910E-05   0.29266910E-05   0.00000000E+00
   6.550   0.750   0.80513455E-02   0.30214347E-05   0.30214347E-05   0.00000000E+00
   6.567   0.767   0.82697203E-02   0.31157732E-05   0.31157732E-05   0.00000000E+00
   6.583   0.783   0.84857402E-02   0.32096468E-05   0.32096468E-05   0.00000000E+00
   6.600   0.800   0.86993178E-02   0.33030001E-05   0.33030001E-05   0.00000000E+00
   6.617   0.817   0.89103754E-02   0.33957816E-05   0.33957816E-05   0.00000000E+00
   6.633   0.833   0.91188447E-02   0.34879441E-05   0.34879441E-05   0.00000000E+00
   6.650   0.850   0.93246663E-02   0.35794438E-05   0.35794438E-05   0.00000000E+00
   6.667   0.867   0.95277887E-02   0.36702409E-05   0.36702409E-05   0.00000000E+00
   6.683   0.883   0.97281683E-02   0.37602985E-05   0.37602985E-05   0.00000000E+00
   6.700   0.900   0.99257684E-02   0.38495833E-05   0.38495833E-05   0.00000000E+00
   6.717   0.917   0.10120559E-01   0.39380649E-05   0.39380649E-05   0.00000000E+00
   6.733   0.933   0.10312515E-01   0.40257156E-05   0.40257156E-05   0.00000000E+00
   6.750   0.950   0.10501620E-01   0.41125107E-05   0.41125107E-05   0.00000000E+00
   6.767   0.967   0.10687859E-01   0.41984279E-05   0.41984279E-05   0.00000000E+00
   6.783   0.983   0.10871224E-01   0.42834472E-05   0.42834472E-05   0.00000000E+00
   6.800   1.000   0.11051712E-01   0.43675509E-05   0.43675509E-05   0.00000000E+00
   6.817   1.017   0.11229322E-01   0.44507235E-05   0.44507235E-05   0.00000000E+00
   6.833   1.033   0.11404059E-01   0.45329512E-05   0.45329512E-05   0.00000000E+00
   6.850   1.050   0.11575929E-01   0.46142224E-05   0.46142224E-05   0.00000000E+00
   6.867   1.067   0.11744942E-01   0.46945269E-05   0.46945269E-05   0.00000000E+00
   6.883   1.083   0.11911113E-01   0.47738563E-05   0.47738563E-05   0.00000000E+00
   6.900   1.100   0.12074456E-01   0.48522035E-05   0.48522035E-05   0.00000000E+00
   6.917   1.117   0.12234990E-01   0.49295630E-05   0.49295630E-05   0.00000000E+00
   6.933   1.133   0.12392736E-01   0.50059304E-05   0.50059304E-05   0.00000000E+00
   6.950   1.150   0.12547714E-01   0.50813025E-05   0.50813025E-05   0.00000000E+00
   6.967   1.167   0.12699950E-01   0.51556775E-05   0.51556775E-05   0.00000000E+00
   6.983   1.183   0.12849468E-01   0.52290542E-05   0.52290542E-05   0.00000000E+00
   7.000   1.200   0.12996296E-01   0.53014327E-05   0.53014327E-05   0.00000000E+00
   7.017   1.217   0.13140462E-01   0.53728138E-05   0.53728138E-05   0.00000000E+00
   7.033   1.233   0.13281994E-01   0.54431992E-05   0.54431992E-05   0.00000000E+00
   7.050   1.250   0.13420923E-01   0.55125912E-05   0.55125912E-05   0.00000000E+00
   7.067   1.267   0.13557279E-01   0.55809931E-05   0.55809931E-05   0.00000000E+00
   7.083   1.283   0.13691095E-01   0.56484085E-05   0.56484085E-05   0.00000000E+00
   7.100   1.300   0.13822403E-01   0.57148417E-05   0.57148417E-05   0.00000000E+00
   7.117   1.317   0.13951236E-01   0.57802977E-05   0.57802977E-05   0.00000000E+00
   7.133   1.333   0.14077626E-01   0.58447817E-05   0.58447817E-05   0.00000000E+00
   7.150   1.350   0.14201608E-01   0.59082996E-05   0.59082996E-05   0.00000000E+00
   7.167   1.367   0.14323215E-01   0.59708577E-05   0.59708577E-05   0.00000000E+00
   7.183   1.383   0.14442482E-01   0.60324624E-05   0.60324624E-05   0.00000000E+00
   7.200   1.400   0.14559442E-01   0.60931208E-05   0.60931208E-05   0.00000000E+00
   7.217   1.417   0.14674131E-01   0.61528400E-05   0.61528400E-05   0.00000000E+00
   7.233   1.433   0.14786582E-01   0.62116276E-05   0.62116276E-05   0.00000000E+00
   7.250   1.450   0.14896830E-01   0.62694914E-05   0.62694914E-05   0.00000000E+00
   7.267   1.467   0.15004910E-01   0.63264392E-05   0.63264392E-05   0.00000000E+00
   7.283   1.483   0.15110855E-01   0.63824794E-05   0.63824794E-05   0.00000000E+00
   7.300   1.500   0.15214700E-01   0.64376203E-05   0.64376203E-05   0.00000000E+00
   7.317   1.517   0.15316479E-01   0.64918704E-05   0.64918704E-05   0.00000000E+00
   7.333   1.533   0.15416225E-01   0.65452384E-05   0.65452384E-05   0.00000000E+00
   7.350   1.550   0.15513972E-01   0.65977330E-05   0.65977330E-05   0.00000000E+00
   7.367   1.567   0.15609754E-01   0.66493632E-05   0.66493632E-05   0.00000000E+00
   7.383   1.583   0.15703604E-01   0.67001379E-05   0.67001379E-05   0.00000000E+00
   7.400   1.600   0.15795554E-01   0.67500661E-05   0.67500661E-05   0.00000000E+00
   7.417   1.617   0.15885637E-01   0.67991569E-05   0.67991569E-05   0.00000000E+00
   7.433   1.633   0.15973885E-01   0.68474196E-05   0.68474196E-05   0.00000000E+00
   7.450   1.650   0.16060329E-01   0.68948632E-05   0.68948632E-05   0.00000000E+00
   7.467   1.667   0.16145003E-01   0.69414971E-05   0.69414971E-05   0.00000000E+00
   7.483   1.683   0.16227936E-01   0.69873303E-05   0.69873303E-05   0.00000000E+00
   7.500   1.700   0.16309159E-01   0.70323722E-05   0.70323722E-05   0.00000000E+00
   7.517   1.717   0.16388703E-01   0.70766319E-05   0.70766319E-05   0.00000000E+00
   7.533   1.733   0.16466597E-01   0.71201187E-05   0.71201187E-05   0.00000000E+00
   7.550   1.750   0.16542872E-01   0.71628418E-05   0.71628418E-05   0.00000000E+00
   7.567   1.767   0.16617557E-01   0.72048103E-05   0.72048103E-05   0.00000000E+00
   7.583   1.783   0.16690681E-01   0.72460334E-05   0.72460334E-05   0.00000000E+00
   7.600   1.800   0.16762271E-01   0.72865202E-05   0.72865202E-05   0.00000000E+00
   7.617   1.817   0.16832356E-01   0.73262797E-05   0.73262797E-05   0.00000000E+00
   7.633   1.833   0.16900964E-01   0.73653210E-05   0.73653210E-05   0.00000000E+00
   7.650   1.850   0.16968122E-01   0.74036530E-05   0.74036530E-05   0.00000000E+00
   7.667   1.867   0.17033857E-01   0.74412846E-05   0.74412846E-05   0.00000000E+00
   7.683   1.883   0.17098194E-01   0.74782247E-05   0.74782247E-05   0.00000000E+00
   7.700   1.900   0.17161161E-01   0.75144820E-05   0.75144820E-05   0.00000000E+00
   7.717   1.917   0.17222783E-01   0.75500654E-05   0.75500654E-05   0.00000000E+00
   7.733   1.933   0.17283085E-01   0.75849833E-05   0.75849833E-05   0.00000000E+00
   7.750   1.950   0.17342091E-01   0.76192445E-05   0.76192445E-05   0.00000000E+00
   7.767   1.967   0.17399826E-01   0.76528573E-05   0.76528573E-05   0.00000000E+00
   7.783   1.983   0.17456315E-01   0.76858303E-05   0.76858303E-05   0.00000000E+00
   7.800   2.000   0.17511581E-01   0.77181718E-05   0.77181718E-05   0.00000000E+00
   7.817   2.017   0.17565646E-01   0.77498900E-05   0.77498900E-05   0.00000000E+00
   7.833   2.033   0.17618534E-01   0.77809932E-05   0.77809932E-05   0.00000000E+00
   7.850   2.050   0.17670268E-01   0.78114895E-05   0.78114895E-05   0.00000000E+00
   7.867   2.067   0.17720868E-01   0.78413869E-05   0.78413869E-05   0.00000000E+00
   7.883   2.083   0.17770358E-01   0.78706933E-05   0.78706933E-05   0.00000000E+00
   7.900   2.100   0.17818758E-01   0.78994166E-05   0.78994166E-05   0.00000000E+00
   7.917   2.117   0.17866088E-01   0.79275645E-05   0.79275645E-05   0.00000000E+00
   7.933   2.133   0.17912371E-01   0.79551449E-05   0.79551449E-05   0.00000000E+00
   7.950   2.150   0.17957625E-01   0.79821651E-05   0.79821651E-05   0.00000000E+00
   7.967   2.167   0.18001871E-01   0.80086329E-05   0.80086329E-05   0.00000000E+00
   7.983   2.183   0.18045128E-01   0.80345555E-05   0.80345555E-05   0.00000000E+00
   8.000   2.200   0.18087415E-01   0.80599403E-05   0.80599403E-05   0.00000000E+00
   8.017   2.217   0.18128751E-01   0.80847946E-05   0.80847946E-05   0.00000000E+00
   8.033   2.233   0.18169155E-01   0.81091256E-05   0.81091256E-05   0.00000000E+00
   8.050   2.250   0.18208644E-01   0.81329402E-05   0.81329402E-05   0.00000000E+00
   8.067   2.267   0.18247236E-01   0.81562455E-05   0.81562455E-05   0.00000000E+00
   8.083   2.283   0.18284949E-01   0.81790484E-05   0.81790484E-05   0.00000000E+00
   8.100   2.300   0.18321800E-01   0.82013556E-05   0.82013556E-05   0.00000000E+00
   8.117   2.317   0.18357805E-01   0.82231739E-05   0.82231739E-05   0.00000000E+00
   8.133   2.333   0.18392981E-01   0.82445100E-05   0.82445100E-05   0.00000000E+00
   8.150   2.350   0.18427344E-01   0.82653703E-05   0.82653703E-05   0.00000000E+00
   8.167   2.367   0.18460911E-01   0.82857614E-05   0.82857614E-05   0.00000000E+00
   8.183   2.383   0.18493695E-01   0.83056896E-05   0.83056896E-05   0.00000000E+00
   8.200   2.400   0.18525714E-01   0.83251611E-05   0.83251611E-05   0.00000000E+00
   8.217   2.417   0.18556981E-01   0.83441822E-05   0.83441822E-05   0.00000000E+00
   8.233   2.433   0.18587511E-01   0.83627590E-05   0.83627590E-05   0.00000000E+00
   8.250   2.450   0.18617319E-01   0.83808976E-05   0.83808976E-05   0.00000000E+00
   8.267   2.467   0.18646419E-01   0.83986038E-05   0.83986038E-05   0.00000000E+00
   8.283   2.483   0.18674825E-01   0.84158835E-05   0.84158835E-05   0.00000000E+00
   8.300   2.500   0.18702550E-01   0.84327426E-05   0.84327426E-05   0.00000000E+00
   8.317   2.517   0.18729607E-01   0.84491867E-05   0.84491867E-05   0.00000000E+00
   8.333   2.533   0.18756010E-01   0.84652215E-05   0.84652214E-05   0.00000000E+00
   8.350   2.550   0.18781772E-01   0.84808524E-05   0.84808524E-05   0.00000000E+00
   8.367   2.567   0.18806904E-01   0.84960849E-05   0.84960849E-05   0.00000000E+00
   8.383   2.583   0.18831419E-01   0.85109245E-05   0.85109245E-05   0.00000000E+00
   8.400   2.600   0.18855329E-01   0.85253765E-05   0.85253765E-05   0.00000000E+00
   8.417   2.617   0.18878647E-01   0.85394459E-05   0.85394459E-05   0.00000000E+00
   8.433   2.633   0.18901382E-01   0.85531381E-05   0.85531381E-05   0.00000000E+00
   8.450   2.650   0.18923548E-01   0.85664581E-05   0.85664581E-05   0.00000000E+00
   8.467   2.667   0.18945155E-01   0.85794108E-05   0.85794108E-05   0.00000000E+00
   8.483   2.683   0.18966213E-01   0.85920013E-05   0.85920013E-05   0.00000000E+00
   8.500   2.700   0.18986734E-01   0.86042343E-05   0.86042343E-05   0.00000000E+00
   8.517   2.717   0.19006727E-01   0.86161146E-05   0.86161146E-05   0.00000000E+00
   8.533   2.733   0.19026204E-01   0.86276470E-05   0.86276470E-05   0.00000000E+00
   8.550   2.750   0.19045174E-01   0.86388361E-05   0.86388361E-05   0.00000000E+00
   8.567   2.767   0.19063647E-01   0.86496864E-05   0.86496864E-05   0.00000000E+00
   8.583   2.783   0.19081632E-01   0.86602024E-05   0.86602024E-05   0.00000000E+00
   8.600   2.800   0.19099140E-01   0.86703887E-05   0.86703887E-05   0.00000000E+00
   8.617   2.817   0.19116178E-01   0.86802495E-05   0.86802495E-05   0.00000000E+00
   8.633   2.833   0.19132757E-01   0.86897891E-05   0.86897891E-05   0.00000000E+00
   8.650   2.850   0.19148885E-01   0.86990118E-05   0.86990118E-05   0.00000000E+00
   8.667   2.867   0.19164570E-01   0.87079217E-05   0.87079217E-05   0.00000000E+00
   8.683   2.883   0.19179822E-01   0.87165229E-05   0.87165229E-05   0.00000000E+00
   8.700   2.900   0.19194649E-01   0.87248195E-05   0.87248195E-05   0.00000000E+00
   8.717   2.917   0.19209058E-01   0.87328154E-05   0.87328154E-05   0.00000000E+00
   8.733   2.933   0.19223057E-01   0.87405146E-05   0.87405146E-05   0.00000000E+00
   8.750   2.950   0.19236655E-01   0.87479209E-05   0.87479209E-05   0.00000000E+00
   8.767   2.967   0.19249860E-01   0.87550381E-05   0.87550381E-05   0.00000000E+00
   8.783   2.983   0.19262677E-01   0.87618700E-05   0.87618700E-05   0.00000000E+00
   8.800   3.000   0.19275116E-01   0.87684201E-05   0.87684201E-05   0.00000000E+00
   8.817   3.017   0.19287182E-01   0.87746921E-05   0.87746921E-05   0.00000000E+00
   8.833   3.033   0.19298884E-01   0.87806897E-05   0.87806897E-05   0.00000000E+00
   8.850   3.050   0.19310228E-01   0.87864162E-05   0.87864161E-05   0.00000000E+00
   8.867   3.067   0.19321220E-01   0.87918751E-05   0.87918751E-05   0.00000000E+00
   8.883   3.083   0.19331867E-01   0.87970698E-05   0.87970698E-05   0.00000000E+00
   8.900   3.100   0.19342176E-01   0.88020037E-05   0.88020037E-05   0.00000000E+00
   8.917   3.117   0.19352153E-01   0.88066801E-05   0.88066801E-05   0.00000000E+00
   8.933   3.133   0.19361804E-01   0.88111021E-05   0.88111021E-05   0.00000000E+00
   8.950   3.150   0.19371135E-01   0.88152729E-05   0.88152729E-05   0.00000000E+00
   8.967   3.167   0.19380152E-01   0.88191958E-05   0.88191958E-05   0.00000000E+00
   8.983   3.183   0.19388861E-01   0.88228737E-05   0.88228737E-05   0.00000000E+00
   9.000   3.200   0.19397268E-01   0.88263098E-05   0.88263098E-05   0.00000000E+00
   9.017   3.217   0.19405377E-01   0.88295069E-05   0.88295069E-05   0.00000000E+00
   9.033   3.233   0.19413195E-01   0.88324680E-05   0.88324680E-05   0.00000000E+00
   9.050   3.250   0.19420726E-01   0.88351961E-05   0.88351961E-05   0.00000000E+00
   9.067   3.267   0.19427977E-01   0.88376939E-05   0.88376939E-05   0.00000000E+00
   9.083   3.283   0.19434951E-01   0.88399642E-05   0.88399642E-05   0.00000000E+00
   9.100   3.300   0.19441654E-01   0.88420098E-05   0.88420098E-05   0.00000000E+00
   9.117   3.317   0.19448091E-01   0.88438335E-05   0.88438335E-05   0.00000000E+00
   9.133   3.333   0.19454266E-01   0.88454378E-05   0.88454378E-05   0.00000000E+00
   9.150   3.350   0.19460185E-01   0.88468253E-05   0.88468253E-05   0.00000000E+00
   9.167   3.367   0.19465851E-01   0.88479988E-05   0.88479988E-05   0.00000000E+00
   9.183   3.383   0.19471269E-01   0.88489606E-05   0.88489606E-05   0.00000000E+00
   9.200   3.400   0.19476443E-01   0.88497133E-05   0.88497133E-05   0.00000000E+00
   9.217   3.417   0.19481378E-01   0.88502594E-05   0.88502594E-05   0.00000000E+00
   9.233   3.433   0.19486078E-01   0.88506012E-05   0.88506012E-05   0.00000000E+00
   9.250   3.450   0.19490547E-01   0.88507411E-05   0.88507411E-05   0.00000000E+00
   9.267   3.467   0.19494789E-01   0.88506815E-05   0.88506815E-05   0.00000000E+00
   9.283   3.483   0.19498807E-01   0.88504247E-05   0.88504247E-05   0.00000000E+00
   9.300   3.500   0.19502606E-01   0.88499729E-05   0.88499729E-05   0.00000000E+00
   9.317   3.517   0.19506189E-01   0.88493283E-05   0.88493283E-05   0.00000000E+00
   9.333   3.533   0.19509560E-01   0.88484932E-05   0.88484932E-05   0.00000000E+00
   9.350   3.550   0.19512722E-01   0.88474696E-05   0.88474696E-05   0.00000000E+00
   9.367   3.567   0.19515679E-01   0.88462598E-05   0.88462598E-05   0.00000000E+00
   9.383   3.583   0.19518434E-01   0.88448657E-05   0.88448657E-05   0.00000000E+00
   9.400   3.600   0.19520991E-01   0.88432895E-05   0.88432895E-05   0.00000000E+00
   9.417   3.617   0.19523352E-01   0.88415331E-05   0.88415331E-05   0.00000000E+00
   9.433   3.633   0.19525521E-01   0.88395986E-05   0.88395986E-05   0.00000000E+00
   9.450   3.650   0.19527502E-01   0.88374878E-05   0.88374878E-05   0.00000000E+00
   9.467   3.667   0.19529296E-01   0.88352028E-05   0.88352028E-05   0.00000000E+00
   9.483   3.683   0.19530908E-01   0.88327453E-05   0.88327453E-05   0.00000000E+00
   9.500   3.700   0.19532339E-01   0.88301173E-05   0.88301173E-05   0.00000000E+00
   9.517   3.717   0.19533593E-01   0.88273205E-05   0.88273205E-05   0.00000000E+00
   9.533   3.733   0.19534672E-01   0.88243568E-05   0.88243568E-05   0.00000000E+00
   9.550   3.750   0.19535579E-01   0.88212280E-05   0.88212280E-05   0.00000000E+00
   9.567   3.767   0.19536318E-01   0.88179357E-05   0.88179357E-05   0.00000000E+00
   9.583   3.783   0.19536889E-01   0.88144817E-05   0.88144817E-05   0.00000000E+00
   9.600   3.800   0.19537297E-01   0.88108676E-05   0.88108676E-05   0.00000000E+00
   9.617   3.817   0.19537542E-01   0.88070952E-05   0.88070952E-05   0.00000000E+00
   9.633   3.833   0.19537629E-01   0.88031660E-05   0.88031660E-05   0.00000000E+00
   9.650   3.850   0.19537558E-01   0.87990817E-05   0.87990817E-05   0.00000000E+00
   9.667   3.867   0.19537333E-01   0.87948437E-05   0.87948437E-05   0.00000000E+00
   9.683   3.883   0.19536955E-01   0.87904538E-05   0.87904538E-05   0.00000000E+00
   9.700   3.900   0.19536427E-01   0.87859133E-05   0.87859133E-05   0.00000000E+00
   9.717   3.917   0.19535751E-01   0.87812239E-05   0.87812239E-05   0.00000000E+00
   9.733   3.933   0.19534928E-01   0.87763869E-05   0.87763869E-05   0.00000000E+00
   9.750   3.950   0.19533962E-01   0.87714039E-05   0.87714039E-05   0.00000000E+00
   9.767   3.967   0.19532854E-01   0.87662762E-05   0.87662762E-05   0.00000000E+00
   9.783   3.983   0.19531606E-01   0.87610052E-05   0.87610052E-05   0.00000000E+00
   9.800   4.000   0.19530219E-01   0.87555924E-05   0.87555924E-05   0.00000000E+00
   9.817   4.017   0.19528696E-01   0.87500391E-05   0.87500391E-05   0.00000000E+00
   9.833   4.033   0.19527039E-01   0.87443467E-05   0.87443467E-05   0.00000000E+00
   9.850   4.050   0.19525249E-01   0.87385164E-05   0.87385164E-05   0.00000000E+00
   9.867   4.067   0.19523328E-01   0.87325496E-05   0.87325496E-05   0.00000000E+00
   9.883   4.083   0.19521277E-01   0.87264474E-05   0.87264474E-05   0.00000000E+00
   9.900   4.100   0.19519099E-01   0.87202113E-05   0.87202113E-05   0.00000000E+00
   9.917   4.117   0.19516795E-01   0.87138424E-05   0.87138424E-05   0.00000000E+00
   9.933   4.133   0.19514366E-01   0.87073419E-05   0.87073419E-05   0.00000000E+00
   9.950   4.150   0.19511814E-01   0.87007111E-05   0.87007111E-05   0.00000000E+00
   9.967   4.167   0.19509140E-01   0.86939510E-05   0.86939510E-05   0.00000000E+00
   9.983   4.183   0.19506347E-01   0.86870630E-05   0.86870630E-05   0.00000000E+00
  10.000   4.200   0.19503435E-01   0.86800480E-05   0.86800480E-05   0.00000000E+00
  10.017   4.217   0.19500406E-01   0.86729072E-05   0.86729072E-05   0.00000000E+00
  10.033   4.233   0.19497261E-01   0.86656418E-05   0.86656418E-05   0.00000000E+00
  10.050   4.250   0.19494001E-01   0.86582528E-05   0.86582528E-05   0.00000000E+00
  10.067   4.267   0.19490628E-01   0.86507412E-05   0.86507412E-05   0.00000000E+00
  10.083   4.283   0.19487143E-01   0.86431082E-05   0.86431082E-05   0.00000000E+00
  10.100   4.300   0.19483547E-01   0.86353548E-05   0.86353548E-05   0.00000000E+00
  10.117   4.317   0.19479842E-01   0.86274819E-05   0.86274819E-05   0.00000000E+00
  10.133   4.333   0.19476028E-01   0.86194907E-05   0.86194907E-05   0.00000000E+00
  10.150   4.350   0.19472108E-01   0.86113820E-05   0.86113820E-05   0.00000000E+00
  10.167   4.367   0.19468081E-01   0.86031568E-05   0.86031568E-05   0.00000000E+00
  10.183   4.383   0.19463949E-01   0.85948162E-05   0.85948162E-05   0.00000000E+00
  10.200   4.400   0.19459713E-01   0.85863610E-05   0.85863610E-05   0.00000000E+00
  10.217   4.417   0.19455374E-01   0.85777922E-05   0.85777922E-05   0.00000000E+00
  10.233   4.433   0.19450933E-01   0.85691106E-05   0.85691106E-05   0.00000000E+00
  10.250   4.450   0.19446392E-01   0.85603173E-05   0.85603173E-05   0.00000000E+00
  10.267   4.467   0.19441750E-01   0.85514130E-05   0.85514130E-05   0.00000000E+00
  10.283   4.483   0.19437010E-01   0.85423987E-05   0.85423986E-05   0.00000000E+00
  10.300   4.500   0.19432171E-01   0.85332751E-05   0.85332751E-05   0.00000000E+00
  10.317   4.517   0.19427235E-01   0.85240432E-05   0.85240432E-05   0.00000000E+00
  10.333   4.533   0.19422204E-01   0.85147037E-05   0.85147037E-05   0.00000000E+00
  10.350   4.550   0.19417076E-01   0.85052576E-05   0.85052576E-05   0.00000000E+00
  10.367   4.567   0.19411854E-01   0.84957055E-05   0.84957055E-05   0.00000000E+00
  10.383   4.583   0.19406539E-01   0.84860483E-05   0.84860483E-05   0.00000000E+00
  10.400   4.600   0.19401130E-01   0.84762868E-05   0.84762868E-05   0.00000000E+00
  10.417   4.617   0.19395629E-01   0.84664218E-05   0.84664218E-05   0.00000000E+00
  10.433   4.633   0.19390037E-01   0.84564539E-05   0.84564539E-05   0.00000000E+00
  10.450   4.650   0.19384354E-01   0.84463840E-05   0.84463839E-05   0.00000000E+00
  10.467   4.667   0.19378581E-01   0.84362127E-05   0.84362127E-05   0.00000000E+00
  10.483   4.683   0.19372719E-01   0.84259409E-05   0.84259408E-05   0.00000000E+00
  10.500   4.700   0.19366769E-01   0.84155691E-05   0.84155691E-05   0.00000000E+00
  10.517   4.717   0.19360731E-01   0.84050982E-05   0.84050982E-05   0.00000000E+00
  10.533   4.733   0.19354605E-01   0.83945288E-05   0.83945288E-05   0.00000000E+00
  10.550   4.750   0.19348393E-01   0.83838616E-05   0.83838616E-05   0.00000000E+00
  10.567   4.767   0.19342095E-01   0.83730972E-05   0.83730972E-05   0.00000000E+00
  10.583   4.783   0.19335712E-01   0.83622364E-05   0.83622364E-05   0.00000000E+00
  10.600   4.800   0.19329244E-01   0.83512798E-05   0.83512798E-05   0.00000000E+00
  10.617   4.817   0.19322691E-01   0.83402279E-05   0.83402279E-05   0.00000000E+00
  10.633   4.833   0.19316056E-01   0.83290816E-05   0.83290816E-05   0.00000000E+00
  10.650   4.850   0.19309337E-01   0.83178413E-05   0.83178413E-05   0.00000000E+00
  10.667   4.867   0.19302536E-01   0.83065077E-05   0.83065077E-05   0.00000000E+00
  10.683   4.883   0.19295653E-01   0.82950814E-05   0.82950814E-05   0.00000000E+00
  10.700   4.900   0.19288689E-01   0.82835629E-05   0.82835629E-05   0.00000000E+00
  10.717   4.917   0.19281644E-01   0.82719530E-05   0.82719530E-05   0.00000000E+00
  10.733   4.933   0.19274518E-01   0.82602521E-05   0.82602521E-05   0.00000000E+00
  10.750   4.950   0.19267313E-01   0.82484609E-05   0.82484609E-05   0.00000000E+00
  10.767   4.967   0.19260028E-01   0.82365799E-05   0.82365799E-05   0.00000000E+00
  10.783   4.983   0.19252664E-01   0.82246096E-05   0.82246096E-05   0.00000000E+00
  10.800   5.000   0.19245222E-01   0.82125506E-05   0.82125506E-05   0.00000000E+00
  10.817   5.017   0.19237702E-01   0.82004034E-05   0.82004034E-05   0.00000000E+00
  10.833   5.033   0.19230104E-01   0.81881687E-05   0.81881687E-05   0.00000000E+00
  10.850   5.050   0.19222429E-01   0.81758468E-05   0.81758468E-05   0.00000000E+00
  10.867   5.067   0.19214678E-01   0.81634383E-05   0.81634383E-05   0.00000000E+00
  10.883   5.083   0.19206850E-01   0.81509437E-05   0.81509437E-05   0.00000000E+00
  10.900   5.100   0.19198946E-01   0.81383636E-05   0.81383636E-05   0.00000000E+00
  10.917   5.117   0.19190967E-01   0.81256984E-05   0.81256984E-05   0.00000000E+00
  10.933   5.133   0.19182912E-01   0.81129486E-05   0.81129486E-05   0.00000000E+00
  10.950   5.150   0.19174783E-01   0.81001147E-05   0.81001147E-05   0.00000000E+00
  10.967   5.167   0.19166580E-01   0.80871971E-05   0.80871971E-05   0.00000000E+00
  10.983   5.183   0.19158302E-01   0.80741964E-05   0.80741964E-05   0.00000000E+00
  11.000   5.200   0.19149951E-01   0.80611130E-05   0.80611130E-05   0.00000000E+00
  11.017   5.217   0.19141527E-01   0.80479473E-05   0.80479473E-05   0.00000000E+00
  11.033   5.233   0.19133029E-01   0.80346999E-05   0.80346999E-05   0.00000000E+00
  11.050   5.250   0.19124459E-01   0.80213711E-05   0.80213711E-05   0.00000000E+00
  11.067   5.267   0.19115817E-01   0.80079613E-05   0.80079613E-05   0.00000000E+00
  11.083   5.283   0.19107103E-01   0.79944711E-05   0.79944711E-05   0.00000000E+00
  11.100   5.300   0.19098317E-01   0.79809009E-05   0.79809009E-05   0.00000000E+00
  11.117   5.317   0.19089459E-01   0.79672510E-05   0.79672510E-05   0.00000000E+00
  11.133   5.333   0.19080531E-01   0.79535219E-05   0.79535219E-05   0.00000000E+00
  11.150   5.350   0.19071532E-01   0.79397139E-05   0.79397139E-05   0.00000000E+00
  11.167   5.367   0.19062463E-01   0.79258276E-05   0.79258276E-05   0.00000000E+00
  11.183   5.383   0.19053323E-01   0.79118633E-05   0.79118633E-05   0.00000000E+00
  11.200   5.400   0.19044114E-01   0.78978213E-05   0.78978213E-05   0.00000000E+00
  11.217   5.417   0.19034835E-01   0.78837021E-05   0.78837021E-05   0.00000000E+00
  11.233   5.433   0.19025487E-01   0.78695061E-05   0.78695061E-05   0.00000000E+00
  11.250   5.450   0.19016070E-01   0.78552336E-05   0.78552336E-05   0.00000000E+00
  11.267   5.467   0.19006584E-01   0.78408850E-05   0.78408850E-05   0.00000000E+00
  11.283   5.483   0.18997030E-01   0.78264607E-05   0.78264607E-05   0.00000000E+00
  11.300   5.500   0.18987407E-01   0.78119611E-05   0.78119611E-05   0.00000000E+00
  11.317   5.517   0.18977717E-01   0.77973865E-05   0.77973865E-05   0.00000000E+00
  11.333   5.533   0.18967959E-01   0.77827372E-05   0.77827372E-05   0.00000000E+00
  11.350   5.550   0.18958134E-01   0.77680136E-05   0.77680136E-05   0.00000000E+00
  11.367   5.567   0.18948241E-01   0.77532161E-05   0.77532161E-05   0.00000000E+00
  11.383   5.583   0.18938282E-01   0.77383450E-05   0.77383450E-05   0.00000000E+00
  11.400   5.600   0.18928256E-01   0.77234006E-05   0.77234006E-05   0.00000000E+00
  11.417   5.617   0.18918163E-01   0.77083833E-05   0.77083833E-05   0.00000000E+00
  11.433   5.633   0.18908005E-01   0.76932934E-05   0.76932934E-05   0.00000000E+00
  11.450   5.650   0.18897780E-01   0.76781312E-05   0.76781312E-05   0.00000000E+00
  11.467   5.667   0.18887490E-01   0.76628971E-05   0.76628971E-05   0.00000000E+00
  11.483   5.683   0.18877135E-01   0.76475914E-05   0.76475914E-05   0.00000000E+00
  11.500   5.700   0.18866714E-01   0.76322143E-05   0.76322143E-05   0.00000000E+00
  11.517   5.717   0.18856228E-01   0.76167662E-05   0.76167662E-05   0.00000000E+00
  11.533   5.733   0.18845677E-01   0.76012474E-05   0.76012474E-05   0.00000000E+00
  11.550   5.750   0.18835063E-01   0.75856582E-05   0.75856582E-05   0.00000000E+00
  11.567   5.767   0.18824383E-01   0.75699990E-05   0.75699990E-05   0.00000000E+00
  11.583   5.783   0.18813640E-01   0.75542699E-05   0.75542699E-05   0.00000000E+00
  11.600   5.800   0.18802833E-01   0.75384713E-05   0.75384713E-05   0.00000000E+00
  11.617   5.817   0.18791962E-01   0.75226035E-05   0.75226035E-05   0.00000000E+00
  11.633   5.833   0.18781028E-01   0.75066667E-05   0.75066667E-05   0.00000000E+00
  11.650   5.850   0.18770031E-01   0.74906613E-05   0.74906613E-05   0.00000000E+00
  11.667   5.867   0.18758971E-01   0.74745875E-05   0.74745875E-05   0.00000000E+00
  11.683   5.883   0.18747848E-01   0.74584457E-05   0.74584457E-05   0.00000000E+00
  11.700   5.900   0.18736663E-01   0.74422360E-05   0.74422360E-05   0.00000000E+00
  11.717   5.917   0.18725416E-01   0.74259587E-05   0.74259587E-05   0.00000000E+00
  11.733   5.933   0.18714106E-01   0.74096142E-05   0.74096142E-05   0.00000000E+00
  11.750   5.950   0.18702735E-01   0.73932027E-05   0.73932027E-05   0.00000000E+00
  11.767   5.967   0.18691302E-01   0.73767243E-05   0.73767243E-05   0.00000000E+00
  11.783   5.983   0.18679808E-01   0.73601795E-05   0.73601795E-05   0.00000000E+00
  11.800   6.000   0.18668252E-01   0.73435685E-05   0.73435685E-05   0.00000000E+00
  11.817   6.017   0.18656636E-01   0.73268914E-05   0.73268914E-05   0.00000000E+00
  11.833   6.033   0.18644959E-01   0.73101486E-05   0.73101486E-05   0.00000000E+00
  11.850   6.050   0.18633222E-01   0.72933403E-05   0.72933403E-05   0.00000000E+00
  11.867   6.067   0.18621424E-01   0.72764668E-05   0.72764668E-05   0.00000000E+00
  11.883   6.083   0.18609567E-01   0.72595282E-05   0.72595282E-05   0.00000000E+00
  11.900   6.100   0.18597649E-01   0.72425249E-05   0.72425249E-05   0.00000000E+00
  11.917   6.117   0.18585673E-01   0.72254570E-05   0.72254570E-05   0.00000000E+00
  11.933   6.133   0.18573636E-01   0.72083248E-05   0.72083248E-05   0.00000000E+00
  11.950   6.150   0.18561541E-01   0.71911286E-05   0.71911286E-05   0.00000000E+00
  11.967   6.167   0.18549387E-01   0.71738686E-05   0.71738686E-05   0.00000000E+00
  11.983   6.183   0.18537174E-01   0.71565449E-05   0.71565449E-05   0.00000000E+00
  12.000   6.200   0.18524903E-01   0.71391578E-05   0.71391578E-05   0.00000000E+00
  12.017   6.217   0.18512573E-01   0.71217076E-05   0.71217076E-05   0.00000000E+00
  12.033   6.233   0.18500186E-01   0.71041945E-05   0.71041945E-05   0.00000000E+00
  12.050   6.250   0.18487741E-01   0.70866186E-05   0.70866186E-05   0.00000000E+00
  12.067   6.267   0.18475238E-01   0.70689802E-05   0.70689802E-05   0.00000000E+00
  12.083   6.283   0.18462678E-01   0.70512796E-05   0.70512796E-05   0.00000000E+00
  12.100   6.300   0.18450062E-01   0.70335168E-05   0.70335168E-05   0.00000000E+00
  12.117   6.317   0.18437388E-01   0.70156922E-05   0.70156922E-05   0.00000000E+00
  12.133   6.333   0.18424658E-01   0.69978059E-05   0.69978059E-05   0.00000000E+00
  12.150   6.350   0.18411872E-01   0.69798582E-05   0.69798582E-05   0.00000000E+00
  12.167   6.367   0.18399029E-01   0.69618493E-05   0.69618493E-05   0.00000000E+00
  12.183   6.383   0.18386131E-01   0.69437792E-05   0.69437792E-05   0.00000000E+00
  12.200   6.400   0.18373177E-01   0.69256484E-05   0.69256484E-05   0.00000000E+00
  12.217   6.417   0.18360168E-01   0.69074569E-05   0.69074569E-05   0.00000000E+00
  12.233   6.433   0.18347105E-01   0.68892049E-05   0.68892049E-05   0.00000000E+00
  12.250   6.450   0.18333986E-01   0.68708927E-05   0.68708927E-05   0.00000000E+00
  12.267   6.467   0.18320813E-01   0.68525204E-05   0.68525204E-05   0.00000000E+00
  12.283   6.483   0.18307585E-01   0.68340883E-05   0.68340883E-05   0.00000000E+00
  12.300   6.500   0.18294304E-01   0.68155965E-05   0.68155964E-05   0.00000000E+00
  12.317   6.517   0.18280968E-01   0.67970451E-05   0.67970451E-05   0.00000000E+00
  12.333   6.533   0.18267580E-01   0.67784345E-05   0.67784345E-05   0.00000000E+00
  12.350   6.550   0.18254138E-01   0.67597648E-05   0.67597648E-05   0.00000000E+00
  12.367   6.567   0.18240643E-01   0.67410361E-05   0.67410361E-05   0.00000000E+00
  12.383   6.583   0.18227096E-01   0.67222486E-05   0.67222486E-05   0.00000000E+00
  12.400   6.600   0.18213496E-01   0.67034026E-05   0.67034026E-05   0.00000000E+00
  12.417   6.617   0.18199844E-01   0.66844982E-05   0.66844982E-05   0.00000000E+00
  12.433   6.633   0.18186140E-01   0.66655356E-05   0.66655356E-05   0.00000000E+00
  12.450   6.650   0.18172385E-01   0.66465149E-05   0.66465149E-05   0.00000000E+00
  12.467   6.667   0.18158578E-01   0.66274364E-05   0.66274364E-05   0.00000000E+00
  12.483   6.683   0.18144721E-01   0.66083001E-05   0.66083001E-05   0.00000000E+00
  12.500   6.700   0.18130813E-01   0.65891064E-05   0.65891064E-05   0.00000000E+00
  12.517   6.717   0.18116854E-01   0.65698552E-05   0.65698552E-05   0.00000000E+00
  12.533   6.733   0.18102846E-01   0.65505469E-05   0.65505469E-05   0.00000000E+00
  12.550   6.750   0.18088788E-01   0.65311816E-05   0.65311816E-05   0.00000000E+00
  12.567   6.767   0.18074680E-01   0.65117594E-05   0.65117594E-05   0.00000000E+00
  12.583   6.783   0.18060523E-01   0.64922806E-05   0.64922806E-05   0.00000000E+00
  12.600   6.800   0.18046317E-01   0.64727452E-05   0.64727452E-05   0.00000000E+00
  12.617   6.817   0.18032063E-01   0.64531534E-05   0.64531534E-05   0.00000000E+00
  12.633   6.833   0.18017760E-01   0.64335055E-05   0.64335055E-05   0.00000000E+00
  12.650   6.850   0.18003410E-01   0.64138015E-05   0.64138015E-05   0.00000000E+00
  12.667   6.867   0.17989012E-01   0.63940416E-05   0.63940416E-05   0.00000000E+00
  12.683   6.883   0.17974566E-01   0.63742260E-05   0.63742260E-05   0.00000000E+00
  12.700   6.900   0.17960074E-01   0.63543549E-05   0.63543549E-05   0.00000000E+00
  12.717   6.917   0.17945535E-01   0.63344283E-05   0.63344283E-05   0.00000000E+00
  12.733   6.933   0.17930950E-01   0.63144465E-05   0.63144465E-05   0.00000000E+00
  12.750   6.950   0.17916319E-01   0.62944095E-05   0.62944095E-05   0.00000000E+00
  12.767   6.967   0.17901642E-01   0.62743177E-05   0.62743177E-05   0.00000000E+00
  12.783   6.983   0.17886920E-01   0.62541710E-05   0.62541710E-05   0.00000000E+00
  12.800   7.000   0.17872153E-01   0.62339697E-05   0.62339697E-05   0.00000000E+00
  12.817   7.017   0.17857342E-01   0.62137139E-05   0.62137139E-05   0.00000000E+00
  12.833   7.033   0.17842486E-01   0.61934037E-05   0.61934037E-05   0.00000000E+00
  12.850   7.050   0.17827587E-01   0.61730393E-05   0.61730393E-05   0.00000000E+00
  12.867   7.067   0.17812644E-01   0.61526209E-05   0.61526209E-05   0.00000000E+00
  12.883   7.083   0.17797658E-01   0.61321486E-05   0.61321486E-05   0.00000000E+00
  12.900   7.100   0.17782629E-01   0.61116225E-05   0.61116225E-05   0.00000000E+00
  12.917   7.117   0.17767558E-01   0.60910428E-05   0.60910428E-05   0.00000000E+00
  12.933   7.133   0.17752445E-01   0.60704096E-05   0.60704096E-05   0.00000000E+00
  12.950   7.150   0.17737290E-01   0.60497231E-05   0.60497231E-05   0.00000000E+00
  12.967   7.167   0.17722094E-01   0.60289835E-05   0.60289835E-05   0.00000000E+00
  12.983   7.183   0.17706857E-01   0.60081907E-05   0.60081907E-05   0.00000000E+00
  13.000   7.200   0.17691579E-01   0.59873451E-05   0.59873451E-05   0.00000000E+00
  13.017   7.217   0.17676262E-01   0.59664466E-05   0.59664466E-05   0.00000000E+00
  13.033   7.233   0.17660904E-01   0.59454956E-05   0.59454956E-05   0.00000000E+00
  13.050   7.250   0.17645508E-01   0.59244921E-05   0.59244921E-05   0.00000000E+00
  13.067   7.267   0.17630073E-01   0.59034362E-05   0.59034362E-05   0.00000000E+00
  13.083   7.283   0.17614599E-01   0.58823281E-05   0.58823281E-05   0.00000000E+00
  13.100   7.300   0.17599087E-01   0.58611679E-05   0.58611679E-05   0.00000000E+00
  13.117   7.317   0.17583537E-01   0.58399558E-05   0.58399558E-05   0.00000000E+00
  13.133   7.333   0.17567950E-01   0.58186919E-05   0.58186919E-05   0.00000000E+00
  13.150   7.350   0.17552327E-01   0.57973763E-05   0.57973763E-05   0.00000000E+00
  13.167   7.367   0.17536667E-01   0.57760092E-05   0.57760092E-05   0.00000000E+00
  13.183   7.383   0.17520971E-01   0.57545907E-05   0.57545907E-05   0.00000000E+00
  13.200   7.400   0.17505239E-01   0.57331209E-05   0.57331209E-05   0.00000000E+00
  13.217   7.417   0.17489473E-01   0.57116000E-05   0.57116000E-05   0.00000000E+00
  13.233   7.433   0.17473672E-01   0.56900281E-05   0.56900281E-05   0.00000000E+00
  13.250   7.450   0.17457836E-01   0.56684053E-05   0.56684053E-05   0.00000000E+00
  13.267   7.467   0.17441967E-01   0.56467318E-05   0.56467318E-05   0.00000000E+00
  13.283   7.483   0.17426064E-01   0.56250077E-05   0.56250077E-05   0.00000000E+00
  13.300   7.500   0.17410129E-01   0.56032331E-05   0.56032331E-05   0.00000000E+00
  13.317   7.517   0.17394161E-01   0.55814082E-05   0.55814082E-05   0.00000000E+00
  13.333   7.533   0.17378162E-01   0.55595330E-05   0.55595330E-05   0.00000000E+00
  13.350   7.550   0.17362131E-01   0.55376078E-05   0.55376078E-05   0.00000000E+00
  13.367   7.567   0.17346069E-01   0.55156327E-05   0.55156327E-05   0.00000000E+00
  13.383   7.583   0.17329976E-01   0.54936077E-05   0.54936077E-05   0.00000000E+00
  13.400   7.600   0.17313854E-01   0.54715330E-05   0.54715330E-05   0.00000000E+00
  13.417   7.617   0.17297701E-01   0.54494088E-05   0.54494088E-05   0.00000000E+00
  13.433   7.633   0.17281520E-01   0.54272352E-05   0.54272352E-05   0.00000000E+00
  13.450   7.650   0.17265310E-01   0.54050123E-05   0.54050123E-05   0.00000000E+00
  13.467   7.667   0.17249073E-01   0.53827402E-05   0.53827402E-05   0.00000000E+00
  13.483   7.683   0.17232807E-01   0.53604190E-05   0.53604190E-05   0.00000000E+00
  13.500   7.700   0.17216515E-01   0.53380490E-05   0.53380490E-05   0.00000000E+00
  13.517   7.717   0.17200195E-01   0.53156302E-05   0.53156302E-05   0.00000000E+00
  13.533   7.733   0.17183850E-01   0.52931628E-05   0.52931628E-05   0.00000000E+00
  13.550   7.750   0.17167480E-01   0.52706468E-05   0.52706468E-05   0.00000000E+00
  13.567   7.767   0.17151084E-01   0.52480825E-05   0.52480825E-05   0.00000000E+00
  13.583   7.783   0.17134664E-01   0.52254699E-05   0.52254699E-05   0.00000000E+00
  13.600   7.800   0.17118219E-01   0.52028092E-05   0.52028092E-05   0.00000000E+00
  13.617   7.817   0.17101751E-01   0.51801005E-05   0.51801005E-05   0.00000000E+00
  13.633   7.833   0.17085261E-01   0.51573440E-05   0.51573440E-05   0.00000000E+00
  13.650   7.850   0.17068748E-01   0.51345397E-05   0.51345397E-05   0.00000000E+00
  13.667   7.867   0.17052213E-01   0.51116879E-05   0.51116879E-05   0.00000000E+00
  13.683   7.883   0.17035656E-01   0.50887886E-05   0.50887886E-05   0.00000000E+00
  13.700   7.900   0.17019079E-01   0.50658420E-05   0.50658420E-05   0.00000000E+00
  13.717   7.917   0.17002482E-01   0.50428482E-05   0.50428482E-05   0.00000000E+00
  13.733   7.933   0.16985865E-01   0.50198073E-05   0.50198073E-05   0.00000000E+00
  13.750   7.950   0.16969229E-01   0.49967195E-05   0.49967195E-05   0.00000000E+00
  13.767   7.967   0.16952574E-01   0.49735850E-05   0.49735850E-05   0.00000000E+00
  13.783   7.983   0.16935901E-01   0.49504038E-05   0.49504038E-05   0.00000000E+00
  13.800   8.000   0.16919211E-01   0.49271761E-05   0.49271761E-05   0.00000000E+00
  13.817   8.017   0.16902504E-01   0.49039021E-05   0.49039021E-05   0.00000000E+00
  13.833   8.033   0.16885780E-01   0.48805818E-05   0.48805818E-05   0.00000000E+00
  13.850   8.050   0.16869041E-01   0.48572154E-05   0.48572154E-05   0.00000000E+00
  13.867   8.067   0.16852287E-01   0.48338031E-05   0.48338031E-05   0.00000000E+00
  13.883   8.083   0.16835518E-01   0.48103451E-05   0.48103451E-05   0.00000000E+00
  13.900   8.100   0.16818734E-01   0.47868413E-05   0.47868413E-05   0.00000000E+00
  13.917   8.117   0.16801938E-01   0.47632921E-05   0.47632921E-05   0.00000000E+00
  13.933   8.133   0.16785129E-01   0.47396974E-05   0.47396974E-05   0.00000000E+00
  13.950   8.150   0.16768307E-01   0.47160576E-05   0.47160576E-05   0.00000000E+00
  13.967   8.167   0.16751474E-01   0.46923727E-05   0.46923727E-05   0.00000000E+00
  13.983   8.183   0.16734629E-01   0.46686429E-05   0.46686429E-05   0.00000000E+00
  14.000   8.200   0.16717775E-01   0.46448684E-05   0.46448684E-05   0.00000000E+00
  14.017   8.217   0.16700910E-01   0.46210492E-05   0.46210492E-05   0.00000000E+00
  14.033   8.233   0.16684036E-01   0.45971856E-05   0.45971856E-05   0.00000000E+00
  14.050   8.250   0.16667153E-01   0.45732777E-05   0.45732777E-05   0.00000000E+00
  14.067   8.267   0.16650262E-01   0.45493257E-05   0.45493257E-05   0.00000000E+00
  14.083   8.283   0.16633364E-01   0.45253297E-05   0.45253297E-05   0.00000000E+00
  14.100   8.300   0.16616459E-01   0.45012899E-05   0.45012899E-05   0.00000000E+00
  14.117   8.317   0.16599547E-01   0.44772065E-05   0.44772065E-05   0.00000000E+00
  14.133   8.333   0.16582630E-01   0.44530796E-05   0.44530796E-05   0.00000000E+00
  14.150   8.350   0.16565708E-01   0.44289094E-05   0.44289094E-05   0.00000000E+00
  14.167   8.367   0.16548781E-01   0.44046961E-05   0.44046961E-05   0.00000000E+00
  14.183   8.383   0.16531850E-01   0.43804398E-05   0.43804398E-05   0.00000000E+00
  14.200   8.400   0.16514917E-01   0.43561407E-05   0.43561407E-05   0.00000000E+00
  14.217   8.417   0.16497980E-01   0.43317991E-05   0.43317991E-05   0.00000000E+00
  14.233   8.433   0.16481042E-01   0.43074151E-05   0.43074151E-05   0.00000000E+00
  14.250   8.450   0.16464102E-01   0.42829888E-05   0.42829888E-05   0.00000000E+00
  14.267   8.467   0.16447161E-01   0.42585205E-05   0.42585205E-05   0.00000000E+00
  14.283   8.483   0.16430221E-01   0.42340104E-05   0.42340104E-05   0.00000000E+00
  14.300   8.500   0.16413280E-01   0.42094586E-05   0.42094586E-05   0.00000000E+00
  14.317   8.517   0.16396341E-01   0.41848654E-05   0.41848654E-05   0.00000000E+00
  14.333   8.533   0.16379404E-01   0.41602310E-05   0.41602310E-05   0.00000000E+00
  14.350   8.550   0.16362468E-01   0.41355556E-05   0.41355556E-05   0.00000000E+00
  14.367   8.567   0.16345536E-01   0.41108393E-05   0.41108393E-05   0.00000000E+00
  14.383   8.583   0.16328607E-01   0.40860825E-05   0.40860825E-05   0.00000000E+00
  14.400   8.600   0.16311682E-01   0.40612853E-05   0.40612853E-05   0.00000000E+00
  14.417   8.617   0.16294762E-01   0.40364479E-05   0.40364479E-05   0.00000000E+00
  14.433   8.633   0.16277847E-01   0.40115706E-05   0.40115706E-05   0.00000000E+00
  14.450   8.650   0.16260938E-01   0.39866536E-05   0.39866536E-05   0.00000000E+00
  14.467   8.667   0.16244036E-01   0.39616972E-05   0.39616972E-05   0.00000000E+00
  14.483   8.683   0.16227140E-01   0.39367016E-05   0.39367016E-05   0.00000000E+00
  14.500   8.700   0.16210253E-01   0.39116671E-05   0.39116671E-05   0.00000000E+00
  14.517   8.717   0.16193373E-01   0.38865938E-05   0.38865938E-05   0.00000000E+00
  14.533   8.733   0.16176502E-01   0.38614822E-05   0.38614822E-05   0.00000000E+00
  14.550   8.750   0.16159641E-01   0.38363323E-05   0.38363323E-05   0.00000000E+00
  14.567   8.767   0.16142790E-01   0.38111446E-05   0.38111446E-05   0.00000000E+00
  14.583   8.783   0.16125949E-01   0.37859193E-05   0.37859193E-05   0.00000000E+00
  14.600   8.800   0.16109119E-01   0.37606566E-05   0.37606566E-05   0.00000000E+00
  14.617   8.817   0.16092301E-01   0.37353569E-05   0.37353569E-05   0.00000000E+00
  14.633   8.833   0.16075496E-01   0.37100205E-05   0.37100205E-05   0.00000000E+00
  14.650   8.850   0.16058703E-01   0.36846477E-05   0.36846477E-05   0.00000000E+00
  14.667   8.867   0.16041923E-01   0.36592388E-05   0.36592388E-05   0.00000000E+00
  14.683   8.883   0.16025157E-01   0.36337941E-05   0.36337941E-05   0.00000000E+00
  14.700   8.900   0.16008405E-01   0.36083140E-05   0.36083140E-05   0.00000000E+00
  14.717   8.917   0.15991668E-01   0.35827987E-05   0.35827987E-05   0.00000000E+00
  14.733   8.933   0.15974947E-01   0.35572487E-05   0.35572487E-05   0.00000000E+00
  14.750   8.950   0.15958241E-01   0.35316643E-05   0.35316643E-05   0.00000000E+00
  14.767   8.967   0.15941552E-01   0.35060459E-05   0.35060459E-05   0.00000000E+00
  14.783   8.983   0.15924879E-01   0.34803938E-05   0.34803938E-05   0.00000000E+00
  14.800   9.000   0.15908224E-01   0.34547085E-05   0.34547085E-05   0.00000000E+00
  14.817   9.017   0.15891586E-01   0.34289903E-05   0.34289903E-05   0.00000000E+00
  14.833   9.033   0.15874966E-01   0.34032397E-05   0.34032397E-05   0.00000000E+00
  14.850   9.050   0.15858365E-01   0.33774570E-05   0.33774570E-05   0.00000000E+00
  14.867   9.067   0.15841783E-01   0.33516428E-05   0.33516428E-05   0.00000000E+00
  14.883   9.083   0.15825220E-01   0.33257973E-05   0.33257973E-05   0.00000000E+00
  14.900   9.100   0.15808677E-01   0.32999212E-05   0.32999212E-05   0.00000000E+00
  14.917   9.117   0.15792154E-01   0.32740149E-05   0.32740149E-05   0.00000000E+00
  14.933   9.133   0.15775651E-01   0.32480788E-05   0.32480788E-05   0.00000000E+00
  14.950   9.150   0.15759169E-01   0.32221134E-05   0.32221134E-05   0.00000000E+00
  14.967   9.167   0.15742708E-01   0.31961193E-05   0.31961193E-05   0.00000000E+00
  14.983   9.183   0.15726268E-01   0.31700970E-05   0.31700970E-05   0.00000000E+00
  15.000   9.200   0.15709849E-01   0.31440470E-05   0.31440470E-05   0.00000000E+00
  15.017   9.217   0.15693453E-01   0.31179699E-05   0.31179699E-05   0.00000000E+00
  15.033   9.233   0.15677079E-01   0.30918663E-05   0.30918663E-05   0.00000000E+00
  15.050   9.250   0.15660726E-01   0.30657367E-05   0.30657367E-05   0.00000000E+00
  15.067   9.267   0.15644396E-01   0.30395817E-05   0.30395817E-05   0.00000000E+00
  15.083   9.283   0.15628089E-01   0.30134020E-05   0.30134020E-05   0.00000000E+00
  15.100   9.300   0.15611804E-01   0.29871982E-05   0.29871982E-05   0.00000000E+00
  15.117   9.317   0.15595543E-01   0.29609710E-05   0.29609710E-05   0.00000000E+00
  15.133   9.333   0.15579303E-01   0.29347211E-05   0.29347211E-05   0.00000000E+00
  15.150   9.350   0.15563087E-01   0.29084490E-05   0.29084490E-05   0.00000000E+00
  15.167   9.367   0.15546894E-01   0.28821557E-05   0.28821557E-05   0.00000000E+00
  15.183   9.383   0.15530723E-01   0.28558417E-05   0.28558417E-05   0.00000000E+00
  15.200   9.400   0.15514576E-01   0.28295080E-05   0.28295080E-05   0.00000000E+00
  15.217   9.417   0.15498451E-01   0.28031552E-05   0.28031552E-05   0.00000000E+00
  15.233   9.433   0.15482348E-01   0.27767841E-05   0.27767841E-05   0.00000000E+00
  15.250   9.450   0.15466268E-01   0.27503957E-05   0.27503957E-05   0.00000000E+00
  15.267   9.467   0.15450210E-01   0.27239907E-05   0.27239907E-05   0.00000000E+00
  15.283   9.483   0.15434174E-01   0.26975701E-05   0.26975701E-05   0.00000000E+00
  15.300   9.500   0.15418160E-01   0.26711347E-05   0.26711347E-05   0.00000000E+00
  15.317   9.517   0.15402167E-01   0.26446856E-05   0.26446856E-05   0.00000000E+00
  15.333   9.533   0.15386195E-01   0.26182236E-05   0.26182236E-05   0.00000000E+00
  15.350   9.550   0.15370243E-01   0.25917497E-05   0.25917497E-05   0.00000000E+00
  15.367   9.567   0.15354311E-01   0.25652651E-05   0.25652651E-05   0.00000000E+00
  15.383   9.583   0.15338399E-01   0.25387706E-05   0.25387706E-05   0.00000000E+00
  15.400   9.600   0.15322506E-01   0.25122675E-05   0.25122675E-05   0.00000000E+00
  15.417   9.617   0.15306631E-01   0.24857569E-05   0.24857569E-05   0.00000000E+00
  15.433   9.633   0.15290774E-01   0.24592399E-05   0.24592399E-05   0.00000000E+00
  15.450   9.650   0.15274934E-01   0.24327176E-05   0.24327176E-05   0.00000000E+00
  15.467   9.667   0.15259110E-01   0.24061914E-05   0.24061914E-05   0.00000000E+00
  15.483   9.683   0.15243300E-01   0.23796624E-05   0.23796624E-05   0.00000000E+00
  15.500   9.700   0.15227506E-01   0.23531321E-05   0.23531321E-05   0.00000000E+00
  15.517   9.717   0.15211724E-01   0.23266016E-05   0.23266016E-05   0.00000000E+00
  15.533   9.733   0.15195954E-01   0.23000724E-05   0.23000724E-05   0.00000000E+00
  15.550   9.750   0.15180196E-01   0.22735460E-05   0.22735460E-05   0.00000000E+00
  15.567   9.767   0.15164447E-01   0.22470237E-05   0.22470237E-05   0.00000000E+00
  15.583   9.783   0.15148707E-01   0.22205070E-05   0.22205070E-05   0.00000000E+00
  15.600   9.800   0.15132974E-01   0.21939976E-05   0.21939976E-05   0.00000000E+00
  15.617   9.817   0.15117247E-01   0.21674970E-05   0.21674970E-05   0.00000000E+00
  15.633   9.833   0.15101524E-01   0.21410069E-05   0.21410069E-05   0.00000000E+00
  15.650   9.850   0.15085803E-01   0.21145288E-05   0.21145288E-05   0.00000000E+00
  15.667   9.867   0.15070083E-01   0.20880647E-05   0.20880647E-05   0.00000000E+00
  15.683   9.883   0.15054363E-01   0.20616162E-05   0.20616162E-05   0.00000000E+00
  15.700   9.900   0.15038639E-01   0.20351852E-05   0.20351852E-05   0.00000000E+00
  15.717   9.917   0.15022910E-01   0.20087736E-05   0.20087736E-05   0.00000000E+00
  15.733   9.933   0.15007174E-01   0.19823833E-05   0.19823833E-05   0.00000000E+00
  15.750   9.950   0.14991429E-01   0.19560163E-05   0.19560163E-05   0.00000000E+00
  15.767   9.967   0.14975672E-01   0.19296747E-05   0.19296747E-05   0.00000000E+00
  15.783   9.983   0.14959901E-01   0.19033607E-05   0.19033607E-05   0.00000000E+00
  15.800  10.000   0.14944114E-01   0.18770763E-05   0.18770763E-05   0.00000000E+00
  15.817  10.017   0.14928307E-01   0.18508238E-05   0.18508238E-05   0.00000000E+00
  15.833  10.033   0.14912478E-01   0.18246056E-05   0.18246056E-05   0.00000000E+00
  15.850  10.050   0.14896624E-01   0.17984239E-05   0.17984239E-05   0.00000000E+00
  15.867  10.067   0.14880742E-01   0.17722812E-05   0.17722812E-05   0.00000000E+00
  15.883  10.083   0.14864829E-01   0.17461801E-05   0.17461801E-05   0.00000000E+00
  15.900  10.100   0.14848881E-01   0.17201230E-05   0.17201230E-05   0.00000000E+00
  15.917  10.117   0.14832895E-01   0.16941125E-05   0.16941125E-05   0.00000000E+00
  15.933  10.133   0.14816867E-01   0.16681515E-05   0.16681515E-05   0.00000000E+00
  15.950  10.150   0.14800793E-01   0.16422426E-05   0.16422426E-05   0.00000000E+00
  15.967  10.167   0.14784670E-01   0.16163888E-05   0.16163888E-05   0.00000000E+00
  15.983  10.183   0.14768493E-01   0.15905928E-05   0.15905928E-05   0.00000000E+00
  16.000  10.200   0.14752258E-01   0.15648578E-05   0.15648578E-05   0.00000000E+00
  16.017  10.217   0.14735961E-01   0.15391867E-05   0.15391867E-05   0.00000000E+00
  16.033  10.233   0.14719597E-01   0.15135828E-05   0.15135828E-05   0.00000000E+00
  16.050  10.250   0.14703161E-01   0.14880493E-05   0.14880493E-05   0.00000000E+00
  16.067  10.267   0.14686649E-01   0.14625894E-05   0.14625894E-05   0.00000000E+00
  16.083  10.283   0.14670054E-01   0.14372066E-05   0.14372066E-05   0.00000000E+00
  16.100  10.300   0.14653372E-01   0.14119043E-05   0.14119043E-05   0.00000000E+00
  16.117  10.317   0.14636597E-01   0.13866861E-05   0.13866861E-05   0.00000000E+00
  16.133  10.333   0.14619724E-01   0.13615556E-05   0.13615556E-05   0.00000000E+00
  16.150  10.350   0.14602746E-01   0.13365165E-05   0.13365165E-05   0.00000000E+00
  16.167  10.367   0.14585657E-01   0.13115726E-05   0.13115726E-05   0.00000000E+00
  16.183  10.383   0.14568450E-01   0.12867279E-05   0.12867279E-05   0.00000000E+00
  16.200  10.400   0.14551120E-01   0.12619863E-05   0.12619863E-05   0.00000000E+00
  16.217  10.417   0.14533659E-01   0.12373518E-05   0.12373518E-05   0.00000000E+00
  16.233  10.433   0.14516060E-01   0.12128286E-05   0.12128286E-05   0.00000000E+00
  16.250  10.450   0.14498316E-01   0.11884209E-05   0.11884209E-05   0.00000000E+00
  16.267  10.467   0.14480419E-01   0.11641331E-05   0.11641331E-05   0.00000000E+00
  16.283  10.483   0.14462362E-01   0.11399695E-05   0.11399695E-05   0.00000000E+00
  16.300  10.500   0.14444135E-01   0.11159347E-05   0.11159347E-05   0.00000000E+00
  16.317  10.517   0.14425731E-01   0.10920332E-05   0.10920332E-05   0.00000000E+00
  16.333  10.533   0.14407142E-01   0.10682696E-05   0.10682696E-05   0.00000000E+00
  16.350  10.550   0.14388357E-01   0.10446488E-05   0.10446488E-05   0.00000000E+00
  16.367  10.567   0.14369369E-01   0.10211754E-05   0.10211754E-05   0.00000000E+00
  16.383  10.583   0.14350167E-01   0.99785451E-06   0.99785451E-06   0.00000000E+00
  16.400  10.600   0.14330742E-01   0.97469099E-06   0.97469099E-06   0.00000000E+00
  16.417  10.617   0.14311084E-01   0.95168992E-06   0.95168992E-06   0.00000000E+00
  16.433  10.633   0.14291183E-01   0.92885643E-06   0.92885643E-06   0.00000000E+00
  16.450  10.650   0.14271027E-01   0.90619571E-06   0.90619571E-06   0.00000000E+00
  16.467  10.667   0.14250606E-01   0.88371304E-06   0.88371304E-06   0.00000000E+00
  16.483  10.683   0.14229908E-01   0.86141373E-06   0.86141373E-06   0.00000000E+00
  16.500  10.700   0.14208922E-01   0.83930318E-06   0.83930318E-06   0.00000000E+00
  16.517  10.717   0.14187637E-01   0.81738684E-06   0.81738684E-06   0.00000000E+00
  16.533  10.733   0.14166039E-01   0.79567021E-06   0.79567021E-06   0.00000000E+00
  16.550  10.750   0.14144117E-01   0.77415884E-06   0.77415884E-06   0.00000000E+00
  16.567  10.767   0.14121857E-01   0.75285833E-06   0.75285833E-06   0.00000000E+00
  16.583  10.783   0.14099246E-01   0.73177431E-06   0.73177431E-06   0.00000000E+00
  16.600  10.800   0.14076271E-01   0.71091244E-06   0.71091244E-06   0.00000000E+00
  16.617  10.817   0.14052918E-01   0.69027841E-06   0.69027841E-06   0.00000000E+00
  16.633  10.833   0.14029172E-01   0.66987792E-06   0.66987792E-06   0.00000000E+00
  16.650  10.850   0.14005019E-01   0.64971671E-06   0.64971671E-06   0.00000000E+00
  16.667  10.867   0.13980445E-01   0.62980049E-06   0.62980049E-06   0.00000000E+00
  16.683  10.883   0.13955434E-01   0.61013498E-06   0.61013498E-06   0.00000000E+00
  16.700  10.900   0.13929969E-01   0.59072590E-06   0.59072590E-06   0.00000000E+00
  16.717  10.917   0.13904037E-01   0.57157891E-06   0.57157891E-06   0.00000000E+00
  16.733  10.933   0.13877619E-01   0.55269969E-06   0.55269969E-06   0.00000000E+00
  16.750  10.950   0.13850701E-01   0.53409383E-06   0.53409383E-06   0.00000000E+00
  16.767  10.967   0.13823264E-01   0.51576690E-06   0.51576690E-06   0.00000000E+00
  16.783  10.983   0.13795292E-01   0.49772439E-06   0.49772439E-06   0.00000000E+00
  16.800  11.000   0.13766766E-01   0.47997172E-06   0.47997172E-06   0.00000000E+00
