        RT(hours)            [MVK]         L_R_10           P_R_15           tot_loss         tot_prod
   5.817   0.017   0.30916402E-08   0.11771720E-12   0.18745748E-09   0.11772510E-12   0.18745748E-09
   5.833   0.033   0.44689789E-07   0.20487368E-11   0.14128066E-08   0.20487669E-11   0.14128066E-08
   5.850   0.050   0.21516344E-06   0.11235055E-10   0.45620594E-08   0.11235115E-10   0.45620594E-08
   5.867   0.067   0.65006409E-06   0.37231973E-10   0.10271085E-07   0.37232060E-10   0.10271085E-07
   5.883   0.083   0.15132359E-05   0.92597175E-10   0.18900162E-07   0.92597282E-10   0.18900162E-07
   5.900   0.100   0.29818221E-05   0.19143030E-09   0.30604983E-07   0.19143042E-09   0.30604983E-07
   5.917   0.117   0.52364700E-05   0.34834518E-09   0.45424479E-07   0.34834530E-09   0.45424479E-07
   5.933   0.133   0.84561568E-05   0.57798378E-09   0.63342881E-07   0.57798390E-09   0.63342881E-07
   5.950   0.150   0.12815838E-04   0.89486880E-09   0.84322682E-07   0.89486891E-09   0.84322682E-07
   5.967   0.167   0.18485457E-04   0.13133948E-08   0.10831858E-06   0.13133949E-08   0.10831858E-06
   5.983   0.183   0.25629478E-04   0.18478472E-08   0.13528171E-06   0.18478473E-08   0.13528171E-06
   6.000   0.200   0.34406553E-04   0.25124057E-08   0.16515990E-06   0.25124058E-08   0.16515990E-06
   6.017   0.217   0.44969186E-04   0.33211236E-08   0.19789664E-06   0.33211236E-08   0.19789664E-06
   6.033   0.233   0.57463360E-04   0.42878865E-08   0.23342992E-06   0.42878866E-08   0.23342992E-06
   6.050   0.250   0.72028136E-04   0.54263569E-08   0.27169151E-06   0.54263570E-08   0.27169151E-06
   6.067   0.267   0.88795257E-04   0.67499106E-08   0.31260651E-06   0.67499106E-08   0.31260651E-06
   6.083   0.283   0.10788877E-03   0.82715697E-08   0.35609334E-06   0.82715698E-08   0.35609334E-06
   6.100   0.300   0.12942467E-03   0.10003937E-07   0.40206394E-06   0.10003937E-07   0.40206394E-06
   6.117   0.317   0.15351067E-03   0.11959133E-07   0.45042423E-06   0.11959133E-07   0.45042423E-06
   6.133   0.333   0.18024591E-03   0.14148736E-07   0.50107469E-06   0.14148736E-07   0.50107469E-06
   6.150   0.350   0.20972084E-03   0.16583735E-07   0.55391098E-06   0.16583735E-07   0.55391098E-06
   6.167   0.367   0.24201713E-03   0.19274480E-07   0.60882474E-06   0.19274480E-07   0.60882474E-06
   6.183   0.383   0.27720765E-03   0.22230651E-07   0.66570429E-06   0.22230651E-07   0.66570429E-06
   6.200   0.400   0.31535648E-03   0.25461226E-07   0.72443546E-06   0.25461226E-07   0.72443546E-06
   6.217   0.417   0.35651907E-03   0.28974458E-07   0.78490229E-06   0.28974458E-07   0.78490229E-06
   6.233   0.433   0.40074235E-03   0.32777869E-07   0.84698785E-06   0.32777869E-07   0.84698785E-06
   6.250   0.450   0.44806495E-03   0.36878234E-07   0.91057486E-06   0.36878234E-07   0.91057486E-06
   6.267   0.467   0.49851748E-03   0.41281588E-07   0.97554642E-06   0.41281588E-07   0.97554642E-06
   6.283   0.483   0.55212281E-03   0.45993228E-07   0.10417866E-05   0.45993228E-07   0.10417866E-05
   6.300   0.500   0.60889636E-03   0.51017727E-07   0.11091809E-05   0.51017727E-07   0.11091809E-05
   6.317   0.517   0.66884650E-03   0.56358943E-07   0.11776171E-05   0.56358943E-07   0.11776171E-05
   6.333   0.533   0.73197488E-03   0.62020048E-07   0.12469850E-05   0.62020048E-07   0.12469850E-05
   6.350   0.550   0.79827684E-03   0.68003540E-07   0.13171776E-05   0.68003540E-07   0.13171776E-05
   6.367   0.567   0.86774177E-03   0.74311278E-07   0.13880908E-05   0.74311278E-07   0.13880908E-05
   6.383   0.583   0.94035353E-03   0.80944502E-07   0.14596242E-05   0.80944502E-07   0.14596242E-05
   6.400   0.600   0.10160908E-02   0.87903865E-07   0.15316808E-05   0.87903866E-07   0.15316808E-05
   6.417   0.617   0.10949276E-02   0.95189465E-07   0.16041674E-05   0.95189465E-07   0.16041674E-05
   6.433   0.633   0.11768335E-02   0.10280087E-06   0.16769948E-05   0.10280087E-06   0.16769948E-05
   6.450   0.650   0.12617739E-02   0.11073716E-06   0.17500779E-05   0.11073716E-06   0.17500779E-05
   6.467   0.667   0.13497110E-02   0.11899694E-06   0.18233354E-05   0.11899694E-06   0.18233354E-05
   6.483   0.683   0.14406031E-02   0.12757839E-06   0.18966902E-05   0.12757839E-06   0.18966902E-05
   6.500   0.700   0.15344061E-02   0.13647929E-06   0.19700693E-05   0.13647929E-06   0.19700693E-05
   6.517   0.717   0.16310730E-02   0.14569703E-06   0.20434036E-05   0.14569703E-06   0.20434036E-05
   6.533   0.733   0.17305542E-02   0.15522868E-06   0.21166281E-05   0.15522868E-06   0.21166281E-05
   6.550   0.750   0.18327985E-02   0.16507097E-06   0.21896814E-05   0.16507097E-06   0.21896814E-05
   6.567   0.767   0.19377525E-02   0.17522036E-06   0.22625061E-05   0.17522036E-06   0.22625061E-05
   6.583   0.783   0.20453615E-02   0.18567303E-06   0.23350483E-05   0.18567303E-06   0.23350483E-05
   6.600   0.800   0.21555692E-02   0.19642493E-06   0.24072578E-05   0.19642493E-06   0.24072578E-05
   6.617   0.817   0.22683185E-02   0.20747178E-06   0.24790878E-05   0.20747178E-06   0.24790878E-05
   6.633   0.833   0.23835511E-02   0.21880911E-06   0.25504945E-05   0.21880911E-06   0.25504945E-05
   6.650   0.850   0.25012081E-02   0.23043228E-06   0.26214377E-05   0.23043228E-06   0.26214377E-05
   6.667   0.867   0.26212299E-02   0.24233649E-06   0.26918800E-05   0.24233649E-06   0.26918800E-05
   6.683   0.883   0.27435568E-02   0.25451679E-06   0.27617867E-05   0.25451679E-06   0.27617867E-05
   6.700   0.900   0.28681284E-02   0.26696813E-06   0.28311262E-05   0.26696813E-06   0.28311262E-05
   6.717   0.917   0.29948844E-02   0.27968533E-06   0.28998692E-05   0.27968533E-06   0.28998692E-05
   6.733   0.933   0.31237646E-02   0.29266314E-06   0.29679891E-05   0.29266314E-06   0.29679891E-05
   6.750   0.950   0.32547085E-02   0.30589621E-06   0.30354615E-05   0.30589621E-06   0.30354615E-05
   6.767   0.967   0.33876562E-02   0.31937914E-06   0.31022644E-05   0.31937914E-06   0.31022644E-05
   6.783   0.983   0.35225477E-02   0.33310648E-06   0.31683776E-05   0.33310648E-06   0.31683776E-05
   6.800   1.000   0.36593236E-02   0.34707271E-06   0.32337832E-05   0.34707271E-06   0.32337832E-05
   6.817   1.017   0.37979249E-02   0.36127231E-06   0.32984649E-05   0.36127231E-06   0.32984649E-05
   6.833   1.033   0.39382929E-02   0.37569970E-06   0.33624084E-05   0.37569970E-06   0.33624084E-05
   6.850   1.050   0.40803695E-02   0.39034932E-06   0.34256007E-05   0.39034932E-06   0.34256007E-05
   6.867   1.067   0.42240974E-02   0.40521556E-06   0.34880308E-05   0.40521556E-06   0.34880308E-05
   6.883   1.083   0.43694197E-02   0.42029285E-06   0.35496888E-05   0.42029286E-06   0.35496888E-05
   6.900   1.100   0.45162802E-02   0.43557560E-06   0.36105662E-05   0.43557560E-06   0.36105662E-05
   6.917   1.117   0.46646234E-02   0.45105824E-06   0.36706559E-05   0.45105824E-06   0.36706559E-05
   6.933   1.133   0.48143946E-02   0.46673519E-06   0.37299519E-05   0.46673519E-06   0.37299519E-05
   6.950   1.150   0.49655399E-02   0.48260093E-06   0.37884493E-05   0.48260093E-06   0.37884493E-05
   6.967   1.167   0.51180060E-02   0.49864994E-06   0.38461443E-05   0.49864994E-06   0.38461443E-05
   6.983   1.183   0.52717406E-02   0.51487673E-06   0.39030341E-05   0.51487673E-06   0.39030341E-05
   7.000   1.200   0.54266921E-02   0.53127585E-06   0.39591165E-05   0.53127585E-06   0.39591165E-05
   7.017   1.217   0.55828097E-02   0.54784189E-06   0.40143906E-05   0.54784189E-06   0.40143906E-05
   7.033   1.233   0.57400435E-02   0.56456946E-06   0.40688559E-05   0.56456946E-06   0.40688559E-05
   7.050   1.250   0.58983443E-02   0.58145322E-06   0.41225127E-05   0.58145322E-06   0.41225127E-05
   7.067   1.267   0.60576641E-02   0.59848789E-06   0.41753621E-05   0.59848789E-06   0.41753621E-05
   7.083   1.283   0.62179553E-02   0.61566822E-06   0.42274058E-05   0.61566822E-06   0.42274058E-05
   7.100   1.300   0.63791715E-02   0.63298900E-06   0.42786459E-05   0.63298900E-06   0.42786459E-05
   7.117   1.317   0.65412670E-02   0.65044509E-06   0.43290852E-05   0.65044509E-06   0.43290852E-05
   7.133   1.333   0.67041969E-02   0.66803139E-06   0.43787269E-05   0.66803139E-06   0.43787269E-05
   7.150   1.350   0.68679172E-02   0.68574285E-06   0.44275747E-05   0.68574285E-06   0.44275747E-05
   7.167   1.367   0.70323849E-02   0.70357449E-06   0.44756326E-05   0.70357449E-06   0.44756326E-05
   7.183   1.383   0.71975577E-02   0.72152136E-06   0.45229053E-05   0.72152136E-06   0.45229053E-05
   7.200   1.400   0.73633939E-02   0.73957858E-06   0.45693974E-05   0.73957858E-06   0.45693974E-05
   7.217   1.417   0.75298532E-02   0.75774134E-06   0.46151141E-05   0.75774134E-06   0.46151141E-05
   7.233   1.433   0.76968955E-02   0.77600487E-06   0.46600609E-05   0.77600487E-06   0.46600609E-05
   7.250   1.450   0.78644820E-02   0.79436446E-06   0.47042434E-05   0.79436446E-06   0.47042434E-05
   7.267   1.467   0.80325745E-02   0.81281546E-06   0.47476677E-05   0.81281546E-06   0.47476677E-05
   7.283   1.483   0.82011355E-02   0.83135328E-06   0.47903398E-05   0.83135328E-06   0.47903398E-05
   7.300   1.500   0.83701284E-02   0.84997340E-06   0.48322662E-05   0.84997340E-06   0.48322662E-05
   7.317   1.517   0.85395176E-02   0.86867134E-06   0.48734534E-05   0.86867134E-06   0.48734534E-05
   7.333   1.533   0.87092678E-02   0.88744269E-06   0.49139081E-05   0.88744269E-06   0.49139081E-05
   7.350   1.550   0.88793448E-02   0.90628311E-06   0.49536372E-05   0.90628312E-06   0.49536372E-05
   7.367   1.567   0.90497152E-02   0.92518831E-06   0.49926475E-05   0.92518832E-06   0.49926475E-05
   7.383   1.583   0.92203460E-02   0.94415407E-06   0.50309463E-05   0.94415407E-06   0.50309463E-05
   7.400   1.600   0.93912053E-02   0.96317620E-06   0.50685407E-05   0.96317620E-06   0.50685407E-05
   7.417   1.617   0.95622618E-02   0.98225061E-06   0.51054380E-05   0.98225061E-06   0.51054380E-05
   7.433   1.633   0.97334847E-02   0.10013733E-05   0.51416456E-05   0.10013733E-05   0.51416456E-05
   7.450   1.650   0.99048442E-02   0.10205401E-05   0.51771708E-05   0.10205401E-05   0.51771708E-05
   7.467   1.667   0.10076311E-01   0.10397474E-05   0.52120211E-05   0.10397474E-05   0.52120211E-05
   7.483   1.683   0.10247857E-01   0.10589910E-05   0.52462040E-05   0.10589910E-05   0.52462040E-05
   7.500   1.700   0.10419453E-01   0.10782674E-05   0.52797271E-05   0.10782674E-05   0.52797271E-05
   7.517   1.717   0.10591073E-01   0.10975726E-05   0.53125979E-05   0.10975726E-05   0.53125979E-05
   7.533   1.733   0.10762691E-01   0.11169030E-05   0.53448240E-05   0.11169030E-05   0.53448240E-05
   7.550   1.750   0.10934279E-01   0.11362551E-05   0.53764129E-05   0.11362551E-05   0.53764129E-05
   7.567   1.767   0.11105814E-01   0.11556252E-05   0.54073724E-05   0.11556252E-05   0.54073724E-05
   7.583   1.783   0.11277269E-01   0.11750098E-05   0.54377099E-05   0.11750098E-05   0.54377099E-05
   7.600   1.800   0.11448622E-01   0.11944054E-05   0.54674330E-05   0.11944054E-05   0.54674330E-05
   7.617   1.817   0.11619848E-01   0.12138088E-05   0.54965493E-05   0.12138088E-05   0.54965493E-05
   7.633   1.833   0.11790925E-01   0.12332165E-05   0.55250664E-05   0.12332165E-05   0.55250664E-05
   7.650   1.850   0.11961831E-01   0.12526253E-05   0.55529916E-05   0.12526253E-05   0.55529916E-05
   7.667   1.867   0.12132543E-01   0.12720319E-05   0.55803326E-05   0.12720319E-05   0.55803326E-05
   7.683   1.883   0.12303040E-01   0.12914332E-05   0.56070967E-05   0.12914332E-05   0.56070967E-05
   7.700   1.900   0.12473303E-01   0.13108261E-05   0.56332914E-05   0.13108261E-05   0.56332914E-05
   7.717   1.917   0.12643310E-01   0.13302076E-05   0.56589240E-05   0.13302076E-05   0.56589240E-05
   7.733   1.933   0.12813042E-01   0.13495745E-05   0.56840019E-05   0.13495745E-05   0.56840019E-05
   7.750   1.950   0.12982481E-01   0.13689241E-05   0.57085323E-05   0.13689241E-05   0.57085323E-05
   7.767   1.967   0.13151607E-01   0.13882534E-05   0.57325224E-05   0.13882534E-05   0.57325224E-05
   7.783   1.983   0.13320402E-01   0.14075596E-05   0.57559794E-05   0.14075596E-05   0.57559794E-05
   7.800   2.000   0.13488849E-01   0.14268399E-05   0.57789105E-05   0.14268399E-05   0.57789105E-05
   7.817   2.017   0.13656932E-01   0.14460916E-05   0.58013227E-05   0.14460916E-05   0.58013227E-05
   7.833   2.033   0.13824632E-01   0.14653119E-05   0.58232229E-05   0.14653119E-05   0.58232229E-05
   7.850   2.050   0.13991935E-01   0.14844984E-05   0.58446182E-05   0.14844984E-05   0.58446182E-05
   7.867   2.067   0.14158824E-01   0.15036485E-05   0.58655153E-05   0.15036485E-05   0.58655153E-05
   7.883   2.083   0.14325285E-01   0.15227595E-05   0.58859212E-05   0.15227595E-05   0.58859212E-05
   7.900   2.100   0.14491301E-01   0.15418291E-05   0.59058425E-05   0.15418291E-05   0.59058425E-05
   7.917   2.117   0.14656861E-01   0.15608548E-05   0.59252860E-05   0.15608548E-05   0.59252860E-05
   7.933   2.133   0.14821948E-01   0.15798343E-05   0.59442582E-05   0.15798343E-05   0.59442582E-05
   7.950   2.150   0.14986550E-01   0.15987653E-05   0.59627658E-05   0.15987653E-05   0.59627658E-05
   7.967   2.167   0.15150653E-01   0.16176455E-05   0.59808151E-05   0.16176455E-05   0.59808151E-05
   7.983   2.183   0.15314246E-01   0.16364726E-05   0.59984126E-05   0.16364726E-05   0.59984126E-05
   8.000   2.200   0.15477315E-01   0.16552446E-05   0.60155646E-05   0.16552446E-05   0.60155646E-05
   8.017   2.217   0.15639849E-01   0.16739593E-05   0.60322774E-05   0.16739593E-05   0.60322774E-05
   8.033   2.233   0.15801836E-01   0.16926146E-05   0.60485572E-05   0.16926146E-05   0.60485572E-05
   8.050   2.250   0.15963264E-01   0.17112085E-05   0.60644101E-05   0.17112085E-05   0.60644101E-05
   8.067   2.267   0.16124124E-01   0.17297390E-05   0.60798422E-05   0.17297390E-05   0.60798422E-05
   8.083   2.283   0.16284405E-01   0.17482041E-05   0.60948595E-05   0.17482041E-05   0.60948595E-05
   8.100   2.300   0.16444096E-01   0.17666021E-05   0.61094678E-05   0.17666021E-05   0.61094678E-05
   8.117   2.317   0.16603188E-01   0.17849310E-05   0.61236730E-05   0.17849310E-05   0.61236730E-05
   8.133   2.333   0.16761671E-01   0.18031891E-05   0.61374809E-05   0.18031891E-05   0.61374809E-05
   8.150   2.350   0.16919537E-01   0.18213746E-05   0.61508972E-05   0.18213746E-05   0.61508972E-05
   8.167   2.367   0.17076776E-01   0.18394857E-05   0.61639275E-05   0.18394857E-05   0.61639275E-05
   8.183   2.383   0.17233379E-01   0.18575208E-05   0.61765773E-05   0.18575208E-05   0.61765773E-05
   8.200   2.400   0.17389340E-01   0.18754783E-05   0.61888521E-05   0.18754783E-05   0.61888521E-05
   8.217   2.417   0.17544650E-01   0.18933566E-05   0.62007574E-05   0.18933566E-05   0.62007574E-05
   8.233   2.433   0.17699301E-01   0.19111541E-05   0.62122985E-05   0.19111541E-05   0.62122985E-05
   8.250   2.450   0.17853286E-01   0.19288693E-05   0.62234807E-05   0.19288693E-05   0.62234807E-05
   8.267   2.467   0.18006599E-01   0.19465007E-05   0.62343091E-05   0.19465007E-05   0.62343091E-05
   8.283   2.483   0.18159231E-01   0.19640470E-05   0.62447889E-05   0.19640470E-05   0.62447889E-05
   8.300   2.500   0.18311178E-01   0.19815067E-05   0.62549252E-05   0.19815067E-05   0.62549252E-05
   8.317   2.517   0.18462433E-01   0.19988785E-05   0.62647229E-05   0.19988785E-05   0.62647229E-05
   8.333   2.533   0.18612989E-01   0.20161611E-05   0.62741870E-05   0.20161611E-05   0.62741870E-05
   8.350   2.550   0.18762842E-01   0.20333531E-05   0.62833223E-05   0.20333531E-05   0.62833223E-05
   8.367   2.567   0.18911985E-01   0.20504534E-05   0.62921336E-05   0.20504534E-05   0.62921336E-05
   8.383   2.583   0.19060414E-01   0.20674607E-05   0.63006257E-05   0.20674607E-05   0.63006257E-05
   8.400   2.600   0.19208124E-01   0.20843740E-05   0.63088032E-05   0.20843740E-05   0.63088032E-05
   8.417   2.617   0.19355110E-01   0.21011919E-05   0.63166707E-05   0.21011919E-05   0.63166707E-05
   8.433   2.633   0.19501367E-01   0.21179135E-05   0.63242327E-05   0.21179135E-05   0.63242327E-05
   8.450   2.650   0.19646892E-01   0.21345376E-05   0.63314937E-05   0.21345376E-05   0.63314937E-05
   8.467   2.667   0.19791679E-01   0.21510633E-05   0.63384580E-05   0.21510633E-05   0.63384580E-05
   8.483   2.683   0.19935726E-01   0.21674896E-05   0.63451301E-05   0.21674896E-05   0.63451301E-05
   8.500   2.700   0.20079029E-01   0.21838154E-05   0.63515141E-05   0.21838154E-05   0.63515141E-05
   8.517   2.717   0.20221585E-01   0.22000399E-05   0.63576144E-05   0.22000399E-05   0.63576144E-05
   8.533   2.733   0.20363389E-01   0.22161621E-05   0.63634350E-05   0.22161621E-05   0.63634350E-05
   8.550   2.750   0.20504440E-01   0.22321812E-05   0.63689800E-05   0.22321812E-05   0.63689800E-05
   8.567   2.767   0.20644734E-01   0.22480963E-05   0.63742534E-05   0.22480963E-05   0.63742534E-05
   8.583   2.783   0.20784268E-01   0.22639066E-05   0.63792593E-05   0.22639066E-05   0.63792593E-05
   8.600   2.800   0.20923041E-01   0.22796114E-05   0.63840015E-05   0.22796114E-05   0.63840015E-05
   8.617   2.817   0.21061050E-01   0.22952099E-05   0.63884839E-05   0.22952099E-05   0.63884839E-05
   8.633   2.833   0.21198293E-01   0.23107013E-05   0.63927103E-05   0.23107013E-05   0.63927103E-05
   8.650   2.850   0.21334767E-01   0.23260850E-05   0.63966843E-05   0.23260850E-05   0.63966843E-05
   8.667   2.867   0.21470472E-01   0.23413603E-05   0.64004098E-05   0.23413603E-05   0.64004098E-05
   8.683   2.883   0.21605405E-01   0.23565266E-05   0.64038902E-05   0.23565266E-05   0.64038902E-05
   8.700   2.900   0.21739565E-01   0.23715832E-05   0.64071292E-05   0.23715832E-05   0.64071292E-05
   8.717   2.917   0.21872951E-01   0.23865297E-05   0.64101303E-05   0.23865297E-05   0.64101303E-05
   8.733   2.933   0.22005561E-01   0.24013653E-05   0.64128970E-05   0.24013653E-05   0.64128970E-05
   8.750   2.950   0.22137394E-01   0.24160896E-05   0.64154326E-05   0.24160896E-05   0.64154326E-05
   8.767   2.967   0.22268451E-01   0.24307020E-05   0.64177405E-05   0.24307020E-05   0.64177405E-05
   8.783   2.983   0.22398729E-01   0.24452022E-05   0.64198240E-05   0.24452022E-05   0.64198240E-05
   8.800   3.000   0.22528228E-01   0.24595895E-05   0.64216864E-05   0.24595895E-05   0.64216864E-05
   8.817   3.017   0.22656948E-01   0.24738636E-05   0.64233308E-05   0.24738636E-05   0.64233308E-05
   8.833   3.033   0.22784889E-01   0.24880241E-05   0.64247605E-05   0.24880241E-05   0.64247605E-05
   8.850   3.050   0.22912050E-01   0.25020706E-05   0.64259785E-05   0.25020706E-05   0.64259785E-05
   8.867   3.067   0.23038431E-01   0.25160027E-05   0.64269878E-05   0.25160027E-05   0.64269878E-05
   8.883   3.083   0.23164031E-01   0.25298200E-05   0.64277915E-05   0.25298200E-05   0.64277915E-05
   8.900   3.100   0.23288852E-01   0.25435223E-05   0.64283926E-05   0.25435223E-05   0.64283926E-05
   8.917   3.117   0.23412894E-01   0.25571092E-05   0.64287939E-05   0.25571092E-05   0.64287939E-05
   8.933   3.133   0.23536156E-01   0.25705804E-05   0.64289983E-05   0.25705804E-05   0.64289983E-05
   8.950   3.150   0.23658640E-01   0.25839357E-05   0.64290087E-05   0.25839357E-05   0.64290087E-05
   8.967   3.167   0.23780345E-01   0.25971748E-05   0.64288278E-05   0.25971749E-05   0.64288278E-05
   8.983   3.183   0.23901272E-01   0.26102976E-05   0.64284584E-05   0.26102976E-05   0.64284584E-05
   9.000   3.200   0.24021423E-01   0.26233038E-05   0.64279030E-05   0.26233038E-05   0.64279030E-05
   9.017   3.217   0.24140798E-01   0.26361931E-05   0.64271645E-05   0.26361931E-05   0.64271645E-05
   9.033   3.233   0.24259397E-01   0.26489655E-05   0.64262454E-05   0.26489655E-05   0.64262454E-05
   9.050   3.250   0.24377223E-01   0.26616209E-05   0.64251482E-05   0.26616209E-05   0.64251482E-05
   9.067   3.267   0.24494275E-01   0.26741589E-05   0.64238755E-05   0.26741589E-05   0.64238755E-05
   9.083   3.283   0.24610556E-01   0.26865797E-05   0.64224298E-05   0.26865797E-05   0.64224298E-05
   9.100   3.300   0.24726066E-01   0.26988829E-05   0.64208135E-05   0.26988829E-05   0.64208135E-05
   9.117   3.317   0.24840807E-01   0.27110687E-05   0.64190290E-05   0.27110687E-05   0.64190290E-05
   9.133   3.333   0.24954780E-01   0.27231368E-05   0.64170787E-05   0.27231368E-05   0.64170787E-05
   9.150   3.350   0.25067986E-01   0.27350873E-05   0.64149649E-05   0.27350873E-05   0.64149649E-05
   9.167   3.367   0.25180428E-01   0.27469201E-05   0.64126899E-05   0.27469201E-05   0.64126899E-05
   9.183   3.383   0.25292107E-01   0.27586352E-05   0.64102559E-05   0.27586352E-05   0.64102559E-05
   9.200   3.400   0.25403025E-01   0.27702325E-05   0.64076652E-05   0.27702325E-05   0.64076652E-05
   9.217   3.417   0.25513182E-01   0.27817122E-05   0.64049200E-05   0.27817122E-05   0.64049200E-05
   9.233   3.433   0.25622582E-01   0.27930741E-05   0.64020224E-05   0.27930741E-05   0.64020224E-05
   9.250   3.450   0.25731226E-01   0.28043185E-05   0.63989744E-05   0.28043185E-05   0.63989744E-05
   9.267   3.467   0.25839116E-01   0.28154452E-05   0.63957783E-05   0.28154452E-05   0.63957783E-05
   9.283   3.483   0.25946254E-01   0.28264544E-05   0.63924360E-05   0.28264544E-05   0.63924360E-05
   9.300   3.500   0.26052642E-01   0.28373461E-05   0.63889495E-05   0.28373461E-05   0.63889495E-05
   9.317   3.517   0.26158282E-01   0.28481204E-05   0.63853209E-05   0.28481204E-05   0.63853209E-05
   9.333   3.533   0.26263177E-01   0.28587775E-05   0.63815520E-05   0.28587775E-05   0.63815520E-05
   9.350   3.550   0.26367328E-01   0.28693173E-05   0.63776448E-05   0.28693173E-05   0.63776448E-05
   9.367   3.567   0.26470737E-01   0.28797402E-05   0.63736012E-05   0.28797402E-05   0.63736012E-05
   9.383   3.583   0.26573408E-01   0.28900461E-05   0.63694231E-05   0.28900461E-05   0.63694231E-05
   9.400   3.600   0.26675342E-01   0.29002353E-05   0.63651121E-05   0.29002353E-05   0.63651121E-05
   9.417   3.617   0.26776542E-01   0.29103078E-05   0.63606702E-05   0.29103078E-05   0.63606702E-05
   9.433   3.633   0.26877010E-01   0.29202639E-05   0.63560991E-05   0.29202639E-05   0.63560991E-05
   9.450   3.650   0.26976749E-01   0.29301038E-05   0.63514006E-05   0.29301038E-05   0.63514006E-05
   9.467   3.667   0.27075761E-01   0.29398275E-05   0.63465763E-05   0.29398275E-05   0.63465763E-05
   9.483   3.683   0.27174049E-01   0.29494354E-05   0.63416280E-05   0.29494354E-05   0.63416280E-05
   9.500   3.700   0.27271615E-01   0.29589275E-05   0.63365572E-05   0.29589275E-05   0.63365572E-05
   9.517   3.717   0.27368462E-01   0.29683042E-05   0.63313656E-05   0.29683042E-05   0.63313656E-05
   9.533   3.733   0.27464593E-01   0.29775657E-05   0.63260549E-05   0.29775657E-05   0.63260549E-05
   9.550   3.750   0.27560010E-01   0.29867121E-05   0.63206265E-05   0.29867121E-05   0.63206265E-05
   9.567   3.767   0.27654715E-01   0.29957437E-05   0.63150821E-05   0.29957437E-05   0.63150821E-05
   9.583   3.783   0.27748713E-01   0.30046608E-05   0.63094232E-05   0.30046608E-05   0.63094232E-05
   9.600   3.800   0.27842004E-01   0.30134636E-05   0.63036512E-05   0.30134636E-05   0.63036512E-05
   9.617   3.817   0.27934593E-01   0.30221524E-05   0.62977676E-05   0.30221524E-05   0.62977676E-05
   9.633   3.833   0.28026482E-01   0.30307274E-05   0.62917740E-05   0.30307274E-05   0.62917740E-05
   9.650   3.850   0.28117674E-01   0.30391890E-05   0.62856716E-05   0.30391890E-05   0.62856716E-05
   9.667   3.867   0.28208171E-01   0.30475373E-05   0.62794619E-05   0.30475373E-05   0.62794619E-05
   9.683   3.883   0.28297977E-01   0.30557728E-05   0.62731464E-05   0.30557728E-05   0.62731464E-05
   9.700   3.900   0.28387094E-01   0.30638956E-05   0.62667263E-05   0.30638956E-05   0.62667263E-05
   9.717   3.917   0.28475526E-01   0.30719061E-05   0.62602030E-05   0.30719061E-05   0.62602030E-05
   9.733   3.933   0.28563275E-01   0.30798047E-05   0.62535778E-05   0.30798047E-05   0.62535778E-05
   9.750   3.950   0.28650343E-01   0.30875915E-05   0.62468520E-05   0.30875915E-05   0.62468520E-05
   9.767   3.967   0.28736736E-01   0.30952670E-05   0.62400269E-05   0.30952670E-05   0.62400269E-05
   9.783   3.983   0.28822454E-01   0.31028314E-05   0.62331037E-05   0.31028314E-05   0.62331037E-05
   9.800   4.000   0.28907501E-01   0.31102852E-05   0.62260836E-05   0.31102852E-05   0.62260836E-05
   9.817   4.017   0.28991880E-01   0.31176285E-05   0.62189680E-05   0.31176285E-05   0.62189680E-05
   9.833   4.033   0.29075594E-01   0.31248618E-05   0.62117579E-05   0.31248618E-05   0.62117579E-05
   9.850   4.050   0.29158647E-01   0.31319855E-05   0.62044545E-05   0.31319855E-05   0.62044545E-05
   9.867   4.067   0.29241040E-01   0.31389997E-05   0.61970590E-05   0.31389997E-05   0.61970590E-05
   9.883   4.083   0.29322778E-01   0.31459050E-05   0.61895726E-05   0.31459050E-05   0.61895726E-05
   9.900   4.100   0.29403863E-01   0.31527017E-05   0.61819963E-05   0.31527017E-05   0.61819963E-05
   9.917   4.117   0.29484298E-01   0.31593901E-05   0.61743312E-05   0.31593901E-05   0.61743312E-05
   9.933   4.133   0.29564087E-01   0.31659705E-05   0.61665785E-05   0.31659705E-05   0.61665785E-05
   9.950   4.150   0.29643231E-01   0.31724435E-05   0.61587391E-05   0.31724435E-05   0.61587391E-05
   9.967   4.167   0.29721736E-01   0.31788092E-05   0.61508142E-05   0.31788092E-05   0.61508142E-05
   9.983   4.183   0.29799602E-01   0.31850682E-05   0.61428047E-05   0.31850682E-05   0.61428047E-05
  10.000   4.200   0.29876835E-01   0.31912208E-05   0.61347118E-05   0.31912208E-05   0.61347118E-05
  10.017   4.217   0.29953436E-01   0.31972673E-05   0.61265363E-05   0.31972673E-05   0.61265363E-05
  10.033   4.233   0.30029409E-01   0.32032082E-05   0.61182793E-05   0.32032082E-05   0.61182793E-05
  10.050   4.250   0.30104757E-01   0.32090438E-05   0.61099417E-05   0.32090438E-05   0.61099417E-05
  10.067   4.267   0.30179482E-01   0.32147745E-05   0.61015245E-05   0.32147745E-05   0.61015245E-05
  10.083   4.283   0.30253589E-01   0.32204008E-05   0.60930286E-05   0.32204008E-05   0.60930286E-05
  10.100   4.300   0.30327080E-01   0.32259230E-05   0.60844549E-05   0.32259230E-05   0.60844549E-05
  10.117   4.317   0.30399958E-01   0.32313414E-05   0.60758044E-05   0.32313414E-05   0.60758044E-05
  10.133   4.333   0.30472226E-01   0.32366566E-05   0.60670779E-05   0.32366566E-05   0.60670779E-05
  10.150   4.350   0.30543888E-01   0.32418689E-05   0.60582763E-05   0.32418689E-05   0.60582763E-05
  10.167   4.367   0.30614946E-01   0.32469787E-05   0.60494005E-05   0.32469787E-05   0.60494005E-05
  10.183   4.383   0.30685404E-01   0.32519865E-05   0.60404513E-05   0.32519865E-05   0.60404513E-05
  10.200   4.400   0.30755264E-01   0.32568925E-05   0.60314296E-05   0.32568925E-05   0.60314296E-05
  10.217   4.417   0.30824531E-01   0.32616973E-05   0.60223361E-05   0.32616973E-05   0.60223361E-05
  10.233   4.433   0.30893206E-01   0.32664012E-05   0.60131718E-05   0.32664012E-05   0.60131718E-05
  10.250   4.450   0.30961292E-01   0.32710046E-05   0.60039373E-05   0.32710046E-05   0.60039373E-05
  10.267   4.467   0.31028794E-01   0.32755080E-05   0.59946335E-05   0.32755080E-05   0.59946335E-05
  10.283   4.483   0.31095714E-01   0.32799118E-05   0.59852611E-05   0.32799118E-05   0.59852611E-05
  10.300   4.500   0.31162055E-01   0.32842163E-05   0.59758210E-05   0.32842163E-05   0.59758210E-05
  10.317   4.517   0.31227820E-01   0.32884220E-05   0.59663138E-05   0.32884220E-05   0.59663138E-05
  10.333   4.533   0.31293012E-01   0.32925293E-05   0.59567403E-05   0.32925293E-05   0.59567403E-05
  10.350   4.550   0.31357634E-01   0.32965386E-05   0.59471012E-05   0.32965386E-05   0.59471012E-05
  10.367   4.567   0.31421690E-01   0.33004504E-05   0.59373973E-05   0.33004504E-05   0.59373973E-05
  10.383   4.583   0.31485182E-01   0.33042650E-05   0.59276292E-05   0.33042650E-05   0.59276292E-05
  10.400   4.600   0.31548113E-01   0.33079828E-05   0.59177976E-05   0.33079828E-05   0.59177976E-05
  10.417   4.617   0.31610486E-01   0.33116044E-05   0.59079032E-05   0.33116044E-05   0.59079032E-05
  10.433   4.633   0.31672305E-01   0.33151300E-05   0.58979467E-05   0.33151300E-05   0.58979467E-05
  10.450   4.650   0.31733572E-01   0.33185601E-05   0.58879287E-05   0.33185601E-05   0.58879287E-05
  10.467   4.667   0.31794290E-01   0.33218951E-05   0.58778499E-05   0.33218951E-05   0.58778499E-05
  10.483   4.683   0.31854463E-01   0.33251355E-05   0.58677110E-05   0.33251355E-05   0.58677110E-05
  10.500   4.700   0.31914093E-01   0.33282816E-05   0.58575125E-05   0.33282816E-05   0.58575125E-05
  10.517   4.717   0.31973182E-01   0.33313339E-05   0.58472550E-05   0.33313339E-05   0.58472550E-05
  10.533   4.733   0.32031736E-01   0.33342927E-05   0.58369393E-05   0.33342927E-05   0.58369393E-05
  10.550   4.750   0.32089755E-01   0.33371585E-05   0.58265658E-05   0.33371585E-05   0.58265658E-05
  10.567   4.767   0.32147243E-01   0.33399318E-05   0.58161352E-05   0.33399318E-05   0.58161352E-05
  10.583   4.783   0.32204203E-01   0.33426128E-05   0.58056481E-05   0.33426128E-05   0.58056481E-05
  10.600   4.800   0.32260638E-01   0.33452021E-05   0.57951050E-05   0.33452021E-05   0.57951050E-05
  10.617   4.817   0.32316550E-01   0.33477001E-05   0.57845065E-05   0.33477001E-05   0.57845065E-05
  10.633   4.833   0.32371944E-01   0.33501070E-05   0.57738532E-05   0.33501070E-05   0.57738532E-05
  10.650   4.850   0.32426820E-01   0.33524235E-05   0.57631455E-05   0.33524235E-05   0.57631455E-05
  10.667   4.867   0.32481184E-01   0.33546498E-05   0.57523841E-05   0.33546498E-05   0.57523841E-05
  10.683   4.883   0.32535036E-01   0.33567864E-05   0.57415695E-05   0.33567864E-05   0.57415695E-05
  10.700   4.900   0.32588380E-01   0.33588336E-05   0.57307022E-05   0.33588336E-05   0.57307022E-05
  10.717   4.917   0.32641220E-01   0.33607920E-05   0.57197827E-05   0.33607920E-05   0.57197827E-05
  10.733   4.933   0.32693557E-01   0.33626618E-05   0.57088115E-05   0.33626618E-05   0.57088115E-05
  10.750   4.950   0.32745395E-01   0.33644436E-05   0.56977892E-05   0.33644436E-05   0.56977892E-05
  10.767   4.967   0.32796736E-01   0.33661376E-05   0.56867161E-05   0.33661376E-05   0.56867161E-05
  10.783   4.983   0.32847583E-01   0.33677444E-05   0.56755929E-05   0.33677444E-05   0.56755929E-05
  10.800   5.000   0.32897939E-01   0.33692642E-05   0.56644199E-05   0.33692642E-05   0.56644199E-05
  10.817   5.017   0.32947807E-01   0.33706975E-05   0.56531977E-05   0.33706975E-05   0.56531977E-05
  10.833   5.033   0.32997190E-01   0.33720448E-05   0.56419267E-05   0.33720448E-05   0.56419267E-05
  10.850   5.050   0.33046089E-01   0.33733063E-05   0.56306074E-05   0.33733063E-05   0.56306074E-05
  10.867   5.067   0.33094509E-01   0.33744825E-05   0.56192401E-05   0.33744825E-05   0.56192401E-05
  10.883   5.083   0.33142451E-01   0.33755738E-05   0.56078255E-05   0.33755738E-05   0.56078255E-05
  10.900   5.100   0.33189918E-01   0.33765806E-05   0.55963638E-05   0.33765806E-05   0.55963638E-05
  10.917   5.117   0.33236914E-01   0.33775032E-05   0.55848556E-05   0.33775032E-05   0.55848556E-05
  10.933   5.133   0.33283440E-01   0.33783421E-05   0.55733012E-05   0.33783421E-05   0.55733012E-05
  10.950   5.150   0.33329499E-01   0.33790976E-05   0.55617011E-05   0.33790976E-05   0.55617011E-05
  10.967   5.167   0.33375095E-01   0.33797701E-05   0.55500557E-05   0.33797701E-05   0.55500557E-05
  10.983   5.183   0.33420229E-01   0.33803600E-05   0.55383653E-05   0.33803600E-05   0.55383653E-05
  11.000   5.200   0.33464905E-01   0.33808677E-05   0.55266305E-05   0.33808677E-05   0.55266305E-05
  11.017   5.217   0.33509125E-01   0.33812936E-05   0.55148515E-05   0.33812936E-05   0.55148515E-05
  11.033   5.233   0.33552891E-01   0.33816380E-05   0.55030288E-05   0.33816380E-05   0.55030288E-05
  11.050   5.250   0.33596206E-01   0.33819013E-05   0.54911628E-05   0.33819013E-05   0.54911628E-05
  11.067   5.267   0.33639073E-01   0.33820839E-05   0.54792538E-05   0.33820839E-05   0.54792538E-05
  11.083   5.283   0.33681495E-01   0.33821861E-05   0.54673021E-05   0.33821861E-05   0.54673021E-05
  11.100   5.300   0.33723473E-01   0.33822084E-05   0.54553083E-05   0.33822084E-05   0.54553083E-05
  11.117   5.317   0.33765011E-01   0.33821511E-05   0.54432725E-05   0.33821511E-05   0.54432725E-05
  11.133   5.333   0.33806110E-01   0.33820145E-05   0.54311953E-05   0.33820145E-05   0.54311953E-05
  11.150   5.350   0.33846774E-01   0.33817990E-05   0.54190769E-05   0.33817990E-05   0.54190769E-05
  11.167   5.367   0.33887005E-01   0.33815051E-05   0.54069176E-05   0.33815051E-05   0.54069176E-05
  11.183   5.383   0.33926806E-01   0.33811329E-05   0.53947179E-05   0.33811329E-05   0.53947179E-05
  11.200   5.400   0.33966178E-01   0.33806830E-05   0.53824780E-05   0.33806830E-05   0.53824780E-05
  11.217   5.417   0.34005125E-01   0.33801556E-05   0.53701983E-05   0.33801556E-05   0.53701983E-05
  11.233   5.433   0.34043648E-01   0.33795512E-05   0.53578792E-05   0.33795512E-05   0.53578792E-05
  11.250   5.450   0.34081751E-01   0.33788700E-05   0.53455208E-05   0.33788700E-05   0.53455208E-05
  11.267   5.467   0.34119435E-01   0.33781124E-05   0.53331236E-05   0.33781124E-05   0.53331236E-05
  11.283   5.483   0.34156704E-01   0.33772787E-05   0.53206879E-05   0.33772787E-05   0.53206879E-05
  11.300   5.500   0.34193559E-01   0.33763694E-05   0.53082139E-05   0.33763694E-05   0.53082139E-05
  11.317   5.517   0.34230004E-01   0.33753847E-05   0.52957020E-05   0.33753847E-05   0.52957020E-05
  11.333   5.533   0.34266039E-01   0.33743250E-05   0.52831524E-05   0.33743250E-05   0.52831524E-05
  11.350   5.550   0.34301668E-01   0.33731906E-05   0.52705656E-05   0.33731906E-05   0.52705656E-05
  11.367   5.567   0.34336893E-01   0.33719818E-05   0.52579416E-05   0.33719818E-05   0.52579416E-05
  11.383   5.583   0.34371717E-01   0.33706991E-05   0.52452810E-05   0.33706991E-05   0.52452810E-05
  11.400   5.600   0.34406141E-01   0.33693426E-05   0.52325838E-05   0.33693426E-05   0.52325838E-05
  11.417   5.617   0.34440169E-01   0.33679128E-05   0.52198505E-05   0.33679128E-05   0.52198505E-05
  11.433   5.633   0.34473801E-01   0.33664100E-05   0.52070812E-05   0.33664100E-05   0.52070812E-05
  11.450   5.650   0.34507042E-01   0.33648345E-05   0.51942763E-05   0.33648345E-05   0.51942763E-05
  11.467   5.667   0.34539892E-01   0.33631866E-05   0.51814360E-05   0.33631866E-05   0.51814360E-05
  11.483   5.683   0.34572354E-01   0.33614666E-05   0.51685605E-05   0.33614666E-05   0.51685605E-05
  11.500   5.700   0.34604431E-01   0.33596749E-05   0.51556502E-05   0.33596749E-05   0.51556502E-05
  11.517   5.717   0.34636125E-01   0.33578117E-05   0.51427054E-05   0.33578117E-05   0.51427054E-05
  11.533   5.733   0.34667437E-01   0.33558775E-05   0.51297261E-05   0.33558775E-05   0.51297261E-05
  11.550   5.750   0.34698371E-01   0.33538724E-05   0.51167128E-05   0.33538724E-05   0.51167128E-05
  11.567   5.767   0.34728928E-01   0.33517968E-05   0.51036656E-05   0.33517968E-05   0.51036656E-05
  11.583   5.783   0.34759110E-01   0.33496510E-05   0.50905848E-05   0.33496510E-05   0.50905848E-05
  11.600   5.800   0.34788921E-01   0.33474353E-05   0.50774706E-05   0.33474353E-05   0.50774706E-05
  11.617   5.817   0.34818361E-01   0.33451501E-05   0.50643233E-05   0.33451501E-05   0.50643233E-05
  11.633   5.833   0.34847433E-01   0.33427955E-05   0.50511431E-05   0.33427955E-05   0.50511431E-05
  11.650   5.850   0.34876140E-01   0.33403719E-05   0.50379302E-05   0.33403719E-05   0.50379302E-05
  11.667   5.867   0.34904483E-01   0.33378797E-05   0.50246849E-05   0.33378797E-05   0.50246849E-05
  11.683   5.883   0.34932465E-01   0.33353190E-05   0.50114073E-05   0.33353190E-05   0.50114073E-05
  11.700   5.900   0.34960087E-01   0.33326901E-05   0.49980977E-05   0.33326901E-05   0.49980977E-05
  11.717   5.917   0.34987352E-01   0.33299935E-05   0.49847564E-05   0.33299935E-05   0.49847564E-05
  11.733   5.933   0.35014262E-01   0.33272293E-05   0.49713835E-05   0.33272293E-05   0.49713835E-05
  11.750   5.950   0.35040819E-01   0.33243978E-05   0.49579792E-05   0.33243978E-05   0.49579792E-05
  11.767   5.967   0.35067024E-01   0.33214993E-05   0.49445437E-05   0.33214993E-05   0.49445437E-05
  11.783   5.983   0.35092881E-01   0.33185340E-05   0.49310774E-05   0.33185340E-05   0.49310774E-05
  11.800   6.000   0.35118391E-01   0.33155024E-05   0.49175802E-05   0.33155024E-05   0.49175802E-05
  11.817   6.017   0.35143557E-01   0.33124045E-05   0.49040526E-05   0.33124045E-05   0.49040526E-05
  11.833   6.033   0.35168379E-01   0.33092407E-05   0.48904946E-05   0.33092407E-05   0.48904946E-05
  11.850   6.050   0.35192861E-01   0.33060113E-05   0.48769064E-05   0.33060113E-05   0.48769064E-05
  11.867   6.067   0.35217004E-01   0.33027166E-05   0.48632883E-05   0.33027166E-05   0.48632883E-05
  11.883   6.083   0.35240811E-01   0.32993567E-05   0.48496405E-05   0.32993567E-05   0.48496405E-05
  11.900   6.100   0.35264282E-01   0.32959319E-05   0.48359630E-05   0.32959319E-05   0.48359630E-05
  11.917   6.117   0.35287421E-01   0.32924426E-05   0.48222562E-05   0.32924426E-05   0.48222562E-05
  11.933   6.133   0.35310230E-01   0.32888889E-05   0.48085201E-05   0.32888889E-05   0.48085201E-05
  11.950   6.150   0.35332709E-01   0.32852711E-05   0.47947551E-05   0.32852711E-05   0.47947551E-05
  11.967   6.167   0.35354862E-01   0.32815894E-05   0.47809611E-05   0.32815894E-05   0.47809611E-05
  11.983   6.183   0.35376690E-01   0.32778442E-05   0.47671385E-05   0.32778442E-05   0.47671385E-05
  12.000   6.200   0.35398194E-01   0.32740356E-05   0.47532874E-05   0.32740356E-05   0.47532874E-05
  12.017   6.217   0.35419378E-01   0.32701640E-05   0.47394080E-05   0.32701640E-05   0.47394080E-05
  12.033   6.233   0.35440243E-01   0.32662294E-05   0.47255004E-05   0.32662294E-05   0.47255004E-05
  12.050   6.250   0.35460791E-01   0.32622322E-05   0.47115648E-05   0.32622322E-05   0.47115648E-05
  12.067   6.267   0.35481023E-01   0.32581727E-05   0.46976014E-05   0.32581727E-05   0.46976014E-05
  12.083   6.283   0.35500942E-01   0.32540509E-05   0.46836103E-05   0.32540509E-05   0.46836103E-05
  12.100   6.300   0.35520549E-01   0.32498673E-05   0.46695917E-05   0.32498673E-05   0.46695917E-05
  12.117   6.317   0.35539847E-01   0.32456219E-05   0.46555458E-05   0.32456219E-05   0.46555458E-05
  12.133   6.333   0.35558837E-01   0.32413151E-05   0.46414726E-05   0.32413151E-05   0.46414726E-05
  12.150   6.350   0.35577521E-01   0.32369470E-05   0.46273725E-05   0.32369470E-05   0.46273725E-05
  12.167   6.367   0.35595901E-01   0.32325179E-05   0.46132454E-05   0.32325179E-05   0.46132454E-05
  12.183   6.383   0.35613979E-01   0.32280280E-05   0.45990916E-05   0.32280280E-05   0.45990916E-05
  12.200   6.400   0.35631756E-01   0.32234775E-05   0.45849112E-05   0.32234775E-05   0.45849112E-05
  12.217   6.417   0.35649235E-01   0.32188666E-05   0.45707044E-05   0.32188666E-05   0.45707044E-05
  12.233   6.433   0.35666417E-01   0.32141956E-05   0.45564713E-05   0.32141956E-05   0.45564713E-05
  12.250   6.450   0.35683305E-01   0.32094646E-05   0.45422120E-05   0.32094646E-05   0.45422120E-05
  12.267   6.467   0.35699899E-01   0.32046738E-05   0.45279267E-05   0.32046738E-05   0.45279267E-05
  12.283   6.483   0.35716201E-01   0.31998235E-05   0.45136156E-05   0.31998235E-05   0.45136156E-05
  12.300   6.500   0.35732214E-01   0.31949139E-05   0.44992787E-05   0.31949139E-05   0.44992787E-05
  12.317   6.517   0.35747940E-01   0.31899452E-05   0.44849162E-05   0.31899452E-05   0.44849162E-05
  12.333   6.533   0.35763379E-01   0.31849175E-05   0.44705282E-05   0.31849175E-05   0.44705282E-05
  12.350   6.550   0.35778534E-01   0.31798310E-05   0.44561149E-05   0.31798310E-05   0.44561149E-05
  12.367   6.567   0.35793407E-01   0.31746861E-05   0.44416764E-05   0.31746861E-05   0.44416764E-05
  12.383   6.583   0.35807999E-01   0.31694827E-05   0.44272128E-05   0.31694827E-05   0.44272128E-05
  12.400   6.600   0.35822311E-01   0.31642212E-05   0.44127243E-05   0.31642212E-05   0.44127243E-05
  12.417   6.617   0.35836347E-01   0.31589018E-05   0.43982109E-05   0.31589018E-05   0.43982109E-05
  12.433   6.633   0.35850107E-01   0.31535245E-05   0.43836729E-05   0.31535245E-05   0.43836729E-05
  12.450   6.650   0.35863593E-01   0.31480897E-05   0.43691103E-05   0.31480897E-05   0.43691103E-05
  12.467   6.667   0.35876807E-01   0.31425974E-05   0.43545232E-05   0.31425974E-05   0.43545232E-05
  12.483   6.683   0.35889750E-01   0.31370478E-05   0.43399118E-05   0.31370478E-05   0.43399118E-05
  12.500   6.700   0.35902425E-01   0.31314412E-05   0.43252762E-05   0.31314412E-05   0.43252762E-05
  12.517   6.717   0.35914833E-01   0.31257778E-05   0.43106164E-05   0.31257778E-05   0.43106164E-05
  12.533   6.733   0.35926975E-01   0.31200576E-05   0.42959327E-05   0.31200576E-05   0.42959327E-05
  12.550   6.750   0.35938854E-01   0.31142808E-05   0.42812252E-05   0.31142808E-05   0.42812252E-05
  12.567   6.767   0.35950471E-01   0.31084477E-05   0.42664938E-05   0.31084477E-05   0.42664938E-05
  12.583   6.783   0.35961827E-01   0.31025583E-05   0.42517389E-05   0.31025583E-05   0.42517389E-05
  12.600   6.800   0.35972925E-01   0.30966129E-05   0.42369603E-05   0.30966129E-05   0.42369603E-05
  12.617   6.817   0.35983766E-01   0.30906116E-05   0.42221584E-05   0.30906116E-05   0.42221584E-05
  12.633   6.833   0.35994351E-01   0.30845546E-05   0.42073332E-05   0.30845546E-05   0.42073332E-05
  12.650   6.850   0.36004683E-01   0.30784420E-05   0.41924847E-05   0.30784420E-05   0.41924847E-05
  12.667   6.867   0.36014762E-01   0.30722740E-05   0.41776131E-05   0.30722740E-05   0.41776131E-05
  12.683   6.883   0.36024591E-01   0.30660508E-05   0.41627185E-05   0.30660508E-05   0.41627185E-05
  12.700   6.900   0.36034171E-01   0.30597724E-05   0.41478010E-05   0.30597724E-05   0.41478010E-05
  12.717   6.917   0.36043504E-01   0.30534391E-05   0.41328607E-05   0.30534391E-05   0.41328607E-05
  12.733   6.933   0.36052592E-01   0.30470510E-05   0.41178977E-05   0.30470510E-05   0.41178977E-05
  12.750   6.950   0.36061435E-01   0.30406082E-05   0.41029121E-05   0.30406082E-05   0.41029121E-05
  12.767   6.967   0.36070036E-01   0.30341109E-05   0.40879040E-05   0.30341109E-05   0.40879040E-05
  12.783   6.983   0.36078396E-01   0.30275593E-05   0.40728735E-05   0.30275593E-05   0.40728735E-05
  12.800   7.000   0.36086518E-01   0.30209534E-05   0.40578207E-05   0.30209534E-05   0.40578207E-05
  12.817   7.017   0.36094401E-01   0.30142934E-05   0.40427456E-05   0.30142934E-05   0.40427456E-05
  12.833   7.033   0.36102048E-01   0.30075794E-05   0.40276484E-05   0.30075794E-05   0.40276484E-05
  12.850   7.050   0.36109462E-01   0.30008117E-05   0.40125292E-05   0.30008117E-05   0.40125292E-05
  12.867   7.067   0.36116642E-01   0.29939902E-05   0.39973881E-05   0.29939902E-05   0.39973881E-05
  12.883   7.083   0.36123591E-01   0.29871152E-05   0.39822250E-05   0.29871152E-05   0.39822250E-05
  12.900   7.100   0.36130310E-01   0.29801868E-05   0.39670403E-05   0.29801868E-05   0.39670403E-05
  12.917   7.117   0.36136801E-01   0.29732051E-05   0.39518338E-05   0.29732051E-05   0.39518338E-05
  12.933   7.133   0.36143065E-01   0.29661702E-05   0.39366058E-05   0.29661702E-05   0.39366058E-05
  12.950   7.150   0.36149105E-01   0.29590822E-05   0.39213562E-05   0.29590822E-05   0.39213562E-05
  12.967   7.167   0.36154921E-01   0.29519413E-05   0.39060853E-05   0.29519413E-05   0.39060853E-05
  12.983   7.183   0.36160515E-01   0.29447477E-05   0.38907930E-05   0.29447477E-05   0.38907930E-05
  13.000   7.200   0.36165889E-01   0.29375013E-05   0.38754794E-05   0.29375013E-05   0.38754794E-05
  13.017   7.217   0.36171043E-01   0.29302024E-05   0.38601447E-05   0.29302024E-05   0.38601447E-05
  13.033   7.233   0.36175981E-01   0.29228510E-05   0.38447889E-05   0.29228510E-05   0.38447889E-05
  13.050   7.250   0.36180703E-01   0.29154473E-05   0.38294121E-05   0.29154473E-05   0.38294121E-05
  13.067   7.267   0.36185210E-01   0.29079914E-05   0.38140144E-05   0.29079914E-05   0.38140144E-05
  13.083   7.283   0.36189505E-01   0.29004833E-05   0.37985958E-05   0.29004833E-05   0.37985958E-05
  13.100   7.300   0.36193588E-01   0.28929233E-05   0.37831565E-05   0.28929233E-05   0.37831565E-05
  13.117   7.317   0.36197462E-01   0.28853113E-05   0.37676964E-05   0.28853113E-05   0.37676964E-05
  13.133   7.333   0.36201128E-01   0.28776476E-05   0.37522158E-05   0.28776476E-05   0.37522158E-05
  13.150   7.350   0.36204587E-01   0.28699322E-05   0.37367146E-05   0.28699322E-05   0.37367146E-05
  13.167   7.367   0.36207841E-01   0.28621652E-05   0.37211930E-05   0.28621652E-05   0.37211930E-05
  13.183   7.383   0.36210891E-01   0.28543467E-05   0.37056510E-05   0.28543467E-05   0.37056510E-05
  13.200   7.400   0.36213739E-01   0.28464769E-05   0.36900887E-05   0.28464769E-05   0.36900887E-05
  13.217   7.417   0.36216387E-01   0.28385557E-05   0.36745061E-05   0.28385557E-05   0.36745061E-05
  13.233   7.433   0.36218835E-01   0.28305834E-05   0.36589034E-05   0.28305834E-05   0.36589034E-05
  13.250   7.450   0.36221086E-01   0.28225600E-05   0.36432806E-05   0.28225600E-05   0.36432806E-05
  13.267   7.467   0.36223140E-01   0.28144857E-05   0.36276378E-05   0.28144857E-05   0.36276378E-05
  13.283   7.483   0.36225000E-01   0.28063604E-05   0.36119751E-05   0.28063604E-05   0.36119751E-05
  13.300   7.500   0.36226667E-01   0.27981843E-05   0.35962924E-05   0.27981843E-05   0.35962924E-05
  13.317   7.517   0.36228142E-01   0.27899575E-05   0.35805900E-05   0.27899575E-05   0.35805900E-05
  13.333   7.533   0.36229427E-01   0.27816801E-05   0.35648679E-05   0.27816801E-05   0.35648679E-05
  13.350   7.550   0.36230523E-01   0.27733521E-05   0.35491260E-05   0.27733521E-05   0.35491260E-05
  13.367   7.567   0.36231432E-01   0.27649737E-05   0.35333646E-05   0.27649737E-05   0.35333646E-05
  13.383   7.583   0.36232155E-01   0.27565450E-05   0.35175837E-05   0.27565450E-05   0.35175837E-05
  13.400   7.600   0.36232694E-01   0.27480660E-05   0.35017833E-05   0.27480660E-05   0.35017833E-05
  13.417   7.617   0.36233050E-01   0.27395367E-05   0.34859636E-05   0.27395367E-05   0.34859636E-05
  13.433   7.633   0.36233225E-01   0.27309574E-05   0.34701245E-05   0.27309574E-05   0.34701245E-05
  13.450   7.650   0.36233219E-01   0.27223281E-05   0.34542661E-05   0.27223281E-05   0.34542661E-05
  13.467   7.667   0.36233036E-01   0.27136488E-05   0.34383886E-05   0.27136488E-05   0.34383886E-05
  13.483   7.683   0.36232676E-01   0.27049196E-05   0.34224920E-05   0.27049196E-05   0.34224920E-05
  13.500   7.700   0.36232140E-01   0.26961407E-05   0.34065763E-05   0.26961407E-05   0.34065763E-05
  13.517   7.717   0.36231430E-01   0.26873120E-05   0.33906417E-05   0.26873120E-05   0.33906417E-05
  13.533   7.733   0.36230547E-01   0.26784337E-05   0.33746881E-05   0.26784337E-05   0.33746881E-05
  13.550   7.750   0.36229494E-01   0.26695059E-05   0.33587157E-05   0.26695059E-05   0.33587157E-05
  13.567   7.767   0.36228271E-01   0.26605286E-05   0.33427245E-05   0.26605286E-05   0.33427245E-05
  13.583   7.783   0.36226879E-01   0.26515019E-05   0.33267146E-05   0.26515019E-05   0.33267146E-05
  13.600   7.800   0.36225321E-01   0.26424258E-05   0.33106861E-05   0.26424258E-05   0.33106861E-05
  13.617   7.817   0.36223598E-01   0.26333005E-05   0.32946390E-05   0.26333005E-05   0.32946390E-05
  13.633   7.833   0.36221711E-01   0.26241260E-05   0.32785734E-05   0.26241260E-05   0.32785734E-05
  13.650   7.850   0.36219662E-01   0.26149025E-05   0.32624893E-05   0.26149025E-05   0.32624893E-05
  13.667   7.867   0.36217452E-01   0.26056298E-05   0.32463868E-05   0.26056298E-05   0.32463868E-05
  13.683   7.883   0.36215082E-01   0.25963082E-05   0.32302661E-05   0.25963082E-05   0.32302661E-05
  13.700   7.900   0.36212554E-01   0.25869378E-05   0.32141271E-05   0.25869378E-05   0.32141271E-05
  13.717   7.917   0.36209870E-01   0.25775184E-05   0.31979699E-05   0.25775184E-05   0.31979699E-05
  13.733   7.933   0.36207031E-01   0.25680504E-05   0.31817946E-05   0.25680504E-05   0.31817946E-05
  13.750   7.950   0.36204038E-01   0.25585336E-05   0.31656013E-05   0.25585336E-05   0.31656013E-05
  13.767   7.967   0.36200894E-01   0.25489683E-05   0.31493900E-05   0.25489683E-05   0.31493900E-05
  13.783   7.983   0.36197598E-01   0.25393544E-05   0.31331608E-05   0.25393544E-05   0.31331608E-05
  13.800   8.000   0.36194153E-01   0.25296920E-05   0.31169138E-05   0.25296920E-05   0.31169138E-05
  13.817   8.017   0.36190560E-01   0.25199812E-05   0.31006490E-05   0.25199812E-05   0.31006490E-05
  13.833   8.033   0.36186821E-01   0.25102221E-05   0.30843666E-05   0.25102221E-05   0.30843666E-05
  13.850   8.050   0.36182938E-01   0.25004147E-05   0.30680665E-05   0.25004147E-05   0.30680665E-05
  13.867   8.067   0.36178910E-01   0.24905591E-05   0.30517488E-05   0.24905591E-05   0.30517488E-05
  13.883   8.083   0.36174741E-01   0.24806554E-05   0.30354137E-05   0.24806554E-05   0.30354137E-05
  13.900   8.100   0.36170431E-01   0.24707036E-05   0.30190612E-05   0.24707036E-05   0.30190612E-05
  13.917   8.117   0.36165982E-01   0.24607038E-05   0.30026914E-05   0.24607038E-05   0.30026914E-05
  13.933   8.133   0.36161395E-01   0.24506561E-05   0.29863043E-05   0.24506561E-05   0.29863043E-05
  13.950   8.150   0.36156673E-01   0.24405605E-05   0.29699001E-05   0.24405605E-05   0.29699001E-05
  13.967   8.167   0.36151815E-01   0.24304172E-05   0.29534787E-05   0.24304172E-05   0.29534787E-05
  13.983   8.183   0.36146824E-01   0.24202262E-05   0.29370403E-05   0.24202262E-05   0.29370403E-05
  14.000   8.200   0.36141701E-01   0.24099875E-05   0.29205850E-05   0.24099875E-05   0.29205850E-05
  14.017   8.217   0.36136448E-01   0.23997012E-05   0.29041128E-05   0.23997012E-05   0.29041128E-05
  14.033   8.233   0.36131066E-01   0.23893675E-05   0.28876239E-05   0.23893675E-05   0.28876239E-05
  14.050   8.250   0.36125557E-01   0.23789863E-05   0.28711182E-05   0.23789863E-05   0.28711182E-05
  14.067   8.267   0.36119921E-01   0.23685578E-05   0.28545959E-05   0.23685578E-05   0.28545959E-05
  14.083   8.283   0.36114161E-01   0.23580821E-05   0.28380571E-05   0.23580821E-05   0.28380571E-05
  14.100   8.300   0.36108278E-01   0.23475591E-05   0.28215019E-05   0.23475591E-05   0.28215019E-05
  14.117   8.317   0.36102273E-01   0.23369890E-05   0.28049303E-05   0.23369890E-05   0.28049303E-05
  14.133   8.333   0.36096148E-01   0.23263719E-05   0.27883425E-05   0.23263719E-05   0.27883425E-05
  14.150   8.350   0.36089904E-01   0.23157079E-05   0.27717385E-05   0.23157079E-05   0.27717385E-05
  14.167   8.367   0.36083543E-01   0.23049969E-05   0.27551184E-05   0.23049969E-05   0.27551184E-05
  14.183   8.383   0.36077066E-01   0.22942392E-05   0.27384823E-05   0.22942392E-05   0.27384823E-05
  14.200   8.400   0.36070474E-01   0.22834348E-05   0.27218304E-05   0.22834348E-05   0.27218304E-05
  14.217   8.417   0.36063770E-01   0.22725837E-05   0.27051627E-05   0.22725837E-05   0.27051627E-05
  14.233   8.433   0.36056954E-01   0.22616862E-05   0.26884793E-05   0.22616862E-05   0.26884793E-05
  14.250   8.450   0.36050029E-01   0.22507422E-05   0.26717803E-05   0.22507422E-05   0.26717803E-05
  14.267   8.467   0.36042994E-01   0.22397518E-05   0.26550659E-05   0.22397518E-05   0.26550659E-05
  14.283   8.483   0.36035853E-01   0.22287152E-05   0.26383361E-05   0.22287152E-05   0.26383361E-05
  14.300   8.500   0.36028606E-01   0.22176324E-05   0.26215911E-05   0.22176324E-05   0.26215911E-05
  14.317   8.517   0.36021255E-01   0.22065036E-05   0.26048309E-05   0.22065036E-05   0.26048309E-05
  14.333   8.533   0.36013802E-01   0.21953288E-05   0.25880558E-05   0.21953288E-05   0.25880558E-05
  14.350   8.550   0.36006247E-01   0.21841082E-05   0.25712657E-05   0.21841082E-05   0.25712657E-05
  14.367   8.567   0.35998592E-01   0.21728418E-05   0.25544609E-05   0.21728418E-05   0.25544609E-05
  14.383   8.583   0.35990840E-01   0.21615297E-05   0.25376415E-05   0.21615297E-05   0.25376415E-05
  14.400   8.600   0.35982990E-01   0.21501722E-05   0.25208075E-05   0.21501722E-05   0.25208075E-05
  14.417   8.617   0.35975045E-01   0.21387692E-05   0.25039592E-05   0.21387692E-05   0.25039592E-05
  14.433   8.633   0.35967007E-01   0.21273209E-05   0.24870967E-05   0.21273209E-05   0.24870967E-05
  14.450   8.650   0.35958876E-01   0.21158275E-05   0.24702200E-05   0.21158275E-05   0.24702200E-05
  14.467   8.667   0.35950654E-01   0.21042890E-05   0.24533294E-05   0.21042890E-05   0.24533294E-05
  14.483   8.683   0.35942343E-01   0.20927056E-05   0.24364251E-05   0.20927056E-05   0.24364251E-05
  14.500   8.700   0.35933944E-01   0.20810774E-05   0.24195070E-05   0.20810774E-05   0.24195070E-05
  14.517   8.717   0.35925459E-01   0.20694046E-05   0.24025755E-05   0.20694046E-05   0.24025755E-05
  14.533   8.733   0.35916889E-01   0.20576872E-05   0.23856307E-05   0.20576872E-05   0.23856307E-05
  14.550   8.750   0.35908236E-01   0.20459255E-05   0.23686727E-05   0.20459255E-05   0.23686727E-05
  14.567   8.767   0.35899500E-01   0.20341196E-05   0.23517018E-05   0.20341196E-05   0.23517018E-05
  14.583   8.783   0.35890685E-01   0.20222696E-05   0.23347180E-05   0.20222696E-05   0.23347180E-05
  14.600   8.800   0.35881790E-01   0.20103757E-05   0.23177216E-05   0.20103757E-05   0.23177216E-05
  14.617   8.817   0.35872818E-01   0.19984380E-05   0.23007128E-05   0.19984380E-05   0.23007128E-05
  14.633   8.833   0.35863770E-01   0.19864568E-05   0.22836917E-05   0.19864568E-05   0.22836917E-05
  14.650   8.850   0.35854648E-01   0.19744322E-05   0.22666586E-05   0.19744322E-05   0.22666586E-05
  14.667   8.867   0.35845452E-01   0.19623643E-05   0.22496137E-05   0.19623643E-05   0.22496137E-05
  14.683   8.883   0.35836186E-01   0.19502534E-05   0.22325572E-05   0.19502534E-05   0.22325572E-05
  14.700   8.900   0.35826850E-01   0.19380997E-05   0.22154892E-05   0.19380997E-05   0.22154892E-05
  14.717   8.917   0.35817445E-01   0.19259033E-05   0.21984101E-05   0.19259033E-05   0.21984101E-05
  14.733   8.933   0.35807973E-01   0.19136644E-05   0.21813200E-05   0.19136644E-05   0.21813200E-05
  14.750   8.950   0.35798436E-01   0.19013834E-05   0.21642193E-05   0.19013834E-05   0.21642193E-05
  14.767   8.967   0.35788836E-01   0.18890603E-05   0.21471080E-05   0.18890603E-05   0.21471080E-05
  14.783   8.983   0.35779173E-01   0.18766954E-05   0.21299866E-05   0.18766954E-05   0.21299866E-05
  14.800   9.000   0.35769450E-01   0.18642889E-05   0.21128552E-05   0.18642889E-05   0.21128552E-05
  14.817   9.017   0.35759667E-01   0.18518411E-05   0.20957142E-05   0.18518411E-05   0.20957142E-05
  14.833   9.033   0.35749827E-01   0.18393522E-05   0.20785638E-05   0.18393522E-05   0.20785638E-05
  14.850   9.050   0.35739930E-01   0.18268225E-05   0.20614043E-05   0.18268225E-05   0.20614043E-05
  14.867   9.067   0.35729979E-01   0.18142522E-05   0.20442359E-05   0.18142522E-05   0.20442359E-05
  14.883   9.083   0.35719975E-01   0.18016416E-05   0.20270591E-05   0.18016416E-05   0.20270591E-05
  14.900   9.100   0.35709920E-01   0.17889910E-05   0.20098741E-05   0.17889910E-05   0.20098741E-05
  14.917   9.117   0.35699814E-01   0.17763007E-05   0.19926812E-05   0.17763007E-05   0.19926812E-05
  14.933   9.133   0.35689661E-01   0.17635709E-05   0.19754809E-05   0.17635709E-05   0.19754809E-05
  14.950   9.150   0.35679460E-01   0.17508020E-05   0.19582733E-05   0.17508020E-05   0.19582733E-05
  14.967   9.167   0.35669214E-01   0.17379943E-05   0.19410590E-05   0.17379943E-05   0.19410590E-05
  14.983   9.183   0.35658925E-01   0.17251481E-05   0.19238382E-05   0.17251481E-05   0.19238382E-05
  15.000   9.200   0.35648593E-01   0.17122637E-05   0.19066113E-05   0.17122637E-05   0.19066113E-05
  15.017   9.217   0.35638221E-01   0.16993415E-05   0.18893788E-05   0.16993415E-05   0.18893788E-05
  15.033   9.233   0.35627810E-01   0.16863819E-05   0.18721410E-05   0.16863819E-05   0.18721410E-05
  15.050   9.250   0.35617362E-01   0.16733853E-05   0.18548984E-05   0.16733853E-05   0.18548984E-05
  15.067   9.267   0.35606878E-01   0.16603519E-05   0.18376514E-05   0.16603519E-05   0.18376514E-05
  15.083   9.283   0.35596359E-01   0.16472823E-05   0.18204005E-05   0.16472823E-05   0.18204005E-05
  15.100   9.300   0.35585809E-01   0.16341767E-05   0.18031460E-05   0.16341767E-05   0.18031460E-05
  15.117   9.317   0.35575227E-01   0.16210357E-05   0.17858886E-05   0.16210357E-05   0.17858886E-05
  15.133   9.333   0.35564615E-01   0.16078597E-05   0.17686286E-05   0.16078597E-05   0.17686286E-05
  15.150   9.350   0.35553976E-01   0.15946491E-05   0.17513665E-05   0.15946491E-05   0.17513665E-05
  15.167   9.367   0.35543311E-01   0.15814043E-05   0.17341030E-05   0.15814043E-05   0.17341030E-05
  15.183   9.383   0.35532621E-01   0.15681260E-05   0.17168386E-05   0.15681260E-05   0.17168386E-05
  15.200   9.400   0.35521909E-01   0.15548144E-05   0.16995737E-05   0.15548144E-05   0.16995737E-05
  15.217   9.417   0.35511175E-01   0.15414702E-05   0.16823090E-05   0.15414702E-05   0.16823090E-05
  15.233   9.433   0.35500421E-01   0.15280939E-05   0.16650450E-05   0.15280939E-05   0.16650450E-05
  15.250   9.450   0.35489650E-01   0.15146860E-05   0.16477825E-05   0.15146860E-05   0.16477825E-05
  15.267   9.467   0.35478862E-01   0.15012470E-05   0.16305219E-05   0.15012470E-05   0.16305219E-05
  15.283   9.483   0.35468059E-01   0.14877776E-05   0.16132640E-05   0.14877776E-05   0.16132640E-05
  15.300   9.500   0.35457244E-01   0.14742783E-05   0.15960094E-05   0.14742783E-05   0.15960094E-05
  15.317   9.517   0.35446417E-01   0.14607497E-05   0.15787589E-05   0.14607497E-05   0.15787589E-05
  15.333   9.533   0.35435580E-01   0.14471925E-05   0.15615130E-05   0.14471925E-05   0.15615130E-05
  15.350   9.550   0.35424735E-01   0.14336072E-05   0.15442727E-05   0.14336072E-05   0.15442727E-05
  15.367   9.567   0.35413884E-01   0.14199946E-05   0.15270385E-05   0.14199946E-05   0.15270385E-05
  15.383   9.583   0.35403029E-01   0.14063554E-05   0.15098114E-05   0.14063554E-05   0.15098114E-05
  15.400   9.600   0.35392170E-01   0.13926902E-05   0.14925920E-05   0.13926902E-05   0.14925920E-05
  15.417   9.617   0.35381310E-01   0.13789997E-05   0.14753813E-05   0.13789997E-05   0.14753813E-05
  15.433   9.633   0.35370451E-01   0.13652848E-05   0.14581801E-05   0.13652848E-05   0.14581801E-05
  15.450   9.650   0.35359594E-01   0.13515461E-05   0.14409892E-05   0.13515461E-05   0.14409892E-05
  15.467   9.667   0.35348741E-01   0.13377845E-05   0.14238096E-05   0.13377845E-05   0.14238096E-05
  15.483   9.683   0.35337894E-01   0.13240008E-05   0.14066423E-05   0.13240008E-05   0.14066423E-05
  15.500   9.700   0.35327054E-01   0.13101958E-05   0.13894881E-05   0.13101958E-05   0.13894881E-05
  15.517   9.717   0.35316224E-01   0.12963704E-05   0.13723481E-05   0.12963704E-05   0.13723481E-05
  15.533   9.733   0.35305404E-01   0.12825254E-05   0.13552232E-05   0.12825254E-05   0.13552232E-05
  15.550   9.750   0.35294598E-01   0.12686617E-05   0.13381146E-05   0.12686617E-05   0.13381146E-05
  15.567   9.767   0.35283806E-01   0.12547804E-05   0.13210233E-05   0.12547804E-05   0.13210233E-05
  15.583   9.783   0.35273030E-01   0.12408823E-05   0.13039505E-05   0.12408823E-05   0.13039505E-05
  15.600   9.800   0.35262273E-01   0.12269685E-05   0.12868973E-05   0.12269685E-05   0.12868973E-05
  15.617   9.817   0.35251536E-01   0.12130399E-05   0.12698648E-05   0.12130399E-05   0.12698648E-05
  15.633   9.833   0.35240821E-01   0.11990976E-05   0.12528543E-05   0.11990976E-05   0.12528543E-05
  15.650   9.850   0.35230129E-01   0.11851427E-05   0.12358670E-05   0.11851427E-05   0.12358670E-05
  15.667   9.867   0.35219464E-01   0.11711763E-05   0.12189043E-05   0.11711763E-05   0.12189043E-05
  15.683   9.883   0.35208825E-01   0.11571995E-05   0.12019674E-05   0.11571995E-05   0.12019674E-05
  15.700   9.900   0.35198217E-01   0.11432134E-05   0.11850577E-05   0.11432134E-05   0.11850577E-05
  15.717   9.917   0.35187639E-01   0.11292193E-05   0.11681766E-05   0.11292193E-05   0.11681766E-05
  15.733   9.933   0.35177095E-01   0.11152184E-05   0.11513255E-05   0.11152184E-05   0.11513255E-05
  15.750   9.950   0.35166586E-01   0.11012119E-05   0.11345060E-05   0.11012119E-05   0.11345060E-05
  15.767   9.967   0.35156115E-01   0.10872011E-05   0.11177194E-05   0.10872011E-05   0.11177194E-05
  15.783   9.983   0.35145682E-01   0.10731874E-05   0.11009675E-05   0.10731874E-05   0.11009675E-05
  15.800  10.000   0.35135291E-01   0.10591721E-05   0.10842518E-05   0.10591721E-05   0.10842518E-05
  15.817  10.017   0.35124943E-01   0.10451566E-05   0.10675739E-05   0.10451566E-05   0.10675739E-05
  15.833  10.033   0.35114640E-01   0.10311424E-05   0.10509356E-05   0.10311424E-05   0.10509356E-05
  15.850  10.050   0.35104384E-01   0.10171308E-05   0.10343385E-05   0.10171308E-05   0.10343385E-05
  15.867  10.067   0.35094178E-01   0.10031234E-05   0.10177845E-05   0.10031234E-05   0.10177845E-05
  15.883  10.083   0.35084023E-01   0.98912171E-06   0.10012753E-05   0.98912171E-06   0.10012753E-05
  15.900  10.100   0.35073921E-01   0.97512733E-06   0.98481284E-06   0.97512733E-06   0.98481284E-06
  15.917  10.117   0.35063875E-01   0.96114187E-06   0.96839905E-06   0.96114187E-06   0.96839905E-06
  15.933  10.133   0.35053887E-01   0.94716697E-06   0.95203589E-06   0.94716697E-06   0.95203589E-06
  15.950  10.150   0.35043959E-01   0.93320432E-06   0.93572537E-06   0.93320432E-06   0.93572537E-06
  15.967  10.167   0.35034093E-01   0.91925566E-06   0.91946955E-06   0.91925566E-06   0.91946955E-06
  15.983  10.183   0.35024292E-01   0.90532275E-06   0.90327054E-06   0.90532275E-06   0.90327054E-06
  16.000  10.200   0.35014557E-01   0.89140741E-06   0.88713052E-06   0.89140741E-06   0.88713052E-06
  16.017  10.217   0.35004890E-01   0.87751148E-06   0.87105169E-06   0.87751148E-06   0.87105169E-06
  16.033  10.233   0.34995295E-01   0.86363687E-06   0.85503633E-06   0.86363687E-06   0.85503633E-06
  16.050  10.250   0.34985774E-01   0.84978551E-06   0.83908675E-06   0.84978551E-06   0.83908675E-06
  16.067  10.267   0.34976328E-01   0.83595938E-06   0.82320532E-06   0.83595938E-06   0.82320532E-06
  16.083  10.283   0.34966960E-01   0.82216051E-06   0.80739446E-06   0.82216051E-06   0.80739446E-06
  16.100  10.300   0.34957673E-01   0.80839095E-06   0.79165665E-06   0.80839095E-06   0.79165665E-06
  16.117  10.317   0.34948469E-01   0.79465283E-06   0.77599440E-06   0.79465283E-06   0.77599440E-06
  16.133  10.333   0.34939350E-01   0.78094828E-06   0.76041031E-06   0.78094828E-06   0.76041031E-06
  16.150  10.350   0.34930320E-01   0.76727951E-06   0.74490700E-06   0.76727951E-06   0.74490700E-06
  16.167  10.367   0.34921379E-01   0.75364876E-06   0.72948714E-06   0.75364876E-06   0.72948714E-06
  16.183  10.383   0.34912532E-01   0.74005832E-06   0.71415349E-06   0.74005832E-06   0.71415349E-06
  16.200  10.400   0.34903780E-01   0.72651051E-06   0.69890881E-06   0.72651051E-06   0.69890881E-06
  16.217  10.417   0.34895126E-01   0.71300770E-06   0.68375594E-06   0.71300770E-06   0.68375594E-06
  16.233  10.433   0.34886573E-01   0.69955233E-06   0.66869778E-06   0.69955233E-06   0.66869778E-06
  16.250  10.450   0.34878123E-01   0.68614684E-06   0.65373725E-06   0.68614684E-06   0.65373725E-06
  16.267  10.467   0.34869780E-01   0.67279375E-06   0.63887733E-06   0.67279375E-06   0.63887733E-06
  16.283  10.483   0.34861545E-01   0.65949560E-06   0.62412107E-06   0.65949560E-06   0.62412107E-06
  16.300  10.500   0.34853422E-01   0.64625499E-06   0.60947152E-06   0.64625499E-06   0.60947152E-06
  16.317  10.517   0.34845413E-01   0.63307455E-06   0.59493182E-06   0.63307455E-06   0.59493182E-06
  16.333  10.533   0.34837522E-01   0.61995696E-06   0.58050512E-06   0.61995696E-06   0.58050512E-06
  16.350  10.550   0.34829750E-01   0.60690495E-06   0.56619463E-06   0.60690495E-06   0.56619463E-06
  16.367  10.567   0.34822101E-01   0.59392126E-06   0.55200359E-06   0.59392126E-06   0.55200359E-06
  16.383  10.583   0.34814579E-01   0.58100871E-06   0.53793529E-06   0.58100871E-06   0.53793529E-06
  16.400  10.600   0.34807185E-01   0.56817014E-06   0.52399303E-06   0.56817014E-06   0.52399303E-06
  16.417  10.617   0.34799923E-01   0.55540841E-06   0.51018017E-06   0.55540841E-06   0.51018017E-06
  16.433  10.633   0.34792795E-01   0.54272645E-06   0.49650008E-06   0.54272645E-06   0.49650008E-06
  16.450  10.650   0.34785806E-01   0.53012721E-06   0.48295617E-06   0.53012721E-06   0.48295617E-06
  16.467  10.667   0.34778957E-01   0.51761368E-06   0.46955186E-06   0.51761368E-06   0.46955186E-06
  16.483  10.683   0.34772253E-01   0.50518886E-06   0.45629059E-06   0.50518886E-06   0.45629059E-06
  16.500  10.700   0.34765696E-01   0.49285582E-06   0.44317583E-06   0.49285582E-06   0.44317583E-06
  16.517  10.717   0.34759289E-01   0.48061763E-06   0.43021104E-06   0.48061763E-06   0.43021104E-06
  16.533  10.733   0.34753035E-01   0.46847740E-06   0.41739972E-06   0.46847740E-06   0.41739972E-06
  16.550  10.750   0.34746939E-01   0.45643826E-06   0.40474533E-06   0.45643826E-06   0.40474533E-06
  16.567  10.767   0.34741002E-01   0.44450336E-06   0.39225135E-06   0.44450336E-06   0.39225135E-06
  16.583  10.783   0.34735229E-01   0.43267588E-06   0.37992126E-06   0.43267588E-06   0.37992126E-06
  16.600  10.800   0.34729623E-01   0.42095900E-06   0.36775852E-06   0.42095900E-06   0.36775852E-06
  16.617  10.817   0.34724186E-01   0.40935594E-06   0.35576655E-06   0.40935594E-06   0.35576655E-06
  16.633  10.833   0.34718922E-01   0.39786992E-06   0.34394878E-06   0.39786992E-06   0.34394878E-06
  16.650  10.850   0.34713836E-01   0.38650415E-06   0.33230858E-06   0.38650415E-06   0.33230858E-06
  16.667  10.867   0.34708929E-01   0.37526188E-06   0.32084929E-06   0.37526188E-06   0.32084929E-06
  16.683  10.883   0.34704205E-01   0.36414633E-06   0.30957420E-06   0.36414633E-06   0.30957420E-06
  16.700  10.900   0.34699668E-01   0.35316073E-06   0.29848657E-06   0.35316073E-06   0.29848657E-06
  16.717  10.917   0.34695321E-01   0.34230831E-06   0.28758955E-06   0.34230831E-06   0.28758955E-06
  16.733  10.933   0.34691167E-01   0.33159227E-06   0.27688627E-06   0.33159227E-06   0.27688627E-06
  16.750  10.950   0.34687211E-01   0.32101582E-06   0.26637975E-06   0.32101582E-06   0.26637975E-06
  16.767  10.967   0.34683454E-01   0.31058212E-06   0.25607295E-06   0.31058212E-06   0.25607295E-06
  16.783  10.983   0.34679901E-01   0.30029433E-06   0.24596870E-06   0.30029433E-06   0.24596870E-06
  16.800  11.000   0.34676555E-01   0.29015556E-06   0.23606975E-06   0.29015556E-06   0.23606975E-06
