        RT(hours)             [N2]         L_R_03           tot_loss         tot_prod
   5.817   0.017   0.80000000E+09   0.20411336E-03   0.20411336E-03   0.00000000E+00
   5.833   0.033   0.80000000E+09   0.20542274E-03   0.20542274E-03   0.00000000E+00
   5.850   0.050   0.80000000E+09   0.20675566E-03   0.20675566E-03   0.00000000E+00
   5.867   0.067   0.80000000E+09   0.20810898E-03   0.20810898E-03   0.00000000E+00
   5.883   0.083   0.80000000E+09   0.20948104E-03   0.20948104E-03   0.00000000E+00
   5.900   0.100   0.80000000E+09   0.21087077E-03   0.21087077E-03   0.00000000E+00
   5.917   0.117   0.80000000E+09   0.21227733E-03   0.21227733E-03   0.00000000E+00
   5.933   0.133   0.80000000E+09   0.21370007E-03   0.21370007E-03   0.00000000E+00
   5.950   0.150   0.80000000E+09   0.21513843E-03   0.21513843E-03   0.00000000E+00
   5.967   0.167   0.80000000E+09   0.21659189E-03   0.21659189E-03   0.00000000E+00
   5.983   0.183   0.80000000E+09   0.21806001E-03   0.21806001E-03   0.00000000E+00
   6.000   0.200   0.80000000E+09   0.21954234E-03   0.21954234E-03   0.00000000E+00
   6.017   0.217   0.80000000E+09   0.22103841E-03   0.22103841E-03   0.00000000E+00
   6.033   0.233   0.80000000E+09   0.22254779E-03   0.22254779E-03   0.00000000E+00
   6.050   0.250   0.80000000E+09   0.22406997E-03   0.22406997E-03   0.00000000E+00
   6.067   0.267   0.80000000E+09   0.22560447E-03   0.22560447E-03   0.00000000E+00
   6.083   0.283   0.80000000E+09   0.22715074E-03   0.22715074E-03   0.00000000E+00
   6.100   0.300   0.80000000E+09   0.22870823E-03   0.22870823E-03   0.00000000E+00
   6.117   0.317   0.80000000E+09   0.23027635E-03   0.23027635E-03   0.00000000E+00
   6.133   0.333   0.80000000E+09   0.23185447E-03   0.23185447E-03   0.00000000E+00
   6.150   0.350   0.80000000E+09   0.23344197E-03   0.23344197E-03   0.00000000E+00
   6.167   0.367   0.80000000E+09   0.23503818E-03   0.23503818E-03   0.00000000E+00
   6.183   0.383   0.80000000E+09   0.23664243E-03   0.23664243E-03   0.00000000E+00
   6.200   0.400   0.80000000E+09   0.23825404E-03   0.23825404E-03   0.00000000E+00
   6.217   0.417   0.80000000E+09   0.23987229E-03   0.23987229E-03   0.00000000E+00
   6.233   0.433   0.80000000E+09   0.24149650E-03   0.24149650E-03   0.00000000E+00
   6.250   0.450   0.80000000E+09   0.24312595E-03   0.24312595E-03   0.00000000E+00
   6.267   0.467   0.80000000E+09   0.24475994E-03   0.24475994E-03   0.00000000E+00
   6.283   0.483   0.80000000E+09   0.24639777E-03   0.24639777E-03   0.00000000E+00
   6.300   0.500   0.80000000E+09   0.24803874E-03   0.24803874E-03   0.00000000E+00
   6.317   0.517   0.80000000E+09   0.24968218E-03   0.24968218E-03   0.00000000E+00
   6.333   0.533   0.80000000E+09   0.25132740E-03   0.25132740E-03   0.00000000E+00
   6.350   0.550   0.80000000E+09   0.25297377E-03   0.25297377E-03   0.00000000E+00
   6.367   0.567   0.80000000E+09   0.25462063E-03   0.25462063E-03   0.00000000E+00
   6.383   0.583   0.80000000E+09   0.25626738E-03   0.25626738E-03   0.00000000E+00
   6.400   0.600   0.80000000E+09   0.25791342E-03   0.25791342E-03   0.00000000E+00
   6.417   0.617   0.80000000E+09   0.25955816E-03   0.25955816E-03   0.00000000E+00
   6.433   0.633   0.80000000E+09   0.26120105E-03   0.26120105E-03   0.00000000E+00
   6.450   0.650   0.80000000E+09   0.26284157E-03   0.26284157E-03   0.00000000E+00
   6.467   0.667   0.80000000E+09   0.26447921E-03   0.26447921E-03   0.00000000E+00
   6.483   0.683   0.80000000E+09   0.26611349E-03   0.26611349E-03   0.00000000E+00
   6.500   0.700   0.80000000E+09   0.26774394E-03   0.26774394E-03   0.00000000E+00
   6.517   0.717   0.80000000E+09   0.26937013E-03   0.26937013E-03   0.00000000E+00
   6.533   0.733   0.80000000E+09   0.27099166E-03   0.27099166E-03   0.00000000E+00
   6.550   0.750   0.80000000E+09   0.27260812E-03   0.27260812E-03   0.00000000E+00
   6.567   0.767   0.80000000E+09   0.27421917E-03   0.27421917E-03   0.00000000E+00
   6.583   0.783   0.80000000E+09   0.27582446E-03   0.27582446E-03   0.00000000E+00
   6.600   0.800   0.80000000E+09   0.27742367E-03   0.27742367E-03   0.00000000E+00
   6.617   0.817   0.80000000E+09   0.27901650E-03   0.27901650E-03   0.00000000E+00
   6.633   0.833   0.80000000E+09   0.28060267E-03   0.28060267E-03   0.00000000E+00
   6.650   0.850   0.80000000E+09   0.28218192E-03   0.28218192E-03   0.00000000E+00
   6.667   0.867   0.80000000E+09   0.28375402E-03   0.28375402E-03   0.00000000E+00
   6.683   0.883   0.80000000E+09   0.28531873E-03   0.28531873E-03   0.00000000E+00
   6.700   0.900   0.80000000E+09   0.28687587E-03   0.28687587E-03   0.00000000E+00
   6.717   0.917   0.80000000E+09   0.28842523E-03   0.28842523E-03   0.00000000E+00
   6.733   0.933   0.80000000E+09   0.28996665E-03   0.28996665E-03   0.00000000E+00
   6.750   0.950   0.80000000E+09   0.29149997E-03   0.29149997E-03   0.00000000E+00
   6.767   0.967   0.80000000E+09   0.29302505E-03   0.29302505E-03   0.00000000E+00
   6.783   0.983   0.80000000E+09   0.29454175E-03   0.29454175E-03   0.00000000E+00
   6.800   1.000   0.80000000E+09   0.29604996E-03   0.29604996E-03   0.00000000E+00
   6.817   1.017   0.80000000E+09   0.29754957E-03   0.29754957E-03   0.00000000E+00
   6.833   1.033   0.80000000E+09   0.29904048E-03   0.29904048E-03   0.00000000E+00
   6.850   1.050   0.80000000E+09   0.30052261E-03   0.30052261E-03   0.00000000E+00
   6.867   1.067   0.80000000E+09   0.30199589E-03   0.30199589E-03   0.00000000E+00
   6.883   1.083   0.80000000E+09   0.30346026E-03   0.30346026E-03   0.00000000E+00
   6.900   1.100   0.80000000E+09   0.30491564E-03   0.30491564E-03   0.00000000E+00
   6.917   1.117   0.80000000E+09   0.30636199E-03   0.30636199E-03   0.00000000E+00
   6.933   1.133   0.80000000E+09   0.30779928E-03   0.30779928E-03   0.00000000E+00
   6.950   1.150   0.80000000E+09   0.30922747E-03   0.30922747E-03   0.00000000E+00
   6.967   1.167   0.80000000E+09   0.31064652E-03   0.31064652E-03   0.00000000E+00
   6.983   1.183   0.80000000E+09   0.31205642E-03   0.31205642E-03   0.00000000E+00
   7.000   1.200   0.80000000E+09   0.31345714E-03   0.31345714E-03   0.00000000E+00
   7.017   1.217   0.80000000E+09   0.31484869E-03   0.31484869E-03   0.00000000E+00
   7.033   1.233   0.80000000E+09   0.31623104E-03   0.31623104E-03   0.00000000E+00
   7.050   1.250   0.80000000E+09   0.31760420E-03   0.31760420E-03   0.00000000E+00
   7.067   1.267   0.80000000E+09   0.31896818E-03   0.31896818E-03   0.00000000E+00
   7.083   1.283   0.80000000E+09   0.32032296E-03   0.32032296E-03   0.00000000E+00
   7.100   1.300   0.80000000E+09   0.32166857E-03   0.32166857E-03   0.00000000E+00
   7.117   1.317   0.80000000E+09   0.32300502E-03   0.32300502E-03   0.00000000E+00
   7.133   1.333   0.80000000E+09   0.32433232E-03   0.32433232E-03   0.00000000E+00
   7.150   1.350   0.80000000E+09   0.32565049E-03   0.32565049E-03   0.00000000E+00
   7.167   1.367   0.80000000E+09   0.32695955E-03   0.32695955E-03   0.00000000E+00
   7.183   1.383   0.80000000E+09   0.32825953E-03   0.32825953E-03   0.00000000E+00
   7.200   1.400   0.80000000E+09   0.32955044E-03   0.32955044E-03   0.00000000E+00
   7.217   1.417   0.80000000E+09   0.33083232E-03   0.33083232E-03   0.00000000E+00
   7.233   1.433   0.80000000E+09   0.33210519E-03   0.33210519E-03   0.00000000E+00
   7.250   1.450   0.80000000E+09   0.33336908E-03   0.33336908E-03   0.00000000E+00
   7.267   1.467   0.80000000E+09   0.33462403E-03   0.33462403E-03   0.00000000E+00
   7.283   1.483   0.80000000E+09   0.33587007E-03   0.33587007E-03   0.00000000E+00
   7.300   1.500   0.80000000E+09   0.33710724E-03   0.33710724E-03   0.00000000E+00
   7.317   1.517   0.80000000E+09   0.33833556E-03   0.33833556E-03   0.00000000E+00
   7.333   1.533   0.80000000E+09   0.33955507E-03   0.33955507E-03   0.00000000E+00
   7.350   1.550   0.80000000E+09   0.34076582E-03   0.34076582E-03   0.00000000E+00
   7.367   1.567   0.80000000E+09   0.34196783E-03   0.34196783E-03   0.00000000E+00
   7.383   1.583   0.80000000E+09   0.34316115E-03   0.34316115E-03   0.00000000E+00
   7.400   1.600   0.80000000E+09   0.34434582E-03   0.34434582E-03   0.00000000E+00
   7.417   1.617   0.80000000E+09   0.34552187E-03   0.34552187E-03   0.00000000E+00
   7.433   1.633   0.80000000E+09   0.34668934E-03   0.34668934E-03   0.00000000E+00
   7.450   1.650   0.80000000E+09   0.34784828E-03   0.34784828E-03   0.00000000E+00
   7.467   1.667   0.80000000E+09   0.34899873E-03   0.34899873E-03   0.00000000E+00
   7.483   1.683   0.80000000E+09   0.35014072E-03   0.35014072E-03   0.00000000E+00
   7.500   1.700   0.80000000E+09   0.35127429E-03   0.35127429E-03   0.00000000E+00
   7.517   1.717   0.80000000E+09   0.35239950E-03   0.35239950E-03   0.00000000E+00
   7.533   1.733   0.80000000E+09   0.35351637E-03   0.35351637E-03   0.00000000E+00
   7.550   1.750   0.80000000E+09   0.35462495E-03   0.35462495E-03   0.00000000E+00
   7.567   1.767   0.80000000E+09   0.35572528E-03   0.35572528E-03   0.00000000E+00
   7.583   1.783   0.80000000E+09   0.35681740E-03   0.35681740E-03   0.00000000E+00
   7.600   1.800   0.80000000E+09   0.35790136E-03   0.35790136E-03   0.00000000E+00
   7.617   1.817   0.80000000E+09   0.35897718E-03   0.35897718E-03   0.00000000E+00
   7.633   1.833   0.80000000E+09   0.36004492E-03   0.36004492E-03   0.00000000E+00
   7.650   1.850   0.80000000E+09   0.36110462E-03   0.36110462E-03   0.00000000E+00
   7.667   1.867   0.80000000E+09   0.36215631E-03   0.36215631E-03   0.00000000E+00
   7.683   1.883   0.80000000E+09   0.36320003E-03   0.36320003E-03   0.00000000E+00
   7.700   1.900   0.80000000E+09   0.36423582E-03   0.36423582E-03   0.00000000E+00
   7.717   1.917   0.80000000E+09   0.36526373E-03   0.36526373E-03   0.00000000E+00
   7.733   1.933   0.80000000E+09   0.36628380E-03   0.36628380E-03   0.00000000E+00
   7.750   1.950   0.80000000E+09   0.36729605E-03   0.36729605E-03   0.00000000E+00
   7.767   1.967   0.80000000E+09   0.36830054E-03   0.36830054E-03   0.00000000E+00
   7.783   1.983   0.80000000E+09   0.36929730E-03   0.36929730E-03   0.00000000E+00
   7.800   2.000   0.80000000E+09   0.37028636E-03   0.37028636E-03   0.00000000E+00
   7.817   2.017   0.80000000E+09   0.37126778E-03   0.37126778E-03   0.00000000E+00
   7.833   2.033   0.80000000E+09   0.37224157E-03   0.37224157E-03   0.00000000E+00
   7.850   2.050   0.80000000E+09   0.37320779E-03   0.37320779E-03   0.00000000E+00
   7.867   2.067   0.80000000E+09   0.37416647E-03   0.37416647E-03   0.00000000E+00
   7.883   2.083   0.80000000E+09   0.37511764E-03   0.37511764E-03   0.00000000E+00
   7.900   2.100   0.80000000E+09   0.37606135E-03   0.37606135E-03   0.00000000E+00
   7.917   2.117   0.80000000E+09   0.37699762E-03   0.37699762E-03   0.00000000E+00
   7.933   2.133   0.80000000E+09   0.37792650E-03   0.37792650E-03   0.00000000E+00
   7.950   2.150   0.80000000E+09   0.37884801E-03   0.37884801E-03   0.00000000E+00
   7.967   2.167   0.80000000E+09   0.37976220E-03   0.37976220E-03   0.00000000E+00
   7.983   2.183   0.80000000E+09   0.38066910E-03   0.38066910E-03   0.00000000E+00
   8.000   2.200   0.80000000E+09   0.38156874E-03   0.38156874E-03   0.00000000E+00
   8.017   2.217   0.80000000E+09   0.38246116E-03   0.38246116E-03   0.00000000E+00
   8.033   2.233   0.80000000E+09   0.38334639E-03   0.38334639E-03   0.00000000E+00
   8.050   2.250   0.80000000E+09   0.38422447E-03   0.38422447E-03   0.00000000E+00
   8.067   2.267   0.80000000E+09   0.38509542E-03   0.38509542E-03   0.00000000E+00
   8.083   2.283   0.80000000E+09   0.38595928E-03   0.38595928E-03   0.00000000E+00
   8.100   2.300   0.80000000E+09   0.38681609E-03   0.38681609E-03   0.00000000E+00
   8.117   2.317   0.80000000E+09   0.38766586E-03   0.38766586E-03   0.00000000E+00
   8.133   2.333   0.80000000E+09   0.38850864E-03   0.38850864E-03   0.00000000E+00
   8.150   2.350   0.80000000E+09   0.38934446E-03   0.38934446E-03   0.00000000E+00
   8.167   2.367   0.80000000E+09   0.39017335E-03   0.39017335E-03   0.00000000E+00
   8.183   2.383   0.80000000E+09   0.39099533E-03   0.39099533E-03   0.00000000E+00
   8.200   2.400   0.80000000E+09   0.39181045E-03   0.39181045E-03   0.00000000E+00
   8.217   2.417   0.80000000E+09   0.39261871E-03   0.39261871E-03   0.00000000E+00
   8.233   2.433   0.80000000E+09   0.39342017E-03   0.39342017E-03   0.00000000E+00
   8.250   2.450   0.80000000E+09   0.39421484E-03   0.39421484E-03   0.00000000E+00
   8.267   2.467   0.80000000E+09   0.39500276E-03   0.39500276E-03   0.00000000E+00
   8.283   2.483   0.80000000E+09   0.39578395E-03   0.39578395E-03   0.00000000E+00
   8.300   2.500   0.80000000E+09   0.39655845E-03   0.39655845E-03   0.00000000E+00
   8.317   2.517   0.80000000E+09   0.39732627E-03   0.39732627E-03   0.00000000E+00
   8.333   2.533   0.80000000E+09   0.39808745E-03   0.39808745E-03   0.00000000E+00
   8.350   2.550   0.80000000E+09   0.39884201E-03   0.39884201E-03   0.00000000E+00
   8.367   2.567   0.80000000E+09   0.39958998E-03   0.39958998E-03   0.00000000E+00
   8.383   2.583   0.80000000E+09   0.40033139E-03   0.40033139E-03   0.00000000E+00
   8.400   2.600   0.80000000E+09   0.40106626E-03   0.40106626E-03   0.00000000E+00
   8.417   2.617   0.80000000E+09   0.40179462E-03   0.40179462E-03   0.00000000E+00
   8.433   2.633   0.80000000E+09   0.40251650E-03   0.40251650E-03   0.00000000E+00
   8.450   2.650   0.80000000E+09   0.40323192E-03   0.40323192E-03   0.00000000E+00
   8.467   2.667   0.80000000E+09   0.40394090E-03   0.40394090E-03   0.00000000E+00
   8.483   2.683   0.80000000E+09   0.40464347E-03   0.40464347E-03   0.00000000E+00
   8.500   2.700   0.80000000E+09   0.40533965E-03   0.40533965E-03   0.00000000E+00
   8.517   2.717   0.80000000E+09   0.40602947E-03   0.40602947E-03   0.00000000E+00
   8.533   2.733   0.80000000E+09   0.40671295E-03   0.40671295E-03   0.00000000E+00
   8.550   2.750   0.80000000E+09   0.40739012E-03   0.40739012E-03   0.00000000E+00
   8.567   2.767   0.80000000E+09   0.40806099E-03   0.40806099E-03   0.00000000E+00
   8.583   2.783   0.80000000E+09   0.40872560E-03   0.40872560E-03   0.00000000E+00
   8.600   2.800   0.80000000E+09   0.40938395E-03   0.40938395E-03   0.00000000E+00
   8.617   2.817   0.80000000E+09   0.41003608E-03   0.41003608E-03   0.00000000E+00
   8.633   2.833   0.80000000E+09   0.41068201E-03   0.41068201E-03   0.00000000E+00
   8.650   2.850   0.80000000E+09   0.41132176E-03   0.41132176E-03   0.00000000E+00
   8.667   2.867   0.80000000E+09   0.41195535E-03   0.41195535E-03   0.00000000E+00
   8.683   2.883   0.80000000E+09   0.41258280E-03   0.41258280E-03   0.00000000E+00
   8.700   2.900   0.80000000E+09   0.41320414E-03   0.41320414E-03   0.00000000E+00
   8.717   2.917   0.80000000E+09   0.41381937E-03   0.41381937E-03   0.00000000E+00
   8.733   2.933   0.80000000E+09   0.41442853E-03   0.41442853E-03   0.00000000E+00
   8.750   2.950   0.80000000E+09   0.41503164E-03   0.41503164E-03   0.00000000E+00
   8.767   2.967   0.80000000E+09   0.41562870E-03   0.41562870E-03   0.00000000E+00
   8.783   2.983   0.80000000E+09   0.41621975E-03   0.41621975E-03   0.00000000E+00
   8.800   3.000   0.80000000E+09   0.41680480E-03   0.41680480E-03   0.00000000E+00
   8.817   3.017   0.80000000E+09   0.41738388E-03   0.41738388E-03   0.00000000E+00
   8.833   3.033   0.80000000E+09   0.41795699E-03   0.41795699E-03   0.00000000E+00
   8.850   3.050   0.80000000E+09   0.41852416E-03   0.41852416E-03   0.00000000E+00
   8.867   3.067   0.80000000E+09   0.41908541E-03   0.41908541E-03   0.00000000E+00
   8.883   3.083   0.80000000E+09   0.41964076E-03   0.41964076E-03   0.00000000E+00
   8.900   3.100   0.80000000E+09   0.42019022E-03   0.42019022E-03   0.00000000E+00
   8.917   3.117   0.80000000E+09   0.42073380E-03   0.42073380E-03   0.00000000E+00
   8.933   3.133   0.80000000E+09   0.42127154E-03   0.42127154E-03   0.00000000E+00
   8.950   3.150   0.80000000E+09   0.42180344E-03   0.42180344E-03   0.00000000E+00
   8.967   3.167   0.80000000E+09   0.42232952E-03   0.42232952E-03   0.00000000E+00
   8.983   3.183   0.80000000E+09   0.42284981E-03   0.42284981E-03   0.00000000E+00
   9.000   3.200   0.80000000E+09   0.42336431E-03   0.42336431E-03   0.00000000E+00
   9.017   3.217   0.80000000E+09   0.42387303E-03   0.42387303E-03   0.00000000E+00
   9.033   3.233   0.80000000E+09   0.42437601E-03   0.42437601E-03   0.00000000E+00
   9.050   3.250   0.80000000E+09   0.42487325E-03   0.42487325E-03   0.00000000E+00
   9.067   3.267   0.80000000E+09   0.42536477E-03   0.42536477E-03   0.00000000E+00
   9.083   3.283   0.80000000E+09   0.42585058E-03   0.42585058E-03   0.00000000E+00
   9.100   3.300   0.80000000E+09   0.42633071E-03   0.42633071E-03   0.00000000E+00
   9.117   3.317   0.80000000E+09   0.42680515E-03   0.42680515E-03   0.00000000E+00
   9.133   3.333   0.80000000E+09   0.42727394E-03   0.42727394E-03   0.00000000E+00
   9.150   3.350   0.80000000E+09   0.42773708E-03   0.42773708E-03   0.00000000E+00
   9.167   3.367   0.80000000E+09   0.42819459E-03   0.42819459E-03   0.00000000E+00
   9.183   3.383   0.80000000E+09   0.42864648E-03   0.42864648E-03   0.00000000E+00
   9.200   3.400   0.80000000E+09   0.42909276E-03   0.42909276E-03   0.00000000E+00
   9.217   3.417   0.80000000E+09   0.42953346E-03   0.42953346E-03   0.00000000E+00
   9.233   3.433   0.80000000E+09   0.42996857E-03   0.42996857E-03   0.00000000E+00
   9.250   3.450   0.80000000E+09   0.43039813E-03   0.43039813E-03   0.00000000E+00
   9.267   3.467   0.80000000E+09   0.43082213E-03   0.43082213E-03   0.00000000E+00
   9.283   3.483   0.80000000E+09   0.43124060E-03   0.43124060E-03   0.00000000E+00
   9.300   3.500   0.80000000E+09   0.43165354E-03   0.43165354E-03   0.00000000E+00
   9.317   3.517   0.80000000E+09   0.43206097E-03   0.43206097E-03   0.00000000E+00
   9.333   3.533   0.80000000E+09   0.43246289E-03   0.43246289E-03   0.00000000E+00
   9.350   3.550   0.80000000E+09   0.43285933E-03   0.43285933E-03   0.00000000E+00
   9.367   3.567   0.80000000E+09   0.43325030E-03   0.43325030E-03   0.00000000E+00
   9.383   3.583   0.80000000E+09   0.43363579E-03   0.43363579E-03   0.00000000E+00
   9.400   3.600   0.80000000E+09   0.43401584E-03   0.43401584E-03   0.00000000E+00
   9.417   3.617   0.80000000E+09   0.43439044E-03   0.43439044E-03   0.00000000E+00
   9.433   3.633   0.80000000E+09   0.43475962E-03   0.43475962E-03   0.00000000E+00
   9.450   3.650   0.80000000E+09   0.43512337E-03   0.43512337E-03   0.00000000E+00
   9.467   3.667   0.80000000E+09   0.43548172E-03   0.43548172E-03   0.00000000E+00
   9.483   3.683   0.80000000E+09   0.43583467E-03   0.43583467E-03   0.00000000E+00
   9.500   3.700   0.80000000E+09   0.43618223E-03   0.43618223E-03   0.00000000E+00
   9.517   3.717   0.80000000E+09   0.43652441E-03   0.43652441E-03   0.00000000E+00
   9.533   3.733   0.80000000E+09   0.43686123E-03   0.43686123E-03   0.00000000E+00
   9.550   3.750   0.80000000E+09   0.43719269E-03   0.43719269E-03   0.00000000E+00
   9.567   3.767   0.79999999E+09   0.43751880E-03   0.43751880E-03   0.00000000E+00
   9.583   3.783   0.79999999E+09   0.43783957E-03   0.43783957E-03   0.00000000E+00
   9.600   3.800   0.79999999E+09   0.43815502E-03   0.43815502E-03   0.00000000E+00
   9.617   3.817   0.79999999E+09   0.43846514E-03   0.43846514E-03   0.00000000E+00
   9.633   3.833   0.79999999E+09   0.43876996E-03   0.43876996E-03   0.00000000E+00
   9.650   3.850   0.79999999E+09   0.43906947E-03   0.43906947E-03   0.00000000E+00
   9.667   3.867   0.79999999E+09   0.43936369E-03   0.43936369E-03   0.00000000E+00
   9.683   3.883   0.79999999E+09   0.43965263E-03   0.43965263E-03   0.00000000E+00
   9.700   3.900   0.79999999E+09   0.43993630E-03   0.43993630E-03   0.00000000E+00
   9.717   3.917   0.79999999E+09   0.44021469E-03   0.44021469E-03   0.00000000E+00
   9.733   3.933   0.79999999E+09   0.44048783E-03   0.44048783E-03   0.00000000E+00
   9.750   3.950   0.79999999E+09   0.44075571E-03   0.44075571E-03   0.00000000E+00
   9.767   3.967   0.79999999E+09   0.44101835E-03   0.44101835E-03   0.00000000E+00
   9.783   3.983   0.79999999E+09   0.44127576E-03   0.44127576E-03   0.00000000E+00
   9.800   4.000   0.79999999E+09   0.44152793E-03   0.44152793E-03   0.00000000E+00
   9.817   4.017   0.79999999E+09   0.44177489E-03   0.44177489E-03   0.00000000E+00
   9.833   4.033   0.79999999E+09   0.44201663E-03   0.44201663E-03   0.00000000E+00
   9.850   4.050   0.79999999E+09   0.44225316E-03   0.44225316E-03   0.00000000E+00
   9.867   4.067   0.79999999E+09   0.44248449E-03   0.44248449E-03   0.00000000E+00
   9.883   4.083   0.79999999E+09   0.44271063E-03   0.44271063E-03   0.00000000E+00
   9.900   4.100   0.79999999E+09   0.44293158E-03   0.44293158E-03   0.00000000E+00
   9.917   4.117   0.79999999E+09   0.44314736E-03   0.44314736E-03   0.00000000E+00
   9.933   4.133   0.79999999E+09   0.44335795E-03   0.44335795E-03   0.00000000E+00
   9.950   4.150   0.79999999E+09   0.44356338E-03   0.44356338E-03   0.00000000E+00
   9.967   4.167   0.79999999E+09   0.44376364E-03   0.44376364E-03   0.00000000E+00
   9.983   4.183   0.79999999E+09   0.44395875E-03   0.44395875E-03   0.00000000E+00
  10.000   4.200   0.79999999E+09   0.44414870E-03   0.44414870E-03   0.00000000E+00
  10.017   4.217   0.79999999E+09   0.44433351E-03   0.44433351E-03   0.00000000E+00
  10.033   4.233   0.79999999E+09   0.44451317E-03   0.44451317E-03   0.00000000E+00
  10.050   4.250   0.79999999E+09   0.44468770E-03   0.44468770E-03   0.00000000E+00
  10.067   4.267   0.79999999E+09   0.44485710E-03   0.44485710E-03   0.00000000E+00
  10.083   4.283   0.79999999E+09   0.44502138E-03   0.44502138E-03   0.00000000E+00
  10.100   4.300   0.79999999E+09   0.44518053E-03   0.44518053E-03   0.00000000E+00
  10.117   4.317   0.79999999E+09   0.44533456E-03   0.44533456E-03   0.00000000E+00
  10.133   4.333   0.79999999E+09   0.44548348E-03   0.44548348E-03   0.00000000E+00
  10.150   4.350   0.79999999E+09   0.44562729E-03   0.44562729E-03   0.00000000E+00
  10.167   4.367   0.79999999E+09   0.44576600E-03   0.44576600E-03   0.00000000E+00
  10.183   4.383   0.79999999E+09   0.44589961E-03   0.44589961E-03   0.00000000E+00
  10.200   4.400   0.79999999E+09   0.44602812E-03   0.44602812E-03   0.00000000E+00
  10.217   4.417   0.79999999E+09   0.44615154E-03   0.44615154E-03   0.00000000E+00
  10.233   4.433   0.79999999E+09   0.44626986E-03   0.44626986E-03   0.00000000E+00
  10.250   4.450   0.79999999E+09   0.44638311E-03   0.44638311E-03   0.00000000E+00
  10.267   4.467   0.79999999E+09   0.44649126E-03   0.44649126E-03   0.00000000E+00
  10.283   4.483   0.79999999E+09   0.44659434E-03   0.44659434E-03   0.00000000E+00
  10.300   4.500   0.79999999E+09   0.44669234E-03   0.44669234E-03   0.00000000E+00
  10.317   4.517   0.79999999E+09   0.44678527E-03   0.44678527E-03   0.00000000E+00
  10.333   4.533   0.79999999E+09   0.44687312E-03   0.44687312E-03   0.00000000E+00
  10.350   4.550   0.79999999E+09   0.44695591E-03   0.44695591E-03   0.00000000E+00
  10.367   4.567   0.79999999E+09   0.44703362E-03   0.44703362E-03   0.00000000E+00
  10.383   4.583   0.79999999E+09   0.44710628E-03   0.44710628E-03   0.00000000E+00
  10.400   4.600   0.79999999E+09   0.44717387E-03   0.44717387E-03   0.00000000E+00
  10.417   4.617   0.79999999E+09   0.44723640E-03   0.44723640E-03   0.00000000E+00
  10.433   4.633   0.79999999E+09   0.44729387E-03   0.44729387E-03   0.00000000E+00
  10.450   4.650   0.79999999E+09   0.44734628E-03   0.44734628E-03   0.00000000E+00
  10.467   4.667   0.79999999E+09   0.44739364E-03   0.44739364E-03   0.00000000E+00
  10.483   4.683   0.79999999E+09   0.44743595E-03   0.44743595E-03   0.00000000E+00
  10.500   4.700   0.79999999E+09   0.44747320E-03   0.44747320E-03   0.00000000E+00
  10.517   4.717   0.79999999E+09   0.44750540E-03   0.44750540E-03   0.00000000E+00
  10.533   4.733   0.79999999E+09   0.44753254E-03   0.44753254E-03   0.00000000E+00
  10.550   4.750   0.79999999E+09   0.44755464E-03   0.44755464E-03   0.00000000E+00
  10.567   4.767   0.79999999E+09   0.44757169E-03   0.44757169E-03   0.00000000E+00
  10.583   4.783   0.79999999E+09   0.44758369E-03   0.44758369E-03   0.00000000E+00
  10.600   4.800   0.79999999E+09   0.44759064E-03   0.44759064E-03   0.00000000E+00
  10.617   4.817   0.79999999E+09   0.44759254E-03   0.44759254E-03   0.00000000E+00
  10.633   4.833   0.79999999E+09   0.44758940E-03   0.44758940E-03   0.00000000E+00
  10.650   4.850   0.79999999E+09   0.44758120E-03   0.44758120E-03   0.00000000E+00
  10.667   4.867   0.79999999E+09   0.44756796E-03   0.44756796E-03   0.00000000E+00
  10.683   4.883   0.79999999E+09   0.44754967E-03   0.44754967E-03   0.00000000E+00
  10.700   4.900   0.79999999E+09   0.44752634E-03   0.44752634E-03   0.00000000E+00
  10.717   4.917   0.79999999E+09   0.44749795E-03   0.44749795E-03   0.00000000E+00
  10.733   4.933   0.79999999E+09   0.44746451E-03   0.44746451E-03   0.00000000E+00
  10.750   4.950   0.79999999E+09   0.44742602E-03   0.44742602E-03   0.00000000E+00
  10.767   4.967   0.79999999E+09   0.44738248E-03   0.44738248E-03   0.00000000E+00
  10.783   4.983   0.79999999E+09   0.44733389E-03   0.44733389E-03   0.00000000E+00
  10.800   5.000   0.79999999E+09   0.44728025E-03   0.44728025E-03   0.00000000E+00
  10.817   5.017   0.79999999E+09   0.44722155E-03   0.44722155E-03   0.00000000E+00
  10.833   5.033   0.79999999E+09   0.44715779E-03   0.44715779E-03   0.00000000E+00
  10.850   5.050   0.79999999E+09   0.44708897E-03   0.44708897E-03   0.00000000E+00
  10.867   5.067   0.79999999E+09   0.44701510E-03   0.44701510E-03   0.00000000E+00
  10.883   5.083   0.79999999E+09   0.44693616E-03   0.44693616E-03   0.00000000E+00
  10.900   5.100   0.79999999E+09   0.44685216E-03   0.44685216E-03   0.00000000E+00
  10.917   5.117   0.79999999E+09   0.44676310E-03   0.44676310E-03   0.00000000E+00
  10.933   5.133   0.79999999E+09   0.44666897E-03   0.44666897E-03   0.00000000E+00
  10.950   5.150   0.79999999E+09   0.44656976E-03   0.44656976E-03   0.00000000E+00
  10.967   5.167   0.79999999E+09   0.44646549E-03   0.44646549E-03   0.00000000E+00
  10.983   5.183   0.79999999E+09   0.44635613E-03   0.44635613E-03   0.00000000E+00
  11.000   5.200   0.79999999E+09   0.44624170E-03   0.44624170E-03   0.00000000E+00
  11.017   5.217   0.79999999E+09   0.44612219E-03   0.44612219E-03   0.00000000E+00
  11.033   5.233   0.79999999E+09   0.44599760E-03   0.44599760E-03   0.00000000E+00
  11.050   5.250   0.79999999E+09   0.44586792E-03   0.44586792E-03   0.00000000E+00
  11.067   5.267   0.79999999E+09   0.44573315E-03   0.44573315E-03   0.00000000E+00
  11.083   5.283   0.79999999E+09   0.44559328E-03   0.44559328E-03   0.00000000E+00
  11.100   5.300   0.79999999E+09   0.44544832E-03   0.44544832E-03   0.00000000E+00
  11.117   5.317   0.79999999E+09   0.44529826E-03   0.44529826E-03   0.00000000E+00
  11.133   5.333   0.79999999E+09   0.44514309E-03   0.44514309E-03   0.00000000E+00
  11.150   5.350   0.79999999E+09   0.44498281E-03   0.44498281E-03   0.00000000E+00
  11.167   5.367   0.79999999E+09   0.44481742E-03   0.44481742E-03   0.00000000E+00
  11.183   5.383   0.79999999E+09   0.44464692E-03   0.44464692E-03   0.00000000E+00
  11.200   5.400   0.79999999E+09   0.44447129E-03   0.44447129E-03   0.00000000E+00
  11.217   5.417   0.79999999E+09   0.44429053E-03   0.44429053E-03   0.00000000E+00
  11.233   5.433   0.79999999E+09   0.44410465E-03   0.44410465E-03   0.00000000E+00
  11.250   5.450   0.79999999E+09   0.44391363E-03   0.44391363E-03   0.00000000E+00
  11.267   5.467   0.79999999E+09   0.44371748E-03   0.44371748E-03   0.00000000E+00
  11.283   5.483   0.79999999E+09   0.44351617E-03   0.44351617E-03   0.00000000E+00
  11.300   5.500   0.79999999E+09   0.44330972E-03   0.44330972E-03   0.00000000E+00
  11.317   5.517   0.79999999E+09   0.44309812E-03   0.44309812E-03   0.00000000E+00
  11.333   5.533   0.79999999E+09   0.44288135E-03   0.44288135E-03   0.00000000E+00
  11.350   5.550   0.79999999E+09   0.44265942E-03   0.44265942E-03   0.00000000E+00
  11.367   5.567   0.79999999E+09   0.44243232E-03   0.44243232E-03   0.00000000E+00
  11.383   5.583   0.79999999E+09   0.44220004E-03   0.44220004E-03   0.00000000E+00
  11.400   5.600   0.79999999E+09   0.44196257E-03   0.44196257E-03   0.00000000E+00
  11.417   5.617   0.79999999E+09   0.44171992E-03   0.44171992E-03   0.00000000E+00
  11.433   5.633   0.79999999E+09   0.44147208E-03   0.44147208E-03   0.00000000E+00
  11.450   5.650   0.79999999E+09   0.44121903E-03   0.44121903E-03   0.00000000E+00
  11.467   5.667   0.79999999E+09   0.44096077E-03   0.44096077E-03   0.00000000E+00
  11.483   5.683   0.79999999E+09   0.44069731E-03   0.44069731E-03   0.00000000E+00
  11.500   5.700   0.79999999E+09   0.44042862E-03   0.44042862E-03   0.00000000E+00
  11.517   5.717   0.79999999E+09   0.44015470E-03   0.44015470E-03   0.00000000E+00
  11.533   5.733   0.79999999E+09   0.43987555E-03   0.43987555E-03   0.00000000E+00
  11.550   5.750   0.79999999E+09   0.43959116E-03   0.43959116E-03   0.00000000E+00
  11.567   5.767   0.79999999E+09   0.43930152E-03   0.43930152E-03   0.00000000E+00
  11.583   5.783   0.79999999E+09   0.43900663E-03   0.43900663E-03   0.00000000E+00
  11.600   5.800   0.79999999E+09   0.43870647E-03   0.43870647E-03   0.00000000E+00
  11.617   5.817   0.79999999E+09   0.43840105E-03   0.43840105E-03   0.00000000E+00
  11.633   5.833   0.79999999E+09   0.43809034E-03   0.43809034E-03   0.00000000E+00
  11.650   5.850   0.79999999E+09   0.43777436E-03   0.43777436E-03   0.00000000E+00
  11.667   5.867   0.79999999E+09   0.43745307E-03   0.43745307E-03   0.00000000E+00
  11.683   5.883   0.79999999E+09   0.43712649E-03   0.43712649E-03   0.00000000E+00
  11.700   5.900   0.79999999E+09   0.43679460E-03   0.43679460E-03   0.00000000E+00
  11.717   5.917   0.79999999E+09   0.43645739E-03   0.43645739E-03   0.00000000E+00
  11.733   5.933   0.79999999E+09   0.43611485E-03   0.43611485E-03   0.00000000E+00
  11.750   5.950   0.79999999E+09   0.43576698E-03   0.43576698E-03   0.00000000E+00
  11.767   5.967   0.79999999E+09   0.43541376E-03   0.43541376E-03   0.00000000E+00
  11.783   5.983   0.79999999E+09   0.43505520E-03   0.43505520E-03   0.00000000E+00
  11.800   6.000   0.79999999E+09   0.43469127E-03   0.43469127E-03   0.00000000E+00
  11.817   6.017   0.79999999E+09   0.43432198E-03   0.43432198E-03   0.00000000E+00
  11.833   6.033   0.79999999E+09   0.43394730E-03   0.43394730E-03   0.00000000E+00
  11.850   6.050   0.79999999E+09   0.43356724E-03   0.43356724E-03   0.00000000E+00
  11.867   6.067   0.79999999E+09   0.43318178E-03   0.43318178E-03   0.00000000E+00
  11.883   6.083   0.79999999E+09   0.43279091E-03   0.43279091E-03   0.00000000E+00
  11.900   6.100   0.79999999E+09   0.43239463E-03   0.43239463E-03   0.00000000E+00
  11.917   6.117   0.79999999E+09   0.43199292E-03   0.43199292E-03   0.00000000E+00
  11.933   6.133   0.79999999E+09   0.43158578E-03   0.43158578E-03   0.00000000E+00
  11.950   6.150   0.79999999E+09   0.43117319E-03   0.43117319E-03   0.00000000E+00
  11.967   6.167   0.79999999E+09   0.43075514E-03   0.43075514E-03   0.00000000E+00
  11.983   6.183   0.79999999E+09   0.43033163E-03   0.43033163E-03   0.00000000E+00
  12.000   6.200   0.79999999E+09   0.42990264E-03   0.42990264E-03   0.00000000E+00
  12.017   6.217   0.79999999E+09   0.42946817E-03   0.42946817E-03   0.00000000E+00
  12.033   6.233   0.79999999E+09   0.42902819E-03   0.42902819E-03   0.00000000E+00
  12.050   6.250   0.79999999E+09   0.42858271E-03   0.42858271E-03   0.00000000E+00
  12.067   6.267   0.79999999E+09   0.42813171E-03   0.42813171E-03   0.00000000E+00
  12.083   6.283   0.79999999E+09   0.42767518E-03   0.42767518E-03   0.00000000E+00
  12.100   6.300   0.79999999E+09   0.42721311E-03   0.42721311E-03   0.00000000E+00
  12.117   6.317   0.79999999E+09   0.42674549E-03   0.42674549E-03   0.00000000E+00
  12.133   6.333   0.79999999E+09   0.42627230E-03   0.42627230E-03   0.00000000E+00
  12.150   6.350   0.79999999E+09   0.42579354E-03   0.42579354E-03   0.00000000E+00
  12.167   6.367   0.79999999E+09   0.42530920E-03   0.42530920E-03   0.00000000E+00
  12.183   6.383   0.79999999E+09   0.42481925E-03   0.42481925E-03   0.00000000E+00
  12.200   6.400   0.79999999E+09   0.42432370E-03   0.42432370E-03   0.00000000E+00
  12.217   6.417   0.79999999E+09   0.42382252E-03   0.42382252E-03   0.00000000E+00
  12.233   6.433   0.79999999E+09   0.42331571E-03   0.42331571E-03   0.00000000E+00
  12.250   6.450   0.79999999E+09   0.42280326E-03   0.42280326E-03   0.00000000E+00
  12.267   6.467   0.79999999E+09   0.42228514E-03   0.42228514E-03   0.00000000E+00
  12.283   6.483   0.79999999E+09   0.42176136E-03   0.42176136E-03   0.00000000E+00
  12.300   6.500   0.79999999E+09   0.42123190E-03   0.42123190E-03   0.00000000E+00
  12.317   6.517   0.79999999E+09   0.42069674E-03   0.42069674E-03   0.00000000E+00
  12.333   6.533   0.79999999E+09   0.42015587E-03   0.42015587E-03   0.00000000E+00
  12.350   6.550   0.79999999E+09   0.41960928E-03   0.41960928E-03   0.00000000E+00
  12.367   6.567   0.79999999E+09   0.41905696E-03   0.41905696E-03   0.00000000E+00
  12.383   6.583   0.79999999E+09   0.41849889E-03   0.41849889E-03   0.00000000E+00
  12.400   6.600   0.79999999E+09   0.41793506E-03   0.41793506E-03   0.00000000E+00
  12.417   6.617   0.79999999E+09   0.41736546E-03   0.41736546E-03   0.00000000E+00
  12.433   6.633   0.79999999E+09   0.41679007E-03   0.41679007E-03   0.00000000E+00
  12.450   6.650   0.79999999E+09   0.41620888E-03   0.41620888E-03   0.00000000E+00
  12.467   6.667   0.79999999E+09   0.41562188E-03   0.41562188E-03   0.00000000E+00
  12.483   6.683   0.79999999E+09   0.41502905E-03   0.41502905E-03   0.00000000E+00
  12.500   6.700   0.79999999E+09   0.41443039E-03   0.41443039E-03   0.00000000E+00
  12.517   6.717   0.79999999E+09   0.41382586E-03   0.41382586E-03   0.00000000E+00
  12.533   6.733   0.79999999E+09   0.41321547E-03   0.41321547E-03   0.00000000E+00
  12.550   6.750   0.79999999E+09   0.41259920E-03   0.41259920E-03   0.00000000E+00
  12.567   6.767   0.79999999E+09   0.41197703E-03   0.41197703E-03   0.00000000E+00
  12.583   6.783   0.79999999E+09   0.41134895E-03   0.41134895E-03   0.00000000E+00
  12.600   6.800   0.79999999E+09   0.41071494E-03   0.41071494E-03   0.00000000E+00
  12.617   6.817   0.79999999E+09   0.41007499E-03   0.41007499E-03   0.00000000E+00
  12.633   6.833   0.79999999E+09   0.40942909E-03   0.40942909E-03   0.00000000E+00
  12.650   6.850   0.79999999E+09   0.40877722E-03   0.40877722E-03   0.00000000E+00
  12.667   6.867   0.79999999E+09   0.40811937E-03   0.40811937E-03   0.00000000E+00
  12.683   6.883   0.79999999E+09   0.40745551E-03   0.40745551E-03   0.00000000E+00
  12.700   6.900   0.79999999E+09   0.40678564E-03   0.40678564E-03   0.00000000E+00
  12.717   6.917   0.79999999E+09   0.40610975E-03   0.40610975E-03   0.00000000E+00
  12.733   6.933   0.79999999E+09   0.40542781E-03   0.40542781E-03   0.00000000E+00
  12.750   6.950   0.79999999E+09   0.40473981E-03   0.40473981E-03   0.00000000E+00
  12.767   6.967   0.79999999E+09   0.40404573E-03   0.40404573E-03   0.00000000E+00
  12.783   6.983   0.79999999E+09   0.40334556E-03   0.40334556E-03   0.00000000E+00
  12.800   7.000   0.79999999E+09   0.40263929E-03   0.40263929E-03   0.00000000E+00
  12.817   7.017   0.79999999E+09   0.40192690E-03   0.40192690E-03   0.00000000E+00
  12.833   7.033   0.79999999E+09   0.40120837E-03   0.40120837E-03   0.00000000E+00
  12.850   7.050   0.79999999E+09   0.40048369E-03   0.40048369E-03   0.00000000E+00
  12.867   7.067   0.79999999E+09   0.39975284E-03   0.39975284E-03   0.00000000E+00
  12.883   7.083   0.79999999E+09   0.39901580E-03   0.39901580E-03   0.00000000E+00
  12.900   7.100   0.79999999E+09   0.39827256E-03   0.39827256E-03   0.00000000E+00
  12.917   7.117   0.79999999E+09   0.39752311E-03   0.39752311E-03   0.00000000E+00
  12.933   7.133   0.79999999E+09   0.39676742E-03   0.39676742E-03   0.00000000E+00
  12.950   7.150   0.79999999E+09   0.39600549E-03   0.39600549E-03   0.00000000E+00
  12.967   7.167   0.79999999E+09   0.39523729E-03   0.39523729E-03   0.00000000E+00
  12.983   7.183   0.79999999E+09   0.39446280E-03   0.39446280E-03   0.00000000E+00
  13.000   7.200   0.79999999E+09   0.39368202E-03   0.39368202E-03   0.00000000E+00
  13.017   7.217   0.79999999E+09   0.39289492E-03   0.39289492E-03   0.00000000E+00
  13.033   7.233   0.79999999E+09   0.39210150E-03   0.39210150E-03   0.00000000E+00
  13.050   7.250   0.79999999E+09   0.39130172E-03   0.39130172E-03   0.00000000E+00
  13.067   7.267   0.79999999E+09   0.39049558E-03   0.39049558E-03   0.00000000E+00
  13.083   7.283   0.79999999E+09   0.38968305E-03   0.38968305E-03   0.00000000E+00
  13.100   7.300   0.79999999E+09   0.38886413E-03   0.38886413E-03   0.00000000E+00
  13.117   7.317   0.79999999E+09   0.38803879E-03   0.38803879E-03   0.00000000E+00
  13.133   7.333   0.79999999E+09   0.38720702E-03   0.38720702E-03   0.00000000E+00
  13.150   7.350   0.79999999E+09   0.38636880E-03   0.38636880E-03   0.00000000E+00
  13.167   7.367   0.79999999E+09   0.38552412E-03   0.38552412E-03   0.00000000E+00
  13.183   7.383   0.79999999E+09   0.38467295E-03   0.38467295E-03   0.00000000E+00
  13.200   7.400   0.79999999E+09   0.38381528E-03   0.38381528E-03   0.00000000E+00
  13.217   7.417   0.79999999E+09   0.38295109E-03   0.38295109E-03   0.00000000E+00
  13.233   7.433   0.79999999E+09   0.38208037E-03   0.38208037E-03   0.00000000E+00
  13.250   7.450   0.79999999E+09   0.38120309E-03   0.38120309E-03   0.00000000E+00
  13.267   7.467   0.79999999E+09   0.38031925E-03   0.38031925E-03   0.00000000E+00
  13.283   7.483   0.79999999E+09   0.37942882E-03   0.37942882E-03   0.00000000E+00
  13.300   7.500   0.79999999E+09   0.37853178E-03   0.37853178E-03   0.00000000E+00
  13.317   7.517   0.79999999E+09   0.37762812E-03   0.37762812E-03   0.00000000E+00
  13.333   7.533   0.79999999E+09   0.37671783E-03   0.37671783E-03   0.00000000E+00
  13.350   7.550   0.79999999E+09   0.37580088E-03   0.37580088E-03   0.00000000E+00
  13.367   7.567   0.79999999E+09   0.37487725E-03   0.37487725E-03   0.00000000E+00
  13.383   7.583   0.79999999E+09   0.37394693E-03   0.37394693E-03   0.00000000E+00
  13.400   7.600   0.79999999E+09   0.37300991E-03   0.37300991E-03   0.00000000E+00
  13.417   7.617   0.79999999E+09   0.37206616E-03   0.37206616E-03   0.00000000E+00
  13.433   7.633   0.79999999E+09   0.37111567E-03   0.37111567E-03   0.00000000E+00
  13.450   7.650   0.79999999E+09   0.37015841E-03   0.37015841E-03   0.00000000E+00
  13.467   7.667   0.79999999E+09   0.36919438E-03   0.36919438E-03   0.00000000E+00
  13.483   7.683   0.79999999E+09   0.36822355E-03   0.36822355E-03   0.00000000E+00
  13.500   7.700   0.79999999E+09   0.36724591E-03   0.36724591E-03   0.00000000E+00
  13.517   7.717   0.79999999E+09   0.36626145E-03   0.36626145E-03   0.00000000E+00
  13.533   7.733   0.79999999E+09   0.36527013E-03   0.36527013E-03   0.00000000E+00
  13.550   7.750   0.79999999E+09   0.36427195E-03   0.36427195E-03   0.00000000E+00
  13.567   7.767   0.79999999E+09   0.36326689E-03   0.36326689E-03   0.00000000E+00
  13.583   7.783   0.79999999E+09   0.36225493E-03   0.36225493E-03   0.00000000E+00
  13.600   7.800   0.79999999E+09   0.36123605E-03   0.36123605E-03   0.00000000E+00
  13.617   7.817   0.79999999E+09   0.36021024E-03   0.36021024E-03   0.00000000E+00
  13.633   7.833   0.79999999E+09   0.35917748E-03   0.35917748E-03   0.00000000E+00
  13.650   7.850   0.79999999E+09   0.35813776E-03   0.35813776E-03   0.00000000E+00
  13.667   7.867   0.79999999E+09   0.35709105E-03   0.35709105E-03   0.00000000E+00
  13.683   7.883   0.79999999E+09   0.35603734E-03   0.35603734E-03   0.00000000E+00
  13.700   7.900   0.79999999E+09   0.35497661E-03   0.35497661E-03   0.00000000E+00
  13.717   7.917   0.79999999E+09   0.35390885E-03   0.35390885E-03   0.00000000E+00
  13.733   7.933   0.79999999E+09   0.35283404E-03   0.35283404E-03   0.00000000E+00
  13.750   7.950   0.79999999E+09   0.35175216E-03   0.35175216E-03   0.00000000E+00
  13.767   7.967   0.79999999E+09   0.35066320E-03   0.35066320E-03   0.00000000E+00
  13.783   7.983   0.79999999E+09   0.34956714E-03   0.34956714E-03   0.00000000E+00
  13.800   8.000   0.79999999E+09   0.34846397E-03   0.34846397E-03   0.00000000E+00
  13.817   8.017   0.79999999E+09   0.34735366E-03   0.34735366E-03   0.00000000E+00
  13.833   8.033   0.79999999E+09   0.34623621E-03   0.34623621E-03   0.00000000E+00
  13.850   8.050   0.79999999E+09   0.34511160E-03   0.34511160E-03   0.00000000E+00
  13.867   8.067   0.79999999E+09   0.34397980E-03   0.34397980E-03   0.00000000E+00
  13.883   8.083   0.79999999E+09   0.34284081E-03   0.34284081E-03   0.00000000E+00
  13.900   8.100   0.79999999E+09   0.34169462E-03   0.34169462E-03   0.00000000E+00
  13.917   8.117   0.79999999E+09   0.34054120E-03   0.34054120E-03   0.00000000E+00
  13.933   8.133   0.79999999E+09   0.33938054E-03   0.33938054E-03   0.00000000E+00
  13.950   8.150   0.79999999E+09   0.33821263E-03   0.33821263E-03   0.00000000E+00
  13.967   8.167   0.79999999E+09   0.33703745E-03   0.33703745E-03   0.00000000E+00
  13.983   8.183   0.79999999E+09   0.33585498E-03   0.33585498E-03   0.00000000E+00
  14.000   8.200   0.79999999E+09   0.33466522E-03   0.33466522E-03   0.00000000E+00
  14.017   8.217   0.79999999E+09   0.33346815E-03   0.33346815E-03   0.00000000E+00
  14.033   8.233   0.79999999E+09   0.33226376E-03   0.33226376E-03   0.00000000E+00
  14.050   8.250   0.79999999E+09   0.33105203E-03   0.33105203E-03   0.00000000E+00
  14.067   8.267   0.79999999E+09   0.32983295E-03   0.32983295E-03   0.00000000E+00
  14.083   8.283   0.79999999E+09   0.32860650E-03   0.32860650E-03   0.00000000E+00
  14.100   8.300   0.79999999E+09   0.32737268E-03   0.32737268E-03   0.00000000E+00
  14.117   8.317   0.79999999E+09   0.32613147E-03   0.32613147E-03   0.00000000E+00
  14.133   8.333   0.79999999E+09   0.32488287E-03   0.32488287E-03   0.00000000E+00
  14.150   8.350   0.79999999E+09   0.32362685E-03   0.32362685E-03   0.00000000E+00
  14.167   8.367   0.79999999E+09   0.32236340E-03   0.32236340E-03   0.00000000E+00
  14.183   8.383   0.79999999E+09   0.32109252E-03   0.32109252E-03   0.00000000E+00
  14.200   8.400   0.79999999E+09   0.31981420E-03   0.31981420E-03   0.00000000E+00
  14.217   8.417   0.79999999E+09   0.31852842E-03   0.31852842E-03   0.00000000E+00
  14.233   8.433   0.79999999E+09   0.31723518E-03   0.31723518E-03   0.00000000E+00
  14.250   8.450   0.79999999E+09   0.31593446E-03   0.31593446E-03   0.00000000E+00
  14.267   8.467   0.79999999E+09   0.31462626E-03   0.31462626E-03   0.00000000E+00
  14.283   8.483   0.79999999E+09   0.31331057E-03   0.31331057E-03   0.00000000E+00
  14.300   8.500   0.79999999E+09   0.31198737E-03   0.31198737E-03   0.00000000E+00
  14.317   8.517   0.79999999E+09   0.31065666E-03   0.31065666E-03   0.00000000E+00
  14.333   8.533   0.79999999E+09   0.30931844E-03   0.30931844E-03   0.00000000E+00
  14.350   8.550   0.79999999E+09   0.30797270E-03   0.30797270E-03   0.00000000E+00
  14.367   8.567   0.79999999E+09   0.30661942E-03   0.30661942E-03   0.00000000E+00
  14.383   8.583   0.79999999E+09   0.30525861E-03   0.30525861E-03   0.00000000E+00
  14.400   8.600   0.79999999E+09   0.30389025E-03   0.30389025E-03   0.00000000E+00
  14.417   8.617   0.79999999E+09   0.30251435E-03   0.30251435E-03   0.00000000E+00
  14.433   8.633   0.79999999E+09   0.30113090E-03   0.30113090E-03   0.00000000E+00
  14.450   8.650   0.79999999E+09   0.29973989E-03   0.29973989E-03   0.00000000E+00
  14.467   8.667   0.79999999E+09   0.29834132E-03   0.29834132E-03   0.00000000E+00
  14.483   8.683   0.79999999E+09   0.29693519E-03   0.29693519E-03   0.00000000E+00
  14.500   8.700   0.79999999E+09   0.29552150E-03   0.29552150E-03   0.00000000E+00
  14.517   8.717   0.79999999E+09   0.29410025E-03   0.29410025E-03   0.00000000E+00
  14.533   8.733   0.79999999E+09   0.29267142E-03   0.29267142E-03   0.00000000E+00
  14.550   8.750   0.79999999E+09   0.29123504E-03   0.29123504E-03   0.00000000E+00
  14.567   8.767   0.79999999E+09   0.28979108E-03   0.28979108E-03   0.00000000E+00
  14.583   8.783   0.79999999E+09   0.28833956E-03   0.28833956E-03   0.00000000E+00
  14.600   8.800   0.79999999E+09   0.28688048E-03   0.28688048E-03   0.00000000E+00
  14.617   8.817   0.79999999E+09   0.28541384E-03   0.28541384E-03   0.00000000E+00
  14.633   8.833   0.79999999E+09   0.28393965E-03   0.28393965E-03   0.00000000E+00
  14.650   8.850   0.79999999E+09   0.28245790E-03   0.28245790E-03   0.00000000E+00
  14.667   8.867   0.79999999E+09   0.28096861E-03   0.28096861E-03   0.00000000E+00
  14.683   8.883   0.79999999E+09   0.27947178E-03   0.27947178E-03   0.00000000E+00
  14.700   8.900   0.79999999E+09   0.27796741E-03   0.27796741E-03   0.00000000E+00
  14.717   8.917   0.79999999E+09   0.27645552E-03   0.27645552E-03   0.00000000E+00
  14.733   8.933   0.79999999E+09   0.27493611E-03   0.27493611E-03   0.00000000E+00
  14.750   8.950   0.79999999E+09   0.27340920E-03   0.27340920E-03   0.00000000E+00
  14.767   8.967   0.79999999E+09   0.27187479E-03   0.27187479E-03   0.00000000E+00
  14.783   8.983   0.79999999E+09   0.27033289E-03   0.27033289E-03   0.00000000E+00
  14.800   9.000   0.79999999E+09   0.26878352E-03   0.26878352E-03   0.00000000E+00
  14.817   9.017   0.79999999E+09   0.26722670E-03   0.26722670E-03   0.00000000E+00
  14.833   9.033   0.79999999E+09   0.26566243E-03   0.26566243E-03   0.00000000E+00
  14.850   9.050   0.79999999E+09   0.26409073E-03   0.26409073E-03   0.00000000E+00
  14.867   9.067   0.79999999E+09   0.26251163E-03   0.26251163E-03   0.00000000E+00
  14.883   9.083   0.79999999E+09   0.26092513E-03   0.26092513E-03   0.00000000E+00
  14.900   9.100   0.79999999E+09   0.25933126E-03   0.25933126E-03   0.00000000E+00
  14.917   9.117   0.79999999E+09   0.25773004E-03   0.25773004E-03   0.00000000E+00
  14.933   9.133   0.79999999E+09   0.25612149E-03   0.25612149E-03   0.00000000E+00
  14.950   9.150   0.79999999E+09   0.25450563E-03   0.25450563E-03   0.00000000E+00
  14.967   9.167   0.79999999E+09   0.25288250E-03   0.25288250E-03   0.00000000E+00
  14.983   9.183   0.79999999E+09   0.25125210E-03   0.25125210E-03   0.00000000E+00
  15.000   9.200   0.79999999E+09   0.24961449E-03   0.24961449E-03   0.00000000E+00
  15.017   9.217   0.79999999E+09   0.24796967E-03   0.24796967E-03   0.00000000E+00
  15.033   9.233   0.79999999E+09   0.24631769E-03   0.24631769E-03   0.00000000E+00
  15.050   9.250   0.79999999E+09   0.24465857E-03   0.24465857E-03   0.00000000E+00
  15.067   9.267   0.79999999E+09   0.24299235E-03   0.24299235E-03   0.00000000E+00
  15.083   9.283   0.79999999E+09   0.24131906E-03   0.24131906E-03   0.00000000E+00
  15.100   9.300   0.79999999E+09   0.23963874E-03   0.23963874E-03   0.00000000E+00
  15.117   9.317   0.79999999E+09   0.23795144E-03   0.23795144E-03   0.00000000E+00
  15.133   9.333   0.79999999E+09   0.23625718E-03   0.23625718E-03   0.00000000E+00
  15.150   9.350   0.79999999E+09   0.23455601E-03   0.23455601E-03   0.00000000E+00
  15.167   9.367   0.79999999E+09   0.23284798E-03   0.23284798E-03   0.00000000E+00
  15.183   9.383   0.79999999E+09   0.23113314E-03   0.23113314E-03   0.00000000E+00
  15.200   9.400   0.79999999E+09   0.22941152E-03   0.22941152E-03   0.00000000E+00
  15.217   9.417   0.79999999E+09   0.22768318E-03   0.22768318E-03   0.00000000E+00
  15.233   9.433   0.79999999E+09   0.22594817E-03   0.22594817E-03   0.00000000E+00
  15.250   9.450   0.79999999E+09   0.22420655E-03   0.22420655E-03   0.00000000E+00
  15.267   9.467   0.79999999E+09   0.22245837E-03   0.22245837E-03   0.00000000E+00
  15.283   9.483   0.79999999E+09   0.22070369E-03   0.22070369E-03   0.00000000E+00
  15.300   9.500   0.79999999E+09   0.21894257E-03   0.21894257E-03   0.00000000E+00
  15.317   9.517   0.79999999E+09   0.21717508E-03   0.21717508E-03   0.00000000E+00
  15.333   9.533   0.79999999E+09   0.21540127E-03   0.21540127E-03   0.00000000E+00
  15.350   9.550   0.79999999E+09   0.21362121E-03   0.21362121E-03   0.00000000E+00
  15.367   9.567   0.79999999E+09   0.21183498E-03   0.21183498E-03   0.00000000E+00
  15.383   9.583   0.79999999E+09   0.21004265E-03   0.21004265E-03   0.00000000E+00
  15.400   9.600   0.79999999E+09   0.20824430E-03   0.20824430E-03   0.00000000E+00
  15.417   9.617   0.79999999E+09   0.20643999E-03   0.20643999E-03   0.00000000E+00
  15.433   9.633   0.79999999E+09   0.20462982E-03   0.20462982E-03   0.00000000E+00
  15.450   9.650   0.79999999E+09   0.20281385E-03   0.20281385E-03   0.00000000E+00
  15.467   9.667   0.79999999E+09   0.20099219E-03   0.20099219E-03   0.00000000E+00
  15.483   9.683   0.79999999E+09   0.19916492E-03   0.19916492E-03   0.00000000E+00
  15.500   9.700   0.79999999E+09   0.19733213E-03   0.19733213E-03   0.00000000E+00
  15.517   9.717   0.79999999E+09   0.19549391E-03   0.19549391E-03   0.00000000E+00
  15.533   9.733   0.79999999E+09   0.19365037E-03   0.19365037E-03   0.00000000E+00
  15.550   9.750   0.79999999E+09   0.19180160E-03   0.19180160E-03   0.00000000E+00
  15.567   9.767   0.79999999E+09   0.18994771E-03   0.18994771E-03   0.00000000E+00
  15.583   9.783   0.79999999E+09   0.18808881E-03   0.18808881E-03   0.00000000E+00
  15.600   9.800   0.79999999E+09   0.18622500E-03   0.18622500E-03   0.00000000E+00
  15.617   9.817   0.79999999E+09   0.18435640E-03   0.18435640E-03   0.00000000E+00
  15.633   9.833   0.79999999E+09   0.18248313E-03   0.18248313E-03   0.00000000E+00
  15.650   9.850   0.79999999E+09   0.18060532E-03   0.18060532E-03   0.00000000E+00
  15.667   9.867   0.79999999E+09   0.17872308E-03   0.17872308E-03   0.00000000E+00
  15.683   9.883   0.79999999E+09   0.17683654E-03   0.17683654E-03   0.00000000E+00
  15.700   9.900   0.79999999E+09   0.17494584E-03   0.17494584E-03   0.00000000E+00
  15.717   9.917   0.79999999E+09   0.17305111E-03   0.17305111E-03   0.00000000E+00
  15.733   9.933   0.79999999E+09   0.17115250E-03   0.17115250E-03   0.00000000E+00
  15.750   9.950   0.79999999E+09   0.16925015E-03   0.16925015E-03   0.00000000E+00
  15.767   9.967   0.79999999E+09   0.16734420E-03   0.16734420E-03   0.00000000E+00
  15.783   9.983   0.79999999E+09   0.16543482E-03   0.16543482E-03   0.00000000E+00
  15.800  10.000   0.79999999E+09   0.16352215E-03   0.16352215E-03   0.00000000E+00
  15.817  10.017   0.79999999E+09   0.16160636E-03   0.16160636E-03   0.00000000E+00
  15.833  10.033   0.79999999E+09   0.15968762E-03   0.15968762E-03   0.00000000E+00
  15.850  10.050   0.79999999E+09   0.15776609E-03   0.15776609E-03   0.00000000E+00
  15.867  10.067   0.79999999E+09   0.15584196E-03   0.15584196E-03   0.00000000E+00
  15.883  10.083   0.79999999E+09   0.15391540E-03   0.15391540E-03   0.00000000E+00
  15.900  10.100   0.79999999E+09   0.15198660E-03   0.15198660E-03   0.00000000E+00
  15.917  10.117   0.79999999E+09   0.15005574E-03   0.15005574E-03   0.00000000E+00
  15.933  10.133   0.79999999E+09   0.14812302E-03   0.14812302E-03   0.00000000E+00
  15.950  10.150   0.79999999E+09   0.14618865E-03   0.14618865E-03   0.00000000E+00
  15.967  10.167   0.79999999E+09   0.14425283E-03   0.14425283E-03   0.00000000E+00
  15.983  10.183   0.79999999E+09   0.14231576E-03   0.14231576E-03   0.00000000E+00
  16.000  10.200   0.79999999E+09   0.14037766E-03   0.14037766E-03   0.00000000E+00
  16.017  10.217   0.79999999E+09   0.13843877E-03   0.13843877E-03   0.00000000E+00
  16.033  10.233   0.79999999E+09   0.13649929E-03   0.13649929E-03   0.00000000E+00
  16.050  10.250   0.79999999E+09   0.13455947E-03   0.13455947E-03   0.00000000E+00
  16.067  10.267   0.79999999E+09   0.13261954E-03   0.13261954E-03   0.00000000E+00
  16.083  10.283   0.79999999E+09   0.13067975E-03   0.13067975E-03   0.00000000E+00
  16.100  10.300   0.79999999E+09   0.12874035E-03   0.12874035E-03   0.00000000E+00
  16.117  10.317   0.79999999E+09   0.12680159E-03   0.12680159E-03   0.00000000E+00
  16.133  10.333   0.79999999E+09   0.12486373E-03   0.12486373E-03   0.00000000E+00
  16.150  10.350   0.79999999E+09   0.12292705E-03   0.12292705E-03   0.00000000E+00
  16.167  10.367   0.79999999E+09   0.12099181E-03   0.12099181E-03   0.00000000E+00
  16.183  10.383   0.79999999E+09   0.11905831E-03   0.11905831E-03   0.00000000E+00
  16.200  10.400   0.79999999E+09   0.11712682E-03   0.11712682E-03   0.00000000E+00
  16.217  10.417   0.79999999E+09   0.11519764E-03   0.11519764E-03   0.00000000E+00
  16.233  10.433   0.79999999E+09   0.11327106E-03   0.11327106E-03   0.00000000E+00
  16.250  10.450   0.79999999E+09   0.11134741E-03   0.11134741E-03   0.00000000E+00
  16.267  10.467   0.79999999E+09   0.10942698E-03   0.10942698E-03   0.00000000E+00
  16.283  10.483   0.79999999E+09   0.10751011E-03   0.10751011E-03   0.00000000E+00
  16.300  10.500   0.79999999E+09   0.10559711E-03   0.10559711E-03   0.00000000E+00
  16.317  10.517   0.79999999E+09   0.10368832E-03   0.10368832E-03   0.00000000E+00
  16.333  10.533   0.79999999E+09   0.10178408E-03   0.10178408E-03   0.00000000E+00
  16.350  10.550   0.79999999E+09   0.99884739E-04   0.99884739E-04   0.00000000E+00
  16.367  10.567   0.79999999E+09   0.97990651E-04   0.97990651E-04   0.00000000E+00
  16.383  10.583   0.79999999E+09   0.96102177E-04   0.96102177E-04   0.00000000E+00
  16.400  10.600   0.79999999E+09   0.94219685E-04   0.94219685E-04   0.00000000E+00
  16.417  10.617   0.79999999E+09   0.92343551E-04   0.92343551E-04   0.00000000E+00
  16.433  10.633   0.79999999E+09   0.90474157E-04   0.90474157E-04   0.00000000E+00
  16.450  10.650   0.79999999E+09   0.88611892E-04   0.88611892E-04   0.00000000E+00
  16.467  10.667   0.79999999E+09   0.86757153E-04   0.86757153E-04   0.00000000E+00
  16.483  10.683   0.79999999E+09   0.84910343E-04   0.84910343E-04   0.00000000E+00
  16.500  10.700   0.79999999E+09   0.83071873E-04   0.83071873E-04   0.00000000E+00
  16.517  10.717   0.79999999E+09   0.81242159E-04   0.81242159E-04   0.00000000E+00
  16.533  10.733   0.79999999E+09   0.79421625E-04   0.79421625E-04   0.00000000E+00
  16.550  10.750   0.79999999E+09   0.77610702E-04   0.77610702E-04   0.00000000E+00
  16.567  10.767   0.79999999E+09   0.75809828E-04   0.75809828E-04   0.00000000E+00
  16.583  10.783   0.79999999E+09   0.74019446E-04   0.74019446E-04   0.00000000E+00
  16.600  10.800   0.79999999E+09   0.72240007E-04   0.72240007E-04   0.00000000E+00
  16.617  10.817   0.79999999E+09   0.70471968E-04   0.70471968E-04   0.00000000E+00
  16.633  10.833   0.79999999E+09   0.68715790E-04   0.68715790E-04   0.00000000E+00
  16.650  10.850   0.79999999E+09   0.66971943E-04   0.66971943E-04   0.00000000E+00
  16.667  10.867   0.79999999E+09   0.65240902E-04   0.65240902E-04   0.00000000E+00
  16.683  10.883   0.79999999E+09   0.63523146E-04   0.63523146E-04   0.00000000E+00
  16.700  10.900   0.79999999E+09   0.61819161E-04   0.61819161E-04   0.00000000E+00
  16.717  10.917   0.79999999E+09   0.60129437E-04   0.60129437E-04   0.00000000E+00
  16.733  10.933   0.79999999E+09   0.58454470E-04   0.58454470E-04   0.00000000E+00
  16.750  10.950   0.79999999E+09   0.56794759E-04   0.56794759E-04   0.00000000E+00
  16.767  10.967   0.79999999E+09   0.55150808E-04   0.55150808E-04   0.00000000E+00
  16.783  10.983   0.79999999E+09   0.53523124E-04   0.53523124E-04   0.00000000E+00
  16.800  11.000   0.79999999E+09   0.51912219E-04   0.51912219E-04   0.00000000E+00
