        RT(hours)           [N2O5]         L_R_25           L_R_26           L_R_27           P_R_24           tot_loss         tot_prod
   5.817   0.017   0.34049283E-05   0.19394873E-07   0.27606686E-09   0.64463381E-09   0.10451239E-06   0.20315574E-07   0.10451239E-06
   5.833   0.033   0.87115083E-05   0.49621233E-07   0.70624302E-09   0.16489499E-08   0.13904027E-06   0.51976426E-07   0.13904027E-06
   5.850   0.050   0.13602466E-04   0.77478977E-07   0.11025621E-08   0.25738367E-08   0.15578761E-06   0.81155376E-07   0.15578761E-06
   5.867   0.067   0.17695026E-04   0.10078741E-06   0.14339419E-08   0.33466045E-08   0.16645045E-06   0.10556795E-06   0.16645045E-06
   5.883   0.083   0.21026390E-04   0.11975822E-06   0.17033760E-08   0.39741918E-08   0.17425386E-06   0.12543579E-06   0.17425386E-06
   5.900   0.100   0.23714867E-04   0.13506522E-06   0.19204492E-08   0.44789627E-08   0.18028537E-06   0.14146464E-06   0.18028537E-06
   5.917   0.117   0.25878466E-04   0.14738056E-06   0.20947308E-08   0.48832663E-08   0.18502842E-06   0.15435856E-06   0.18502842E-06
   5.933   0.133   0.27618119E-04   0.15727913E-06   0.22344110E-08   0.52062438E-08   0.18877973E-06   0.16471979E-06   0.18877973E-06
   5.950   0.150   0.29017125E-04   0.16523541E-06   0.23462528E-08   0.54637110E-08   0.19176406E-06   0.17304538E-06   0.19176406E-06
   5.967   0.167   0.30143779E-04   0.17163840E-06   0.24358041E-08   0.56686484E-08   0.19416330E-06   0.17974286E-06   0.19416330E-06
   5.983   0.183   0.31053970E-04   0.17680645E-06   0.25076069E-08   0.58316878E-08   0.19612396E-06   0.18514575E-06   0.19612396E-06
   6.000   0.200   0.31793262E-04   0.18099907E-06   0.25653651E-08   0.59615028E-08   0.19776118E-06   0.18952594E-06   0.19776118E-06
   6.017   0.217   0.32398556E-04   0.18442641E-06   0.26120792E-08   0.60651216E-08   0.19916328E-06   0.19310361E-06   0.19916328E-06
   6.033   0.233   0.32899490E-04   0.18725725E-06   0.26501599E-08   0.61481928E-08   0.20039654E-06   0.19605560E-06   0.20039654E-06
   6.050   0.250   0.33319653E-04   0.18962588E-06   0.26815264E-08   0.62152152E-08   0.20150988E-06   0.19852262E-06   0.20150988E-06
   6.067   0.267   0.33677653E-04   0.19163824E-06   0.27076932E-08   0.62697407E-08   0.20253887E-06   0.20061568E-06   0.20253887E-06
   6.083   0.283   0.33988039E-04   0.19337713E-06   0.27298452E-08   0.63145503E-08   0.20350904E-06   0.20242152E-06   0.20350904E-06
   6.100   0.300   0.34262091E-04   0.19490671E-06   0.27489019E-08   0.63518044E-08   0.20443841E-06   0.20400741E-06   0.20443841E-06
   6.117   0.317   0.34508484E-04   0.19627631E-06   0.27655714E-08   0.63831694E-08   0.20533949E-06   0.20542505E-06   0.20533949E-06
   6.133   0.333   0.34733836E-04   0.19752355E-06   0.27803950E-08   0.64099221E-08   0.20622075E-06   0.20671386E-06   0.20622075E-06
   6.150   0.350   0.34943151E-04   0.19867685E-06   0.27937834E-08   0.64330345E-08   0.20708771E-06   0.20790366E-06   0.20708771E-06
   6.167   0.367   0.35140183E-04   0.19975750E-06   0.28060457E-08   0.64532419E-08   0.20794374E-06   0.20901679E-06   0.20794374E-06
   6.183   0.383   0.35327715E-04   0.20078130E-06   0.28174130E-08   0.64710978E-08   0.20879072E-06   0.21006981E-06   0.20879072E-06
   6.200   0.400   0.35507792E-04   0.20175980E-06   0.28280564E-08   0.64870158E-08   0.20962940E-06   0.21107488E-06   0.20962940E-06
   6.217   0.417   0.35681890E-04   0.20270137E-06   0.28381014E-08   0.65013038E-08   0.21045980E-06   0.21204078E-06   0.21045980E-06
   6.233   0.433   0.35851059E-04   0.20361191E-06   0.28476391E-08   0.65141895E-08   0.21128142E-06   0.21297374E-06   0.21128142E-06
   6.250   0.450   0.36016028E-04   0.20449553E-06   0.28567346E-08   0.65258405E-08   0.21209338E-06   0.21387810E-06   0.21209338E-06
   6.267   0.467   0.36177285E-04   0.20535495E-06   0.28654338E-08   0.65363796E-08   0.21289463E-06   0.21475676E-06   0.21289463E-06
   6.283   0.483   0.36335140E-04   0.20619190E-06   0.28737683E-08   0.65458967E-08   0.21368394E-06   0.21561157E-06   0.21368394E-06
   6.300   0.500   0.36489776E-04   0.20700740E-06   0.28817595E-08   0.65544573E-08   0.21446008E-06   0.21644361E-06   0.21446008E-06
   6.317   0.517   0.36641282E-04   0.20780191E-06   0.28894210E-08   0.65621098E-08   0.21522176E-06   0.21725344E-06   0.21522176E-06
   6.333   0.533   0.36789680E-04   0.20857556E-06   0.28967615E-08   0.65688896E-08   0.21596775E-06   0.21804121E-06   0.21596775E-06
   6.350   0.550   0.36934949E-04   0.20932820E-06   0.29037858E-08   0.65748239E-08   0.21669686E-06   0.21880681E-06   0.21669686E-06
   6.367   0.567   0.37077038E-04   0.21005956E-06   0.29104962E-08   0.65799337E-08   0.21740796E-06   0.21954999E-06   0.21740796E-06
   6.383   0.583   0.37215879E-04   0.21076922E-06   0.29168936E-08   0.65842360E-08   0.21810002E-06   0.22027035E-06   0.21810002E-06
   6.400   0.600   0.37351393E-04   0.21145677E-06   0.29229782E-08   0.65877457E-08   0.21877208E-06   0.22096749E-06   0.21877208E-06
   6.417   0.617   0.37483500E-04   0.21212174E-06   0.29287494E-08   0.65904759E-08   0.21942328E-06   0.22164097E-06   0.21942328E-06
   6.433   0.633   0.37612117E-04   0.21276371E-06   0.29342068E-08   0.65924395E-08   0.22005284E-06   0.22229036E-06   0.22005284E-06
   6.450   0.650   0.37737171E-04   0.21338226E-06   0.29393503E-08   0.65936491E-08   0.22066008E-06   0.22291526E-06   0.22066008E-06
   6.467   0.667   0.37858592E-04   0.21397704E-06   0.29441797E-08   0.65941173E-08   0.22124443E-06   0.22351534E-06   0.22124443E-06
   6.483   0.683   0.37976318E-04   0.21454773E-06   0.29486958E-08   0.65938576E-08   0.22180537E-06   0.22409028E-06   0.22180537E-06
   6.500   0.700   0.38090296E-04   0.21509407E-06   0.29528993E-08   0.65928838E-08   0.22234249E-06   0.22463985E-06   0.22234249E-06
   6.517   0.717   0.38200485E-04   0.21561586E-06   0.29567920E-08   0.65912102E-08   0.22285547E-06   0.22516386E-06   0.22285547E-06
   6.533   0.733   0.38306848E-04   0.21611295E-06   0.29603758E-08   0.65888521E-08   0.22334404E-06   0.22566218E-06   0.22334404E-06
   6.550   0.750   0.38409363E-04   0.21658526E-06   0.29636533E-08   0.65858249E-08   0.22380803E-06   0.22613474E-06   0.22380803E-06
   6.567   0.767   0.38508012E-04   0.21703276E-06   0.29666276E-08   0.65821450E-08   0.22424732E-06   0.22658153E-06   0.22424732E-06
   6.583   0.783   0.38602790E-04   0.21745545E-06   0.29693022E-08   0.65778292E-08   0.22466185E-06   0.22700258E-06   0.22466185E-06
   6.600   0.800   0.38693697E-04   0.21785342E-06   0.29716811E-08   0.65728944E-08   0.22505165E-06   0.22739799E-06   0.22505165E-06
   6.617   0.817   0.38780743E-04   0.21822677E-06   0.29737686E-08   0.65673583E-08   0.22541678E-06   0.22776789E-06   0.22541678E-06
   6.633   0.833   0.38863944E-04   0.21857566E-06   0.29755696E-08   0.65612386E-08   0.22575735E-06   0.22811247E-06   0.22575735E-06
   6.650   0.850   0.38943324E-04   0.21890029E-06   0.29770889E-08   0.65545533E-08   0.22607354E-06   0.22843193E-06   0.22607354E-06
   6.667   0.867   0.39018910E-04   0.21920090E-06   0.29783321E-08   0.65473205E-08   0.22636553E-06   0.22872655E-06   0.22636553E-06
   6.683   0.883   0.39090740E-04   0.21947775E-06   0.29793046E-08   0.65395584E-08   0.22663359E-06   0.22899661E-06   0.22663359E-06
   6.700   0.900   0.39158852E-04   0.21973114E-06   0.29800123E-08   0.65312852E-08   0.22687798E-06   0.22924244E-06   0.22687798E-06
   6.717   0.917   0.39223292E-04   0.21996140E-06   0.29804611E-08   0.65225191E-08   0.22709903E-06   0.22946438E-06   0.22709903E-06
   6.733   0.933   0.39284108E-04   0.22016888E-06   0.29806571E-08   0.65132782E-08   0.22729706E-06   0.22966282E-06   0.22729706E-06
   6.750   0.950   0.39341354E-04   0.22035395E-06   0.29806066E-08   0.65035803E-08   0.22747246E-06   0.22983814E-06   0.22747246E-06
   6.767   0.967   0.39395086E-04   0.22051701E-06   0.29803160E-08   0.64934433E-08   0.22762559E-06   0.22999076E-06   0.22762559E-06
   6.783   0.983   0.39445363E-04   0.22065845E-06   0.29797915E-08   0.64828846E-08   0.22775686E-06   0.23012112E-06   0.22775686E-06
   6.800   1.000   0.39492247E-04   0.22077870E-06   0.29790398E-08   0.64719216E-08   0.22786670E-06   0.23022966E-06   0.22786670E-06
   6.817   1.017   0.39535801E-04   0.22087819E-06   0.29780671E-08   0.64605711E-08   0.22795554E-06   0.23031683E-06   0.22795554E-06
   6.833   1.033   0.39576092E-04   0.22095738E-06   0.29768801E-08   0.64488500E-08   0.22802383E-06   0.23038311E-06   0.22802383E-06
   6.850   1.050   0.39613185E-04   0.22101670E-06   0.29754851E-08   0.64367744E-08   0.22807201E-06   0.23042896E-06   0.22807201E-06
   6.867   1.067   0.39647151E-04   0.22105663E-06   0.29738887E-08   0.64243606E-08   0.22810057E-06   0.23045487E-06   0.22810057E-06
   6.883   1.083   0.39678058E-04   0.22107761E-06   0.29720971E-08   0.64116241E-08   0.22810996E-06   0.23046133E-06   0.22810996E-06
   6.900   1.100   0.39705977E-04   0.22108012E-06   0.29701167E-08   0.63985802E-08   0.22810066E-06   0.23044882E-06   0.22810066E-06
   6.917   1.117   0.39730978E-04   0.22106463E-06   0.29679537E-08   0.63852438E-08   0.22807314E-06   0.23041783E-06   0.22807314E-06
   6.933   1.133   0.39753133E-04   0.22103160E-06   0.29656145E-08   0.63716294E-08   0.22802788E-06   0.23036884E-06   0.22802788E-06
   6.950   1.150   0.39772512E-04   0.22098151E-06   0.29631049E-08   0.63577512E-08   0.22796537E-06   0.23030236E-06   0.22796537E-06
   6.967   1.167   0.39789188E-04   0.22091481E-06   0.29604312E-08   0.63436228E-08   0.22788607E-06   0.23021887E-06   0.22788607E-06
   6.983   1.183   0.39803230E-04   0.22083198E-06   0.29575991E-08   0.63292577E-08   0.22779045E-06   0.23011884E-06   0.22779045E-06
   7.000   1.200   0.39814709E-04   0.22073348E-06   0.29546144E-08   0.63146688E-08   0.22767900E-06   0.23000277E-06   0.22767900E-06
   7.017   1.217   0.39823696E-04   0.22061977E-06   0.29514830E-08   0.62998685E-08   0.22755217E-06   0.22987112E-06   0.22755217E-06
   7.033   1.233   0.39830260E-04   0.22049129E-06   0.29482102E-08   0.62848692E-08   0.22741044E-06   0.22972437E-06   0.22741044E-06
   7.050   1.250   0.39834470E-04   0.22034850E-06   0.29448017E-08   0.62696824E-08   0.22725425E-06   0.22956298E-06   0.22725425E-06
   7.067   1.267   0.39836395E-04   0.22019183E-06   0.29412626E-08   0.62543197E-08   0.22708406E-06   0.22938741E-06   0.22708406E-06
   7.083   1.283   0.39836101E-04   0.22002173E-06   0.29375984E-08   0.62387919E-08   0.22690031E-06   0.22919812E-06   0.22690031E-06
   7.100   1.300   0.39833654E-04   0.21983862E-06   0.29338139E-08   0.62231098E-08   0.22670344E-06   0.22899555E-06   0.22670344E-06
   7.117   1.317   0.39829121E-04   0.21964293E-06   0.29299143E-08   0.62072836E-08   0.22649389E-06   0.22878013E-06   0.22649389E-06
   7.133   1.333   0.39822566E-04   0.21943507E-06   0.29259043E-08   0.61913232E-08   0.22627207E-06   0.22855229E-06   0.22627207E-06
   7.150   1.350   0.39814051E-04   0.21921544E-06   0.29217887E-08   0.61752382E-08   0.22603841E-06   0.22831247E-06   0.22603841E-06
   7.167   1.367   0.39803640E-04   0.21898446E-06   0.29175720E-08   0.61590378E-08   0.22579331E-06   0.22806107E-06   0.22579331E-06
   7.183   1.383   0.39791392E-04   0.21874250E-06   0.29132588E-08   0.61427308E-08   0.22553716E-06   0.22779849E-06   0.22553716E-06
   7.200   1.400   0.39777368E-04   0.21848997E-06   0.29088533E-08   0.61263258E-08   0.22527038E-06   0.22752514E-06   0.22527038E-06
   7.217   1.417   0.39761627E-04   0.21822722E-06   0.29043599E-08   0.61098311E-08   0.22499333E-06   0.22724141E-06   0.22499333E-06
   7.233   1.433   0.39744225E-04   0.21795463E-06   0.28997825E-08   0.60932544E-08   0.22470639E-06   0.22694766E-06   0.22470639E-06
   7.250   1.450   0.39725220E-04   0.21767256E-06   0.28951253E-08   0.60766036E-08   0.22440993E-06   0.22664429E-06   0.22440993E-06
   7.267   1.467   0.39704666E-04   0.21738136E-06   0.28903920E-08   0.60598858E-08   0.22410431E-06   0.22633163E-06   0.22410431E-06
   7.283   1.483   0.39682617E-04   0.21708137E-06   0.28855865E-08   0.60431082E-08   0.22378987E-06   0.22601006E-06   0.22378987E-06
   7.300   1.500   0.39659125E-04   0.21677293E-06   0.28807123E-08   0.60262774E-08   0.22346696E-06   0.22567992E-06   0.22346696E-06
   7.317   1.517   0.39634242E-04   0.21645637E-06   0.28757729E-08   0.60094000E-08   0.22313592E-06   0.22534154E-06   0.22313592E-06
   7.333   1.533   0.39608018E-04   0.21613200E-06   0.28707719E-08   0.59924822E-08   0.22279705E-06   0.22499525E-06   0.22279705E-06
   7.350   1.550   0.39580501E-04   0.21580013E-06   0.28657125E-08   0.59755300E-08   0.22245069E-06   0.22464137E-06   0.22245069E-06
   7.367   1.567   0.39551740E-04   0.21546107E-06   0.28605979E-08   0.59585491E-08   0.22209714E-06   0.22428022E-06   0.22209714E-06
   7.383   1.583   0.39521780E-04   0.21511511E-06   0.28554312E-08   0.59415451E-08   0.22173669E-06   0.22391209E-06   0.22173669E-06
   7.400   1.600   0.39490668E-04   0.21476255E-06   0.28502155E-08   0.59245231E-08   0.22136964E-06   0.22353728E-06   0.22136964E-06
   7.417   1.617   0.39458447E-04   0.21440365E-06   0.28449536E-08   0.59074883E-08   0.22099628E-06   0.22315609E-06   0.22099628E-06
   7.433   1.633   0.39425160E-04   0.21403869E-06   0.28396483E-08   0.58904455E-08   0.22061688E-06   0.22276878E-06   0.22061688E-06
   7.450   1.650   0.39390848E-04   0.21366793E-06   0.28343024E-08   0.58733994E-08   0.22023170E-06   0.22237563E-06   0.22023170E-06
   7.467   1.667   0.39355554E-04   0.21329163E-06   0.28289185E-08   0.58563543E-08   0.21984102E-06   0.22197691E-06   0.21984102E-06
   7.483   1.683   0.39319315E-04   0.21291005E-06   0.28234992E-08   0.58393145E-08   0.21944507E-06   0.22157286E-06   0.21944507E-06
   7.500   1.700   0.39282172E-04   0.21252342E-06   0.28180468E-08   0.58222842E-08   0.21904412E-06   0.22116375E-06   0.21904412E-06
   7.517   1.717   0.39244160E-04   0.21213198E-06   0.28125638E-08   0.58052671E-08   0.21863839E-06   0.22074981E-06   0.21863839E-06
   7.533   1.733   0.39205318E-04   0.21173595E-06   0.28070524E-08   0.57882670E-08   0.21822812E-06   0.22033127E-06   0.21822812E-06
   7.550   1.750   0.39165679E-04   0.21133557E-06   0.28015149E-08   0.57712874E-08   0.21781354E-06   0.21990837E-06   0.21781354E-06
   7.567   1.767   0.39125279E-04   0.21093104E-06   0.27959534E-08   0.57543318E-08   0.21739485E-06   0.21948133E-06   0.21739485E-06
   7.583   1.783   0.39084151E-04   0.21052258E-06   0.27903700E-08   0.57374033E-08   0.21697229E-06   0.21905036E-06   0.21697229E-06
   7.600   1.800   0.39042328E-04   0.21011039E-06   0.27847666E-08   0.57205052E-08   0.21654604E-06   0.21861566E-06   0.21654604E-06
   7.617   1.817   0.38999841E-04   0.20969467E-06   0.27791452E-08   0.57036402E-08   0.21611632E-06   0.21817745E-06   0.21611632E-06
   7.633   1.833   0.38956720E-04   0.20927560E-06   0.27735076E-08   0.56868112E-08   0.21568331E-06   0.21773592E-06   0.21568331E-06
   7.650   1.850   0.38912996E-04   0.20885338E-06   0.27678556E-08   0.56700210E-08   0.21524721E-06   0.21729126E-06   0.21524721E-06
   7.667   1.867   0.38868697E-04   0.20842818E-06   0.27621909E-08   0.56532720E-08   0.21480819E-06   0.21684364E-06   0.21480819E-06
   7.683   1.883   0.38823852E-04   0.20800018E-06   0.27565152E-08   0.56365668E-08   0.21436643E-06   0.21639326E-06   0.21436643E-06
   7.700   1.900   0.38778488E-04   0.20756955E-06   0.27508302E-08   0.56199075E-08   0.21392210E-06   0.21594028E-06   0.21392210E-06
   7.717   1.917   0.38732631E-04   0.20713644E-06   0.27451372E-08   0.56032965E-08   0.21347537E-06   0.21548488E-06   0.21347537E-06
   7.733   1.933   0.38686306E-04   0.20670103E-06   0.27394379E-08   0.55867358E-08   0.21302639E-06   0.21502721E-06   0.21302639E-06
   7.750   1.950   0.38639540E-04   0.20626346E-06   0.27337336E-08   0.55702274E-08   0.21257533E-06   0.21456743E-06   0.21257533E-06
   7.767   1.967   0.38592355E-04   0.20582389E-06   0.27280258E-08   0.55537733E-08   0.21212234E-06   0.21410569E-06   0.21212234E-06
   7.783   1.983   0.38544775E-04   0.20538245E-06   0.27223157E-08   0.55373751E-08   0.21166755E-06   0.21364214E-06   0.21166755E-06
   7.800   2.000   0.38496823E-04   0.20493930E-06   0.27166047E-08   0.55210347E-08   0.21121111E-06   0.21317693E-06   0.21121111E-06
   7.817   2.017   0.38448522E-04   0.20449455E-06   0.27108939E-08   0.55047536E-08   0.21075316E-06   0.21271020E-06   0.21075316E-06
   7.833   2.033   0.38399892E-04   0.20404835E-06   0.27051846E-08   0.54885335E-08   0.21029384E-06   0.21224207E-06   0.21029384E-06
   7.850   2.050   0.38350954E-04   0.20360082E-06   0.26994780E-08   0.54723756E-08   0.20983325E-06   0.21177267E-06   0.20983325E-06
   7.867   2.067   0.38301728E-04   0.20315208E-06   0.26937750E-08   0.54562814E-08   0.20937154E-06   0.21130214E-06   0.20937154E-06
   7.883   2.083   0.38252234E-04   0.20270226E-06   0.26880768E-08   0.54402523E-08   0.20890882E-06   0.21083059E-06   0.20890882E-06
   7.900   2.100   0.38202490E-04   0.20225147E-06   0.26823844E-08   0.54242894E-08   0.20844521E-06   0.21035814E-06   0.20844521E-06
   7.917   2.117   0.38152515E-04   0.20179982E-06   0.26766988E-08   0.54083939E-08   0.20798082E-06   0.20988491E-06   0.20798082E-06
   7.933   2.133   0.38102327E-04   0.20134741E-06   0.26710208E-08   0.53925669E-08   0.20751575E-06   0.20941100E-06   0.20751575E-06
   7.950   2.150   0.38051942E-04   0.20089436E-06   0.26653515E-08   0.53768094E-08   0.20705012E-06   0.20893652E-06   0.20705012E-06
   7.967   2.167   0.38001378E-04   0.20044076E-06   0.26596917E-08   0.53611225E-08   0.20658402E-06   0.20846158E-06   0.20658402E-06
   7.983   2.183   0.37950651E-04   0.19998672E-06   0.26540422E-08   0.53455069E-08   0.20611756E-06   0.20798626E-06   0.20611756E-06
   8.000   2.200   0.37899776E-04   0.19953231E-06   0.26484038E-08   0.53299636E-08   0.20565082E-06   0.20751068E-06   0.20565082E-06
   8.017   2.217   0.37848768E-04   0.19907765E-06   0.26427773E-08   0.53144933E-08   0.20518390E-06   0.20703492E-06   0.20518390E-06
   8.033   2.233   0.37797643E-04   0.19862281E-06   0.26371634E-08   0.52990969E-08   0.20471690E-06   0.20655907E-06   0.20471690E-06
   8.050   2.250   0.37746414E-04   0.19816788E-06   0.26315629E-08   0.52837750E-08   0.20424988E-06   0.20608322E-06   0.20424988E-06
   8.067   2.267   0.37695094E-04   0.19771294E-06   0.26259765E-08   0.52685283E-08   0.20378294E-06   0.20560745E-06   0.20378294E-06
   8.083   2.283   0.37643699E-04   0.19725808E-06   0.26204047E-08   0.52533573E-08   0.20331616E-06   0.20513184E-06   0.20331616E-06
   8.100   2.300   0.37592240E-04   0.19680336E-06   0.26148483E-08   0.52382627E-08   0.20284961E-06   0.20465647E-06   0.20284961E-06
   8.117   2.317   0.37540730E-04   0.19634887E-06   0.26093078E-08   0.52232450E-08   0.20238337E-06   0.20418143E-06   0.20238337E-06
   8.133   2.333   0.37489181E-04   0.19589468E-06   0.26037838E-08   0.52083046E-08   0.20191752E-06   0.20370677E-06   0.20191752E-06
   8.150   2.350   0.37437604E-04   0.19544085E-06   0.25982769E-08   0.51934421E-08   0.20145211E-06   0.20323257E-06   0.20145211E-06
   8.167   2.367   0.37386013E-04   0.19498746E-06   0.25927876E-08   0.51786577E-08   0.20098722E-06   0.20275890E-06   0.20098722E-06
   8.183   2.383   0.37334416E-04   0.19453456E-06   0.25873164E-08   0.51639519E-08   0.20052292E-06   0.20228583E-06   0.20052292E-06
   8.200   2.400   0.37282825E-04   0.19408222E-06   0.25818638E-08   0.51493251E-08   0.20005926E-06   0.20181341E-06   0.20005926E-06
   8.217   2.417   0.37231251E-04   0.19363051E-06   0.25764302E-08   0.51347775E-08   0.19959630E-06   0.20134172E-06   0.19959630E-06
   8.233   2.433   0.37179703E-04   0.19317947E-06   0.25710162E-08   0.51203095E-08   0.19913412E-06   0.20087080E-06   0.19913412E-06
   8.250   2.450   0.37128192E-04   0.19272918E-06   0.25656222E-08   0.51059212E-08   0.19867275E-06   0.20040072E-06   0.19867275E-06
   8.267   2.467   0.37076725E-04   0.19227967E-06   0.25602485E-08   0.50916129E-08   0.19821226E-06   0.19993153E-06   0.19821226E-06
   8.283   2.483   0.37025314E-04   0.19183100E-06   0.25548956E-08   0.50773847E-08   0.19775270E-06   0.19946328E-06   0.19775270E-06
   8.300   2.500   0.36973965E-04   0.19138323E-06   0.25495639E-08   0.50632370E-08   0.19729413E-06   0.19899603E-06   0.19729413E-06
   8.317   2.517   0.36922689E-04   0.19093640E-06   0.25442536E-08   0.50491698E-08   0.19683657E-06   0.19852982E-06   0.19683657E-06
   8.333   2.533   0.36871493E-04   0.19049056E-06   0.25389652E-08   0.50351832E-08   0.19638010E-06   0.19806471E-06   0.19638010E-06
   8.350   2.550   0.36820385E-04   0.19004576E-06   0.25336990E-08   0.50212773E-08   0.19592474E-06   0.19760073E-06   0.19592474E-06
   8.367   2.567   0.36769372E-04   0.18960203E-06   0.25284553E-08   0.50074522E-08   0.19547056E-06   0.19713794E-06   0.19547056E-06
   8.383   2.583   0.36718464E-04   0.18915943E-06   0.25232343E-08   0.49937081E-08   0.19501758E-06   0.19667637E-06   0.19501758E-06
   8.400   2.600   0.36667665E-04   0.18871799E-06   0.25180364E-08   0.49800448E-08   0.19456584E-06   0.19621607E-06   0.19456584E-06
   8.417   2.617   0.36616985E-04   0.18827775E-06   0.25128619E-08   0.49664625E-08   0.19411540E-06   0.19575707E-06   0.19411540E-06
   8.433   2.633   0.36566429E-04   0.18783875E-06   0.25077110E-08   0.49529611E-08   0.19366628E-06   0.19529942E-06   0.19366628E-06
   8.450   2.650   0.36516004E-04   0.18740103E-06   0.25025840E-08   0.49395406E-08   0.19321852E-06   0.19484315E-06   0.19321852E-06
   8.467   2.667   0.36465716E-04   0.18696462E-06   0.24974810E-08   0.49262010E-08   0.19277216E-06   0.19438830E-06   0.19277216E-06
   8.483   2.683   0.36415572E-04   0.18652955E-06   0.24924024E-08   0.49129423E-08   0.19232723E-06   0.19393490E-06   0.19232723E-06
   8.500   2.700   0.36365578E-04   0.18609587E-06   0.24873483E-08   0.48997644E-08   0.19188377E-06   0.19348298E-06   0.19188377E-06
   8.517   2.717   0.36315739E-04   0.18566359E-06   0.24823189E-08   0.48866672E-08   0.19144180E-06   0.19303258E-06   0.19144180E-06
   8.533   2.733   0.36266061E-04   0.18523275E-06   0.24773145E-08   0.48736507E-08   0.19100136E-06   0.19258372E-06   0.19100136E-06
   8.550   2.750   0.36216549E-04   0.18480338E-06   0.24723352E-08   0.48607147E-08   0.19056247E-06   0.19213643E-06   0.19056247E-06
   8.567   2.767   0.36167208E-04   0.18437551E-06   0.24673812E-08   0.48478592E-08   0.19012516E-06   0.19169075E-06   0.19012516E-06
   8.583   2.783   0.36118044E-04   0.18394917E-06   0.24624526E-08   0.48350840E-08   0.18968946E-06   0.19124670E-06   0.18968946E-06
   8.600   2.800   0.36069062E-04   0.18352437E-06   0.24575496E-08   0.48223889E-08   0.18925540E-06   0.19080431E-06   0.18925540E-06
   8.617   2.817   0.36020266E-04   0.18310115E-06   0.24526724E-08   0.48097739E-08   0.18882300E-06   0.19036360E-06   0.18882300E-06
   8.633   2.833   0.35971661E-04   0.18267953E-06   0.24478211E-08   0.47972389E-08   0.18839228E-06   0.18992459E-06   0.18839228E-06
   8.650   2.850   0.35923251E-04   0.18225953E-06   0.24429958E-08   0.47847835E-08   0.18796326E-06   0.18948731E-06   0.18796326E-06
   8.667   2.867   0.35875041E-04   0.18184117E-06   0.24381966E-08   0.47724078E-08   0.18753598E-06   0.18905178E-06   0.18753598E-06
   8.683   2.883   0.35827034E-04   0.18142448E-06   0.24334238E-08   0.47601114E-08   0.18711045E-06   0.18861802E-06   0.18711045E-06
   8.700   2.900   0.35779235E-04   0.18100948E-06   0.24286772E-08   0.47478943E-08   0.18668668E-06   0.18818605E-06   0.18668668E-06
   8.717   2.917   0.35731648E-04   0.18059618E-06   0.24239572E-08   0.47357562E-08   0.18626471E-06   0.18775589E-06   0.18626471E-06
   8.733   2.933   0.35684276E-04   0.18018460E-06   0.24192637E-08   0.47236970E-08   0.18584454E-06   0.18732756E-06   0.18584454E-06
   8.750   2.950   0.35637124E-04   0.17977477E-06   0.24145969E-08   0.47117163E-08   0.18542620E-06   0.18690108E-06   0.18542620E-06
   8.767   2.967   0.35590194E-04   0.17936670E-06   0.24099569E-08   0.46998141E-08   0.18500971E-06   0.18647647E-06   0.18500971E-06
   8.783   2.983   0.35543489E-04   0.17896040E-06   0.24053436E-08   0.46879901E-08   0.18459507E-06   0.18605374E-06   0.18459507E-06
   8.800   3.000   0.35497015E-04   0.17855590E-06   0.24007573E-08   0.46762441E-08   0.18418231E-06   0.18563290E-06   0.18418231E-06
   8.817   3.017   0.35450772E-04   0.17815320E-06   0.23961979E-08   0.46645759E-08   0.18377145E-06   0.18521398E-06   0.18377145E-06
   8.833   3.033   0.35404766E-04   0.17775233E-06   0.23916656E-08   0.46529852E-08   0.18336248E-06   0.18479698E-06   0.18336248E-06
   8.850   3.050   0.35358998E-04   0.17735329E-06   0.23871603E-08   0.46414719E-08   0.18295544E-06   0.18438192E-06   0.18295544E-06
   8.867   3.067   0.35313471E-04   0.17695610E-06   0.23826822E-08   0.46300355E-08   0.18255033E-06   0.18396882E-06   0.18255033E-06
   8.883   3.083   0.35268189E-04   0.17656078E-06   0.23782313E-08   0.46186761E-08   0.18214716E-06   0.18355768E-06   0.18214716E-06
   8.900   3.100   0.35223154E-04   0.17616732E-06   0.23738076E-08   0.46073932E-08   0.18174595E-06   0.18314853E-06   0.18174595E-06
   8.917   3.117   0.35178368E-04   0.17577576E-06   0.23694112E-08   0.45961867E-08   0.18134671E-06   0.18274136E-06   0.18134671E-06
   8.933   3.133   0.35133835E-04   0.17538609E-06   0.23650420E-08   0.45850562E-08   0.18094945E-06   0.18233619E-06   0.18094945E-06
   8.950   3.150   0.35089556E-04   0.17499833E-06   0.23607003E-08   0.45740016E-08   0.18055418E-06   0.18193303E-06   0.18055418E-06
   8.967   3.167   0.35045534E-04   0.17461249E-06   0.23563859E-08   0.45630226E-08   0.18016091E-06   0.18153189E-06   0.18016091E-06
   8.983   3.183   0.35001772E-04   0.17422857E-06   0.23520988E-08   0.45521189E-08   0.17976965E-06   0.18113279E-06   0.17976965E-06
   9.000   3.200   0.34958271E-04   0.17384659E-06   0.23478393E-08   0.45412903E-08   0.17938041E-06   0.18073572E-06   0.17938041E-06
   9.017   3.217   0.34915034E-04   0.17346656E-06   0.23436071E-08   0.45305365E-08   0.17899320E-06   0.18034070E-06   0.17899320E-06
   9.033   3.233   0.34872062E-04   0.17308848E-06   0.23394024E-08   0.45198573E-08   0.17860802E-06   0.17994774E-06   0.17860802E-06
   9.050   3.250   0.34829359E-04   0.17271236E-06   0.23352252E-08   0.45092523E-08   0.17822488E-06   0.17955684E-06   0.17822488E-06
   9.067   3.267   0.34786925E-04   0.17233821E-06   0.23310754E-08   0.44987214E-08   0.17784380E-06   0.17916801E-06   0.17784380E-06
   9.083   3.283   0.34744763E-04   0.17196604E-06   0.23269532E-08   0.44882643E-08   0.17746478E-06   0.17878125E-06   0.17746478E-06
   9.100   3.300   0.34702874E-04   0.17159585E-06   0.23228584E-08   0.44778806E-08   0.17708782E-06   0.17839659E-06   0.17708782E-06
   9.117   3.317   0.34661261E-04   0.17122765E-06   0.23187911E-08   0.44675702E-08   0.17671293E-06   0.17801401E-06   0.17671293E-06
   9.133   3.333   0.34619925E-04   0.17086144E-06   0.23147513E-08   0.44573327E-08   0.17634011E-06   0.17763353E-06   0.17634011E-06
   9.150   3.350   0.34578867E-04   0.17049724E-06   0.23107390E-08   0.44471679E-08   0.17596938E-06   0.17725514E-06   0.17596938E-06
   9.167   3.367   0.34538090E-04   0.17013504E-06   0.23067542E-08   0.44370756E-08   0.17560074E-06   0.17687887E-06   0.17560074E-06
   9.183   3.383   0.34497595E-04   0.16977485E-06   0.23027969E-08   0.44270554E-08   0.17523419E-06   0.17650471E-06   0.17523419E-06
   9.200   3.400   0.34457383E-04   0.16941668E-06   0.22988671E-08   0.44171071E-08   0.17486974E-06   0.17613266E-06   0.17486974E-06
   9.217   3.417   0.34417456E-04   0.16906054E-06   0.22949648E-08   0.44072305E-08   0.17450739E-06   0.17576273E-06   0.17450739E-06
   9.233   3.433   0.34377815E-04   0.16870641E-06   0.22910899E-08   0.43974252E-08   0.17414715E-06   0.17539493E-06   0.17414715E-06
   9.250   3.450   0.34338462E-04   0.16835432E-06   0.22872424E-08   0.43876911E-08   0.17378901E-06   0.17502925E-06   0.17378901E-06
   9.267   3.467   0.34299398E-04   0.16800426E-06   0.22834224E-08   0.43780277E-08   0.17343299E-06   0.17466571E-06   0.17343299E-06
   9.283   3.483   0.34260625E-04   0.16765623E-06   0.22796298E-08   0.43684349E-08   0.17307909E-06   0.17430429E-06   0.17307909E-06
   9.300   3.500   0.34222143E-04   0.16731024E-06   0.22758647E-08   0.43589125E-08   0.17272731E-06   0.17394502E-06   0.17272731E-06
   9.317   3.517   0.34183954E-04   0.16696630E-06   0.22721269E-08   0.43494601E-08   0.17237765E-06   0.17358789E-06   0.17237765E-06
   9.333   3.533   0.34146059E-04   0.16662440E-06   0.22684165E-08   0.43400774E-08   0.17203011E-06   0.17323289E-06   0.17203011E-06
   9.350   3.550   0.34108460E-04   0.16628455E-06   0.22647334E-08   0.43307643E-08   0.17168471E-06   0.17288005E-06   0.17168471E-06
   9.367   3.567   0.34071157E-04   0.16594675E-06   0.22610777E-08   0.43215205E-08   0.17134143E-06   0.17252935E-06   0.17134143E-06
   9.383   3.583   0.34034151E-04   0.16561100E-06   0.22574493E-08   0.43123456E-08   0.17100029E-06   0.17218079E-06   0.17100029E-06
   9.400   3.600   0.33997444E-04   0.16527730E-06   0.22538481E-08   0.43032395E-08   0.17066128E-06   0.17183439E-06   0.17066128E-06
   9.417   3.617   0.33961036E-04   0.16494566E-06   0.22502743E-08   0.42942019E-08   0.17032441E-06   0.17149014E-06   0.17032441E-06
   9.433   3.633   0.33924930E-04   0.16461608E-06   0.22467277E-08   0.42852325E-08   0.16998967E-06   0.17114804E-06   0.16998967E-06
   9.450   3.650   0.33889124E-04   0.16428856E-06   0.22432083E-08   0.42763311E-08   0.16965708E-06   0.17080810E-06   0.16965708E-06
   9.467   3.667   0.33853622E-04   0.16396310E-06   0.22397161E-08   0.42674975E-08   0.16932663E-06   0.17047031E-06   0.16932663E-06
   9.483   3.683   0.33818423E-04   0.16363969E-06   0.22362510E-08   0.42587313E-08   0.16899832E-06   0.17013468E-06   0.16899832E-06
   9.500   3.700   0.33783528E-04   0.16331836E-06   0.22328131E-08   0.42500324E-08   0.16867215E-06   0.16980120E-06   0.16867215E-06
   9.517   3.717   0.33748939E-04   0.16299908E-06   0.22294024E-08   0.42414005E-08   0.16834812E-06   0.16946988E-06   0.16834812E-06
   9.533   3.733   0.33714656E-04   0.16268187E-06   0.22260187E-08   0.42328353E-08   0.16802624E-06   0.16914072E-06   0.16802624E-06
   9.550   3.750   0.33680680E-04   0.16236672E-06   0.22226621E-08   0.42243366E-08   0.16770651E-06   0.16881372E-06   0.16770651E-06
   9.567   3.767   0.33647013E-04   0.16205364E-06   0.22193325E-08   0.42159042E-08   0.16738892E-06   0.16848888E-06   0.16738892E-06
   9.583   3.783   0.33613654E-04   0.16174262E-06   0.22160300E-08   0.42075378E-08   0.16707347E-06   0.16816619E-06   0.16707347E-06
   9.600   3.800   0.33580604E-04   0.16143367E-06   0.22127544E-08   0.41992372E-08   0.16676017E-06   0.16784566E-06   0.16676017E-06
   9.617   3.817   0.33547865E-04   0.16112679E-06   0.22095058E-08   0.41910022E-08   0.16644902E-06   0.16752730E-06   0.16644902E-06
   9.633   3.833   0.33515437E-04   0.16082197E-06   0.22062841E-08   0.41828325E-08   0.16614002E-06   0.16721109E-06   0.16614002E-06
   9.650   3.850   0.33483321E-04   0.16051922E-06   0.22030893E-08   0.41747279E-08   0.16583316E-06   0.16689703E-06   0.16583316E-06
   9.667   3.867   0.33451518E-04   0.16021853E-06   0.21999214E-08   0.41666882E-08   0.16552845E-06   0.16658514E-06   0.16552845E-06
   9.683   3.883   0.33420028E-04   0.15991991E-06   0.21967804E-08   0.41587131E-08   0.16522589E-06   0.16627540E-06   0.16522589E-06
   9.700   3.900   0.33388852E-04   0.15962335E-06   0.21936661E-08   0.41508024E-08   0.16492547E-06   0.16596782E-06   0.16492547E-06
   9.717   3.917   0.33357991E-04   0.15932886E-06   0.21905787E-08   0.41429560E-08   0.16462720E-06   0.16566240E-06   0.16462720E-06
   9.733   3.933   0.33327446E-04   0.15903644E-06   0.21875180E-08   0.41351735E-08   0.16433107E-06   0.16535913E-06   0.16433107E-06
   9.750   3.950   0.33297217E-04   0.15874608E-06   0.21844841E-08   0.41274548E-08   0.16403709E-06   0.16505802E-06   0.16403709E-06
   9.767   3.967   0.33267305E-04   0.15845778E-06   0.21814769E-08   0.41197997E-08   0.16374525E-06   0.16475906E-06   0.16374525E-06
   9.783   3.983   0.33237711E-04   0.15817155E-06   0.21784964E-08   0.41122079E-08   0.16345556E-06   0.16446225E-06   0.16345556E-06
   9.800   4.000   0.33208435E-04   0.15788738E-06   0.21755425E-08   0.41046792E-08   0.16316801E-06   0.16416760E-06   0.16316801E-06
   9.817   4.017   0.33179478E-04   0.15760527E-06   0.21726153E-08   0.40972135E-08   0.16288261E-06   0.16387510E-06   0.16288261E-06
   9.833   4.033   0.33150841E-04   0.15732522E-06   0.21697147E-08   0.40898105E-08   0.16259934E-06   0.16358475E-06   0.16259934E-06
   9.850   4.050   0.33122524E-04   0.15704723E-06   0.21668406E-08   0.40824701E-08   0.16231822E-06   0.16329654E-06   0.16231822E-06
   9.867   4.067   0.33094527E-04   0.15677131E-06   0.21639932E-08   0.40751919E-08   0.16203924E-06   0.16301049E-06   0.16203924E-06
   9.883   4.083   0.33066853E-04   0.15649744E-06   0.21611722E-08   0.40679759E-08   0.16176240E-06   0.16272659E-06   0.16176240E-06
   9.900   4.100   0.33039501E-04   0.15622563E-06   0.21583778E-08   0.40608219E-08   0.16148770E-06   0.16244483E-06   0.16148770E-06
   9.917   4.117   0.33012472E-04   0.15595588E-06   0.21556099E-08   0.40537296E-08   0.16121514E-06   0.16216522E-06   0.16121514E-06
   9.933   4.133   0.32985766E-04   0.15568818E-06   0.21528684E-08   0.40466989E-08   0.16094472E-06   0.16188775E-06   0.16094472E-06
   9.950   4.150   0.32959385E-04   0.15542254E-06   0.21501534E-08   0.40397296E-08   0.16067644E-06   0.16161242E-06   0.16067644E-06
   9.967   4.167   0.32933328E-04   0.15515896E-06   0.21474648E-08   0.40328214E-08   0.16041029E-06   0.16133924E-06   0.16041029E-06
   9.983   4.183   0.32907597E-04   0.15489742E-06   0.21448027E-08   0.40259743E-08   0.16014628E-06   0.16106820E-06   0.16014628E-06
  10.000   4.200   0.32882192E-04   0.15463795E-06   0.21421669E-08   0.40191881E-08   0.15988440E-06   0.16079930E-06   0.15988440E-06
  10.017   4.217   0.32857114E-04   0.15438052E-06   0.21395575E-08   0.40124625E-08   0.15962466E-06   0.16053254E-06   0.15962466E-06
  10.033   4.233   0.32832364E-04   0.15412514E-06   0.21369744E-08   0.40057974E-08   0.15936705E-06   0.16026792E-06   0.15936705E-06
  10.050   4.250   0.32807941E-04   0.15387182E-06   0.21344177E-08   0.39991926E-08   0.15911158E-06   0.16000543E-06   0.15911158E-06
  10.067   4.267   0.32783847E-04   0.15362054E-06   0.21318872E-08   0.39926481E-08   0.15885824E-06   0.15974508E-06   0.15885824E-06
  10.083   4.283   0.32760083E-04   0.15337131E-06   0.21293831E-08   0.39861635E-08   0.15860702E-06   0.15948686E-06   0.15860702E-06
  10.100   4.300   0.32736649E-04   0.15312413E-06   0.21269053E-08   0.39797388E-08   0.15835794E-06   0.15923078E-06   0.15835794E-06
  10.117   4.317   0.32713545E-04   0.15287900E-06   0.21244537E-08   0.39733738E-08   0.15811099E-06   0.15897682E-06   0.15811099E-06
  10.133   4.333   0.32690773E-04   0.15263591E-06   0.21220284E-08   0.39670683E-08   0.15786617E-06   0.15872500E-06   0.15786617E-06
  10.150   4.350   0.32668332E-04   0.15239486E-06   0.21196293E-08   0.39608222E-08   0.15762347E-06   0.15847531E-06   0.15762347E-06
  10.167   4.367   0.32646225E-04   0.15215586E-06   0.21172564E-08   0.39546353E-08   0.15738291E-06   0.15822775E-06   0.15738291E-06
  10.183   4.383   0.32624451E-04   0.15191890E-06   0.21149098E-08   0.39485076E-08   0.15714447E-06   0.15798232E-06   0.15714447E-06
  10.200   4.400   0.32603011E-04   0.15168399E-06   0.21125894E-08   0.39424388E-08   0.15690815E-06   0.15773902E-06   0.15690815E-06
  10.217   4.417   0.32581906E-04   0.15145111E-06   0.21102951E-08   0.39364288E-08   0.15667397E-06   0.15749784E-06   0.15667397E-06
  10.233   4.433   0.32561136E-04   0.15122028E-06   0.21080271E-08   0.39304775E-08   0.15644190E-06   0.15725878E-06   0.15644190E-06
  10.250   4.450   0.32540702E-04   0.15099148E-06   0.21057852E-08   0.39245848E-08   0.15621197E-06   0.15702185E-06   0.15621197E-06
  10.267   4.467   0.32520606E-04   0.15076473E-06   0.21035695E-08   0.39187505E-08   0.15598415E-06   0.15678705E-06   0.15598415E-06
  10.283   4.483   0.32500847E-04   0.15054001E-06   0.21013800E-08   0.39129744E-08   0.15575846E-06   0.15655437E-06   0.15575846E-06
  10.300   4.500   0.32481426E-04   0.15031733E-06   0.20992167E-08   0.39072566E-08   0.15553490E-06   0.15632381E-06   0.15553490E-06
  10.317   4.517   0.32462345E-04   0.15009669E-06   0.20970795E-08   0.39015968E-08   0.15531346E-06   0.15609537E-06   0.15531346E-06
  10.333   4.533   0.32443603E-04   0.14987809E-06   0.20949684E-08   0.38959949E-08   0.15509414E-06   0.15586905E-06   0.15509414E-06
  10.350   4.550   0.32425202E-04   0.14966152E-06   0.20928836E-08   0.38904508E-08   0.15487694E-06   0.15564485E-06   0.15487694E-06
  10.367   4.567   0.32407142E-04   0.14944698E-06   0.20908248E-08   0.38849645E-08   0.15466186E-06   0.15542277E-06   0.15466186E-06
  10.383   4.583   0.32389425E-04   0.14923449E-06   0.20887923E-08   0.38795357E-08   0.15444891E-06   0.15520281E-06   0.15444891E-06
  10.400   4.600   0.32372050E-04   0.14902402E-06   0.20867859E-08   0.38741645E-08   0.15423808E-06   0.15498497E-06   0.15423808E-06
  10.417   4.617   0.32355020E-04   0.14881559E-06   0.20848056E-08   0.38688506E-08   0.15402937E-06   0.15476925E-06   0.15402937E-06
  10.433   4.633   0.32338334E-04   0.14860920E-06   0.20828516E-08   0.38635940E-08   0.15382278E-06   0.15455564E-06   0.15382278E-06
  10.450   4.650   0.32321993E-04   0.14840484E-06   0.20809237E-08   0.38583947E-08   0.15361832E-06   0.15434416E-06   0.15361832E-06
  10.467   4.667   0.32305999E-04   0.14820251E-06   0.20790219E-08   0.38532524E-08   0.15341598E-06   0.15413478E-06   0.15341598E-06
  10.483   4.683   0.32290352E-04   0.14800222E-06   0.20771464E-08   0.38481672E-08   0.15321575E-06   0.15392753E-06   0.15321575E-06
  10.500   4.700   0.32275052E-04   0.14780396E-06   0.20752971E-08   0.38431389E-08   0.15301766E-06   0.15372239E-06   0.15301766E-06
  10.517   4.717   0.32260102E-04   0.14760773E-06   0.20734739E-08   0.38381674E-08   0.15282168E-06   0.15351937E-06   0.15282168E-06
  10.533   4.733   0.32245502E-04   0.14741354E-06   0.20716770E-08   0.38332527E-08   0.15262783E-06   0.15331847E-06   0.15262783E-06
  10.550   4.750   0.32231252E-04   0.14722138E-06   0.20699064E-08   0.38283947E-08   0.15243610E-06   0.15311968E-06   0.15243610E-06
  10.567   4.767   0.32217354E-04   0.14703125E-06   0.20681619E-08   0.38235934E-08   0.15224650E-06   0.15292301E-06   0.15224650E-06
  10.583   4.783   0.32203808E-04   0.14684316E-06   0.20664437E-08   0.38188485E-08   0.15205902E-06   0.15272846E-06   0.15205902E-06
  10.600   4.800   0.32190616E-04   0.14665711E-06   0.20647519E-08   0.38141602E-08   0.15187367E-06   0.15253602E-06   0.15187367E-06
  10.617   4.817   0.32177778E-04   0.14647309E-06   0.20630863E-08   0.38095283E-08   0.15169044E-06   0.15234570E-06   0.15169044E-06
  10.633   4.833   0.32165296E-04   0.14629110E-06   0.20614470E-08   0.38049527E-08   0.15150934E-06   0.15215750E-06   0.15150934E-06
  10.650   4.850   0.32153171E-04   0.14611115E-06   0.20598340E-08   0.38004335E-08   0.15133037E-06   0.15197142E-06   0.15133037E-06
  10.667   4.867   0.32141403E-04   0.14593324E-06   0.20582474E-08   0.37959705E-08   0.15115353E-06   0.15178746E-06   0.15115353E-06
  10.683   4.883   0.32129993E-04   0.14575736E-06   0.20566872E-08   0.37915637E-08   0.15097882E-06   0.15160561E-06   0.15097882E-06
  10.700   4.900   0.32118943E-04   0.14558353E-06   0.20551534E-08   0.37872131E-08   0.15080624E-06   0.15142589E-06   0.15080624E-06
  10.717   4.917   0.32108254E-04   0.14541173E-06   0.20536461E-08   0.37829186E-08   0.15063579E-06   0.15124829E-06   0.15063579E-06
  10.733   4.933   0.32097926E-04   0.14524197E-06   0.20521652E-08   0.37786802E-08   0.15046748E-06   0.15107281E-06   0.15046748E-06
  10.750   4.950   0.32087962E-04   0.14507425E-06   0.20507108E-08   0.37744978E-08   0.15030130E-06   0.15089946E-06   0.15030130E-06
  10.767   4.967   0.32078361E-04   0.14490857E-06   0.20492829E-08   0.37703714E-08   0.15013726E-06   0.15072823E-06   0.15013726E-06
  10.783   4.983   0.32069126E-04   0.14474494E-06   0.20478815E-08   0.37663010E-08   0.14997536E-06   0.15055912E-06   0.14997536E-06
  10.800   5.000   0.32060257E-04   0.14458335E-06   0.20465068E-08   0.37622865E-08   0.14981560E-06   0.15039215E-06   0.14981560E-06
  10.817   5.017   0.32051756E-04   0.14442381E-06   0.20451587E-08   0.37583280E-08   0.14965798E-06   0.15022730E-06   0.14965798E-06
  10.833   5.033   0.32043623E-04   0.14426631E-06   0.20438372E-08   0.37544254E-08   0.14950250E-06   0.15006458E-06   0.14950250E-06
  10.850   5.050   0.32035861E-04   0.14411087E-06   0.20425425E-08   0.37505787E-08   0.14934918E-06   0.14990399E-06   0.14934918E-06
  10.867   5.067   0.32028470E-04   0.14395747E-06   0.20412745E-08   0.37467878E-08   0.14919800E-06   0.14974553E-06   0.14919800E-06
  10.883   5.083   0.32021451E-04   0.14380613E-06   0.20400332E-08   0.37430529E-08   0.14904897E-06   0.14958921E-06   0.14904897E-06
  10.900   5.100   0.32014806E-04   0.14365683E-06   0.20388188E-08   0.37393738E-08   0.14890209E-06   0.14943503E-06   0.14890209E-06
  10.917   5.117   0.32008536E-04   0.14350960E-06   0.20376313E-08   0.37357506E-08   0.14875737E-06   0.14928298E-06   0.14875737E-06
  10.933   5.133   0.32002643E-04   0.14336442E-06   0.20364707E-08   0.37321833E-08   0.14861480E-06   0.14913308E-06   0.14861480E-06
  10.950   5.150   0.31997128E-04   0.14322131E-06   0.20353370E-08   0.37286719E-08   0.14847440E-06   0.14898531E-06   0.14847440E-06
  10.967   5.167   0.31991992E-04   0.14308025E-06   0.20342304E-08   0.37252163E-08   0.14833616E-06   0.14883970E-06   0.14833616E-06
  10.983   5.183   0.31987236E-04   0.14294126E-06   0.20331509E-08   0.37218167E-08   0.14820009E-06   0.14869623E-06   0.14820009E-06
  11.000   5.200   0.31982863E-04   0.14280434E-06   0.20320984E-08   0.37184730E-08   0.14806618E-06   0.14855491E-06   0.14806618E-06
  11.017   5.217   0.31978873E-04   0.14266948E-06   0.20310732E-08   0.37151852E-08   0.14793445E-06   0.14841574E-06   0.14793445E-06
  11.033   5.233   0.31975269E-04   0.14253670E-06   0.20300752E-08   0.37119534E-08   0.14780489E-06   0.14827873E-06   0.14780489E-06
  11.050   5.250   0.31972051E-04   0.14240599E-06   0.20291045E-08   0.37087777E-08   0.14767752E-06   0.14814387E-06   0.14767752E-06
  11.067   5.267   0.31969221E-04   0.14227736E-06   0.20281611E-08   0.37056579E-08   0.14755232E-06   0.14801118E-06   0.14755232E-06
  11.083   5.283   0.31966781E-04   0.14215081E-06   0.20272452E-08   0.37025943E-08   0.14742931E-06   0.14788065E-06   0.14742931E-06
  11.100   5.300   0.31964733E-04   0.14202635E-06   0.20263567E-08   0.36995867E-08   0.14730849E-06   0.14775229E-06   0.14730849E-06
  11.117   5.317   0.31963077E-04   0.14190397E-06   0.20254958E-08   0.36966353E-08   0.14718987E-06   0.14762610E-06   0.14718987E-06
  11.133   5.333   0.31961816E-04   0.14178368E-06   0.20246626E-08   0.36937402E-08   0.14707344E-06   0.14750209E-06   0.14707344E-06
  11.150   5.350   0.31960951E-04   0.14166549E-06   0.20238570E-08   0.36909013E-08   0.14695922E-06   0.14738025E-06   0.14695922E-06
  11.167   5.367   0.31960484E-04   0.14154939E-06   0.20230792E-08   0.36881187E-08   0.14684720E-06   0.14726059E-06   0.14684720E-06
  11.183   5.383   0.31960417E-04   0.14143540E-06   0.20223292E-08   0.36853925E-08   0.14673739E-06   0.14714312E-06   0.14673739E-06
  11.200   5.400   0.31960752E-04   0.14132351E-06   0.20216071E-08   0.36827227E-08   0.14662979E-06   0.14702784E-06   0.14662979E-06
  11.217   5.417   0.31961489E-04   0.14121373E-06   0.20209131E-08   0.36801095E-08   0.14652442E-06   0.14691475E-06   0.14652442E-06
  11.233   5.433   0.31962632E-04   0.14110606E-06   0.20202471E-08   0.36775528E-08   0.14642127E-06   0.14680386E-06   0.14642127E-06
  11.250   5.450   0.31964182E-04   0.14100051E-06   0.20196092E-08   0.36750528E-08   0.14632035E-06   0.14669517E-06   0.14632035E-06
  11.267   5.467   0.31966141E-04   0.14089708E-06   0.20189997E-08   0.36726096E-08   0.14622167E-06   0.14658869E-06   0.14622167E-06
  11.283   5.483   0.31968511E-04   0.14079578E-06   0.20184184E-08   0.36702232E-08   0.14612522E-06   0.14648442E-06   0.14612522E-06
  11.300   5.500   0.31971293E-04   0.14069660E-06   0.20178656E-08   0.36678937E-08   0.14603102E-06   0.14638236E-06   0.14603102E-06
  11.317   5.517   0.31974490E-04   0.14059957E-06   0.20173412E-08   0.36656213E-08   0.14593907E-06   0.14628253E-06   0.14593907E-06
  11.333   5.533   0.31978104E-04   0.14050467E-06   0.20168455E-08   0.36634059E-08   0.14584938E-06   0.14618492E-06   0.14584938E-06
  11.350   5.550   0.31982137E-04   0.14041192E-06   0.20163785E-08   0.36612478E-08   0.14576195E-06   0.14608954E-06   0.14576195E-06
  11.367   5.567   0.31986590E-04   0.14032132E-06   0.20159403E-08   0.36591471E-08   0.14567679E-06   0.14599641E-06   0.14567679E-06
  11.383   5.583   0.31991467E-04   0.14023287E-06   0.20155310E-08   0.36571038E-08   0.14559390E-06   0.14590551E-06   0.14559390E-06
  11.400   5.600   0.31996769E-04   0.14014659E-06   0.20151507E-08   0.36551180E-08   0.14551330E-06   0.14581686E-06   0.14551330E-06
  11.417   5.617   0.32002498E-04   0.14006247E-06   0.20147995E-08   0.36531899E-08   0.14543498E-06   0.14573046E-06   0.14543498E-06
  11.433   5.633   0.32008657E-04   0.13998053E-06   0.20144775E-08   0.36513197E-08   0.14535896E-06   0.14564633E-06   0.14535896E-06
  11.450   5.650   0.32015248E-04   0.13990077E-06   0.20141848E-08   0.36495073E-08   0.14528524E-06   0.14556446E-06   0.14528524E-06
  11.467   5.667   0.32022274E-04   0.13982319E-06   0.20139216E-08   0.36477531E-08   0.14521382E-06   0.14548486E-06   0.14521382E-06
  11.483   5.683   0.32029735E-04   0.13974780E-06   0.20136879E-08   0.36460571E-08   0.14514472E-06   0.14540754E-06   0.14514472E-06
  11.500   5.700   0.32037636E-04   0.13967461E-06   0.20134839E-08   0.36444194E-08   0.14507795E-06   0.14533251E-06   0.14507795E-06
  11.517   5.717   0.32045978E-04   0.13960362E-06   0.20133097E-08   0.36428403E-08   0.14501351E-06   0.14525977E-06   0.14501351E-06
  11.533   5.733   0.32054764E-04   0.13953485E-06   0.20131654E-08   0.36413198E-08   0.14495140E-06   0.14518933E-06   0.14495140E-06
  11.550   5.750   0.32063996E-04   0.13946829E-06   0.20130512E-08   0.36398582E-08   0.14489164E-06   0.14512120E-06   0.14489164E-06
  11.567   5.767   0.32073678E-04   0.13940396E-06   0.20129671E-08   0.36384556E-08   0.14483423E-06   0.14505538E-06   0.14483423E-06
  11.583   5.783   0.32083810E-04   0.13934186E-06   0.20129133E-08   0.36371121E-08   0.14477919E-06   0.14499188E-06   0.14477919E-06
  11.600   5.800   0.32094397E-04   0.13928199E-06   0.20128899E-08   0.36358280E-08   0.14472652E-06   0.14493071E-06   0.14472652E-06
  11.617   5.817   0.32105441E-04   0.13922438E-06   0.20128972E-08   0.36346034E-08   0.14467623E-06   0.14487188E-06   0.14467623E-06
  11.633   5.833   0.32116944E-04   0.13916902E-06   0.20129351E-08   0.36334385E-08   0.14462832E-06   0.14481540E-06   0.14462832E-06
  11.650   5.850   0.32128910E-04   0.13911593E-06   0.20130039E-08   0.36323335E-08   0.14458282E-06   0.14476126E-06   0.14458282E-06
  11.667   5.867   0.32141340E-04   0.13906510E-06   0.20131036E-08   0.36312886E-08   0.14453972E-06   0.14470950E-06   0.14453972E-06
  11.683   5.883   0.32154239E-04   0.13901656E-06   0.20132345E-08   0.36303040E-08   0.14449904E-06   0.14466010E-06   0.14449904E-06
  11.700   5.900   0.32167608E-04   0.13897030E-06   0.20133967E-08   0.36293799E-08   0.14446078E-06   0.14461308E-06   0.14446078E-06
  11.717   5.917   0.32181451E-04   0.13892634E-06   0.20135904E-08   0.36285165E-08   0.14442497E-06   0.14456845E-06   0.14442497E-06
  11.733   5.933   0.32195771E-04   0.13888469E-06   0.20138156E-08   0.36277141E-08   0.14439159E-06   0.14452622E-06   0.14439159E-06
  11.750   5.950   0.32210571E-04   0.13884535E-06   0.20140726E-08   0.36269729E-08   0.14436068E-06   0.14448640E-06   0.14436068E-06
  11.767   5.967   0.32225854E-04   0.13880834E-06   0.20143615E-08   0.36262930E-08   0.14433223E-06   0.14444899E-06   0.14433223E-06
  11.783   5.983   0.32241623E-04   0.13877366E-06   0.20146826E-08   0.36256748E-08   0.14430626E-06   0.14441401E-06   0.14430626E-06
  11.800   6.000   0.32257881E-04   0.13874132E-06   0.20150358E-08   0.36251184E-08   0.14428278E-06   0.14438147E-06   0.14428278E-06
  11.817   6.017   0.32274632E-04   0.13871133E-06   0.20154215E-08   0.36246242E-08   0.14426180E-06   0.14435138E-06   0.14426180E-06
  11.833   6.033   0.32291878E-04   0.13868371E-06   0.20158399E-08   0.36241923E-08   0.14424333E-06   0.14432375E-06   0.14424333E-06
  11.850   6.050   0.32309624E-04   0.13865847E-06   0.20162910E-08   0.36238231E-08   0.14422739E-06   0.14429858E-06   0.14422739E-06
  11.867   6.067   0.32327873E-04   0.13863561E-06   0.20167750E-08   0.36235167E-08   0.14421399E-06   0.14427590E-06   0.14421399E-06
  11.883   6.083   0.32346627E-04   0.13861514E-06   0.20172923E-08   0.36232736E-08   0.14420313E-06   0.14425571E-06   0.14420313E-06
  11.900   6.100   0.32365891E-04   0.13859708E-06   0.20178428E-08   0.36230939E-08   0.14419483E-06   0.14423802E-06   0.14419483E-06
  11.917   6.117   0.32385668E-04   0.13858144E-06   0.20184269E-08   0.36229780E-08   0.14418910E-06   0.14422285E-06   0.14418910E-06
  11.933   6.133   0.32405962E-04   0.13856823E-06   0.20190448E-08   0.36229260E-08   0.14418597E-06   0.14421020E-06   0.14418597E-06
  11.950   6.150   0.32426777E-04   0.13855746E-06   0.20196966E-08   0.36229384E-08   0.14418543E-06   0.14420009E-06   0.14418543E-06
  11.967   6.167   0.32448116E-04   0.13854914E-06   0.20203825E-08   0.36230155E-08   0.14418750E-06   0.14419254E-06   0.14418750E-06
  11.983   6.183   0.32469982E-04   0.13854329E-06   0.20211027E-08   0.36231575E-08   0.14419221E-06   0.14418755E-06   0.14419221E-06
  12.000   6.200   0.32492381E-04   0.13853992E-06   0.20218575E-08   0.36233647E-08   0.14419955E-06   0.14418514E-06   0.14419955E-06
  12.017   6.217   0.32515316E-04   0.13853903E-06   0.20226471E-08   0.36236376E-08   0.14420955E-06   0.14418532E-06   0.14420955E-06
  12.033   6.233   0.32538791E-04   0.13854065E-06   0.20234717E-08   0.36239764E-08   0.14422222E-06   0.14418810E-06   0.14422222E-06
  12.050   6.250   0.32562809E-04   0.13854479E-06   0.20243315E-08   0.36243814E-08   0.14423758E-06   0.14419350E-06   0.14423758E-06
  12.067   6.267   0.32587376E-04   0.13855146E-06   0.20252268E-08   0.36248531E-08   0.14425563E-06   0.14420154E-06   0.14425563E-06
  12.083   6.283   0.32612495E-04   0.13856067E-06   0.20261577E-08   0.36253917E-08   0.14427641E-06   0.14421222E-06   0.14427641E-06
  12.100   6.300   0.32638170E-04   0.13857244E-06   0.20271245E-08   0.36259977E-08   0.14429991E-06   0.14422556E-06   0.14429991E-06
  12.117   6.317   0.32664407E-04   0.13858678E-06   0.20281275E-08   0.36266714E-08   0.14432616E-06   0.14424158E-06   0.14432616E-06
  12.133   6.333   0.32691209E-04   0.13860371E-06   0.20291668E-08   0.36274131E-08   0.14435518E-06   0.14426029E-06   0.14435518E-06
  12.150   6.350   0.32718580E-04   0.13862325E-06   0.20302429E-08   0.36282234E-08   0.14438698E-06   0.14428171E-06   0.14438698E-06
  12.167   6.367   0.32746526E-04   0.13864540E-06   0.20313558E-08   0.36291025E-08   0.14442158E-06   0.14430585E-06   0.14442158E-06
  12.183   6.383   0.32775051E-04   0.13867018E-06   0.20325058E-08   0.36300508E-08   0.14445899E-06   0.14433274E-06   0.14445899E-06
  12.200   6.400   0.32804160E-04   0.13869761E-06   0.20336933E-08   0.36310689E-08   0.14449924E-06   0.14436237E-06   0.14449924E-06
  12.217   6.417   0.32833857E-04   0.13872771E-06   0.20349185E-08   0.36321570E-08   0.14454233E-06   0.14439478E-06   0.14454233E-06
  12.233   6.433   0.32864148E-04   0.13876048E-06   0.20361816E-08   0.36333156E-08   0.14458830E-06   0.14442998E-06   0.14458830E-06
  12.250   6.450   0.32895037E-04   0.13879596E-06   0.20374829E-08   0.36345452E-08   0.14463716E-06   0.14446799E-06   0.14463716E-06
  12.267   6.467   0.32926529E-04   0.13883415E-06   0.20388228E-08   0.36358462E-08   0.14468892E-06   0.14450882E-06   0.14468892E-06
  12.283   6.483   0.32958630E-04   0.13887507E-06   0.20402015E-08   0.36372191E-08   0.14474362E-06   0.14455249E-06   0.14474362E-06
  12.300   6.500   0.32991344E-04   0.13891875E-06   0.20416192E-08   0.36386642E-08   0.14480126E-06   0.14459903E-06   0.14480126E-06
  12.317   6.517   0.33024677E-04   0.13896519E-06   0.20430764E-08   0.36401822E-08   0.14486187E-06   0.14464844E-06   0.14486187E-06
  12.333   6.533   0.33058634E-04   0.13901441E-06   0.20445732E-08   0.36417734E-08   0.14492546E-06   0.14470076E-06   0.14492546E-06
  12.350   6.550   0.33093221E-04   0.13906645E-06   0.20461101E-08   0.36434384E-08   0.14499207E-06   0.14475599E-06   0.14499207E-06
  12.367   6.567   0.33128443E-04   0.13912130E-06   0.20476872E-08   0.36451776E-08   0.14506171E-06   0.14481417E-06   0.14506171E-06
  12.383   6.583   0.33164306E-04   0.13917900E-06   0.20493050E-08   0.36469916E-08   0.14513440E-06   0.14487530E-06   0.14513440E-06
  12.400   6.600   0.33200816E-04   0.13923957E-06   0.20509637E-08   0.36488809E-08   0.14521016E-06   0.14493941E-06   0.14521016E-06
  12.417   6.617   0.33237977E-04   0.13930301E-06   0.20526637E-08   0.36508459E-08   0.14528902E-06   0.14500652E-06   0.14528902E-06
  12.433   6.633   0.33275798E-04   0.13936936E-06   0.20544053E-08   0.36528874E-08   0.14537101E-06   0.14507666E-06   0.14537101E-06
  12.450   6.650   0.33314282E-04   0.13943864E-06   0.20561889E-08   0.36550057E-08   0.14545613E-06   0.14514983E-06   0.14545613E-06
  12.467   6.667   0.33353437E-04   0.13951086E-06   0.20580148E-08   0.36572015E-08   0.14554443E-06   0.14522608E-06   0.14554443E-06
  12.483   6.683   0.33393268E-04   0.13958605E-06   0.20598834E-08   0.36594754E-08   0.14563591E-06   0.14530541E-06   0.14563591E-06
  12.500   6.700   0.33433782E-04   0.13966423E-06   0.20617949E-08   0.36618278E-08   0.14573062E-06   0.14538785E-06   0.14573062E-06
  12.517   6.717   0.33474986E-04   0.13974542E-06   0.20637499E-08   0.36642595E-08   0.14582856E-06   0.14547343E-06   0.14582856E-06
  12.533   6.733   0.33516885E-04   0.13982965E-06   0.20657486E-08   0.36667709E-08   0.14592978E-06   0.14556217E-06   0.14592978E-06
  12.550   6.750   0.33559487E-04   0.13991694E-06   0.20677915E-08   0.36693628E-08   0.14603428E-06   0.14565410E-06   0.14603428E-06
  12.567   6.767   0.33602798E-04   0.14000731E-06   0.20698788E-08   0.36720357E-08   0.14614211E-06   0.14574923E-06   0.14614211E-06
  12.583   6.783   0.33646825E-04   0.14010079E-06   0.20720111E-08   0.36747904E-08   0.14625329E-06   0.14584759E-06   0.14625329E-06
  12.600   6.800   0.33691575E-04   0.14019740E-06   0.20741887E-08   0.36776274E-08   0.14636784E-06   0.14594921E-06   0.14636784E-06
  12.617   6.817   0.33737055E-04   0.14029716E-06   0.20764121E-08   0.36805473E-08   0.14648580E-06   0.14605412E-06   0.14648580E-06
  12.633   6.833   0.33783272E-04   0.14040011E-06   0.20786815E-08   0.36835510E-08   0.14660719E-06   0.14616234E-06   0.14660719E-06
  12.650   6.850   0.33830234E-04   0.14050627E-06   0.20809975E-08   0.36866390E-08   0.14673204E-06   0.14627390E-06   0.14673204E-06
  12.667   6.867   0.33877948E-04   0.14061566E-06   0.20833605E-08   0.36898121E-08   0.14686038E-06   0.14638883E-06   0.14686038E-06
  12.683   6.883   0.33926421E-04   0.14072831E-06   0.20857709E-08   0.36930710E-08   0.14699224E-06   0.14650715E-06   0.14699224E-06
  12.700   6.900   0.33975662E-04   0.14084425E-06   0.20882292E-08   0.36964164E-08   0.14712766E-06   0.14662890E-06   0.14712766E-06
  12.717   6.917   0.34025678E-04   0.14096351E-06   0.20907358E-08   0.36998491E-08   0.14726666E-06   0.14675410E-06   0.14726666E-06
  12.733   6.933   0.34076477E-04   0.14108612E-06   0.20932912E-08   0.37033698E-08   0.14740928E-06   0.14688278E-06   0.14740928E-06
  12.750   6.950   0.34128067E-04   0.14121210E-06   0.20958958E-08   0.37069792E-08   0.14755555E-06   0.14701498E-06   0.14755555E-06
  12.767   6.967   0.34180457E-04   0.14134149E-06   0.20985501E-08   0.37106782E-08   0.14770550E-06   0.14715072E-06   0.14770550E-06
  12.783   6.983   0.34233655E-04   0.14147431E-06   0.21012546E-08   0.37144676E-08   0.14785916E-06   0.14729003E-06   0.14785916E-06
  12.800   7.000   0.34287668E-04   0.14161060E-06   0.21040098E-08   0.37183481E-08   0.14801658E-06   0.14743296E-06   0.14801658E-06
  12.817   7.017   0.34342507E-04   0.14175038E-06   0.21068162E-08   0.37223207E-08   0.14817778E-06   0.14757952E-06   0.14817778E-06
  12.833   7.033   0.34398180E-04   0.14189370E-06   0.21096743E-08   0.37263861E-08   0.14834280E-06   0.14772976E-06   0.14834280E-06
  12.850   7.050   0.34454695E-04   0.14204057E-06   0.21125846E-08   0.37305452E-08   0.14851168E-06   0.14788370E-06   0.14851168E-06
  12.867   7.067   0.34512063E-04   0.14219104E-06   0.21155477E-08   0.37347989E-08   0.14868446E-06   0.14804139E-06   0.14868446E-06
  12.883   7.083   0.34570291E-04   0.14234514E-06   0.21185641E-08   0.37391481E-08   0.14886116E-06   0.14820285E-06   0.14886116E-06
  12.900   7.100   0.34629390E-04   0.14250290E-06   0.21216343E-08   0.37435936E-08   0.14904184E-06   0.14836812E-06   0.14904184E-06
  12.917   7.117   0.34689369E-04   0.14266435E-06   0.21247589E-08   0.37481365E-08   0.14922653E-06   0.14853725E-06   0.14922653E-06
  12.933   7.133   0.34750239E-04   0.14282954E-06   0.21279385E-08   0.37527776E-08   0.14941527E-06   0.14871026E-06   0.14941527E-06
  12.950   7.150   0.34812008E-04   0.14299850E-06   0.21311736E-08   0.37575179E-08   0.14960810E-06   0.14888719E-06   0.14960810E-06
  12.967   7.167   0.34874687E-04   0.14317127E-06   0.21344648E-08   0.37623584E-08   0.14980506E-06   0.14906809E-06   0.14980506E-06
  12.983   7.183   0.34938286E-04   0.14334788E-06   0.21378128E-08   0.37673002E-08   0.15000620E-06   0.14925299E-06   0.15000620E-06
  13.000   7.200   0.35002817E-04   0.14352837E-06   0.21412181E-08   0.37723441E-08   0.15021155E-06   0.14944193E-06   0.15021155E-06
  13.017   7.217   0.35068288E-04   0.14371278E-06   0.21446813E-08   0.37774912E-08   0.15042117E-06   0.14963495E-06   0.15042117E-06
  13.033   7.233   0.35134712E-04   0.14390115E-06   0.21482032E-08   0.37827427E-08   0.15063509E-06   0.14983210E-06   0.15063509E-06
  13.050   7.250   0.35202100E-04   0.14409352E-06   0.21517843E-08   0.37880995E-08   0.15085336E-06   0.15003341E-06   0.15085336E-06
  13.067   7.267   0.35270462E-04   0.14428994E-06   0.21554253E-08   0.37935628E-08   0.15107603E-06   0.15023893E-06   0.15107603E-06
  13.083   7.283   0.35339810E-04   0.14449044E-06   0.21591268E-08   0.37991337E-08   0.15130315E-06   0.15044870E-06   0.15130315E-06
  13.100   7.300   0.35410155E-04   0.14469507E-06   0.21628896E-08   0.38048133E-08   0.15153475E-06   0.15066277E-06   0.15153475E-06
  13.117   7.317   0.35481510E-04   0.14490387E-06   0.21667143E-08   0.38106027E-08   0.15177090E-06   0.15088118E-06   0.15177090E-06
  13.133   7.333   0.35553887E-04   0.14511688E-06   0.21706016E-08   0.38165032E-08   0.15201164E-06   0.15110399E-06   0.15201164E-06
  13.150   7.350   0.35627298E-04   0.14533416E-06   0.21745523E-08   0.38225160E-08   0.15225703E-06   0.15133122E-06   0.15225703E-06
  13.167   7.367   0.35701754E-04   0.14555574E-06   0.21785670E-08   0.38286422E-08   0.15250711E-06   0.15156295E-06   0.15250711E-06
  13.183   7.383   0.35777270E-04   0.14578167E-06   0.21826466E-08   0.38348832E-08   0.15276193E-06   0.15179920E-06   0.15276193E-06
  13.200   7.400   0.35853858E-04   0.14601201E-06   0.21867918E-08   0.38412402E-08   0.15302156E-06   0.15204004E-06   0.15302156E-06
  13.217   7.417   0.35931531E-04   0.14624679E-06   0.21910033E-08   0.38477144E-08   0.15328604E-06   0.15228551E-06   0.15328604E-06
  13.233   7.433   0.36010303E-04   0.14648608E-06   0.21952820E-08   0.38543073E-08   0.15355544E-06   0.15253567E-06   0.15355544E-06
  13.250   7.450   0.36090187E-04   0.14672992E-06   0.21996286E-08   0.38610201E-08   0.15382980E-06   0.15279057E-06   0.15382980E-06
  13.267   7.467   0.36171197E-04   0.14697836E-06   0.22040439E-08   0.38678543E-08   0.15410919E-06   0.15305025E-06   0.15410919E-06
  13.283   7.483   0.36253347E-04   0.14723145E-06   0.22085289E-08   0.38748111E-08   0.15439367E-06   0.15331479E-06   0.15439367E-06
  13.300   7.500   0.36336653E-04   0.14748925E-06   0.22130843E-08   0.38818922E-08   0.15468329E-06   0.15358423E-06   0.15468329E-06
  13.317   7.517   0.36421128E-04   0.14775182E-06   0.22177109E-08   0.38890988E-08   0.15497812E-06   0.15385863E-06   0.15497812E-06
  13.333   7.533   0.36506787E-04   0.14801921E-06   0.22224098E-08   0.38964325E-08   0.15527822E-06   0.15413805E-06   0.15527822E-06
  13.350   7.550   0.36593647E-04   0.14829147E-06   0.22271817E-08   0.39038949E-08   0.15558366E-06   0.15442254E-06   0.15558366E-06
  13.367   7.567   0.36681722E-04   0.14856866E-06   0.22320277E-08   0.39114873E-08   0.15589449E-06   0.15471218E-06   0.15589449E-06
  13.383   7.583   0.36771028E-04   0.14885085E-06   0.22369485E-08   0.39192115E-08   0.15621080E-06   0.15500701E-06   0.15621080E-06
  13.400   7.600   0.36861581E-04   0.14913809E-06   0.22419452E-08   0.39270689E-08   0.15653263E-06   0.15530710E-06   0.15653263E-06
  13.417   7.617   0.36953398E-04   0.14943044E-06   0.22470188E-08   0.39350613E-08   0.15686007E-06   0.15561252E-06   0.15686007E-06
  13.433   7.633   0.37046496E-04   0.14972797E-06   0.22521701E-08   0.39431902E-08   0.15719318E-06   0.15592333E-06   0.15719318E-06
  13.450   7.650   0.37140892E-04   0.15003074E-06   0.22574003E-08   0.39514575E-08   0.15753204E-06   0.15623960E-06   0.15753204E-06
  13.467   7.667   0.37236603E-04   0.15033882E-06   0.22627103E-08   0.39598647E-08   0.15787672E-06   0.15656139E-06   0.15787672E-06
  13.483   7.683   0.37333646E-04   0.15065227E-06   0.22681012E-08   0.39684137E-08   0.15822728E-06   0.15688878E-06   0.15822728E-06
  13.500   7.700   0.37432040E-04   0.15097116E-06   0.22735741E-08   0.39771063E-08   0.15858382E-06   0.15722184E-06   0.15858382E-06
  13.517   7.717   0.37531804E-04   0.15129555E-06   0.22791300E-08   0.39859443E-08   0.15894641E-06   0.15756063E-06   0.15894641E-06
  13.533   7.733   0.37632956E-04   0.15162553E-06   0.22847700E-08   0.39949296E-08   0.15931512E-06   0.15790522E-06   0.15931512E-06
  13.550   7.750   0.37735515E-04   0.15196115E-06   0.22904953E-08   0.40040640E-08   0.15969004E-06   0.15825571E-06   0.15969004E-06
  13.567   7.767   0.37839501E-04   0.15230250E-06   0.22963070E-08   0.40133496E-08   0.16007125E-06   0.15861215E-06   0.16007125E-06
  13.583   7.783   0.37944933E-04   0.15264964E-06   0.23022063E-08   0.40227882E-08   0.16045884E-06   0.15897464E-06   0.16045884E-06
  13.600   7.800   0.38051833E-04   0.15300266E-06   0.23081944E-08   0.40323820E-08   0.16085288E-06   0.15934324E-06   0.16085288E-06
  13.617   7.817   0.38160220E-04   0.15336163E-06   0.23142725E-08   0.40421329E-08   0.16125347E-06   0.15971804E-06   0.16125347E-06
  13.633   7.833   0.38270116E-04   0.15372664E-06   0.23204418E-08   0.40520431E-08   0.16166070E-06   0.16009912E-06   0.16166070E-06
  13.650   7.850   0.38381542E-04   0.15409775E-06   0.23267036E-08   0.40621148E-08   0.16207466E-06   0.16048657E-06   0.16207466E-06
  13.667   7.867   0.38494521E-04   0.15447506E-06   0.23330593E-08   0.40723501E-08   0.16249544E-06   0.16088047E-06   0.16249544E-06
  13.683   7.883   0.38609074E-04   0.15485864E-06   0.23395100E-08   0.40827513E-08   0.16292313E-06   0.16128090E-06   0.16292313E-06
  13.700   7.900   0.38725224E-04   0.15524859E-06   0.23460573E-08   0.40933205E-08   0.16335784E-06   0.16168797E-06   0.16335784E-06
  13.717   7.917   0.38842996E-04   0.15564499E-06   0.23527023E-08   0.41040603E-08   0.16379966E-06   0.16210176E-06   0.16379966E-06
  13.733   7.933   0.38962412E-04   0.15604794E-06   0.23594467E-08   0.41149729E-08   0.16424870E-06   0.16252236E-06   0.16424870E-06
  13.750   7.950   0.39083496E-04   0.15645751E-06   0.23662916E-08   0.41260608E-08   0.16470505E-06   0.16294986E-06   0.16470505E-06
  13.767   7.967   0.39206274E-04   0.15687381E-06   0.23732388E-08   0.41373264E-08   0.16516883E-06   0.16338438E-06   0.16516883E-06
  13.783   7.983   0.39330771E-04   0.15729693E-06   0.23802895E-08   0.41487723E-08   0.16564013E-06   0.16382599E-06   0.16564013E-06
  13.800   8.000   0.39457012E-04   0.15772697E-06   0.23874454E-08   0.41604011E-08   0.16611908E-06   0.16427482E-06   0.16611908E-06
  13.817   8.017   0.39585024E-04   0.15816402E-06   0.23947080E-08   0.41722153E-08   0.16660577E-06   0.16473095E-06   0.16660577E-06
  13.833   8.033   0.39714833E-04   0.15860820E-06   0.24020789E-08   0.41842177E-08   0.16710034E-06   0.16519449E-06   0.16710034E-06
  13.850   8.050   0.39846468E-04   0.15905959E-06   0.24095596E-08   0.41964111E-08   0.16760289E-06   0.16566556E-06   0.16760289E-06
  13.867   8.067   0.39979955E-04   0.15951831E-06   0.24171519E-08   0.42087981E-08   0.16811354E-06   0.16614426E-06   0.16811354E-06
  13.883   8.083   0.40115324E-04   0.15998446E-06   0.24248575E-08   0.42213817E-08   0.16863241E-06   0.16663070E-06   0.16863241E-06
  13.900   8.100   0.40252603E-04   0.16045816E-06   0.24326780E-08   0.42341649E-08   0.16915964E-06   0.16712500E-06   0.16915964E-06
  13.917   8.117   0.40391822E-04   0.16093951E-06   0.24406152E-08   0.42471505E-08   0.16969534E-06   0.16762728E-06   0.16969534E-06
  13.933   8.133   0.40533013E-04   0.16142863E-06   0.24486708E-08   0.42603416E-08   0.17023965E-06   0.16813765E-06   0.17023965E-06
  13.950   8.150   0.40676205E-04   0.16192565E-06   0.24568469E-08   0.42737414E-08   0.17079271E-06   0.16865624E-06   0.17079271E-06
  13.967   8.167   0.40821430E-04   0.16243067E-06   0.24651451E-08   0.42873531E-08   0.17135464E-06   0.16918317E-06   0.17135464E-06
  13.983   8.183   0.40968721E-04   0.16294382E-06   0.24735675E-08   0.43011798E-08   0.17192558E-06   0.16971857E-06   0.17192558E-06
  14.000   8.200   0.41118111E-04   0.16346522E-06   0.24821159E-08   0.43152250E-08   0.17250568E-06   0.17026257E-06   0.17250568E-06
  14.017   8.217   0.41269633E-04   0.16399501E-06   0.24907924E-08   0.43294919E-08   0.17309509E-06   0.17081530E-06   0.17309509E-06
  14.033   8.233   0.41423322E-04   0.16453332E-06   0.24995990E-08   0.43439841E-08   0.17369394E-06   0.17137690E-06   0.17369394E-06
  14.050   8.250   0.41579214E-04   0.16508027E-06   0.25085377E-08   0.43587051E-08   0.17430240E-06   0.17194751E-06   0.17430240E-06
  14.067   8.267   0.41737344E-04   0.16563600E-06   0.25176108E-08   0.43736586E-08   0.17492062E-06   0.17252727E-06   0.17492062E-06
  14.083   8.283   0.41897749E-04   0.16620065E-06   0.25268204E-08   0.43888482E-08   0.17554875E-06   0.17311632E-06   0.17554875E-06
  14.100   8.300   0.42060466E-04   0.16677437E-06   0.25361687E-08   0.44042777E-08   0.17618697E-06   0.17371482E-06   0.17618697E-06
  14.117   8.317   0.42225535E-04   0.16735730E-06   0.25456580E-08   0.44199510E-08   0.17683542E-06   0.17432291E-06   0.17683542E-06
  14.133   8.333   0.42392994E-04   0.16794959E-06   0.25552907E-08   0.44358721E-08   0.17749429E-06   0.17494076E-06   0.17749429E-06
  14.150   8.350   0.42562883E-04   0.16855139E-06   0.25650690E-08   0.44520449E-08   0.17816375E-06   0.17556851E-06   0.17816375E-06
  14.167   8.367   0.42735244E-04   0.16916286E-06   0.25749954E-08   0.44684737E-08   0.17884397E-06   0.17620633E-06   0.17884397E-06
  14.183   8.383   0.42910119E-04   0.16978416E-06   0.25850724E-08   0.44851627E-08   0.17953514E-06   0.17685439E-06   0.17953514E-06
  14.200   8.400   0.43087550E-04   0.17041544E-06   0.25953026E-08   0.45021161E-08   0.18023744E-06   0.17751286E-06   0.18023744E-06
  14.217   8.417   0.43267582E-04   0.17105688E-06   0.26056885E-08   0.45193385E-08   0.18095107E-06   0.17818191E-06   0.18095107E-06
  14.233   8.433   0.43450258E-04   0.17170865E-06   0.26162329E-08   0.45368343E-08   0.18167621E-06   0.17886172E-06   0.18167621E-06
  14.250   8.450   0.43635626E-04   0.17237092E-06   0.26269383E-08   0.45546081E-08   0.18241306E-06   0.17955246E-06   0.18241306E-06
  14.267   8.467   0.43823733E-04   0.17304386E-06   0.26378076E-08   0.45726648E-08   0.18316184E-06   0.18025434E-06   0.18316184E-06
  14.283   8.483   0.44014625E-04   0.17372767E-06   0.26488437E-08   0.45910092E-08   0.18392274E-06   0.18096752E-06   0.18392274E-06
  14.300   8.500   0.44208353E-04   0.17442252E-06   0.26600495E-08   0.46096461E-08   0.18469598E-06   0.18169222E-06   0.18469598E-06
  14.317   8.517   0.44404967E-04   0.17512862E-06   0.26714279E-08   0.46285808E-08   0.18548179E-06   0.18242863E-06   0.18548179E-06
  14.333   8.533   0.44604518E-04   0.17584615E-06   0.26829820E-08   0.46478183E-08   0.18628037E-06   0.18317695E-06   0.18628037E-06
  14.350   8.550   0.44807059E-04   0.17657531E-06   0.26947148E-08   0.46673641E-08   0.18709197E-06   0.18393739E-06   0.18709197E-06
  14.367   8.567   0.45012643E-04   0.17731632E-06   0.27066297E-08   0.46872235E-08   0.18791682E-06   0.18471017E-06   0.18791682E-06
  14.383   8.583   0.45221327E-04   0.17806937E-06   0.27187299E-08   0.47074022E-08   0.18875516E-06   0.18549550E-06   0.18875516E-06
  14.400   8.600   0.45433167E-04   0.17883469E-06   0.27310187E-08   0.47279059E-08   0.18960723E-06   0.18629361E-06   0.18960723E-06
  14.417   8.617   0.45648220E-04   0.17961249E-06   0.27434995E-08   0.47487403E-08   0.19047328E-06   0.18710473E-06   0.19047328E-06
  14.433   8.633   0.45866546E-04   0.18040301E-06   0.27561759E-08   0.47699115E-08   0.19135358E-06   0.18792909E-06   0.19135358E-06
  14.450   8.650   0.46088206E-04   0.18120646E-06   0.27690515E-08   0.47914257E-08   0.19224839E-06   0.18876694E-06   0.19224839E-06
  14.467   8.667   0.46313261E-04   0.18202309E-06   0.27821299E-08   0.48132890E-08   0.19315798E-06   0.18961851E-06   0.19315798E-06
  14.483   8.683   0.46541776E-04   0.18285315E-06   0.27954150E-08   0.48355080E-08   0.19408264E-06   0.19048407E-06   0.19408264E-06
  14.500   8.700   0.46773815E-04   0.18369687E-06   0.28089105E-08   0.48580893E-08   0.19502263E-06   0.19136387E-06   0.19502263E-06
  14.517   8.717   0.47009446E-04   0.18455451E-06   0.28226205E-08   0.48810395E-08   0.19597826E-06   0.19225817E-06   0.19597826E-06
  14.533   8.733   0.47248738E-04   0.18542634E-06   0.28365490E-08   0.49043657E-08   0.19694983E-06   0.19316725E-06   0.19694983E-06
  14.550   8.750   0.47491759E-04   0.18631262E-06   0.28507001E-08   0.49280749E-08   0.19793764E-06   0.19409139E-06   0.19793764E-06
  14.567   8.767   0.47738582E-04   0.18721362E-06   0.28650782E-08   0.49521744E-08   0.19894201E-06   0.19503087E-06   0.19894201E-06
  14.583   8.783   0.47989282E-04   0.18812963E-06   0.28796876E-08   0.49766717E-08   0.19996327E-06   0.19598599E-06   0.19996327E-06
  14.600   8.800   0.48243933E-04   0.18906093E-06   0.28945328E-08   0.50015744E-08   0.20100173E-06   0.19695704E-06   0.20100173E-06
  14.617   8.817   0.48502614E-04   0.19000782E-06   0.29096184E-08   0.50268903E-08   0.20205775E-06   0.19794433E-06   0.20205775E-06
  14.633   8.833   0.48765403E-04   0.19097060E-06   0.29249491E-08   0.50526276E-08   0.20313168E-06   0.19894818E-06   0.20313168E-06
  14.650   8.850   0.49032382E-04   0.19194959E-06   0.29405297E-08   0.50787944E-08   0.20422386E-06   0.19996891E-06   0.20422386E-06
  14.667   8.867   0.49303635E-04   0.19294509E-06   0.29563652E-08   0.51053993E-08   0.20533468E-06   0.20100686E-06   0.20533468E-06
  14.683   8.883   0.49579248E-04   0.19395745E-06   0.29724607E-08   0.51324509E-08   0.20646450E-06   0.20206236E-06   0.20646450E-06
  14.700   8.900   0.49859309E-04   0.19498698E-06   0.29888214E-08   0.51599580E-08   0.20761371E-06   0.20313576E-06   0.20761371E-06
  14.717   8.917   0.50143907E-04   0.19603404E-06   0.30054527E-08   0.51879300E-08   0.20878271E-06   0.20422743E-06   0.20878271E-06
  14.733   8.933   0.50433136E-04   0.19709899E-06   0.30223600E-08   0.52163761E-08   0.20997191E-06   0.20533773E-06   0.20997191E-06
  14.750   8.950   0.50727091E-04   0.19818218E-06   0.30395490E-08   0.52453059E-08   0.21118173E-06   0.20646703E-06   0.21118173E-06
  14.767   8.967   0.51025870E-04   0.19928398E-06   0.30570255E-08   0.52747294E-08   0.21241260E-06   0.20761573E-06   0.21241260E-06
  14.783   8.983   0.51329572E-04   0.20040478E-06   0.30747954E-08   0.53046568E-08   0.21366496E-06   0.20878423E-06   0.21366496E-06
  14.800   9.000   0.51638300E-04   0.20154497E-06   0.30928648E-08   0.53350984E-08   0.21493927E-06   0.20997293E-06   0.21493927E-06
  14.817   9.017   0.51952161E-04   0.20270495E-06   0.31112401E-08   0.53660649E-08   0.21623599E-06   0.21118226E-06   0.21623599E-06
  14.833   9.033   0.52271263E-04   0.20388514E-06   0.31299275E-08   0.53975673E-08   0.21755559E-06   0.21241263E-06   0.21755559E-06
  14.850   9.050   0.52595716E-04   0.20508596E-06   0.31489339E-08   0.54296170E-08   0.21889859E-06   0.21366451E-06   0.21889859E-06
  14.867   9.067   0.52925637E-04   0.20630785E-06   0.31682658E-08   0.54622255E-08   0.22026547E-06   0.21493834E-06   0.22026547E-06
  14.883   9.083   0.53261142E-04   0.20755126E-06   0.31879304E-08   0.54954047E-08   0.22165677E-06   0.21623459E-06   0.22165677E-06
  14.900   9.100   0.53602352E-04   0.20881664E-06   0.32079348E-08   0.55291670E-08   0.22307302E-06   0.21755375E-06   0.22307302E-06
  14.917   9.117   0.53949392E-04   0.21010448E-06   0.32282863E-08   0.55635249E-08   0.22451477E-06   0.21889629E-06   0.22451477E-06
  14.933   9.133   0.54302389E-04   0.21141526E-06   0.32489926E-08   0.55984912E-08   0.22598258E-06   0.22026275E-06   0.22598258E-06
  14.950   9.150   0.54661474E-04   0.21274948E-06   0.32700614E-08   0.56340795E-08   0.22747704E-06   0.22165362E-06   0.22747704E-06
  14.967   9.167   0.55026783E-04   0.21410766E-06   0.32915008E-08   0.56703033E-08   0.22899875E-06   0.22306946E-06   0.22899875E-06
  14.983   9.183   0.55398455E-04   0.21549032E-06   0.33133189E-08   0.57071767E-08   0.23054833E-06   0.22451082E-06   0.23054833E-06
  15.000   9.200   0.55776632E-04   0.21689802E-06   0.33355243E-08   0.57447141E-08   0.23212640E-06   0.22597826E-06   0.23212640E-06
  15.017   9.217   0.56161460E-04   0.21833131E-06   0.33581256E-08   0.57829306E-08   0.23373363E-06   0.22747236E-06   0.23373363E-06
  15.033   9.233   0.56553092E-04   0.21979076E-06   0.33811319E-08   0.58218413E-08   0.23537069E-06   0.22899373E-06   0.23537069E-06
  15.050   9.250   0.56951682E-04   0.22127698E-06   0.34045523E-08   0.58614620E-08   0.23703826E-06   0.23054299E-06   0.23703826E-06
  15.067   9.267   0.57357391E-04   0.22279057E-06   0.34283964E-08   0.59018091E-08   0.23873707E-06   0.23212077E-06   0.23873707E-06
  15.083   9.283   0.57770383E-04   0.22433216E-06   0.34526739E-08   0.59428991E-08   0.24046785E-06   0.23372773E-06   0.24046785E-06
  15.100   9.300   0.58190828E-04   0.22590240E-06   0.34773948E-08   0.59847493E-08   0.24223135E-06   0.23536454E-06   0.24223135E-06
  15.117   9.317   0.58618899E-04   0.22750196E-06   0.35025696E-08   0.60273773E-08   0.24402835E-06   0.23703190E-06   0.24402835E-06
  15.133   9.333   0.59054778E-04   0.22913151E-06   0.35282089E-08   0.60708014E-08   0.24585967E-06   0.23873052E-06   0.24585967E-06
  15.150   9.350   0.59498648E-04   0.23079178E-06   0.35543237E-08   0.61150404E-08   0.24772611E-06   0.24046115E-06   0.24772611E-06
  15.167   9.367   0.59950701E-04   0.23248348E-06   0.35809252E-08   0.61601136E-08   0.24962855E-06   0.24222452E-06   0.24962855E-06
  15.183   9.383   0.60411133E-04   0.23420738E-06   0.36080252E-08   0.62060409E-08   0.25156785E-06   0.24402144E-06   0.25156785E-06
  15.200   9.400   0.60880146E-04   0.23596423E-06   0.36356357E-08   0.62528429E-08   0.25354493E-06   0.24585271E-06   0.25354493E-06
  15.217   9.417   0.61357949E-04   0.23775484E-06   0.36637690E-08   0.63005407E-08   0.25556072E-06   0.24771914E-06   0.25556072E-06
  15.233   9.433   0.61844757E-04   0.23958002E-06   0.36924380E-08   0.63491562E-08   0.25761619E-06   0.24962162E-06   0.25761619E-06
  15.250   9.450   0.62340792E-04   0.24144064E-06   0.37216557E-08   0.63987118E-08   0.25971233E-06   0.25156100E-06   0.25971233E-06
  15.267   9.467   0.62846281E-04   0.24333755E-06   0.37514357E-08   0.64492307E-08   0.26185017E-06   0.25353821E-06   0.26185017E-06
  15.283   9.483   0.63361462E-04   0.24527166E-06   0.37817920E-08   0.65007368E-08   0.26403076E-06   0.25555419E-06   0.26403076E-06
  15.300   9.500   0.63886576E-04   0.24724390E-06   0.38127391E-08   0.65532549E-08   0.26625522E-06   0.25760989E-06   0.26625522E-06
  15.317   9.517   0.64421874E-04   0.24925523E-06   0.38442919E-08   0.66068103E-08   0.26852465E-06   0.25970633E-06   0.26852465E-06
  15.333   9.533   0.64967616E-04   0.25130663E-06   0.38764656E-08   0.66614294E-08   0.27084023E-06   0.26184453E-06   0.27084023E-06
  15.350   9.550   0.65524068E-04   0.25339913E-06   0.39092762E-08   0.67171392E-08   0.27320317E-06   0.26402555E-06   0.27320317E-06
  15.367   9.567   0.66091507E-04   0.25553379E-06   0.39427401E-08   0.67739678E-08   0.27561471E-06   0.26625049E-06   0.27561471E-06
  15.383   9.583   0.66670216E-04   0.25771168E-06   0.39768740E-08   0.68319440E-08   0.27807613E-06   0.26852050E-06   0.27807613E-06
  15.400   9.600   0.67260490E-04   0.25993393E-06   0.40116956E-08   0.68910977E-08   0.28058876E-06   0.27083673E-06   0.28058876E-06
  15.417   9.617   0.67862631E-04   0.26220171E-06   0.40472227E-08   0.69514596E-08   0.28315398E-06   0.27320039E-06   0.28315398E-06
  15.433   9.633   0.68476955E-04   0.26451621E-06   0.40834741E-08   0.70130616E-08   0.28577321E-06   0.27561275E-06   0.28577321E-06
  15.450   9.650   0.69103784E-04   0.26687868E-06   0.41204689E-08   0.70759367E-08   0.28844791E-06   0.27807508E-06   0.28844791E-06
  15.467   9.667   0.69743453E-04   0.26929038E-06   0.41582270E-08   0.71401188E-08   0.29117960E-06   0.28058873E-06   0.29117960E-06
  15.483   9.683   0.70396308E-04   0.27175265E-06   0.41967690E-08   0.72056430E-08   0.29396985E-06   0.28315506E-06   0.29396985E-06
  15.500   9.700   0.71062707E-04   0.27426685E-06   0.42361161E-08   0.72725457E-08   0.29682029E-06   0.28577551E-06   0.29682029E-06
  15.517   9.717   0.71743020E-04   0.27683440E-06   0.42762903E-08   0.73408643E-08   0.29973260E-06   0.28845155E-06   0.29973260E-06
  15.533   9.733   0.72437629E-04   0.27945676E-06   0.43173143E-08   0.74106379E-08   0.30270851E-06   0.29118471E-06   0.30270851E-06
  15.550   9.750   0.73146930E-04   0.28213544E-06   0.43592115E-08   0.74819065E-08   0.30574983E-06   0.29397656E-06   0.30574983E-06
  15.567   9.767   0.73871332E-04   0.28487201E-06   0.44020064E-08   0.75547117E-08   0.30885842E-06   0.29682873E-06   0.30885842E-06
  15.583   9.783   0.74611258E-04   0.28766809E-06   0.44457240E-08   0.76290966E-08   0.31203621E-06   0.29974291E-06   0.31203621E-06
  15.600   9.800   0.75367148E-04   0.29052536E-06   0.44903903E-08   0.77051056E-08   0.31528521E-06   0.30272085E-06   0.31528521E-06
  15.617   9.817   0.76139454E-04   0.29344555E-06   0.45360324E-08   0.77827850E-08   0.31860748E-06   0.30576436E-06   0.31860748E-06
  15.633   9.833   0.76928647E-04   0.29643046E-06   0.45826782E-08   0.78621824E-08   0.32200518E-06   0.30887532E-06   0.32200518E-06
  15.650   9.850   0.77735213E-04   0.29948195E-06   0.46303565E-08   0.79433473E-08   0.32548052E-06   0.31205566E-06   0.32548052E-06
  15.667   9.867   0.78559657E-04   0.30260196E-06   0.46790973E-08   0.80263308E-08   0.32903583E-06   0.31530739E-06   0.32903583E-06
  15.683   9.883   0.79402501E-04   0.30579248E-06   0.47289316E-08   0.81111862E-08   0.33267348E-06   0.31863260E-06   0.33267348E-06
  15.700   9.900   0.80264286E-04   0.30905559E-06   0.47798916E-08   0.81979684E-08   0.33639597E-06   0.32203345E-06   0.33639597E-06
  15.717   9.917   0.81145574E-04   0.31239343E-06   0.48320107E-08   0.82867344E-08   0.34020586E-06   0.32551217E-06   0.34020586E-06
  15.733   9.933   0.82046945E-04   0.31580823E-06   0.48853233E-08   0.83775433E-08   0.34410584E-06   0.32907109E-06   0.34410584E-06
  15.750   9.950   0.82969005E-04   0.31930229E-06   0.49398653E-08   0.84704566E-08   0.34809867E-06   0.33271261E-06   0.34809867E-06
  15.767   9.967   0.83912377E-04   0.32287802E-06   0.49956739E-08   0.85655377E-08   0.35218723E-06   0.33643923E-06   0.35218723E-06
  15.783   9.983   0.84877713E-04   0.32653790E-06   0.50527877E-08   0.86628526E-08   0.35637451E-06   0.34025354E-06   0.35637451E-06
  15.800  10.000   0.85865684E-04   0.33028451E-06   0.51112467E-08   0.87624699E-08   0.36066362E-06   0.34415823E-06   0.36066362E-06
  15.817  10.017   0.86876991E-04   0.33412053E-06   0.51710924E-08   0.88644606E-08   0.36505779E-06   0.34815608E-06   0.36505779E-06
  15.833  10.033   0.87912360E-04   0.33804873E-06   0.52323680E-08   0.89688986E-08   0.36956036E-06   0.35225000E-06   0.36956036E-06
  15.850  10.050   0.88972545E-04   0.34207201E-06   0.52951183E-08   0.90758604E-08   0.37417482E-06   0.35644299E-06   0.37417482E-06
  15.867  10.067   0.90058328E-04   0.34619336E-06   0.53593897E-08   0.91854257E-08   0.37890480E-06   0.36073817E-06   0.37890480E-06
  15.883  10.083   0.91170523E-04   0.35041589E-06   0.54252307E-08   0.92976772E-08   0.38375404E-06   0.36513880E-06   0.38375404E-06
  15.900  10.100   0.92309976E-04   0.35474286E-06   0.54926914E-08   0.94127008E-08   0.38872649E-06   0.36964825E-06   0.38872649E-06
  15.917  10.117   0.93477565E-04   0.35917761E-06   0.55618241E-08   0.95305860E-08   0.39382619E-06   0.37427002E-06   0.39382619E-06
  15.933  10.133   0.94674203E-04   0.36372365E-06   0.56326831E-08   0.96514255E-08   0.39905741E-06   0.37900776E-06   0.39905741E-06
  15.950  10.150   0.95900841E-04   0.36838462E-06   0.57053247E-08   0.97753159E-08   0.40442455E-06   0.38386526E-06   0.40442455E-06
  15.967  10.167   0.97158467E-04   0.37316431E-06   0.57798077E-08   0.99023579E-08   0.40993220E-06   0.38884647E-06   0.40993220E-06
  15.983  10.183   0.98448109E-04   0.37806664E-06   0.58561933E-08   0.10032656E-07   0.41558515E-06   0.39395549E-06   0.41558515E-06
  16.000  10.200   0.99770836E-04   0.38309573E-06   0.59345448E-08   0.10166318E-07   0.42138838E-06   0.39919659E-06   0.42138838E-06
  16.017  10.217   0.10112776E-03   0.38825583E-06   0.60149287E-08   0.10303459E-07   0.42734708E-06   0.40457422E-06   0.42734708E-06
  16.033  10.233   0.10252005E-03   0.39355139E-06   0.60974136E-08   0.10444196E-07   0.43346666E-06   0.41009299E-06   0.43346666E-06
  16.050  10.250   0.10394889E-03   0.39898702E-06   0.61820714E-08   0.10588651E-07   0.43975276E-06   0.41575775E-06   0.43975276E-06
  16.067  10.267   0.10541557E-03   0.40456757E-06   0.62689767E-08   0.10736953E-07   0.44621126E-06   0.42157350E-06   0.44621126E-06
  16.083  10.283   0.10692137E-03   0.41029803E-06   0.63582075E-08   0.10889235E-07   0.45284829E-06   0.42754547E-06   0.45284829E-06
  16.100  10.300   0.10846767E-03   0.41618364E-06   0.64498449E-08   0.11045636E-07   0.45967024E-06   0.43367912E-06   0.45967024E-06
  16.117  10.317   0.11005589E-03   0.42222987E-06   0.65439735E-08   0.11206300E-07   0.46668378E-06   0.43998014E-06   0.46668378E-06
  16.133  10.333   0.11168752E-03   0.42844239E-06   0.66406815E-08   0.11371379E-07   0.47389588E-06   0.44645445E-06   0.47389588E-06
  16.150  10.350   0.11336410E-03   0.43482714E-06   0.67400608E-08   0.11541030E-07   0.48131379E-06   0.45310823E-06   0.48131379E-06
  16.167  10.367   0.11508725E-03   0.44139030E-06   0.68422075E-08   0.11715417E-07   0.48894512E-06   0.45994792E-06   0.48894512E-06
  16.183  10.383   0.11685865E-03   0.44813834E-06   0.69472215E-08   0.11894712E-07   0.49679778E-06   0.46698027E-06   0.49679778E-06
  16.200  10.400   0.11868006E-03   0.45507798E-06   0.70552075E-08   0.12079093E-07   0.50488005E-06   0.47421228E-06   0.50488005E-06
  16.217  10.417   0.12055331E-03   0.46221628E-06   0.71662745E-08   0.12268748E-07   0.51320058E-06   0.48165130E-06   0.51320058E-06
  16.233  10.433   0.12248032E-03   0.46956056E-06   0.72805363E-08   0.12463870E-07   0.52176840E-06   0.48930497E-06   0.52176840E-06
  16.250  10.450   0.12446309E-03   0.47711851E-06   0.73981119E-08   0.12664665E-07   0.53059296E-06   0.49718129E-06   0.53059296E-06
  16.267  10.467   0.12650371E-03   0.48489814E-06   0.75191257E-08   0.12871344E-07   0.53968413E-06   0.50528861E-06   0.53968413E-06
  16.283  10.483   0.12860437E-03   0.49290783E-06   0.76437073E-08   0.13084131E-07   0.54905225E-06   0.51363566E-06   0.54905225E-06
  16.300  10.500   0.13076734E-03   0.50115632E-06   0.77719925E-08   0.13303256E-07   0.55870811E-06   0.52223157E-06   0.55870811E-06
  16.317  10.517   0.13299501E-03   0.50965277E-06   0.79041232E-08   0.13528964E-07   0.56866302E-06   0.53108586E-06   0.56866302E-06
  16.333  10.533   0.13528989E-03   0.51840675E-06   0.80402477E-08   0.13761508E-07   0.57892880E-06   0.54020851E-06   0.57892880E-06
  16.350  10.550   0.13765456E-03   0.52742827E-06   0.81805210E-08   0.14001153E-07   0.58951783E-06   0.54960994E-06   0.58951783E-06
  16.367  10.567   0.14009178E-03   0.53672779E-06   0.83251055E-08   0.14248178E-07   0.60044307E-06   0.55930107E-06   0.60044307E-06
  16.383  10.583   0.14260438E-03   0.54631626E-06   0.84741708E-08   0.14502873E-07   0.61171808E-06   0.56929331E-06   0.61171808E-06
  16.400  10.600   0.14519535E-03   0.55620515E-06   0.86278946E-08   0.14765543E-07   0.62335707E-06   0.57959859E-06   0.62335707E-06
  16.417  10.617   0.14786783E-03   0.56640646E-06   0.87864628E-08   0.15036506E-07   0.63537492E-06   0.59022943E-06   0.63537492E-06
  16.433  10.633   0.15062509E-03   0.57693274E-06   0.89500700E-08   0.15316094E-07   0.64778721E-06   0.60119891E-06   0.64778721E-06
  16.450  10.650   0.15347055E-03   0.58779715E-06   0.91189201E-08   0.15604658E-07   0.66061027E-06   0.61252073E-06   0.66061027E-06
  16.467  10.667   0.15640780E-03   0.59901346E-06   0.92932264E-08   0.15902563E-07   0.67386122E-06   0.62420924E-06   0.67386122E-06
  16.483  10.683   0.15944060E-03   0.61059609E-06   0.94732125E-08   0.16210191E-07   0.68755799E-06   0.63627949E-06   0.68755799E-06
  16.500  10.700   0.16257288E-03   0.62256016E-06   0.96591126E-08   0.16527944E-07   0.70171938E-06   0.64874721E-06   0.70171938E-06
  16.517  10.717   0.16580878E-03   0.63492150E-06   0.98511718E-08   0.16856242E-07   0.71636509E-06   0.66162891E-06   0.71636509E-06
  16.533  10.733   0.16915261E-03   0.64769671E-06   0.10049647E-07   0.17195525E-07   0.73151577E-06   0.67494188E-06   0.73151577E-06
  16.550  10.750   0.17260890E-03   0.66090318E-06   0.10254809E-07   0.17546255E-07   0.74719308E-06   0.68870424E-06   0.74719308E-06
  16.567  10.767   0.17618240E-03   0.67455913E-06   0.10466938E-07   0.17908915E-07   0.76341974E-06   0.70293499E-06   0.76341974E-06
  16.583  10.783   0.17987809E-03   0.68868368E-06   0.10686332E-07   0.18284013E-07   0.78021954E-06   0.71765402E-06   0.78021954E-06
  16.600  10.800   0.18370117E-03   0.70329685E-06   0.10913299E-07   0.18672079E-07   0.79761745E-06   0.73288223E-06   0.79761745E-06
  16.617  10.817   0.18765712E-03   0.71841964E-06   0.11148166E-07   0.19073672E-07   0.81563965E-06   0.74864148E-06   0.81563965E-06
  16.633  10.833   0.19175167E-03   0.73407408E-06   0.11391274E-07   0.19489376E-07   0.83431359E-06   0.76495473E-06   0.83431359E-06
  16.650  10.850   0.19599083E-03   0.75028324E-06   0.11642980E-07   0.19919803E-07   0.85366803E-06   0.78184602E-06   0.85366803E-06
  16.667  10.867   0.20038089E-03   0.76707133E-06   0.11903658E-07   0.20365595E-07   0.87373316E-06   0.79934058E-06   0.87373316E-06
  16.683  10.883   0.20492846E-03   0.78446372E-06   0.12173703E-07   0.20827425E-07   0.89454060E-06   0.81746484E-06   0.89454060E-06
  16.700  10.900   0.20964047E-03   0.80248702E-06   0.12453524E-07   0.21306000E-07   0.91612350E-06   0.83624654E-06   0.91612350E-06
  16.717  10.917   0.21452416E-03   0.82116912E-06   0.12743556E-07   0.21802060E-07   0.93851661E-06   0.85571473E-06   0.93851661E-06
  16.733  10.933   0.21958714E-03   0.84053925E-06   0.13044249E-07   0.22316379E-07   0.96175632E-06   0.87589988E-06   0.96175632E-06
  16.750  10.950   0.22483739E-03   0.86062806E-06   0.13356079E-07   0.22849773E-07   0.98588078E-06   0.89683391E-06   0.98588078E-06
  16.767  10.967   0.23028325E-03   0.88146766E-06   0.13679542E-07   0.23403091E-07   0.10109299E-05   0.91855029E-06   0.10109299E-05
  16.783  10.983   0.23593348E-03   0.90309169E-06   0.14015159E-07   0.23977227E-07   0.10369455E-05   0.94108407E-06   0.10369455E-05
  16.800  11.000   0.24179724E-03   0.92553539E-06   0.14363475E-07   0.24573116E-07   0.10639714E-05   0.96447198E-06   0.10639714E-05
