        RT(hours)            [NO3]         L_R_22           L_R_24           P_R_23           P_R_25           tot_loss         tot_prod
   5.817   0.017   0.61402578E-04   0.15011883E-05   0.10451239E-06   0.20871124E-05   0.19394873E-07   0.16057007E-05   0.21065073E-05
   5.833   0.033   0.79662649E-04   0.18640596E-05   0.13904027E-06   0.21402793E-05   0.49621233E-07   0.20030999E-05   0.21899005E-05
   5.850   0.050   0.87689995E-04   0.20033824E-05   0.15578761E-06   0.21789420E-05   0.77478977E-07   0.21591701E-05   0.22564209E-05
   5.867   0.067   0.92385702E-04   0.20826173E-05   0.16645045E-06   0.22104050E-05   0.10078741E-06   0.22490678E-05   0.23111924E-05
   5.883   0.083   0.95577815E-04   0.21399327E-05   0.17425386E-06   0.22376492E-05   0.11975822E-06   0.23141866E-05   0.23574074E-05
   5.900   0.100   0.97867652E-04   0.21863986E-05   0.18028537E-06   0.22620705E-05   0.13506522E-06   0.23666840E-05   0.23971357E-05
   5.917   0.117   0.99515902E-04   0.22259838E-05   0.18502842E-06   0.22844910E-05   0.14738056E-06   0.24110122E-05   0.24318715E-05
   5.933   0.133   0.10067770E-03   0.22605429E-05   0.18877973E-06   0.23054869E-05   0.15727913E-06   0.24493227E-05   0.24627661E-05
   5.950   0.150   0.10146751E-03   0.22912276E-05   0.19176406E-06   0.23254895E-05   0.16523541E-06   0.24829917E-05   0.24907249E-05
   5.967   0.167   0.10197649E-03   0.23188999E-05   0.19416330E-06   0.23448209E-05   0.17163840E-06   0.25130632E-05   0.25164593E-05
   5.983   0.183   0.10227737E-03   0.23442497E-05   0.19612396E-06   0.23637159E-05   0.17680645E-06   0.25403736E-05   0.25405223E-05
   6.000   0.200   0.10242705E-03   0.23678313E-05   0.19776118E-06   0.23823407E-05   0.18099907E-06   0.25655925E-05   0.25633397E-05
   6.017   0.217   0.10246903E-03   0.23900820E-05   0.19916328E-06   0.24008088E-05   0.18442641E-06   0.25892453E-05   0.25852352E-05
   6.033   0.233   0.10243597E-03   0.24113394E-05   0.20039654E-06   0.24191944E-05   0.18725725E-06   0.26117360E-05   0.26064516E-05
   6.050   0.250   0.10235202E-03   0.24318588E-05   0.20150988E-06   0.24375430E-05   0.18962588E-06   0.26333687E-05   0.26271689E-05
   6.067   0.267   0.10223481E-03   0.24518295E-05   0.20253887E-06   0.24558792E-05   0.19163824E-06   0.26543684E-05   0.26475175E-05
   6.083   0.283   0.10209707E-03   0.24713889E-05   0.20350904E-06   0.24742130E-05   0.19337713E-06   0.26748979E-05   0.26675901E-05
   6.100   0.300   0.10194791E-03   0.24906345E-05   0.20443841E-06   0.24925435E-05   0.19490671E-06   0.26950729E-05   0.26874502E-05
   6.117   0.317   0.10179376E-03   0.25096334E-05   0.20533949E-06   0.25108627E-05   0.19627631E-06   0.27149729E-05   0.27071391E-05
   6.133   0.333   0.10163910E-03   0.25284297E-05   0.20622075E-06   0.25291577E-05   0.19752355E-06   0.27346505E-05   0.27266813E-05
   6.150   0.350   0.10148695E-03   0.25470505E-05   0.20708771E-06   0.25474120E-05   0.19867685E-06   0.27541382E-05   0.27460888E-05
   6.167   0.367   0.10133934E-03   0.25655099E-05   0.20794374E-06   0.25656070E-05   0.19975750E-06   0.27734537E-05   0.27653645E-05
   6.183   0.383   0.10119752E-03   0.25838131E-05   0.20879072E-06   0.25837230E-05   0.20078130E-06   0.27926038E-05   0.27845043E-05
   6.200   0.400   0.10106220E-03   0.26019584E-05   0.20962940E-06   0.26017397E-05   0.20175980E-06   0.28115878E-05   0.28034995E-05
   6.217   0.417   0.10093373E-03   0.26199394E-05   0.21045980E-06   0.26196365E-05   0.20270137E-06   0.28303992E-05   0.28223379E-05
   6.233   0.433   0.10081216E-03   0.26377465E-05   0.21128142E-06   0.26373934E-05   0.20361191E-06   0.28490280E-05   0.28410054E-05
   6.250   0.450   0.10069737E-03   0.26553682E-05   0.21209338E-06   0.26549908E-05   0.20449553E-06   0.28674616E-05   0.28594863E-05
   6.267   0.467   0.10058910E-03   0.26727916E-05   0.21289463E-06   0.26724096E-05   0.20535495E-06   0.28856863E-05   0.28777646E-05
   6.283   0.483   0.10048702E-03   0.26900033E-05   0.21368394E-06   0.26896320E-05   0.20619190E-06   0.29036872E-05   0.28958239E-05
   6.300   0.500   0.10039072E-03   0.27069895E-05   0.21446008E-06   0.27066409E-05   0.20700740E-06   0.29214496E-05   0.29136483E-05
   6.317   0.517   0.10029979E-03   0.27237371E-05   0.21522176E-06   0.27234204E-05   0.20780191E-06   0.29389589E-05   0.29312223E-05
   6.333   0.533   0.10021377E-03   0.27402331E-05   0.21596775E-06   0.27399555E-05   0.20857556E-06   0.29562009E-05   0.29485311E-05
   6.350   0.550   0.10013223E-03   0.27564653E-05   0.21669686E-06   0.27562326E-05   0.20932820E-06   0.29731622E-05   0.29655608E-05
   6.367   0.567   0.10005472E-03   0.27724224E-05   0.21740796E-06   0.27722389E-05   0.21005956E-06   0.29898303E-05   0.29822985E-05
   6.383   0.583   0.99980828E-04   0.27880937E-05   0.21810002E-06   0.27879631E-05   0.21076922E-06   0.30061937E-05   0.29987323E-05
   6.400   0.600   0.99910136E-04   0.28034696E-05   0.21877208E-06   0.28033947E-05   0.21145677E-06   0.30222417E-05   0.30148515E-05
   6.417   0.617   0.99842256E-04   0.28185415E-05   0.21942328E-06   0.28185246E-05   0.21212174E-06   0.30379647E-05   0.30306463E-05
   6.433   0.633   0.99776819E-04   0.28333016E-05   0.22005284E-06   0.28333444E-05   0.21276371E-06   0.30533544E-05   0.30461081E-05
   6.450   0.650   0.99713477E-04   0.28477432E-05   0.22066008E-06   0.28478471E-05   0.21338226E-06   0.30684033E-05   0.30612294E-05
   6.467   0.667   0.99651904E-04   0.28618604E-05   0.22124443E-06   0.28620265E-05   0.21397704E-06   0.30831048E-05   0.30760035E-05
   6.483   0.683   0.99591798E-04   0.28756484E-05   0.22180537E-06   0.28758773E-05   0.21454773E-06   0.30974537E-05   0.30904251E-05
   6.500   0.700   0.99532877E-04   0.28891029E-05   0.22234249E-06   0.28893953E-05   0.21509407E-06   0.31114454E-05   0.31044894E-05
   6.517   0.717   0.99474882E-04   0.29022209E-05   0.22285547E-06   0.29025771E-05   0.21561586E-06   0.31250764E-05   0.31181930E-05
   6.533   0.733   0.99417575E-04   0.29149999E-05   0.22334404E-06   0.29154200E-05   0.21611295E-06   0.31383439E-05   0.31315329E-05
   6.550   0.750   0.99360737E-04   0.29274381E-05   0.22380803E-06   0.29279221E-05   0.21658526E-06   0.31512461E-05   0.31445074E-05
   6.567   0.767   0.99304170E-04   0.29395346E-05   0.22424732E-06   0.29400825E-05   0.21703276E-06   0.31637819E-05   0.31571152E-05
   6.583   0.783   0.99247694E-04   0.29512890E-05   0.22466185E-06   0.29519005E-05   0.21745545E-06   0.31759508E-05   0.31693560E-05
   6.600   0.800   0.99191144E-04   0.29627016E-05   0.22505165E-06   0.29633764E-05   0.21785342E-06   0.31877532E-05   0.31812298E-05
   6.617   0.817   0.99134374E-04   0.29737732E-05   0.22541678E-06   0.29745110E-05   0.21822677E-06   0.31991900E-05   0.31927377E-05
   6.633   0.833   0.99077254E-04   0.29845053E-05   0.22575735E-06   0.29853054E-05   0.21857566E-06   0.32102626E-05   0.32038811E-05
   6.650   0.850   0.99019666E-04   0.29948996E-05   0.22607354E-06   0.29957616E-05   0.21890029E-06   0.32209731E-05   0.32146619E-05
   6.667   0.867   0.98961508E-04   0.30049584E-05   0.22636553E-06   0.30058817E-05   0.21920090E-06   0.32313239E-05   0.32250826E-05
   6.683   0.883   0.98902689E-04   0.30146844E-05   0.22663359E-06   0.30156683E-05   0.21947775E-06   0.32413180E-05   0.32351461E-05
   6.700   0.900   0.98843131E-04   0.30240807E-05   0.22687798E-06   0.30251245E-05   0.21973114E-06   0.32509587E-05   0.32448557E-05
   6.717   0.917   0.98782767E-04   0.30331507E-05   0.22709903E-06   0.30342537E-05   0.21996140E-06   0.32602497E-05   0.32542151E-05
   6.733   0.933   0.98721539E-04   0.30418979E-05   0.22729706E-06   0.30430593E-05   0.22016888E-06   0.32691950E-05   0.32632282E-05
   6.750   0.950   0.98659399E-04   0.30503265E-05   0.22747246E-06   0.30515455E-05   0.22035395E-06   0.32777989E-05   0.32718995E-05
   6.767   0.967   0.98596308E-04   0.30584404E-05   0.22762559E-06   0.30597163E-05   0.22051701E-06   0.32860660E-05   0.32802333E-05
   6.783   0.983   0.98532235E-04   0.30662441E-05   0.22775686E-06   0.30675760E-05   0.22065845E-06   0.32940010E-05   0.32882345E-05
   6.800   1.000   0.98467154E-04   0.30737422E-05   0.22786670E-06   0.30751293E-05   0.22077870E-06   0.33016089E-05   0.32959080E-05
   6.817   1.017   0.98401050E-04   0.30809393E-05   0.22795554E-06   0.30823808E-05   0.22087819E-06   0.33088949E-05   0.33032590E-05
   6.833   1.033   0.98333910E-04   0.30878403E-05   0.22802383E-06   0.30893353E-05   0.22095738E-06   0.33158642E-05   0.33102927E-05
   6.850   1.050   0.98265728E-04   0.30944502E-05   0.22807201E-06   0.30959979E-05   0.22101670E-06   0.33225222E-05   0.33170146E-05
   6.867   1.067   0.98196503E-04   0.31007739E-05   0.22810057E-06   0.31023734E-05   0.22105663E-06   0.33288745E-05   0.33234301E-05
   6.883   1.083   0.98126239E-04   0.31068167E-05   0.22810996E-06   0.31084672E-05   0.22107761E-06   0.33349266E-05   0.33295448E-05
   6.900   1.100   0.98054943E-04   0.31125836E-05   0.22810066E-06   0.31142842E-05   0.22108012E-06   0.33406842E-05   0.33353643E-05
   6.917   1.117   0.97982627E-04   0.31180799E-05   0.22807314E-06   0.31198298E-05   0.22106463E-06   0.33461530E-05   0.33408944E-05
   6.933   1.133   0.97909304E-04   0.31233107E-05   0.22802788E-06   0.31251092E-05   0.22103160E-06   0.33513386E-05   0.33461408E-05
   6.950   1.150   0.97834991E-04   0.31282815E-05   0.22796537E-06   0.31301276E-05   0.22098151E-06   0.33562469E-05   0.33511091E-05
   6.967   1.167   0.97759709E-04   0.31329973E-05   0.22788607E-06   0.31348903E-05   0.22091481E-06   0.33608834E-05   0.33558051E-05
   6.983   1.183   0.97683480E-04   0.31374636E-05   0.22779045E-06   0.31394026E-05   0.22083198E-06   0.33652540E-05   0.33602346E-05
   7.000   1.200   0.97606326E-04   0.31416854E-05   0.22767900E-06   0.31436697E-05   0.22073348E-06   0.33693644E-05   0.33644032E-05
   7.017   1.217   0.97528275E-04   0.31456680E-05   0.22755217E-06   0.31476969E-05   0.22061977E-06   0.33732202E-05   0.33683166E-05
   7.033   1.233   0.97449353E-04   0.31494166E-05   0.22741044E-06   0.31514892E-05   0.22049129E-06   0.33768271E-05   0.33719805E-05
   7.050   1.250   0.97369588E-04   0.31529364E-05   0.22725425E-06   0.31550519E-05   0.22034850E-06   0.33801906E-05   0.33754004E-05
   7.067   1.267   0.97289010E-04   0.31562323E-05   0.22708406E-06   0.31583901E-05   0.22019183E-06   0.33833163E-05   0.33785819E-05
   7.083   1.283   0.97207649E-04   0.31593094E-05   0.22690031E-06   0.31615087E-05   0.22002173E-06   0.33862097E-05   0.33815304E-05
   7.100   1.300   0.97125535E-04   0.31621727E-05   0.22670344E-06   0.31644128E-05   0.21983862E-06   0.33888761E-05   0.33842515E-05
   7.117   1.317   0.97042700E-04   0.31648272E-05   0.22649389E-06   0.31671074E-05   0.21964293E-06   0.33913210E-05   0.33867503E-05
   7.133   1.333   0.96959177E-04   0.31672776E-05   0.22627207E-06   0.31695972E-05   0.21943507E-06   0.33935496E-05   0.33890323E-05
   7.150   1.350   0.96874996E-04   0.31695287E-05   0.22603841E-06   0.31718872E-05   0.21921544E-06   0.33955671E-05   0.33911026E-05
   7.167   1.367   0.96790190E-04   0.31715854E-05   0.22579331E-06   0.31739819E-05   0.21898446E-06   0.33973787E-05   0.33929663E-05
   7.183   1.383   0.96704792E-04   0.31734521E-05   0.22553716E-06   0.31758861E-05   0.21874250E-06   0.33989893E-05   0.33946286E-05
   7.200   1.400   0.96618834E-04   0.31751335E-05   0.22527038E-06   0.31776043E-05   0.21848997E-06   0.34004039E-05   0.33960943E-05
   7.217   1.417   0.96532348E-04   0.31766341E-05   0.22499333E-06   0.31791411E-05   0.21822722E-06   0.34016275E-05   0.33973683E-05
   7.233   1.433   0.96445365E-04   0.31779583E-05   0.22470639E-06   0.31805008E-05   0.21795463E-06   0.34026647E-05   0.33984554E-05
   7.250   1.450   0.96357918E-04   0.31791104E-05   0.22440993E-06   0.31816879E-05   0.21767256E-06   0.34035203E-05   0.33993604E-05
   7.267   1.467   0.96270038E-04   0.31800946E-05   0.22410431E-06   0.31827065E-05   0.21738136E-06   0.34041989E-05   0.34000879E-05
   7.283   1.483   0.96181755E-04   0.31809152E-05   0.22378987E-06   0.31835609E-05   0.21708137E-06   0.34047051E-05   0.34006423E-05
   7.300   1.500   0.96093101E-04   0.31815762E-05   0.22346696E-06   0.31842552E-05   0.21677293E-06   0.34050432E-05   0.34010281E-05
   7.317   1.517   0.96004106E-04   0.31820817E-05   0.22313592E-06   0.31847934E-05   0.21645637E-06   0.34052176E-05   0.34012498E-05
   7.333   1.533   0.95914800E-04   0.31824356E-05   0.22279705E-06   0.31851794E-05   0.21613200E-06   0.34052326E-05   0.34013114E-05
   7.350   1.550   0.95825210E-04   0.31826417E-05   0.22245069E-06   0.31854172E-05   0.21580013E-06   0.34050924E-05   0.34012173E-05
   7.367   1.567   0.95735368E-04   0.31827038E-05   0.22209714E-06   0.31855105E-05   0.21546107E-06   0.34048009E-05   0.34009715E-05
   7.383   1.583   0.95645299E-04   0.31826257E-05   0.22173669E-06   0.31854630E-05   0.21511511E-06   0.34043623E-05   0.34005781E-05
   7.400   1.600   0.95555032E-04   0.31824108E-05   0.22136964E-06   0.31852783E-05   0.21476255E-06   0.34037805E-05   0.34000408E-05
   7.417   1.617   0.95464594E-04   0.31820629E-05   0.22099628E-06   0.31849600E-05   0.21440365E-06   0.34030592E-05   0.33993637E-05
   7.433   1.633   0.95374011E-04   0.31815853E-05   0.22061688E-06   0.31845116E-05   0.21403869E-06   0.34022022E-05   0.33985503E-05
   7.450   1.650   0.95283308E-04   0.31809815E-05   0.22023170E-06   0.31839365E-05   0.21366793E-06   0.34012132E-05   0.33976044E-05
   7.467   1.667   0.95192512E-04   0.31802547E-05   0.21984102E-06   0.31832380E-05   0.21329163E-06   0.34000957E-05   0.33965296E-05
   7.483   1.683   0.95101646E-04   0.31794081E-05   0.21944507E-06   0.31824193E-05   0.21291005E-06   0.33988532E-05   0.33953294E-05
   7.500   1.700   0.95010734E-04   0.31784451E-05   0.21904412E-06   0.31814837E-05   0.21252342E-06   0.33974892E-05   0.33940071E-05
   7.517   1.717   0.94919800E-04   0.31773686E-05   0.21863839E-06   0.31804342E-05   0.21213198E-06   0.33960070E-05   0.33925662E-05
   7.533   1.733   0.94828866E-04   0.31761817E-05   0.21822812E-06   0.31792739E-05   0.21173595E-06   0.33944099E-05   0.33910099E-05
   7.550   1.750   0.94737954E-04   0.31748874E-05   0.21781354E-06   0.31780057E-05   0.21133557E-06   0.33927009E-05   0.33893413E-05
   7.567   1.767   0.94647086E-04   0.31734885E-05   0.21739485E-06   0.31766326E-05   0.21093104E-06   0.33908834E-05   0.33875637E-05
   7.583   1.783   0.94556282E-04   0.31719879E-05   0.21697229E-06   0.31751574E-05   0.21052258E-06   0.33889602E-05   0.33856800E-05
   7.600   1.800   0.94465563E-04   0.31703883E-05   0.21654604E-06   0.31735828E-05   0.21011039E-06   0.33869343E-05   0.33836932E-05
   7.617   1.817   0.94374949E-04   0.31686924E-05   0.21611632E-06   0.31719116E-05   0.20969467E-06   0.33848087E-05   0.33816062E-05
   7.633   1.833   0.94284457E-04   0.31669029E-05   0.21568331E-06   0.31701463E-05   0.20927560E-06   0.33825862E-05   0.33794219E-05
   7.650   1.850   0.94194108E-04   0.31650223E-05   0.21524721E-06   0.31682896E-05   0.20885338E-06   0.33802695E-05   0.33771430E-05
   7.667   1.867   0.94103918E-04   0.31630531E-05   0.21480819E-06   0.31663441E-05   0.20842818E-06   0.33778613E-05   0.33747722E-05
   7.683   1.883   0.94013905E-04   0.31609979E-05   0.21436643E-06   0.31643120E-05   0.20800018E-06   0.33753643E-05   0.33723122E-05
   7.700   1.900   0.93924086E-04   0.31588589E-05   0.21392210E-06   0.31621959E-05   0.20756955E-06   0.33727810E-05   0.33697655E-05
   7.717   1.917   0.93834477E-04   0.31566385E-05   0.21347537E-06   0.31599981E-05   0.20713644E-06   0.33701139E-05   0.33671346E-05
   7.733   1.933   0.93745095E-04   0.31543391E-05   0.21302639E-06   0.31577209E-05   0.20670103E-06   0.33673655E-05   0.33644220E-05
   7.750   1.950   0.93655953E-04   0.31519628E-05   0.21257533E-06   0.31553666E-05   0.20626346E-06   0.33645381E-05   0.33616300E-05
   7.767   1.967   0.93567067E-04   0.31495118E-05   0.21212234E-06   0.31529372E-05   0.20582389E-06   0.33616341E-05   0.33587611E-05
   7.783   1.983   0.93478452E-04   0.31469882E-05   0.21166755E-06   0.31504349E-05   0.20538245E-06   0.33586557E-05   0.33558174E-05
   7.800   2.000   0.93390120E-04   0.31443941E-05   0.21121111E-06   0.31478619E-05   0.20493930E-06   0.33556052E-05   0.33528012E-05
   7.817   2.017   0.93302086E-04   0.31417316E-05   0.21075316E-06   0.31452201E-05   0.20449455E-06   0.33524848E-05   0.33497146E-05
   7.833   2.033   0.93214361E-04   0.31390026E-05   0.21029384E-06   0.31425115E-05   0.20404835E-06   0.33492964E-05   0.33465599E-05
   7.850   2.050   0.93126959E-04   0.31362090E-05   0.20983325E-06   0.31397381E-05   0.20360082E-06   0.33460422E-05   0.33433389E-05
   7.867   2.067   0.93039892E-04   0.31333527E-05   0.20937154E-06   0.31369017E-05   0.20315208E-06   0.33427242E-05   0.33400538E-05
   7.883   2.083   0.92953170E-04   0.31304355E-05   0.20890882E-06   0.31340043E-05   0.20270226E-06   0.33393444E-05   0.33367065E-05
   7.900   2.100   0.92866805E-04   0.31274594E-05   0.20844521E-06   0.31310475E-05   0.20225147E-06   0.33359046E-05   0.33332989E-05
   7.917   2.117   0.92780809E-04   0.31244259E-05   0.20798082E-06   0.31280331E-05   0.20179982E-06   0.33324067E-05   0.33298329E-05
   7.933   2.133   0.92695190E-04   0.31213368E-05   0.20751575E-06   0.31249629E-05   0.20134741E-06   0.33288526E-05   0.33263103E-05
   7.950   2.150   0.92609960E-04   0.31181938E-05   0.20705012E-06   0.31218386E-05   0.20089436E-06   0.33252439E-05   0.33227329E-05
   7.967   2.167   0.92525127E-04   0.31149985E-05   0.20658402E-06   0.31186617E-05   0.20044076E-06   0.33215825E-05   0.33191024E-05
   7.983   2.183   0.92440701E-04   0.31117525E-05   0.20611756E-06   0.31154338E-05   0.19998672E-06   0.33178701E-05   0.33154206E-05
   8.000   2.200   0.92356691E-04   0.31084573E-05   0.20565082E-06   0.31121566E-05   0.19953231E-06   0.33141082E-05   0.33116889E-05
   8.017   2.217   0.92273105E-04   0.31051145E-05   0.20518390E-06   0.31088316E-05   0.19907765E-06   0.33102984E-05   0.33079092E-05
   8.033   2.233   0.92189952E-04   0.31017256E-05   0.20471690E-06   0.31054601E-05   0.19862281E-06   0.33064425E-05   0.33040829E-05
   8.050   2.250   0.92107240E-04   0.30982919E-05   0.20424988E-06   0.31020437E-05   0.19816788E-06   0.33025418E-05   0.33002116E-05
   8.067   2.267   0.92024975E-04   0.30948149E-05   0.20378294E-06   0.30985838E-05   0.19771294E-06   0.32985979E-05   0.32962967E-05
   8.083   2.283   0.91943166E-04   0.30912960E-05   0.20331616E-06   0.30950818E-05   0.19725808E-06   0.32946122E-05   0.32923398E-05
   8.100   2.300   0.91861820E-04   0.30877365E-05   0.20284961E-06   0.30915389E-05   0.19680336E-06   0.32905861E-05   0.32883423E-05
   8.117   2.317   0.91780943E-04   0.30841377E-05   0.20238337E-06   0.30879566E-05   0.19634887E-06   0.32865211E-05   0.32843055E-05
   8.133   2.333   0.91700541E-04   0.30805009E-05   0.20191752E-06   0.30843361E-05   0.19589468E-06   0.32824184E-05   0.32802308E-05
   8.150   2.350   0.91620621E-04   0.30768274E-05   0.20145211E-06   0.30806787E-05   0.19544085E-06   0.32782795E-05   0.32761195E-05
   8.167   2.367   0.91541189E-04   0.30731183E-05   0.20098722E-06   0.30769855E-05   0.19498746E-06   0.32741056E-05   0.32719730E-05
   8.183   2.383   0.91462250E-04   0.30693749E-05   0.20052292E-06   0.30732579E-05   0.19453456E-06   0.32698979E-05   0.32677924E-05
   8.200   2.400   0.91383811E-04   0.30655984E-05   0.20005926E-06   0.30694968E-05   0.19408222E-06   0.32656576E-05   0.32635791E-05
   8.217   2.417   0.91305875E-04   0.30617897E-05   0.19959630E-06   0.30657036E-05   0.19363051E-06   0.32613861E-05   0.32593341E-05
   8.233   2.433   0.91228449E-04   0.30579502E-05   0.19913412E-06   0.30618793E-05   0.19317947E-06   0.32570843E-05   0.32550587E-05
   8.250   2.450   0.91151537E-04   0.30540808E-05   0.19867275E-06   0.30580249E-05   0.19272918E-06   0.32527536E-05   0.32507541E-05
   8.267   2.467   0.91075144E-04   0.30501826E-05   0.19821226E-06   0.30541416E-05   0.19227967E-06   0.32483949E-05   0.32464213E-05
   8.283   2.483   0.90999273E-04   0.30462567E-05   0.19775270E-06   0.30502304E-05   0.19183100E-06   0.32440094E-05   0.32420614E-05
   8.300   2.500   0.90923930E-04   0.30423040E-05   0.19729413E-06   0.30462923E-05   0.19138323E-06   0.32395981E-05   0.32376755E-05
   8.317   2.517   0.90849118E-04   0.30383256E-05   0.19683657E-06   0.30423283E-05   0.19093640E-06   0.32351621E-05   0.32332647E-05
   8.333   2.533   0.90774842E-04   0.30343223E-05   0.19638010E-06   0.30383393E-05   0.19049056E-06   0.32307024E-05   0.32288299E-05
   8.350   2.550   0.90701104E-04   0.30302952E-05   0.19592474E-06   0.30343263E-05   0.19004576E-06   0.32262199E-05   0.32243721E-05
   8.367   2.567   0.90627908E-04   0.30262451E-05   0.19547056E-06   0.30302903E-05   0.18960203E-06   0.32217157E-05   0.32198923E-05
   8.383   2.583   0.90555258E-04   0.30221730E-05   0.19501758E-06   0.30262320E-05   0.18915943E-06   0.32171906E-05   0.32153914E-05
   8.400   2.600   0.90483157E-04   0.30180797E-05   0.19456584E-06   0.30221525E-05   0.18871799E-06   0.32126456E-05   0.32108704E-05
   8.417   2.617   0.90411608E-04   0.30139661E-05   0.19411540E-06   0.30180524E-05   0.18827775E-06   0.32080815E-05   0.32063302E-05
   8.433   2.633   0.90340613E-04   0.30098330E-05   0.19366628E-06   0.30139328E-05   0.18783875E-06   0.32034993E-05   0.32017716E-05
   8.450   2.650   0.90270176E-04   0.30056813E-05   0.19321852E-06   0.30097944E-05   0.18740103E-06   0.31988998E-05   0.31971954E-05
   8.467   2.667   0.90200300E-04   0.30015116E-05   0.19277216E-06   0.30056380E-05   0.18696462E-06   0.31942838E-05   0.31926026E-05
   8.483   2.683   0.90130986E-04   0.29973249E-05   0.19232723E-06   0.30014643E-05   0.18652955E-06   0.31896521E-05   0.31879939E-05
   8.500   2.700   0.90062237E-04   0.29931218E-05   0.19188377E-06   0.29972743E-05   0.18609587E-06   0.31850056E-05   0.31833701E-05
   8.517   2.717   0.89994055E-04   0.29889032E-05   0.19144180E-06   0.29930685E-05   0.18566359E-06   0.31803450E-05   0.31787321E-05
   8.533   2.733   0.89926442E-04   0.29846697E-05   0.19100136E-06   0.29888477E-05   0.18523275E-06   0.31756710E-05   0.31740805E-05
   8.550   2.750   0.89859402E-04   0.29804220E-05   0.19056247E-06   0.29846127E-05   0.18480338E-06   0.31709844E-05   0.31694161E-05
   8.567   2.767   0.89792934E-04   0.29761608E-05   0.19012516E-06   0.29803641E-05   0.18437551E-06   0.31662860E-05   0.31647396E-05
   8.583   2.783   0.89727042E-04   0.29718869E-05   0.18968946E-06   0.29761026E-05   0.18394917E-06   0.31615764E-05   0.31600518E-05
   8.600   2.800   0.89661727E-04   0.29676008E-05   0.18925540E-06   0.29718289E-05   0.18352437E-06   0.31568562E-05   0.31553533E-05
   8.617   2.817   0.89596990E-04   0.29633033E-05   0.18882300E-06   0.29675436E-05   0.18310115E-06   0.31521263E-05   0.31506447E-05
   8.633   2.833   0.89532833E-04   0.29589949E-05   0.18839228E-06   0.29632474E-05   0.18267953E-06   0.31473872E-05   0.31459269E-05
   8.650   2.850   0.89469259E-04   0.29546763E-05   0.18796326E-06   0.29589408E-05   0.18225953E-06   0.31426395E-05   0.31412003E-05
   8.667   2.867   0.89406267E-04   0.29503480E-05   0.18753598E-06   0.29546245E-05   0.18184117E-06   0.31378840E-05   0.31364657E-05
   8.683   2.883   0.89343859E-04   0.29460107E-05   0.18711045E-06   0.29502991E-05   0.18142448E-06   0.31331212E-05   0.31317236E-05
   8.700   2.900   0.89282038E-04   0.29416650E-05   0.18668668E-06   0.29459652E-05   0.18100948E-06   0.31283516E-05   0.31269747E-05
   8.717   2.917   0.89220803E-04   0.29373113E-05   0.18626471E-06   0.29416232E-05   0.18059618E-06   0.31235760E-05   0.31222194E-05
   8.733   2.933   0.89160155E-04   0.29329503E-05   0.18584454E-06   0.29372739E-05   0.18018460E-06   0.31187948E-05   0.31174585E-05
   8.750   2.950   0.89100097E-04   0.29285824E-05   0.18542620E-06   0.29329176E-05   0.17977477E-06   0.31140086E-05   0.31126924E-05
   8.767   2.967   0.89040629E-04   0.29242083E-05   0.18500971E-06   0.29285550E-05   0.17936670E-06   0.31092180E-05   0.31079217E-05
   8.783   2.983   0.88981751E-04   0.29198284E-05   0.18459507E-06   0.29241865E-05   0.17896040E-06   0.31044235E-05   0.31031469E-05
   8.800   3.000   0.88923465E-04   0.29154432E-05   0.18418231E-06   0.29198127E-05   0.17855590E-06   0.30996255E-05   0.30983686E-05
   8.817   3.017   0.88865772E-04   0.29110533E-05   0.18377145E-06   0.29154340E-05   0.17815320E-06   0.30948247E-05   0.30935872E-05
   8.833   3.033   0.88808671E-04   0.29066590E-05   0.18336248E-06   0.29110510E-05   0.17775233E-06   0.30900215E-05   0.30888033E-05
   8.850   3.050   0.88752165E-04   0.29022609E-05   0.18295544E-06   0.29066640E-05   0.17735329E-06   0.30852163E-05   0.30840173E-05
   8.867   3.067   0.88696253E-04   0.28978594E-05   0.18255033E-06   0.29022736E-05   0.17695610E-06   0.30804097E-05   0.30792297E-05
   8.883   3.083   0.88640937E-04   0.28934550E-05   0.18214716E-06   0.28978802E-05   0.17656078E-06   0.30756021E-05   0.30744410E-05
   8.900   3.100   0.88586216E-04   0.28890480E-05   0.18174595E-06   0.28934843E-05   0.17616732E-06   0.30707940E-05   0.30696516E-05
   8.917   3.117   0.88532092E-04   0.28846390E-05   0.18134671E-06   0.28890862E-05   0.17577576E-06   0.30659858E-05   0.30648620E-05
   8.933   3.133   0.88478565E-04   0.28802284E-05   0.18094945E-06   0.28846865E-05   0.17538609E-06   0.30611778E-05   0.30600726E-05
   8.950   3.150   0.88425635E-04   0.28758165E-05   0.18055418E-06   0.28802854E-05   0.17499833E-06   0.30563707E-05   0.30552837E-05
   8.967   3.167   0.88373303E-04   0.28714038E-05   0.18016091E-06   0.28758835E-05   0.17461249E-06   0.30515647E-05   0.30504960E-05
   8.983   3.183   0.88321569E-04   0.28669906E-05   0.17976965E-06   0.28714810E-05   0.17422857E-06   0.30467603E-05   0.30457096E-05
   9.000   3.200   0.88270434E-04   0.28625774E-05   0.17938041E-06   0.28670785E-05   0.17384659E-06   0.30419578E-05   0.30409251E-05
   9.017   3.217   0.88219898E-04   0.28581644E-05   0.17899320E-06   0.28626762E-05   0.17346656E-06   0.30371576E-05   0.30361427E-05
   9.033   3.233   0.88169962E-04   0.28537521E-05   0.17860802E-06   0.28582745E-05   0.17308848E-06   0.30323601E-05   0.30313630E-05
   9.050   3.250   0.88120625E-04   0.28493409E-05   0.17822488E-06   0.28538738E-05   0.17271236E-06   0.30275657E-05   0.30265862E-05
   9.067   3.267   0.88071888E-04   0.28449310E-05   0.17784380E-06   0.28494745E-05   0.17233821E-06   0.30227748E-05   0.30218127E-05
   9.083   3.283   0.88023752E-04   0.28405228E-05   0.17746478E-06   0.28450768E-05   0.17196604E-06   0.30179876E-05   0.30170428E-05
   9.100   3.300   0.87976216E-04   0.28361167E-05   0.17708782E-06   0.28406811E-05   0.17159585E-06   0.30132045E-05   0.30122770E-05
   9.117   3.317   0.87929281E-04   0.28317129E-05   0.17671293E-06   0.28362878E-05   0.17122765E-06   0.30084259E-05   0.30075155E-05
   9.133   3.333   0.87882947E-04   0.28273119E-05   0.17634011E-06   0.28318972E-05   0.17086144E-06   0.30036520E-05   0.30027586E-05
   9.150   3.350   0.87837214E-04   0.28229138E-05   0.17596938E-06   0.28275095E-05   0.17049724E-06   0.29988832E-05   0.29980067E-05
   9.167   3.367   0.87792083E-04   0.28185191E-05   0.17560074E-06   0.28231251E-05   0.17013504E-06   0.29941198E-05   0.29932601E-05
   9.183   3.383   0.87747554E-04   0.28141279E-05   0.17523419E-06   0.28187443E-05   0.16977485E-06   0.29893621E-05   0.29885191E-05
   9.200   3.400   0.87703627E-04   0.28097407E-05   0.17486974E-06   0.28143673E-05   0.16941668E-06   0.29846104E-05   0.29837840E-05
   9.217   3.417   0.87660302E-04   0.28053576E-05   0.17450739E-06   0.28099945E-05   0.16906054E-06   0.29798650E-05   0.29790551E-05
   9.233   3.433   0.87617579E-04   0.28009790E-05   0.17414715E-06   0.28056262E-05   0.16870641E-06   0.29751261E-05   0.29743326E-05
   9.250   3.450   0.87575459E-04   0.27966051E-05   0.17378901E-06   0.28012626E-05   0.16835432E-06   0.29703941E-05   0.29696169E-05
   9.267   3.467   0.87533942E-04   0.27922362E-05   0.17343299E-06   0.27969039E-05   0.16800426E-06   0.29656692E-05   0.29649082E-05
   9.283   3.483   0.87493028E-04   0.27878726E-05   0.17307909E-06   0.27925506E-05   0.16765623E-06   0.29609517E-05   0.29602068E-05
   9.300   3.500   0.87452717E-04   0.27835145E-05   0.17272731E-06   0.27882027E-05   0.16731024E-06   0.29562418E-05   0.29555129E-05
   9.317   3.517   0.87413009E-04   0.27791622E-05   0.17237765E-06   0.27838605E-05   0.16696630E-06   0.29515398E-05   0.29508268E-05
   9.333   3.533   0.87373905E-04   0.27748158E-05   0.17203011E-06   0.27795244E-05   0.16662440E-06   0.29468459E-05   0.29461488E-05
   9.350   3.550   0.87335405E-04   0.27704757E-05   0.17168471E-06   0.27751944E-05   0.16628455E-06   0.29421604E-05   0.29414790E-05
   9.367   3.567   0.87297508E-04   0.27661421E-05   0.17134143E-06   0.27708710E-05   0.16594675E-06   0.29374835E-05   0.29368177E-05
   9.383   3.583   0.87260216E-04   0.27618152E-05   0.17100029E-06   0.27665543E-05   0.16561100E-06   0.29328155E-05   0.29321653E-05
   9.400   3.600   0.87223528E-04   0.27574952E-05   0.17066128E-06   0.27622444E-05   0.16527730E-06   0.29281564E-05   0.29275217E-05
   9.417   3.617   0.87187445E-04   0.27531823E-05   0.17032441E-06   0.27579418E-05   0.16494566E-06   0.29235067E-05   0.29228874E-05
   9.433   3.633   0.87151967E-04   0.27488768E-05   0.16998967E-06   0.27536464E-05   0.16461608E-06   0.29188665E-05   0.29182625E-05
   9.450   3.650   0.87117094E-04   0.27445789E-05   0.16965708E-06   0.27493587E-05   0.16428856E-06   0.29142359E-05   0.29136472E-05
   9.467   3.667   0.87082826E-04   0.27402887E-05   0.16932663E-06   0.27450787E-05   0.16396310E-06   0.29096153E-05   0.29090418E-05
   9.483   3.683   0.87049164E-04   0.27360065E-05   0.16899832E-06   0.27408067E-05   0.16363969E-06   0.29050048E-05   0.29044463E-05
   9.500   3.700   0.87016107E-04   0.27317324E-05   0.16867215E-06   0.27365428E-05   0.16331836E-06   0.29004046E-05   0.28998612E-05
   9.517   3.717   0.86983657E-04   0.27274667E-05   0.16834812E-06   0.27322873E-05   0.16299908E-06   0.28958148E-05   0.28952864E-05
   9.533   3.733   0.86951813E-04   0.27232095E-05   0.16802624E-06   0.27280403E-05   0.16268187E-06   0.28912358E-05   0.28907222E-05
   9.550   3.750   0.86920576E-04   0.27189611E-05   0.16770651E-06   0.27238021E-05   0.16236672E-06   0.28866676E-05   0.28861688E-05
   9.567   3.767   0.86889946E-04   0.27147215E-05   0.16738892E-06   0.27195728E-05   0.16205364E-06   0.28821105E-05   0.28816264E-05
   9.583   3.783   0.86859924E-04   0.27104910E-05   0.16707347E-06   0.27153526E-05   0.16174262E-06   0.28775645E-05   0.28770952E-05
   9.600   3.800   0.86830509E-04   0.27062698E-05   0.16676017E-06   0.27111416E-05   0.16143367E-06   0.28730300E-05   0.28725753E-05
   9.617   3.817   0.86801703E-04   0.27020579E-05   0.16644902E-06   0.27069400E-05   0.16112679E-06   0.28685070E-05   0.28680668E-05
   9.633   3.833   0.86773505E-04   0.26978557E-05   0.16614002E-06   0.27027481E-05   0.16082197E-06   0.28639957E-05   0.28635700E-05
   9.650   3.850   0.86745916E-04   0.26936631E-05   0.16583316E-06   0.26985658E-05   0.16051922E-06   0.28594963E-05   0.28590850E-05
   9.667   3.867   0.86718937E-04   0.26894804E-05   0.16552845E-06   0.26943935E-05   0.16021853E-06   0.28550089E-05   0.28546120E-05
   9.683   3.883   0.86692567E-04   0.26853078E-05   0.16522589E-06   0.26902312E-05   0.15991991E-06   0.28505337E-05   0.28501511E-05
   9.700   3.900   0.86666808E-04   0.26811453E-05   0.16492547E-06   0.26860792E-05   0.15962335E-06   0.28460708E-05   0.28457025E-05
   9.717   3.917   0.86641659E-04   0.26769932E-05   0.16462720E-06   0.26819374E-05   0.15932886E-06   0.28416204E-05   0.28412663E-05
   9.733   3.933   0.86617122E-04   0.26728515E-05   0.16433107E-06   0.26778062E-05   0.15903644E-06   0.28371826E-05   0.28368427E-05
   9.750   3.950   0.86593197E-04   0.26687204E-05   0.16403709E-06   0.26736856E-05   0.15874608E-06   0.28327575E-05   0.28324317E-05
   9.767   3.967   0.86569884E-04   0.26646001E-05   0.16374525E-06   0.26695758E-05   0.15845778E-06   0.28283454E-05   0.28280336E-05
   9.783   3.983   0.86547184E-04   0.26604907E-05   0.16345556E-06   0.26654769E-05   0.15817155E-06   0.28239462E-05   0.28236485E-05
   9.800   4.000   0.86525098E-04   0.26563922E-05   0.16316801E-06   0.26613891E-05   0.15788738E-06   0.28195602E-05   0.28192764E-05
   9.817   4.017   0.86503626E-04   0.26523049E-05   0.16288261E-06   0.26573124E-05   0.15760527E-06   0.28151875E-05   0.28149176E-05
   9.833   4.033   0.86482769E-04   0.26482288E-05   0.16259934E-06   0.26532469E-05   0.15732522E-06   0.28108282E-05   0.28105722E-05
   9.850   4.050   0.86462527E-04   0.26441642E-05   0.16231822E-06   0.26491930E-05   0.15704723E-06   0.28064824E-05   0.28062402E-05
   9.867   4.067   0.86442902E-04   0.26401110E-05   0.16203924E-06   0.26451505E-05   0.15677131E-06   0.28021502E-05   0.28019218E-05
   9.883   4.083   0.86423894E-04   0.26360694E-05   0.16176240E-06   0.26411197E-05   0.15649744E-06   0.27978318E-05   0.27976171E-05
   9.900   4.100   0.86405503E-04   0.26320395E-05   0.16148770E-06   0.26371006E-05   0.15622563E-06   0.27935272E-05   0.27933263E-05
   9.917   4.117   0.86387731E-04   0.26280215E-05   0.16121514E-06   0.26330935E-05   0.15595588E-06   0.27892367E-05   0.27890493E-05
   9.933   4.133   0.86370578E-04   0.26240154E-05   0.16094472E-06   0.26290983E-05   0.15568818E-06   0.27849602E-05   0.27847865E-05
   9.950   4.150   0.86354046E-04   0.26200214E-05   0.16067644E-06   0.26251152E-05   0.15542254E-06   0.27806978E-05   0.27805377E-05
   9.967   4.167   0.86338134E-04   0.26160395E-05   0.16041029E-06   0.26211443E-05   0.15515896E-06   0.27764498E-05   0.27763033E-05
   9.983   4.183   0.86322845E-04   0.26120699E-05   0.16014628E-06   0.26171857E-05   0.15489742E-06   0.27722162E-05   0.27720832E-05
  10.000   4.200   0.86308178E-04   0.26081126E-05   0.15988440E-06   0.26132395E-05   0.15463795E-06   0.27679971E-05   0.27678775E-05
  10.017   4.217   0.86294135E-04   0.26041678E-05   0.15962466E-06   0.26093059E-05   0.15438052E-06   0.27637925E-05   0.27636864E-05
  10.033   4.233   0.86280717E-04   0.26002356E-05   0.15936705E-06   0.26053848E-05   0.15412514E-06   0.27596026E-05   0.27595099E-05
  10.050   4.250   0.86267925E-04   0.25963159E-05   0.15911158E-06   0.26014764E-05   0.15387182E-06   0.27554275E-05   0.27553482E-05
  10.067   4.267   0.86255760E-04   0.25924090E-05   0.15885824E-06   0.25975808E-05   0.15362054E-06   0.27512672E-05   0.27512013E-05
  10.083   4.283   0.86244222E-04   0.25885149E-05   0.15860702E-06   0.25936980E-05   0.15337131E-06   0.27471219E-05   0.27470693E-05
  10.100   4.300   0.86233314E-04   0.25846337E-05   0.15835794E-06   0.25898283E-05   0.15312413E-06   0.27429917E-05   0.27429524E-05
  10.117   4.317   0.86223036E-04   0.25807655E-05   0.15811099E-06   0.25859715E-05   0.15287900E-06   0.27388765E-05   0.27388505E-05
  10.133   4.333   0.86213389E-04   0.25769104E-05   0.15786617E-06   0.25821279E-05   0.15263591E-06   0.27347765E-05   0.27347638E-05
  10.150   4.350   0.86204375E-04   0.25730684E-05   0.15762347E-06   0.25782975E-05   0.15239486E-06   0.27306918E-05   0.27306924E-05
  10.167   4.367   0.86195994E-04   0.25692396E-05   0.15738291E-06   0.25744804E-05   0.15215586E-06   0.27266225E-05   0.27266363E-05
  10.183   4.383   0.86188249E-04   0.25654242E-05   0.15714447E-06   0.25706767E-05   0.15191890E-06   0.27225686E-05   0.27225956E-05
  10.200   4.400   0.86181140E-04   0.25616221E-05   0.15690815E-06   0.25668864E-05   0.15168399E-06   0.27185302E-05   0.27185704E-05
  10.217   4.417   0.86174669E-04   0.25578335E-05   0.15667397E-06   0.25631097E-05   0.15145111E-06   0.27145074E-05   0.27145608E-05
  10.233   4.433   0.86168837E-04   0.25540584E-05   0.15644190E-06   0.25593465E-05   0.15122028E-06   0.27105003E-05   0.27105668E-05
  10.250   4.450   0.86163646E-04   0.25502969E-05   0.15621197E-06   0.25555970E-05   0.15099148E-06   0.27065088E-05   0.27065885E-05
  10.267   4.467   0.86159097E-04   0.25465490E-05   0.15598415E-06   0.25518612E-05   0.15076473E-06   0.27025332E-05   0.27026260E-05
  10.283   4.483   0.86155191E-04   0.25428150E-05   0.15575846E-06   0.25481393E-05   0.15054001E-06   0.26985734E-05   0.26986793E-05
  10.300   4.500   0.86151930E-04   0.25390947E-05   0.15553490E-06   0.25444312E-05   0.15031733E-06   0.26946296E-05   0.26947485E-05
  10.317   4.517   0.86149316E-04   0.25353882E-05   0.15531346E-06   0.25407371E-05   0.15009669E-06   0.26907017E-05   0.26908338E-05
  10.333   4.533   0.86147350E-04   0.25316957E-05   0.15509414E-06   0.25370570E-05   0.14987809E-06   0.26867899E-05   0.26869350E-05
  10.350   4.550   0.86146034E-04   0.25280172E-05   0.15487694E-06   0.25333909E-05   0.14966152E-06   0.26828942E-05   0.26830524E-05
  10.367   4.567   0.86145370E-04   0.25243528E-05   0.15466186E-06   0.25297390E-05   0.14944698E-06   0.26790146E-05   0.26791859E-05
  10.383   4.583   0.86145359E-04   0.25207024E-05   0.15444891E-06   0.25261012E-05   0.14923449E-06   0.26751513E-05   0.26753357E-05
  10.400   4.600   0.86146003E-04   0.25170662E-05   0.15423808E-06   0.25224777E-05   0.14902402E-06   0.26713043E-05   0.26715018E-05
  10.417   4.617   0.86147304E-04   0.25134442E-05   0.15402937E-06   0.25188685E-05   0.14881559E-06   0.26674736E-05   0.26676841E-05
  10.433   4.633   0.86149263E-04   0.25098366E-05   0.15382278E-06   0.25152737E-05   0.14860920E-06   0.26636593E-05   0.26638829E-05
  10.450   4.650   0.86151884E-04   0.25062432E-05   0.15361832E-06   0.25116933E-05   0.14840484E-06   0.26598615E-05   0.26600982E-05
  10.467   4.667   0.86155166E-04   0.25026642E-05   0.15341598E-06   0.25081274E-05   0.14820251E-06   0.26560802E-05   0.26563299E-05
  10.483   4.683   0.86159114E-04   0.24990997E-05   0.15321575E-06   0.25045760E-05   0.14800222E-06   0.26523154E-05   0.26525782E-05
  10.500   4.700   0.86163727E-04   0.24955496E-05   0.15301766E-06   0.25010392E-05   0.14780396E-06   0.26485673E-05   0.26488431E-05
  10.517   4.717   0.86169010E-04   0.24920141E-05   0.15282168E-06   0.24975170E-05   0.14760773E-06   0.26448358E-05   0.26451247E-05
  10.533   4.733   0.86174963E-04   0.24884932E-05   0.15262783E-06   0.24940095E-05   0.14741354E-06   0.26411210E-05   0.26414230E-05
  10.550   4.750   0.86181589E-04   0.24849869E-05   0.15243610E-06   0.24905167E-05   0.14722138E-06   0.26374230E-05   0.26377381E-05
  10.567   4.767   0.86188889E-04   0.24814953E-05   0.15224650E-06   0.24870387E-05   0.14703125E-06   0.26337418E-05   0.26340699E-05
  10.583   4.783   0.86196868E-04   0.24780184E-05   0.15205902E-06   0.24835755E-05   0.14684316E-06   0.26300774E-05   0.26304187E-05
  10.600   4.800   0.86205525E-04   0.24745563E-05   0.15187367E-06   0.24801272E-05   0.14665711E-06   0.26264299E-05   0.26267843E-05
  10.617   4.817   0.86214865E-04   0.24711090E-05   0.15169044E-06   0.24766938E-05   0.14647309E-06   0.26227994E-05   0.26231669E-05
  10.633   4.833   0.86224888E-04   0.24676765E-05   0.15150934E-06   0.24732753E-05   0.14629110E-06   0.26191858E-05   0.26195664E-05
  10.650   4.850   0.86235599E-04   0.24642589E-05   0.15133037E-06   0.24698719E-05   0.14611115E-06   0.26155893E-05   0.26159830E-05
  10.667   4.867   0.86246998E-04   0.24608563E-05   0.15115353E-06   0.24664835E-05   0.14593324E-06   0.26120098E-05   0.26124167E-05
  10.683   4.883   0.86259090E-04   0.24574686E-05   0.15097882E-06   0.24631102E-05   0.14575736E-06   0.26084475E-05   0.26088675E-05
  10.700   4.900   0.86271875E-04   0.24540960E-05   0.15080624E-06   0.24597520E-05   0.14558353E-06   0.26049022E-05   0.26053355E-05
  10.717   4.917   0.86285357E-04   0.24507384E-05   0.15063579E-06   0.24564090E-05   0.14541173E-06   0.26013742E-05   0.26018207E-05
  10.733   4.933   0.86299539E-04   0.24473959E-05   0.15046748E-06   0.24530811E-05   0.14524197E-06   0.25978634E-05   0.25983231E-05
  10.750   4.950   0.86314423E-04   0.24440686E-05   0.15030130E-06   0.24497686E-05   0.14507425E-06   0.25943699E-05   0.25948428E-05
  10.767   4.967   0.86330011E-04   0.24407564E-05   0.15013726E-06   0.24464713E-05   0.14490857E-06   0.25908936E-05   0.25913798E-05
  10.783   4.983   0.86346308E-04   0.24374594E-05   0.14997536E-06   0.24431893E-05   0.14474494E-06   0.25874347E-05   0.25879342E-05
  10.800   5.000   0.86363315E-04   0.24341776E-05   0.14981560E-06   0.24399227E-05   0.14458335E-06   0.25839932E-05   0.25845060E-05
  10.817   5.017   0.86381036E-04   0.24309111E-05   0.14965798E-06   0.24366714E-05   0.14442381E-06   0.25805691E-05   0.25810952E-05
  10.833   5.033   0.86399473E-04   0.24276599E-05   0.14950250E-06   0.24334356E-05   0.14426631E-06   0.25771624E-05   0.25777019E-05
  10.850   5.050   0.86418630E-04   0.24244240E-05   0.14934918E-06   0.24302152E-05   0.14411087E-06   0.25737732E-05   0.25743261E-05
  10.867   5.067   0.86438510E-04   0.24212035E-05   0.14919800E-06   0.24270104E-05   0.14395747E-06   0.25704015E-05   0.25709679E-05
  10.883   5.083   0.86459115E-04   0.24179984E-05   0.14904897E-06   0.24238210E-05   0.14380613E-06   0.25670474E-05   0.25676272E-05
  10.900   5.100   0.86480449E-04   0.24148087E-05   0.14890209E-06   0.24206473E-05   0.14365683E-06   0.25637108E-05   0.25643041E-05
  10.917   5.117   0.86502516E-04   0.24116345E-05   0.14875737E-06   0.24174891E-05   0.14350960E-06   0.25603919E-05   0.25609987E-05
  10.933   5.133   0.86525318E-04   0.24084758E-05   0.14861480E-06   0.24143465E-05   0.14336442E-06   0.25570906E-05   0.25577109E-05
  10.950   5.150   0.86548859E-04   0.24053326E-05   0.14847440E-06   0.24112196E-05   0.14322131E-06   0.25538070E-05   0.25544409E-05
  10.967   5.167   0.86573142E-04   0.24022049E-05   0.14833616E-06   0.24081084E-05   0.14308025E-06   0.25505410E-05   0.25511886E-05
  10.983   5.183   0.86598171E-04   0.23990928E-05   0.14820009E-06   0.24050128E-05   0.14294126E-06   0.25472929E-05   0.25479541E-05
  11.000   5.200   0.86623950E-04   0.23959963E-05   0.14806618E-06   0.24019331E-05   0.14280434E-06   0.25440625E-05   0.25447374E-05
  11.017   5.217   0.86650481E-04   0.23929154E-05   0.14793445E-06   0.23988691E-05   0.14266948E-06   0.25408499E-05   0.25415385E-05
  11.033   5.233   0.86677769E-04   0.23898502E-05   0.14780489E-06   0.23958209E-05   0.14253670E-06   0.25376551E-05   0.25383576E-05
  11.050   5.250   0.86705817E-04   0.23868007E-05   0.14767752E-06   0.23927885E-05   0.14240599E-06   0.25344782E-05   0.25351945E-05
  11.067   5.267   0.86734629E-04   0.23837669E-05   0.14755232E-06   0.23897720E-05   0.14227736E-06   0.25313192E-05   0.25320493E-05
  11.083   5.283   0.86764210E-04   0.23807488E-05   0.14742931E-06   0.23867713E-05   0.14215081E-06   0.25281781E-05   0.25289221E-05
  11.100   5.300   0.86794562E-04   0.23777465E-05   0.14730849E-06   0.23837866E-05   0.14202635E-06   0.25250550E-05   0.25258130E-05
  11.117   5.317   0.86825689E-04   0.23747599E-05   0.14718987E-06   0.23808178E-05   0.14190397E-06   0.25219498E-05   0.25227218E-05
  11.133   5.333   0.86857597E-04   0.23717892E-05   0.14707344E-06   0.23778650E-05   0.14178368E-06   0.25188626E-05   0.25196487E-05
  11.150   5.350   0.86890289E-04   0.23688343E-05   0.14695922E-06   0.23749282E-05   0.14166549E-06   0.25157935E-05   0.25165937E-05
  11.167   5.367   0.86923769E-04   0.23658952E-05   0.14684720E-06   0.23720074E-05   0.14154939E-06   0.25127424E-05   0.25135568E-05
  11.183   5.383   0.86958041E-04   0.23629721E-05   0.14673739E-06   0.23691026E-05   0.14143540E-06   0.25097095E-05   0.25105380E-05
  11.200   5.400   0.86993110E-04   0.23600648E-05   0.14662979E-06   0.23662139E-05   0.14132351E-06   0.25066946E-05   0.25075374E-05
  11.217   5.417   0.87028980E-04   0.23571735E-05   0.14652442E-06   0.23633413E-05   0.14121373E-06   0.25036979E-05   0.25045550E-05
  11.233   5.433   0.87065655E-04   0.23542981E-05   0.14642127E-06   0.23604848E-05   0.14110606E-06   0.25007194E-05   0.25015908E-05
  11.250   5.450   0.87103140E-04   0.23514387E-05   0.14632035E-06   0.23576444E-05   0.14100051E-06   0.24977590E-05   0.24986449E-05
  11.267   5.467   0.87141441E-04   0.23485953E-05   0.14622167E-06   0.23548203E-05   0.14089708E-06   0.24948169E-05   0.24957173E-05
  11.283   5.483   0.87180560E-04   0.23457678E-05   0.14612522E-06   0.23520123E-05   0.14079578E-06   0.24918931E-05   0.24928080E-05
  11.300   5.500   0.87220503E-04   0.23429565E-05   0.14603102E-06   0.23492205E-05   0.14069660E-06   0.24889875E-05   0.24899171E-05
  11.317   5.517   0.87261275E-04   0.23401612E-05   0.14593907E-06   0.23464450E-05   0.14059957E-06   0.24861002E-05   0.24870445E-05
  11.333   5.533   0.87302881E-04   0.23373819E-05   0.14584938E-06   0.23436857E-05   0.14050467E-06   0.24832313E-05   0.24841903E-05
  11.350   5.550   0.87345326E-04   0.23346188E-05   0.14576195E-06   0.23409427E-05   0.14041192E-06   0.24803808E-05   0.24813546E-05
  11.367   5.567   0.87388614E-04   0.23318718E-05   0.14567679E-06   0.23382160E-05   0.14032132E-06   0.24775486E-05   0.24785373E-05
  11.383   5.583   0.87432752E-04   0.23291409E-05   0.14559390E-06   0.23355057E-05   0.14023287E-06   0.24747348E-05   0.24757385E-05
  11.400   5.600   0.87477743E-04   0.23264262E-05   0.14551330E-06   0.23328117E-05   0.14014659E-06   0.24719395E-05   0.24729583E-05
  11.417   5.617   0.87523593E-04   0.23237277E-05   0.14543498E-06   0.23301341E-05   0.14006247E-06   0.24691627E-05   0.24701965E-05
  11.433   5.633   0.87570309E-04   0.23210454E-05   0.14535896E-06   0.23274728E-05   0.13998053E-06   0.24664044E-05   0.24674534E-05
  11.450   5.650   0.87617894E-04   0.23183793E-05   0.14528524E-06   0.23248281E-05   0.13990077E-06   0.24636646E-05   0.24647288E-05
  11.467   5.667   0.87666355E-04   0.23157295E-05   0.14521382E-06   0.23221997E-05   0.13982319E-06   0.24609433E-05   0.24620229E-05
  11.483   5.683   0.87715698E-04   0.23130959E-05   0.14514472E-06   0.23195878E-05   0.13974780E-06   0.24582406E-05   0.24593356E-05
  11.500   5.700   0.87765927E-04   0.23104786E-05   0.14507795E-06   0.23169925E-05   0.13967461E-06   0.24555566E-05   0.24566671E-05
  11.517   5.717   0.87817049E-04   0.23078776E-05   0.14501351E-06   0.23144136E-05   0.13960362E-06   0.24528912E-05   0.24540172E-05
  11.533   5.733   0.87869070E-04   0.23052930E-05   0.14495140E-06   0.23118513E-05   0.13953485E-06   0.24502444E-05   0.24513861E-05
  11.550   5.750   0.87921996E-04   0.23027247E-05   0.14489164E-06   0.23093055E-05   0.13946829E-06   0.24476163E-05   0.24487738E-05
  11.567   5.767   0.87975832E-04   0.23001727E-05   0.14483423E-06   0.23067763E-05   0.13940396E-06   0.24450070E-05   0.24461803E-05
  11.583   5.783   0.88030585E-04   0.22976372E-05   0.14477919E-06   0.23042637E-05   0.13934186E-06   0.24424164E-05   0.24436056E-05
  11.600   5.800   0.88086261E-04   0.22951180E-05   0.14472652E-06   0.23017678E-05   0.13928199E-06   0.24398445E-05   0.24410498E-05
  11.617   5.817   0.88142867E-04   0.22926153E-05   0.14467623E-06   0.22992885E-05   0.13922438E-06   0.24372915E-05   0.24385129E-05
  11.633   5.833   0.88200408E-04   0.22901290E-05   0.14462832E-06   0.22968259E-05   0.13916902E-06   0.24347573E-05   0.24359949E-05
  11.650   5.850   0.88258892E-04   0.22876592E-05   0.14458282E-06   0.22943800E-05   0.13911593E-06   0.24322420E-05   0.24334959E-05
  11.667   5.867   0.88318325E-04   0.22852059E-05   0.14453972E-06   0.22919507E-05   0.13906510E-06   0.24297456E-05   0.24310159E-05
  11.683   5.883   0.88378714E-04   0.22827690E-05   0.14449904E-06   0.22895383E-05   0.13901656E-06   0.24272681E-05   0.24285548E-05
  11.700   5.900   0.88440065E-04   0.22803487E-05   0.14446078E-06   0.22871426E-05   0.13897030E-06   0.24248095E-05   0.24261129E-05
  11.717   5.917   0.88502386E-04   0.22779450E-05   0.14442497E-06   0.22847637E-05   0.13892634E-06   0.24223699E-05   0.24236900E-05
  11.733   5.933   0.88565683E-04   0.22755578E-05   0.14439159E-06   0.22824016E-05   0.13888469E-06   0.24199494E-05   0.24212863E-05
  11.750   5.950   0.88629965E-04   0.22731872E-05   0.14436068E-06   0.22800563E-05   0.13884535E-06   0.24175478E-05   0.24189017E-05
  11.767   5.967   0.88695237E-04   0.22708332E-05   0.14433223E-06   0.22777279E-05   0.13880834E-06   0.24151654E-05   0.24165362E-05
  11.783   5.983   0.88761508E-04   0.22684958E-05   0.14430626E-06   0.22754164E-05   0.13877366E-06   0.24128020E-05   0.24141900E-05
  11.800   6.000   0.88828784E-04   0.22661750E-05   0.14428278E-06   0.22731218E-05   0.13874132E-06   0.24104578E-05   0.24118631E-05
  11.817   6.017   0.88897074E-04   0.22638710E-05   0.14426180E-06   0.22708441E-05   0.13871133E-06   0.24081328E-05   0.24095554E-05
  11.833   6.033   0.88966385E-04   0.22615836E-05   0.14424333E-06   0.22685833E-05   0.13868371E-06   0.24058269E-05   0.24072670E-05
  11.850   6.050   0.89036726E-04   0.22593129E-05   0.14422739E-06   0.22663396E-05   0.13865847E-06   0.24035403E-05   0.24049980E-05
  11.867   6.067   0.89108103E-04   0.22570590E-05   0.14421399E-06   0.22641128E-05   0.13863561E-06   0.24012730E-05   0.24027484E-05
  11.883   6.083   0.89180525E-04   0.22548218E-05   0.14420313E-06   0.22619031E-05   0.13861514E-06   0.23990249E-05   0.24005182E-05
  11.900   6.100   0.89254000E-04   0.22526014E-05   0.14419483E-06   0.22597104E-05   0.13859708E-06   0.23967962E-05   0.23983075E-05
  11.917   6.117   0.89328537E-04   0.22503977E-05   0.14418910E-06   0.22575348E-05   0.13858144E-06   0.23945869E-05   0.23961163E-05
  11.933   6.133   0.89404144E-04   0.22482109E-05   0.14418597E-06   0.22553763E-05   0.13856823E-06   0.23923969E-05   0.23939446E-05
  11.950   6.150   0.89480829E-04   0.22460410E-05   0.14418543E-06   0.22532350E-05   0.13855746E-06   0.23902264E-05   0.23917924E-05
  11.967   6.167   0.89558602E-04   0.22438878E-05   0.14418750E-06   0.22511107E-05   0.13854914E-06   0.23880753E-05   0.23896599E-05
  11.983   6.183   0.89637471E-04   0.22417516E-05   0.14419221E-06   0.22490037E-05   0.13854329E-06   0.23859438E-05   0.23875470E-05
  12.000   6.200   0.89717444E-04   0.22396322E-05   0.14419955E-06   0.22469139E-05   0.13853992E-06   0.23838318E-05   0.23854538E-05
  12.017   6.217   0.89798532E-04   0.22375298E-05   0.14420955E-06   0.22448413E-05   0.13853903E-06   0.23817394E-05   0.23833803E-05
  12.033   6.233   0.89880743E-04   0.22354444E-05   0.14422222E-06   0.22427859E-05   0.13854065E-06   0.23796666E-05   0.23813266E-05
  12.050   6.250   0.89964086E-04   0.22333759E-05   0.14423758E-06   0.22407479E-05   0.13854479E-06   0.23776134E-05   0.23792927E-05
  12.067   6.267   0.90048572E-04   0.22313244E-05   0.14425563E-06   0.22387271E-05   0.13855146E-06   0.23755800E-05   0.23772786E-05
  12.083   6.283   0.90134210E-04   0.22292899E-05   0.14427641E-06   0.22367237E-05   0.13856067E-06   0.23735663E-05   0.23752844E-05
  12.100   6.300   0.90221009E-04   0.22272724E-05   0.14429991E-06   0.22347377E-05   0.13857244E-06   0.23715723E-05   0.23733102E-05
  12.117   6.317   0.90308980E-04   0.22252720E-05   0.14432616E-06   0.22327691E-05   0.13858678E-06   0.23695982E-05   0.23713559E-05
  12.133   6.333   0.90398132E-04   0.22232887E-05   0.14435518E-06   0.22308179E-05   0.13860371E-06   0.23676439E-05   0.23694216E-05
  12.150   6.350   0.90488477E-04   0.22213226E-05   0.14438698E-06   0.22288841E-05   0.13862325E-06   0.23657095E-05   0.23675074E-05
  12.167   6.367   0.90580024E-04   0.22193735E-05   0.14442158E-06   0.22269679E-05   0.13864540E-06   0.23637951E-05   0.23656133E-05
  12.183   6.383   0.90672784E-04   0.22174416E-05   0.14445899E-06   0.22250691E-05   0.13867018E-06   0.23619006E-05   0.23637393E-05
  12.200   6.400   0.90766767E-04   0.22155269E-05   0.14449924E-06   0.22231879E-05   0.13869761E-06   0.23600262E-05   0.23618855E-05
  12.217   6.417   0.90861985E-04   0.22136295E-05   0.14454233E-06   0.22213243E-05   0.13872771E-06   0.23581718E-05   0.23600520E-05
  12.233   6.433   0.90958449E-04   0.22117492E-05   0.14458830E-06   0.22194782E-05   0.13876048E-06   0.23563375E-05   0.23582387E-05
  12.250   6.450   0.91056170E-04   0.22098862E-05   0.14463716E-06   0.22176498E-05   0.13879596E-06   0.23545234E-05   0.23564458E-05
  12.267   6.467   0.91155159E-04   0.22080406E-05   0.14468892E-06   0.22158391E-05   0.13883415E-06   0.23527295E-05   0.23546733E-05
  12.283   6.483   0.91255428E-04   0.22062122E-05   0.14474362E-06   0.22140461E-05   0.13887507E-06   0.23509558E-05   0.23529212E-05
  12.300   6.500   0.91356988E-04   0.22044012E-05   0.14480126E-06   0.22122708E-05   0.13891875E-06   0.23492024E-05   0.23511895E-05
  12.317   6.517   0.91459852E-04   0.22026075E-05   0.14486187E-06   0.22105133E-05   0.13896519E-06   0.23474694E-05   0.23494784E-05
  12.333   6.533   0.91564032E-04   0.22008313E-05   0.14492546E-06   0.22087735E-05   0.13901441E-06   0.23457567E-05   0.23477879E-05
  12.350   6.550   0.91669540E-04   0.21990725E-05   0.14499207E-06   0.22070516E-05   0.13906645E-06   0.23440645E-05   0.23461181E-05
  12.367   6.567   0.91776389E-04   0.21973311E-05   0.14506171E-06   0.22053476E-05   0.13912130E-06   0.23423928E-05   0.23444689E-05
  12.383   6.583   0.91884590E-04   0.21956072E-05   0.14513440E-06   0.22036615E-05   0.13917900E-06   0.23407416E-05   0.23428405E-05
  12.400   6.600   0.91994158E-04   0.21939009E-05   0.14521016E-06   0.22019933E-05   0.13923957E-06   0.23391110E-05   0.23412328E-05
  12.417   6.617   0.92105105E-04   0.21922120E-05   0.14528902E-06   0.22003431E-05   0.13930301E-06   0.23375011E-05   0.23396461E-05
  12.433   6.633   0.92217445E-04   0.21905408E-05   0.14537101E-06   0.21987108E-05   0.13936936E-06   0.23359118E-05   0.23380802E-05
  12.450   6.650   0.92331190E-04   0.21888872E-05   0.14545613E-06   0.21970967E-05   0.13943864E-06   0.23343433E-05   0.23365353E-05
  12.467   6.667   0.92446356E-04   0.21872512E-05   0.14554443E-06   0.21955006E-05   0.13951086E-06   0.23327956E-05   0.23350114E-05
  12.483   6.683   0.92562955E-04   0.21856329E-05   0.14563591E-06   0.21939226E-05   0.13958605E-06   0.23312688E-05   0.23335087E-05
  12.500   6.700   0.92681002E-04   0.21840322E-05   0.14573062E-06   0.21923628E-05   0.13966423E-06   0.23297629E-05   0.23320270E-05
  12.517   6.717   0.92800512E-04   0.21824494E-05   0.14582856E-06   0.21908212E-05   0.13974542E-06   0.23282779E-05   0.23305666E-05
  12.533   6.733   0.92921498E-04   0.21808842E-05   0.14592978E-06   0.21892978E-05   0.13982965E-06   0.23268140E-05   0.23291275E-05
  12.550   6.750   0.93043976E-04   0.21793369E-05   0.14603428E-06   0.21877927E-05   0.13991694E-06   0.23253712E-05   0.23277096E-05
  12.567   6.767   0.93167961E-04   0.21778074E-05   0.14614211E-06   0.21863059E-05   0.14000731E-06   0.23239495E-05   0.23263132E-05
  12.583   6.783   0.93293468E-04   0.21762958E-05   0.14625329E-06   0.21848375E-05   0.14010079E-06   0.23225491E-05   0.23249383E-05
  12.600   6.800   0.93420513E-04   0.21748020E-05   0.14636784E-06   0.21833874E-05   0.14019740E-06   0.23211699E-05   0.23235848E-05
  12.617   6.817   0.93549112E-04   0.21733262E-05   0.14648580E-06   0.21819559E-05   0.14029716E-06   0.23198120E-05   0.23222530E-05
  12.633   6.833   0.93679280E-04   0.21718684E-05   0.14660719E-06   0.21805427E-05   0.14040011E-06   0.23184756E-05   0.23209428E-05
  12.650   6.850   0.93811034E-04   0.21704286E-05   0.14673204E-06   0.21791481E-05   0.14050627E-06   0.23171606E-05   0.23196544E-05
  12.667   6.867   0.93944390E-04   0.21690068E-05   0.14686038E-06   0.21777721E-05   0.14061566E-06   0.23158672E-05   0.23183878E-05
  12.683   6.883   0.94079366E-04   0.21676031E-05   0.14699224E-06   0.21764147E-05   0.14072831E-06   0.23145953E-05   0.23171430E-05
  12.700   6.900   0.94215978E-04   0.21662175E-05   0.14712766E-06   0.21750760E-05   0.14084425E-06   0.23133451E-05   0.23159202E-05
  12.717   6.917   0.94354244E-04   0.21648500E-05   0.14726666E-06   0.21737559E-05   0.14096351E-06   0.23121167E-05   0.23147195E-05
  12.733   6.933   0.94494182E-04   0.21635008E-05   0.14740928E-06   0.21724547E-05   0.14108612E-06   0.23109101E-05   0.23135408E-05
  12.750   6.950   0.94635809E-04   0.21621698E-05   0.14755555E-06   0.21711722E-05   0.14121210E-06   0.23097253E-05   0.23123843E-05
  12.767   6.967   0.94779145E-04   0.21608570E-05   0.14770550E-06   0.21699085E-05   0.14134149E-06   0.23085625E-05   0.23112500E-05
  12.783   6.983   0.94924206E-04   0.21595626E-05   0.14785916E-06   0.21686638E-05   0.14147431E-06   0.23074217E-05   0.23101381E-05
  12.800   7.000   0.95071013E-04   0.21582865E-05   0.14801658E-06   0.21674380E-05   0.14161060E-06   0.23063030E-05   0.23090486E-05
  12.817   7.017   0.95219584E-04   0.21570287E-05   0.14817778E-06   0.21662311E-05   0.14175038E-06   0.23052065E-05   0.23079815E-05
  12.833   7.033   0.95369940E-04   0.21557895E-05   0.14834280E-06   0.21650434E-05   0.14189370E-06   0.23041323E-05   0.23069371E-05
  12.850   7.050   0.95522099E-04   0.21545687E-05   0.14851168E-06   0.21638747E-05   0.14204057E-06   0.23030803E-05   0.23059153E-05
  12.867   7.067   0.95676082E-04   0.21533664E-05   0.14868446E-06   0.21627252E-05   0.14219104E-06   0.23020508E-05   0.23049162E-05
  12.883   7.083   0.95831909E-04   0.21521826E-05   0.14886116E-06   0.21615948E-05   0.14234514E-06   0.23010438E-05   0.23039400E-05
  12.900   7.100   0.95989602E-04   0.21510175E-05   0.14904184E-06   0.21604838E-05   0.14250290E-06   0.23000593E-05   0.23029866E-05
  12.917   7.117   0.96149181E-04   0.21498710E-05   0.14922653E-06   0.21593920E-05   0.14266435E-06   0.22990975E-05   0.23020563E-05
  12.933   7.133   0.96310669E-04   0.21487432E-05   0.14941527E-06   0.21583196E-05   0.14282954E-06   0.22981584E-05   0.23011491E-05
  12.950   7.150   0.96474086E-04   0.21476341E-05   0.14960810E-06   0.21572666E-05   0.14299850E-06   0.22972422E-05   0.23002651E-05
  12.967   7.167   0.96639455E-04   0.21465438E-05   0.14980506E-06   0.21562331E-05   0.14317127E-06   0.22963489E-05   0.22994043E-05
  12.983   7.183   0.96806799E-04   0.21454723E-05   0.15000620E-06   0.21552191E-05   0.14334788E-06   0.22954785E-05   0.22985669E-05
  13.000   7.200   0.96976141E-04   0.21444197E-05   0.15021155E-06   0.21542247E-05   0.14352837E-06   0.22946313E-05   0.22977530E-05
  13.017   7.217   0.97147504E-04   0.21433860E-05   0.15042117E-06   0.21532499E-05   0.14371278E-06   0.22938072E-05   0.22969627E-05
  13.033   7.233   0.97320912E-04   0.21423713E-05   0.15063509E-06   0.21522949E-05   0.14390115E-06   0.22930064E-05   0.22961960E-05
  13.050   7.250   0.97496390E-04   0.21413756E-05   0.15085336E-06   0.21513596E-05   0.14409352E-06   0.22922290E-05   0.22954531E-05
  13.067   7.267   0.97673962E-04   0.21403990E-05   0.15107603E-06   0.21504441E-05   0.14428994E-06   0.22914750E-05   0.22947341E-05
  13.083   7.283   0.97853652E-04   0.21394415E-05   0.15130315E-06   0.21495486E-05   0.14449044E-06   0.22907446E-05   0.22940390E-05
  13.100   7.300   0.98035487E-04   0.21385031E-05   0.15153475E-06   0.21486730E-05   0.14469507E-06   0.22900379E-05   0.22933681E-05
  13.117   7.317   0.98219493E-04   0.21375840E-05   0.15177090E-06   0.21478174E-05   0.14490387E-06   0.22893549E-05   0.22927213E-05
  13.133   7.333   0.98405695E-04   0.21366841E-05   0.15201164E-06   0.21469819E-05   0.14511688E-06   0.22886957E-05   0.22920988E-05
  13.150   7.350   0.98594122E-04   0.21358036E-05   0.15225703E-06   0.21461665E-05   0.14533416E-06   0.22880606E-05   0.22915007E-05
  13.167   7.367   0.98784799E-04   0.21349424E-05   0.15250711E-06   0.21453714E-05   0.14555574E-06   0.22874495E-05   0.22909271E-05
  13.183   7.383   0.98977755E-04   0.21341006E-05   0.15276193E-06   0.21445965E-05   0.14578167E-06   0.22868626E-05   0.22903782E-05
  13.200   7.400   0.99173019E-04   0.21332783E-05   0.15302156E-06   0.21438420E-05   0.14601201E-06   0.22862999E-05   0.22898540E-05
  13.217   7.417   0.99370618E-04   0.21324756E-05   0.15328604E-06   0.21431080E-05   0.14624679E-06   0.22857616E-05   0.22893547E-05
  13.233   7.433   0.99570583E-04   0.21316925E-05   0.15355544E-06   0.21423944E-05   0.14648608E-06   0.22852479E-05   0.22888804E-05
  13.250   7.450   0.99772943E-04   0.21309290E-05   0.15382980E-06   0.21417013E-05   0.14672992E-06   0.22847588E-05   0.22884312E-05
  13.267   7.467   0.99977729E-04   0.21301852E-05   0.15410919E-06   0.21410289E-05   0.14697836E-06   0.22842943E-05   0.22880073E-05
  13.283   7.483   0.10018497E-03   0.21294611E-05   0.15439367E-06   0.21403772E-05   0.14723145E-06   0.22838548E-05   0.22876087E-05
  13.300   7.500   0.10039470E-03   0.21287569E-05   0.15468329E-06   0.21397463E-05   0.14748925E-06   0.22834402E-05   0.22872355E-05
  13.317   7.517   0.10060695E-03   0.21280725E-05   0.15497812E-06   0.21391362E-05   0.14775182E-06   0.22830507E-05   0.22868880E-05
  13.333   7.533   0.10082175E-03   0.21274081E-05   0.15527822E-06   0.21385471E-05   0.14801921E-06   0.22826863E-05   0.22865663E-05
  13.350   7.550   0.10103914E-03   0.21267637E-05   0.15558366E-06   0.21379790E-05   0.14829147E-06   0.22823474E-05   0.22862704E-05
  13.367   7.567   0.10125915E-03   0.21261393E-05   0.15589449E-06   0.21374319E-05   0.14856866E-06   0.22820338E-05   0.22860006E-05
  13.383   7.583   0.10148181E-03   0.21255351E-05   0.15621080E-06   0.21369060E-05   0.14885085E-06   0.22817459E-05   0.22857569E-05
  13.400   7.600   0.10170716E-03   0.21249510E-05   0.15653263E-06   0.21364014E-05   0.14913809E-06   0.22814837E-05   0.22855395E-05
  13.417   7.617   0.10193524E-03   0.21243872E-05   0.15686007E-06   0.21359181E-05   0.14943044E-06   0.22812473E-05   0.22853486E-05
  13.433   7.633   0.10216608E-03   0.21238437E-05   0.15719318E-06   0.21354562E-05   0.14972797E-06   0.22810368E-05   0.22851842E-05
  13.450   7.650   0.10239971E-03   0.21233205E-05   0.15753204E-06   0.21350158E-05   0.15003074E-06   0.22808525E-05   0.22850465E-05
  13.467   7.667   0.10263619E-03   0.21228178E-05   0.15787672E-06   0.21345970E-05   0.15033882E-06   0.22806945E-05   0.22849358E-05
  13.483   7.683   0.10287553E-03   0.21223355E-05   0.15822728E-06   0.21341998E-05   0.15065227E-06   0.22805628E-05   0.22848521E-05
  13.500   7.700   0.10311779E-03   0.21218739E-05   0.15858382E-06   0.21338244E-05   0.15097116E-06   0.22804577E-05   0.22847955E-05
  13.517   7.717   0.10336301E-03   0.21214328E-05   0.15894641E-06   0.21334708E-05   0.15129555E-06   0.22803792E-05   0.22847663E-05
  13.533   7.733   0.10361122E-03   0.21210125E-05   0.15931512E-06   0.21331391E-05   0.15162553E-06   0.22803276E-05   0.22847646E-05
  13.550   7.750   0.10386246E-03   0.21206129E-05   0.15969004E-06   0.21328295E-05   0.15196115E-06   0.22803030E-05   0.22847906E-05
  13.567   7.767   0.10411678E-03   0.21202342E-05   0.16007125E-06   0.21325419E-05   0.15230250E-06   0.22803054E-05   0.22848444E-05
  13.583   7.783   0.10437423E-03   0.21198763E-05   0.16045884E-06   0.21322766E-05   0.15264964E-06   0.22803351E-05   0.22849262E-05
  13.600   7.800   0.10463484E-03   0.21195394E-05   0.16085288E-06   0.21320335E-05   0.15300266E-06   0.22803923E-05   0.22850362E-05
  13.617   7.817   0.10489865E-03   0.21192236E-05   0.16125347E-06   0.21318128E-05   0.15336163E-06   0.22804771E-05   0.22851745E-05
  13.633   7.833   0.10516573E-03   0.21189288E-05   0.16166070E-06   0.21316146E-05   0.15372664E-06   0.22805895E-05   0.22853413E-05
  13.650   7.850   0.10543610E-03   0.21186553E-05   0.16207466E-06   0.21314390E-05   0.15409775E-06   0.22807299E-05   0.22855367E-05
  13.667   7.867   0.10570983E-03   0.21184030E-05   0.16249544E-06   0.21312860E-05   0.15447506E-06   0.22808984E-05   0.22857611E-05
  13.683   7.883   0.10598695E-03   0.21181720E-05   0.16292313E-06   0.21311559E-05   0.15485864E-06   0.22810951E-05   0.22860145E-05
  13.700   7.900   0.10626752E-03   0.21179624E-05   0.16335784E-06   0.21310486E-05   0.15524859E-06   0.22813203E-05   0.22862971E-05
  13.717   7.917   0.10655159E-03   0.21177743E-05   0.16379966E-06   0.21309642E-05   0.15564499E-06   0.22815740E-05   0.22866092E-05
  13.733   7.933   0.10683920E-03   0.21176078E-05   0.16424870E-06   0.21309030E-05   0.15604794E-06   0.22818565E-05   0.22869509E-05
  13.750   7.950   0.10713042E-03   0.21174628E-05   0.16470505E-06   0.21308649E-05   0.15645751E-06   0.22821679E-05   0.22873224E-05
  13.767   7.967   0.10742528E-03   0.21173396E-05   0.16516883E-06   0.21308501E-05   0.15687381E-06   0.22825084E-05   0.22877239E-05
  13.783   7.983   0.10772386E-03   0.21172381E-05   0.16564013E-06   0.21308587E-05   0.15729693E-06   0.22828783E-05   0.22881557E-05
  13.800   8.000   0.10802620E-03   0.21171585E-05   0.16611908E-06   0.21308908E-05   0.15772697E-06   0.22832776E-05   0.22886178E-05
  13.817   8.017   0.10833236E-03   0.21171008E-05   0.16660577E-06   0.21309466E-05   0.15816402E-06   0.22837066E-05   0.22891106E-05
  13.833   8.033   0.10864240E-03   0.21170651E-05   0.16710034E-06   0.21310260E-05   0.15860820E-06   0.22841655E-05   0.22896342E-05
  13.850   8.050   0.10895638E-03   0.21170515E-05   0.16760289E-06   0.21311293E-05   0.15905959E-06   0.22846544E-05   0.22901889E-05
  13.867   8.067   0.10927435E-03   0.21170601E-05   0.16811354E-06   0.21312565E-05   0.15951831E-06   0.22851736E-05   0.22907748E-05
  13.883   8.083   0.10959638E-03   0.21170909E-05   0.16863241E-06   0.21314078E-05   0.15998446E-06   0.22857233E-05   0.22913923E-05
  13.900   8.100   0.10992254E-03   0.21171440E-05   0.16915964E-06   0.21315833E-05   0.16045816E-06   0.22863037E-05   0.22920414E-05
  13.917   8.117   0.11025288E-03   0.21172195E-05   0.16969534E-06   0.21317830E-05   0.16093951E-06   0.22869149E-05   0.22927225E-05
  13.933   8.133   0.11058746E-03   0.21173175E-05   0.17023965E-06   0.21320072E-05   0.16142863E-06   0.22875572E-05   0.22934358E-05
  13.950   8.150   0.11092637E-03   0.21174381E-05   0.17079271E-06   0.21322559E-05   0.16192565E-06   0.22882308E-05   0.22941815E-05
  13.967   8.167   0.11126966E-03   0.21175813E-05   0.17135464E-06   0.21325293E-05   0.16243067E-06   0.22889359E-05   0.22949599E-05
  13.983   8.183   0.11161740E-03   0.21177472E-05   0.17192558E-06   0.21328274E-05   0.16294382E-06   0.22896728E-05   0.22957712E-05
  14.000   8.200   0.11196967E-03   0.21179360E-05   0.17250568E-06   0.21331504E-05   0.16346522E-06   0.22904416E-05   0.22966156E-05
  14.017   8.217   0.11232654E-03   0.21181476E-05   0.17309509E-06   0.21334985E-05   0.16399501E-06   0.22912427E-05   0.22974935E-05
  14.033   8.233   0.11268808E-03   0.21183822E-05   0.17369394E-06   0.21338717E-05   0.16453332E-06   0.22920761E-05   0.22984050E-05
  14.050   8.250   0.11305437E-03   0.21186398E-05   0.17430240E-06   0.21342702E-05   0.16508027E-06   0.22929422E-05   0.22993504E-05
  14.067   8.267   0.11342548E-03   0.21189206E-05   0.17492062E-06   0.21346941E-05   0.16563600E-06   0.22938412E-05   0.23003301E-05
  14.083   8.283   0.11380150E-03   0.21192246E-05   0.17554875E-06   0.21351435E-05   0.16620065E-06   0.22947733E-05   0.23013442E-05
  14.100   8.300   0.11418250E-03   0.21195519E-05   0.17618697E-06   0.21356186E-05   0.16677437E-06   0.22957389E-05   0.23023930E-05
  14.117   8.317   0.11456857E-03   0.21199026E-05   0.17683542E-06   0.21361195E-05   0.16735730E-06   0.22967380E-05   0.23034768E-05
  14.133   8.333   0.11495979E-03   0.21202768E-05   0.17749429E-06   0.21366464E-05   0.16794959E-06   0.22977711E-05   0.23045960E-05
  14.150   8.350   0.11535624E-03   0.21206745E-05   0.17816375E-06   0.21371993E-05   0.16855139E-06   0.22988382E-05   0.23057507E-05
  14.167   8.367   0.11575803E-03   0.21210959E-05   0.17884397E-06   0.21377785E-05   0.16916286E-06   0.22999398E-05   0.23069414E-05
  14.183   8.383   0.11616522E-03   0.21215409E-05   0.17953514E-06   0.21383840E-05   0.16978416E-06   0.23010761E-05   0.23081682E-05
  14.200   8.400   0.11657792E-03   0.21220098E-05   0.18023744E-06   0.21390160E-05   0.17041544E-06   0.23022473E-05   0.23094315E-05
  14.217   8.417   0.11699623E-03   0.21225026E-05   0.18095107E-06   0.21396747E-05   0.17105688E-06   0.23034537E-05   0.23107316E-05
  14.233   8.433   0.11742023E-03   0.21230194E-05   0.18167621E-06   0.21403601E-05   0.17170865E-06   0.23046956E-05   0.23120688E-05
  14.250   8.450   0.11785002E-03   0.21235602E-05   0.18241306E-06   0.21410725E-05   0.17237092E-06   0.23059733E-05   0.23134434E-05
  14.267   8.467   0.11828572E-03   0.21241252E-05   0.18316184E-06   0.21418119E-05   0.17304386E-06   0.23072871E-05   0.23148558E-05
  14.283   8.483   0.11872741E-03   0.21247144E-05   0.18392274E-06   0.21425786E-05   0.17372767E-06   0.23086372E-05   0.23163062E-05
  14.300   8.500   0.11917520E-03   0.21253279E-05   0.18469598E-06   0.21433726E-05   0.17442252E-06   0.23100239E-05   0.23177951E-05
  14.317   8.517   0.11962921E-03   0.21259659E-05   0.18548179E-06   0.21441942E-05   0.17512862E-06   0.23114476E-05   0.23193228E-05
  14.333   8.533   0.12008954E-03   0.21266282E-05   0.18628037E-06   0.21450434E-05   0.17584615E-06   0.23129086E-05   0.23208896E-05
  14.350   8.550   0.12055630E-03   0.21273152E-05   0.18709197E-06   0.21459205E-05   0.17657531E-06   0.23144072E-05   0.23224958E-05
  14.367   8.567   0.12102962E-03   0.21280268E-05   0.18791682E-06   0.21468256E-05   0.17731632E-06   0.23159436E-05   0.23241419E-05
  14.383   8.583   0.12150960E-03   0.21287631E-05   0.18875516E-06   0.21477588E-05   0.17806937E-06   0.23175183E-05   0.23258282E-05
  14.400   8.600   0.12199637E-03   0.21295242E-05   0.18960723E-06   0.21487203E-05   0.17883469E-06   0.23191314E-05   0.23275550E-05
  14.417   8.617   0.12249005E-03   0.21303102E-05   0.19047328E-06   0.21497103E-05   0.17961249E-06   0.23207835E-05   0.23293228E-05
  14.433   8.633   0.12299078E-03   0.21311212E-05   0.19135358E-06   0.21507290E-05   0.18040301E-06   0.23224747E-05   0.23311320E-05
  14.450   8.650   0.12349867E-03   0.21319571E-05   0.19224839E-06   0.21517764E-05   0.18120646E-06   0.23242055E-05   0.23329828E-05
  14.467   8.667   0.12401387E-03   0.21328183E-05   0.19315798E-06   0.21528527E-05   0.18202309E-06   0.23259762E-05   0.23348758E-05
  14.483   8.683   0.12453650E-03   0.21337045E-05   0.19408264E-06   0.21539582E-05   0.18285315E-06   0.23277872E-05   0.23368114E-05
  14.500   8.700   0.12506672E-03   0.21346161E-05   0.19502263E-06   0.21550930E-05   0.18369687E-06   0.23296387E-05   0.23387899E-05
  14.517   8.717   0.12560465E-03   0.21355530E-05   0.19597826E-06   0.21562572E-05   0.18455451E-06   0.23315313E-05   0.23408118E-05
  14.533   8.733   0.12615045E-03   0.21365153E-05   0.19694983E-06   0.21574511E-05   0.18542634E-06   0.23334651E-05   0.23428774E-05
  14.550   8.750   0.12670427E-03   0.21375031E-05   0.19793764E-06   0.21586748E-05   0.18631262E-06   0.23354407E-05   0.23449874E-05
  14.567   8.767   0.12726626E-03   0.21385164E-05   0.19894201E-06   0.21599284E-05   0.18721362E-06   0.23374585E-05   0.23471420E-05
  14.583   8.783   0.12783658E-03   0.21395554E-05   0.19996327E-06   0.21612122E-05   0.18812963E-06   0.23395187E-05   0.23493418E-05
  14.600   8.800   0.12841539E-03   0.21406200E-05   0.20100173E-06   0.21625263E-05   0.18906093E-06   0.23416218E-05   0.23515873E-05
  14.617   8.817   0.12900285E-03   0.21417104E-05   0.20205775E-06   0.21638709E-05   0.19000782E-06   0.23437682E-05   0.23538788E-05
  14.633   8.833   0.12959914E-03   0.21428266E-05   0.20313168E-06   0.21652462E-05   0.19097060E-06   0.23459583E-05   0.23562168E-05
  14.650   8.850   0.13020443E-03   0.21439687E-05   0.20422386E-06   0.21666524E-05   0.19194959E-06   0.23481925E-05   0.23586020E-05
  14.667   8.867   0.13081890E-03   0.21451366E-05   0.20533468E-06   0.21680896E-05   0.19294509E-06   0.23504713E-05   0.23610347E-05
  14.683   8.883   0.13144273E-03   0.21463306E-05   0.20646450E-06   0.21695580E-05   0.19395745E-06   0.23527951E-05   0.23635155E-05
  14.700   8.900   0.13207612E-03   0.21475506E-05   0.20761371E-06   0.21710579E-05   0.19498698E-06   0.23551643E-05   0.23660449E-05
  14.717   8.917   0.13271924E-03   0.21487967E-05   0.20878271E-06   0.21725893E-05   0.19603404E-06   0.23575794E-05   0.23686234E-05
  14.733   8.933   0.13337231E-03   0.21500688E-05   0.20997191E-06   0.21741525E-05   0.19709899E-06   0.23600408E-05   0.23712515E-05
  14.750   8.950   0.13403552E-03   0.21513672E-05   0.21118173E-06   0.21757477E-05   0.19818218E-06   0.23625489E-05   0.23739299E-05
  14.767   8.967   0.13470909E-03   0.21526918E-05   0.21241260E-06   0.21773750E-05   0.19928398E-06   0.23651044E-05   0.23766590E-05
  14.783   8.983   0.13539322E-03   0.21540426E-05   0.21366496E-06   0.21790347E-05   0.20040478E-06   0.23677075E-05   0.23794395E-05
  14.800   9.000   0.13608814E-03   0.21554197E-05   0.21493927E-06   0.21807270E-05   0.20154497E-06   0.23703589E-05   0.23822719E-05
  14.817   9.017   0.13679407E-03   0.21568230E-05   0.21623599E-06   0.21824519E-05   0.20270495E-06   0.23730590E-05   0.23851569E-05
  14.833   9.033   0.13751125E-03   0.21582527E-05   0.21755559E-06   0.21842098E-05   0.20388514E-06   0.23758083E-05   0.23880949E-05
  14.850   9.050   0.13823991E-03   0.21597088E-05   0.21889859E-06   0.21860008E-05   0.20508596E-06   0.23786074E-05   0.23910868E-05
  14.867   9.067   0.13898030E-03   0.21611912E-05   0.22026547E-06   0.21878251E-05   0.20630785E-06   0.23814567E-05   0.23941330E-05
  14.883   9.083   0.13973266E-03   0.21627000E-05   0.22165677E-06   0.21896829E-05   0.20755126E-06   0.23843568E-05   0.23972342E-05
  14.900   9.100   0.14049727E-03   0.21642352E-05   0.22307302E-06   0.21915744E-05   0.20881664E-06   0.23873082E-05   0.24003911E-05
  14.917   9.117   0.14127438E-03   0.21657967E-05   0.22451477E-06   0.21934999E-05   0.21010448E-06   0.23903115E-05   0.24036044E-05
  14.933   9.133   0.14206426E-03   0.21673846E-05   0.22598258E-06   0.21954594E-05   0.21141526E-06   0.23933672E-05   0.24068747E-05
  14.950   9.150   0.14286721E-03   0.21689988E-05   0.22747704E-06   0.21974532E-05   0.21274948E-06   0.23964759E-05   0.24102027E-05
  14.967   9.167   0.14368349E-03   0.21706394E-05   0.22899875E-06   0.21994816E-05   0.21410766E-06   0.23996382E-05   0.24135892E-05
  14.983   9.183   0.14451343E-03   0.21723063E-05   0.23054833E-06   0.22015446E-05   0.21549032E-06   0.24028547E-05   0.24170349E-05
  15.000   9.200   0.14535730E-03   0.21739995E-05   0.23212640E-06   0.22036425E-05   0.21689802E-06   0.24061259E-05   0.24205405E-05
  15.017   9.217   0.14621545E-03   0.21757189E-05   0.23373363E-06   0.22057755E-05   0.21833131E-06   0.24094526E-05   0.24241068E-05
  15.033   9.233   0.14708817E-03   0.21774645E-05   0.23537069E-06   0.22079439E-05   0.21979076E-06   0.24128352E-05   0.24277346E-05
  15.050   9.250   0.14797582E-03   0.21792363E-05   0.23703826E-06   0.22101477E-05   0.22127698E-06   0.24162745E-05   0.24314247E-05
  15.067   9.267   0.14887872E-03   0.21810341E-05   0.23873707E-06   0.22123873E-05   0.22279057E-06   0.24197711E-05   0.24351778E-05
  15.083   9.283   0.14979724E-03   0.21828579E-05   0.24046785E-06   0.22146627E-05   0.22433216E-06   0.24233257E-05   0.24389949E-05
  15.100   9.300   0.15073174E-03   0.21847076E-05   0.24223135E-06   0.22169743E-05   0.22590240E-06   0.24269389E-05   0.24428767E-05
  15.117   9.317   0.15168258E-03   0.21865831E-05   0.24402835E-06   0.22193222E-05   0.22750196E-06   0.24306114E-05   0.24468241E-05
  15.133   9.333   0.15265016E-03   0.21884843E-05   0.24585967E-06   0.22217066E-05   0.22913151E-06   0.24343440E-05   0.24508381E-05
  15.150   9.350   0.15363487E-03   0.21904111E-05   0.24772611E-06   0.22241277E-05   0.23079178E-06   0.24381372E-05   0.24549195E-05
  15.167   9.367   0.15463711E-03   0.21923634E-05   0.24962855E-06   0.22265857E-05   0.23248348E-06   0.24419919E-05   0.24590692E-05
  15.183   9.383   0.15565732E-03   0.21943410E-05   0.25156785E-06   0.22290809E-05   0.23420738E-06   0.24459089E-05   0.24632882E-05
  15.200   9.400   0.15669592E-03   0.21963438E-05   0.25354493E-06   0.22316133E-05   0.23596423E-06   0.24498887E-05   0.24675776E-05
  15.217   9.417   0.15775336E-03   0.21983716E-05   0.25556072E-06   0.22341833E-05   0.23775484E-06   0.24539323E-05   0.24719381E-05
  15.233   9.433   0.15883010E-03   0.22004242E-05   0.25761619E-06   0.22367910E-05   0.23958002E-06   0.24580404E-05   0.24763710E-05
  15.250   9.450   0.15992662E-03   0.22025015E-05   0.25971233E-06   0.22394366E-05   0.24144064E-06   0.24622138E-05   0.24808773E-05
  15.267   9.467   0.16104341E-03   0.22046031E-05   0.26185017E-06   0.22421204E-05   0.24333755E-06   0.24664533E-05   0.24854579E-05
  15.283   9.483   0.16218097E-03   0.22067290E-05   0.26403076E-06   0.22448424E-05   0.24527166E-06   0.24707598E-05   0.24901141E-05
  15.300   9.500   0.16333982E-03   0.22088788E-05   0.26625522E-06   0.22476029E-05   0.24724390E-06   0.24751341E-05   0.24948468E-05
  15.317   9.517   0.16452050E-03   0.22110524E-05   0.26852465E-06   0.22504022E-05   0.24925523E-06   0.24795770E-05   0.24996574E-05
  15.333   9.533   0.16572358E-03   0.22132493E-05   0.27084023E-06   0.22532403E-05   0.25130663E-06   0.24840895E-05   0.25045469E-05
  15.350   9.550   0.16694961E-03   0.22154694E-05   0.27320317E-06   0.22561175E-05   0.25339913E-06   0.24886725E-05   0.25095166E-05
  15.367   9.567   0.16819920E-03   0.22177122E-05   0.27561471E-06   0.22590339E-05   0.25553379E-06   0.24933269E-05   0.25145677E-05
  15.383   9.583   0.16947296E-03   0.22199775E-05   0.27807613E-06   0.22619898E-05   0.25771168E-06   0.24980536E-05   0.25197015E-05
  15.400   9.600   0.17077151E-03   0.22222649E-05   0.28058876E-06   0.22649853E-05   0.25993393E-06   0.25028536E-05   0.25249192E-05
  15.417   9.617   0.17209551E-03   0.22245739E-05   0.28315398E-06   0.22680206E-05   0.26220171E-06   0.25077279E-05   0.25302223E-05
  15.433   9.633   0.17344564E-03   0.22269043E-05   0.28577321E-06   0.22710959E-05   0.26451621E-06   0.25126775E-05   0.25356121E-05
  15.450   9.650   0.17482259E-03   0.22292555E-05   0.28844791E-06   0.22742113E-05   0.26687868E-06   0.25177034E-05   0.25410900E-05
  15.467   9.667   0.17622708E-03   0.22316271E-05   0.29117960E-06   0.22773671E-05   0.26929038E-06   0.25228067E-05   0.25466574E-05
  15.483   9.683   0.17765986E-03   0.22340185E-05   0.29396985E-06   0.22805633E-05   0.27175265E-06   0.25279884E-05   0.25523159E-05
  15.500   9.700   0.17912170E-03   0.22364293E-05   0.29682029E-06   0.22838002E-05   0.27426685E-06   0.25332496E-05   0.25580670E-05
  15.517   9.717   0.18061339E-03   0.22388589E-05   0.29973260E-06   0.22870779E-05   0.27683440E-06   0.25385915E-05   0.25639123E-05
  15.533   9.733   0.18213576E-03   0.22413067E-05   0.30270851E-06   0.22903965E-05   0.27945676E-06   0.25440152E-05   0.25698533E-05
  15.550   9.750   0.18368966E-03   0.22437721E-05   0.30574983E-06   0.22937562E-05   0.28213544E-06   0.25495219E-05   0.25758917E-05
  15.567   9.767   0.18527597E-03   0.22462543E-05   0.30885842E-06   0.22971572E-05   0.28487201E-06   0.25551128E-05   0.25820292E-05
  15.583   9.783   0.18689562E-03   0.22487528E-05   0.31203621E-06   0.23005996E-05   0.28766809E-06   0.25607890E-05   0.25882677E-05
  15.600   9.800   0.18854954E-03   0.22512668E-05   0.31528521E-06   0.23040835E-05   0.29052536E-06   0.25665520E-05   0.25946089E-05
  15.617   9.817   0.19023871E-03   0.22537954E-05   0.31860748E-06   0.23076090E-05   0.29344555E-06   0.25724029E-05   0.26010546E-05
  15.633   9.833   0.19196416E-03   0.22563380E-05   0.32200518E-06   0.23111763E-05   0.29643046E-06   0.25783431E-05   0.26076068E-05
  15.650   9.850   0.19372693E-03   0.22588935E-05   0.32548052E-06   0.23147855E-05   0.29948195E-06   0.25843740E-05   0.26142675E-05
  15.667   9.867   0.19552812E-03   0.22614610E-05   0.32903583E-06   0.23184367E-05   0.30260196E-06   0.25904968E-05   0.26210387E-05
  15.683   9.883   0.19736884E-03   0.22640397E-05   0.33267348E-06   0.23221299E-05   0.30579248E-06   0.25967131E-05   0.26279224E-05
  15.700   9.900   0.19925029E-03   0.22666284E-05   0.33639597E-06   0.23258653E-05   0.30905559E-06   0.26030243E-05   0.26349209E-05
  15.717   9.917   0.20117366E-03   0.22692261E-05   0.34020586E-06   0.23296430E-05   0.31239343E-06   0.26094319E-05   0.26420364E-05
  15.733   9.933   0.20314022E-03   0.22718316E-05   0.34410584E-06   0.23334630E-05   0.31580823E-06   0.26159374E-05   0.26492712E-05
  15.750   9.950   0.20515129E-03   0.22744437E-05   0.34809867E-06   0.23373254E-05   0.31930229E-06   0.26225424E-05   0.26566277E-05
  15.767   9.967   0.20720821E-03   0.22770613E-05   0.35218723E-06   0.23412302E-05   0.32287802E-06   0.26292485E-05   0.26641082E-05
  15.783   9.983   0.20931239E-03   0.22796828E-05   0.35637451E-06   0.23451775E-05   0.32653790E-06   0.26360573E-05   0.26717154E-05
  15.800  10.000   0.21146530E-03   0.22823070E-05   0.36066362E-06   0.23491673E-05   0.33028451E-06   0.26429706E-05   0.26794519E-05
  15.817  10.017   0.21366846E-03   0.22849323E-05   0.36505779E-06   0.23531997E-05   0.33412053E-06   0.26499901E-05   0.26873203E-05
  15.833  10.033   0.21592344E-03   0.22875571E-05   0.36956036E-06   0.23572747E-05   0.33804873E-06   0.26571175E-05   0.26953234E-05
  15.850  10.050   0.21823189E-03   0.22901799E-05   0.37417482E-06   0.23613921E-05   0.34207201E-06   0.26643547E-05   0.27034641E-05
  15.867  10.067   0.22059550E-03   0.22927989E-05   0.37890480E-06   0.23655521E-05   0.34619336E-06   0.26717037E-05   0.27117455E-05
  15.883  10.083   0.22301605E-03   0.22954122E-05   0.38375404E-06   0.23697547E-05   0.35041589E-06   0.26791663E-05   0.27201705E-05
  15.900  10.100   0.22549538E-03   0.22980180E-05   0.38872649E-06   0.23739996E-05   0.35474286E-06   0.26867445E-05   0.27287425E-05
  15.917  10.117   0.22803540E-03   0.23006143E-05   0.39382619E-06   0.23782870E-05   0.35917761E-06   0.26944405E-05   0.27374646E-05
  15.933  10.133   0.23063811E-03   0.23031988E-05   0.39905741E-06   0.23826167E-05   0.36372365E-06   0.27022562E-05   0.27463404E-05
  15.950  10.150   0.23330558E-03   0.23057694E-05   0.40442455E-06   0.23869887E-05   0.36838462E-06   0.27101939E-05   0.27553733E-05
  15.967  10.167   0.23603996E-03   0.23083237E-05   0.40993220E-06   0.23914027E-05   0.37316431E-06   0.27182559E-05   0.27645670E-05
  15.983  10.183   0.23884350E-03   0.23108592E-05   0.41558515E-06   0.23958588E-05   0.37806664E-06   0.27264444E-05   0.27739255E-05
  16.000  10.200   0.24171854E-03   0.23133734E-05   0.42138838E-06   0.24003568E-05   0.38309573E-06   0.27347618E-05   0.27834525E-05
  16.017  10.217   0.24466751E-03   0.23158635E-05   0.42734708E-06   0.24048964E-05   0.38825583E-06   0.27432105E-05   0.27931522E-05
  16.033  10.233   0.24769295E-03   0.23183265E-05   0.43346666E-06   0.24094775E-05   0.39355139E-06   0.27517932E-05   0.28030289E-05
  16.050  10.250   0.25079750E-03   0.23207595E-05   0.43975276E-06   0.24141000E-05   0.39898702E-06   0.27605123E-05   0.28130870E-05
  16.067  10.267   0.25398391E-03   0.23231594E-05   0.44621126E-06   0.24187635E-05   0.40456757E-06   0.27693706E-05   0.28233311E-05
  16.083  10.283   0.25725507E-03   0.23255226E-05   0.45284829E-06   0.24234679E-05   0.41029803E-06   0.27783709E-05   0.28337659E-05
  16.100  10.300   0.26061396E-03   0.23278457E-05   0.45967024E-06   0.24282128E-05   0.41618364E-06   0.27875160E-05   0.28443965E-05
  16.117  10.317   0.26406370E-03   0.23301251E-05   0.46668378E-06   0.24329980E-05   0.42222987E-06   0.27968088E-05   0.28552279E-05
  16.133  10.333   0.26760756E-03   0.23323566E-05   0.47389588E-06   0.24378231E-05   0.42844239E-06   0.28062525E-05   0.28662655E-05
  16.150  10.350   0.27124894E-03   0.23345364E-05   0.48131379E-06   0.24426878E-05   0.43482714E-06   0.28158502E-05   0.28775149E-05
  16.167  10.367   0.27499138E-03   0.23366600E-05   0.48894512E-06   0.24475916E-05   0.44139030E-06   0.28256052E-05   0.28889819E-05
  16.183  10.383   0.27883860E-03   0.23387230E-05   0.49679778E-06   0.24525343E-05   0.44813834E-06   0.28355208E-05   0.29006726E-05
  16.200  10.400   0.28279446E-03   0.23407204E-05   0.50488005E-06   0.24575153E-05   0.45507798E-06   0.28456005E-05   0.29125933E-05
  16.217  10.417   0.28686300E-03   0.23426474E-05   0.51320058E-06   0.24625342E-05   0.46221628E-06   0.28558480E-05   0.29247505E-05
  16.233  10.433   0.29104845E-03   0.23444986E-05   0.52176840E-06   0.24675904E-05   0.46956056E-06   0.28662670E-05   0.29371510E-05
  16.250  10.450   0.29535523E-03   0.23462685E-05   0.53059296E-06   0.24726835E-05   0.47711851E-06   0.28768615E-05   0.29498020E-05
  16.267  10.467   0.29978794E-03   0.23479512E-05   0.53968413E-06   0.24778128E-05   0.48489814E-06   0.28876354E-05   0.29627110E-05
  16.283  10.483   0.30435142E-03   0.23495406E-05   0.54905225E-06   0.24829778E-05   0.49290783E-06   0.28985929E-05   0.29758856E-05
  16.300  10.500   0.30905070E-03   0.23510302E-05   0.55870811E-06   0.24881778E-05   0.50115632E-06   0.29097384E-05   0.29893341E-05
  16.317  10.517   0.31389106E-03   0.23524133E-05   0.56866302E-06   0.24934120E-05   0.50965277E-06   0.29210763E-05   0.30030648E-05
  16.333  10.533   0.31887803E-03   0.23536826E-05   0.57892880E-06   0.24986798E-05   0.51840675E-06   0.29326114E-05   0.30170866E-05
  16.350  10.550   0.32401737E-03   0.23548307E-05   0.58951783E-06   0.25039805E-05   0.52742827E-06   0.29443485E-05   0.30314087E-05
  16.367  10.567   0.32931515E-03   0.23558497E-05   0.60044307E-06   0.25093131E-05   0.53672779E-06   0.29562927E-05   0.30460409E-05
  16.383  10.583   0.33477767E-03   0.23567312E-05   0.61171808E-06   0.25146768E-05   0.54631626E-06   0.29684493E-05   0.30609930E-05
  16.400  10.600   0.34041158E-03   0.23574666E-05   0.62335707E-06   0.25200707E-05   0.55620515E-06   0.29808236E-05   0.30762759E-05
  16.417  10.617   0.34622382E-03   0.23580466E-05   0.63537492E-06   0.25254939E-05   0.56640646E-06   0.29934215E-05   0.30919003E-05
  16.433  10.633   0.35222164E-03   0.23584616E-05   0.64778721E-06   0.25309453E-05   0.57693274E-06   0.30062488E-05   0.31078780E-05
  16.450  10.650   0.35841267E-03   0.23587015E-05   0.66061027E-06   0.25364238E-05   0.58779715E-06   0.30193118E-05   0.31242210E-05
  16.467  10.667   0.36480488E-03   0.23587557E-05   0.67386122E-06   0.25419285E-05   0.59901346E-06   0.30326169E-05   0.31409419E-05
  16.483  10.683   0.37140664E-03   0.23586128E-05   0.68755799E-06   0.25474580E-05   0.61059609E-06   0.30461708E-05   0.31580541E-05
  16.500  10.700   0.37822670E-03   0.23582612E-05   0.70171938E-06   0.25530111E-05   0.62256016E-06   0.30599806E-05   0.31755713E-05
  16.517  10.717   0.38527425E-03   0.23576886E-05   0.71636509E-06   0.25585866E-05   0.63492150E-06   0.30740537E-05   0.31935081E-05
  16.533  10.733   0.39255893E-03   0.23568818E-05   0.73151577E-06   0.25641832E-05   0.64769671E-06   0.30883976E-05   0.32118799E-05
  16.550  10.750   0.40009081E-03   0.23558275E-05   0.74719308E-06   0.25697993E-05   0.66090318E-06   0.31030205E-05   0.32307025E-05
  16.567  10.767   0.40788049E-03   0.23545111E-05   0.76341974E-06   0.25754335E-05   0.67455913E-06   0.31179308E-05   0.32499926E-05
  16.583  10.783   0.41593906E-03   0.23529178E-05   0.78021954E-06   0.25810843E-05   0.68868368E-06   0.31331373E-05   0.32697680E-05
  16.600  10.800   0.42427816E-03   0.23510318E-05   0.79761745E-06   0.25867500E-05   0.70329685E-06   0.31486493E-05   0.32900469E-05
  16.617  10.817   0.43290998E-03   0.23488367E-05   0.81563965E-06   0.25924290E-05   0.71841964E-06   0.31644763E-05   0.33108487E-05
  16.633  10.833   0.44184731E-03   0.23463151E-05   0.83431359E-06   0.25981195E-05   0.73407408E-06   0.31806287E-05   0.33321936E-05
  16.650  10.850   0.45110358E-03   0.23434490E-05   0.85366803E-06   0.26038196E-05   0.75028324E-06   0.31971170E-05   0.33541029E-05
  16.667  10.867   0.46069284E-03   0.23402194E-05   0.87373316E-06   0.26095275E-05   0.76707133E-06   0.32139525E-05   0.33765988E-05
  16.683  10.883   0.47062984E-03   0.23366064E-05   0.89454060E-06   0.26152411E-05   0.78446372E-06   0.32311470E-05   0.33997049E-05
  16.700  10.900   0.48093005E-03   0.23325895E-05   0.91612350E-06   0.26209584E-05   0.80248702E-06   0.32487130E-05   0.34234455E-05
  16.717  10.917   0.49160965E-03   0.23281468E-05   0.93851661E-06   0.26266773E-05   0.82116912E-06   0.32666634E-05   0.34478464E-05
  16.733  10.933   0.50268564E-03   0.23232558E-05   0.96175632E-06   0.26323954E-05   0.84053925E-06   0.32850122E-05   0.34729346E-05
  16.750  10.950   0.51417580E-03   0.23178930E-05   0.98588078E-06   0.26381104E-05   0.86062806E-06   0.33037737E-05   0.34987384E-05
  16.767  10.967   0.52609877E-03   0.23120336E-05   0.10109299E-05   0.26438199E-05   0.88146766E-06   0.33229635E-05   0.35252876E-05
  16.783  10.983   0.53847408E-03   0.23056522E-05   0.10369455E-05   0.26495215E-05   0.90309169E-06   0.33425977E-05   0.35526132E-05
  16.800  11.000   0.55132214E-03   0.22987221E-05   0.10639714E-05   0.26552125E-05   0.92553539E-06   0.33626935E-05   0.35807479E-05
