        RT(hours)            [O1D]         L_R_02           L_R_03           L_R_04           P_R_01           tot_loss         tot_prod
   5.817   0.017   0.32113410E-12   0.20923106E-04   0.20411336E-03   0.64664598E-04   0.28970107E-03   0.28970107E-03   0.28970107E-03
   5.833   0.033   0.32319404E-12   0.21055114E-04   0.20542274E-03   0.65079416E-04   0.29155728E-03   0.29155728E-03   0.29155728E-03
   5.850   0.050   0.32529091E-12   0.21188044E-04   0.20675566E-03   0.65501687E-04   0.29344539E-03   0.29344539E-03   0.29344539E-03
   5.867   0.067   0.32741981E-12   0.21321554E-04   0.20810898E-03   0.65930420E-04   0.29536095E-03   0.29536095E-03   0.29536095E-03
   5.883   0.083   0.32957810E-12   0.21455458E-04   0.20948104E-03   0.66365089E-04   0.29730159E-03   0.29730159E-03   0.29730159E-03
   5.900   0.100   0.33176407E-12   0.21589631E-04   0.21087077E-03   0.66805350E-04   0.29926575E-03   0.29926575E-03   0.29926575E-03
   5.917   0.117   0.33397644E-12   0.21723979E-04   0.21227733E-03   0.67250943E-04   0.30125225E-03   0.30125225E-03   0.30125225E-03
   5.933   0.133   0.33621416E-12   0.21858429E-04   0.21370007E-03   0.67701659E-04   0.30326016E-03   0.30326016E-03   0.30326016E-03
   5.950   0.150   0.33847634E-12   0.21992918E-04   0.21513843E-03   0.68157317E-04   0.30528866E-03   0.30528866E-03   0.30528866E-03
   5.967   0.167   0.34076217E-12   0.22127398E-04   0.21659189E-03   0.68617761E-04   0.30733705E-03   0.30733705E-03   0.30733705E-03
   5.983   0.183   0.34307094E-12   0.22261824E-04   0.21806001E-03   0.69082843E-04   0.30940468E-03   0.30940468E-03   0.30940468E-03
   6.000   0.200   0.34540192E-12   0.22396159E-04   0.21954234E-03   0.69552420E-04   0.31149091E-03   0.31149091E-03   0.31149091E-03
   6.017   0.217   0.34775442E-12   0.22530368E-04   0.22103841E-03   0.70026352E-04   0.31359513E-03   0.31359513E-03   0.31359513E-03
   6.033   0.233   0.35012769E-12   0.22664419E-04   0.22254779E-03   0.70504492E-04   0.31571670E-03   0.31571670E-03   0.31571670E-03
   6.050   0.250   0.35252098E-12   0.22798280E-04   0.22406997E-03   0.70986688E-04   0.31785494E-03   0.31785494E-03   0.31785494E-03
   6.067   0.267   0.35493349E-12   0.22931920E-04   0.22560447E-03   0.71472780E-04   0.32000917E-03   0.32000917E-03   0.32000917E-03
   6.083   0.283   0.35736436E-12   0.23065310E-04   0.22715074E-03   0.71962598E-04   0.32217865E-03   0.32217865E-03   0.32217865E-03
   6.100   0.300   0.35981272E-12   0.23198419E-04   0.22870823E-03   0.72455964E-04   0.32436262E-03   0.32436262E-03   0.32436262E-03
   6.117   0.317   0.36227762E-12   0.23331216E-04   0.23027635E-03   0.72952691E-04   0.32656025E-03   0.32656025E-03   0.32656025E-03
   6.133   0.333   0.36475809E-12   0.23463672E-04   0.23185447E-03   0.73452585E-04   0.32877073E-03   0.32877073E-03   0.32877073E-03
   6.150   0.350   0.36725312E-12   0.23595755E-04   0.23344197E-03   0.73955444E-04   0.33099317E-03   0.33099317E-03   0.33099317E-03
   6.167   0.367   0.36976167E-12   0.23727435E-04   0.23503818E-03   0.74461057E-04   0.33322667E-03   0.33322667E-03   0.33322667E-03
   6.183   0.383   0.37228267E-12   0.23858683E-04   0.23664243E-03   0.74969213E-04   0.33547033E-03   0.33547033E-03   0.33547033E-03
   6.200   0.400   0.37481503E-12   0.23989467E-04   0.23825404E-03   0.75479691E-04   0.33772320E-03   0.33772320E-03   0.33772320E-03
   6.217   0.417   0.37735765E-12   0.24119760E-04   0.23987229E-03   0.75992272E-04   0.33998433E-03   0.33998433E-03   0.33998433E-03
   6.233   0.433   0.37990942E-12   0.24249532E-04   0.24149650E-03   0.76506732E-04   0.34225276E-03   0.34225276E-03   0.34225276E-03
   6.250   0.450   0.38246921E-12   0.24378754E-04   0.24312595E-03   0.77022846E-04   0.34452755E-03   0.34452755E-03   0.34452755E-03
   6.267   0.467   0.38503592E-12   0.24507400E-04   0.24475994E-03   0.77540393E-04   0.34680773E-03   0.34680773E-03   0.34680773E-03
   6.283   0.483   0.38760843E-12   0.24635444E-04   0.24639777E-03   0.78059148E-04   0.34909236E-03   0.34909236E-03   0.34909236E-03
   6.300   0.500   0.39018566E-12   0.24762860E-04   0.24803874E-03   0.78578894E-04   0.35138050E-03   0.35138050E-03   0.35138050E-03
   6.317   0.517   0.39276652E-12   0.24889625E-04   0.24968218E-03   0.79099413E-04   0.35367121E-03   0.35367121E-03   0.35367121E-03
   6.333   0.533   0.39534996E-12   0.25015714E-04   0.25132740E-03   0.79620492E-04   0.35596361E-03   0.35596361E-03   0.35596361E-03
   6.350   0.550   0.39793494E-12   0.25141108E-04   0.25297377E-03   0.80141926E-04   0.35825680E-03   0.35825680E-03   0.35825680E-03
   6.367   0.567   0.40052046E-12   0.25265785E-04   0.25462063E-03   0.80663511E-04   0.36054993E-03   0.36054993E-03   0.36054993E-03
   6.383   0.583   0.40310554E-12   0.25389727E-04   0.25626738E-03   0.81185052E-04   0.36284216E-03   0.36284216E-03   0.36284216E-03
   6.400   0.600   0.40568924E-12   0.25512916E-04   0.25791342E-03   0.81706359E-04   0.36513269E-03   0.36513269E-03   0.36513269E-03
   6.417   0.617   0.40827064E-12   0.25635335E-04   0.25955816E-03   0.82227250E-04   0.36742074E-03   0.36742074E-03   0.36742074E-03
   6.433   0.633   0.41084889E-12   0.25756970E-04   0.26120105E-03   0.82747549E-04   0.36970557E-03   0.36970557E-03   0.36970557E-03
   6.450   0.650   0.41342314E-12   0.25877807E-04   0.26284157E-03   0.83267088E-04   0.37198647E-03   0.37198647E-03   0.37198647E-03
   6.467   0.667   0.41599258E-12   0.25997833E-04   0.26447921E-03   0.83785707E-04   0.37426275E-03   0.37426275E-03   0.37426275E-03
   6.483   0.683   0.41855648E-12   0.26117038E-04   0.26611349E-03   0.84303252E-04   0.37653378E-03   0.37653378E-03   0.37653378E-03
   6.500   0.700   0.42111409E-12   0.26235411E-04   0.26774394E-03   0.84819578E-04   0.37879893E-03   0.37879893E-03   0.37879893E-03
   6.517   0.717   0.42366474E-12   0.26352943E-04   0.26937013E-03   0.85334549E-04   0.38105762E-03   0.38105762E-03   0.38105762E-03
   6.533   0.733   0.42620777E-12   0.26469627E-04   0.27099166E-03   0.85848033E-04   0.38330931E-03   0.38330931E-03   0.38330931E-03
   6.550   0.750   0.42874259E-12   0.26585455E-04   0.27260812E-03   0.86359908E-04   0.38555349E-03   0.38555349E-03   0.38555349E-03
   6.567   0.767   0.43126862E-12   0.26700423E-04   0.27421917E-03   0.86870059E-04   0.38778966E-03   0.38778966E-03   0.38778966E-03
   6.583   0.783   0.43378532E-12   0.26814525E-04   0.27582446E-03   0.87378377E-04   0.39001736E-03   0.39001736E-03   0.39001736E-03
   6.600   0.800   0.43629219E-12   0.26927758E-04   0.27742367E-03   0.87884761E-04   0.39223619E-03   0.39223619E-03   0.39223619E-03
   6.617   0.817   0.43878875E-12   0.27040118E-04   0.27901650E-03   0.88389116E-04   0.39444573E-03   0.39444573E-03   0.39444573E-03
   6.633   0.833   0.44127458E-12   0.27151603E-04   0.28060267E-03   0.88891355E-04   0.39664562E-03   0.39664562E-03   0.39664562E-03
   6.650   0.850   0.44374926E-12   0.27262211E-04   0.28218192E-03   0.89391396E-04   0.39883553E-03   0.39883553E-03   0.39883553E-03
   6.667   0.867   0.44621243E-12   0.27371943E-04   0.28375402E-03   0.89889161E-04   0.40101512E-03   0.40101512E-03   0.40101512E-03
   6.683   0.883   0.44866373E-12   0.27480796E-04   0.28531873E-03   0.90384583E-04   0.40318411E-03   0.40318411E-03   0.40318411E-03
   6.700   0.900   0.45110284E-12   0.27588772E-04   0.28687587E-03   0.90877594E-04   0.40534223E-03   0.40534223E-03   0.40534223E-03
   6.717   0.917   0.45352947E-12   0.27695872E-04   0.28842523E-03   0.91368137E-04   0.40748924E-03   0.40748924E-03   0.40748924E-03
   6.733   0.933   0.45594335E-12   0.27802096E-04   0.28996665E-03   0.91856156E-04   0.40962491E-03   0.40962491E-03   0.40962491E-03
   6.750   0.950   0.45834423E-12   0.27907447E-04   0.29149997E-03   0.92341602E-04   0.41174902E-03   0.41174902E-03   0.41174902E-03
   6.767   0.967   0.46073189E-12   0.28011927E-04   0.29302505E-03   0.92824429E-04   0.41386140E-03   0.41386140E-03   0.41386140E-03
   6.783   0.983   0.46310612E-12   0.28115537E-04   0.29454175E-03   0.93304595E-04   0.41596188E-03   0.41596188E-03   0.41596188E-03
   6.800   1.000   0.46546675E-12   0.28218282E-04   0.29604996E-03   0.93782064E-04   0.41805030E-03   0.41805030E-03   0.41805030E-03
   6.817   1.017   0.46781360E-12   0.28320165E-04   0.29754957E-03   0.94256802E-04   0.42012653E-03   0.42012653E-03   0.42012653E-03
   6.833   1.033   0.47014653E-12   0.28421187E-04   0.29904048E-03   0.94728778E-04   0.42219045E-03   0.42219045E-03   0.42219045E-03
   6.850   1.050   0.47246541E-12   0.28521355E-04   0.30052261E-03   0.95197967E-04   0.42424194E-03   0.42424194E-03   0.42424194E-03
   6.867   1.067   0.47477012E-12   0.28620670E-04   0.30199589E-03   0.95664344E-04   0.42628091E-03   0.42628091E-03   0.42628091E-03
   6.883   1.083   0.47706056E-12   0.28719138E-04   0.30346026E-03   0.96127888E-04   0.42830728E-03   0.42830728E-03   0.42830728E-03
   6.900   1.100   0.47933665E-12   0.28816763E-04   0.30491564E-03   0.96588582E-04   0.43032098E-03   0.43032098E-03   0.43032098E-03
   6.917   1.117   0.48159830E-12   0.28913549E-04   0.30636199E-03   0.97046410E-04   0.43232195E-03   0.43232195E-03   0.43232195E-03
   6.933   1.133   0.48384545E-12   0.29009500E-04   0.30779928E-03   0.97501358E-04   0.43431014E-03   0.43431014E-03   0.43431014E-03
   6.950   1.150   0.48607806E-12   0.29104621E-04   0.30922747E-03   0.97953416E-04   0.43628550E-03   0.43628550E-03   0.43628550E-03
   6.967   1.167   0.48829608E-12   0.29198918E-04   0.31064652E-03   0.98402574E-04   0.43824801E-03   0.43824801E-03   0.43824801E-03
   6.983   1.183   0.49049947E-12   0.29292394E-04   0.31205642E-03   0.98848826E-04   0.44019764E-03   0.44019764E-03   0.44019764E-03
   7.000   1.200   0.49268822E-12   0.29385055E-04   0.31345714E-03   0.99292167E-04   0.44213437E-03   0.44213437E-03   0.44213437E-03
   7.017   1.217   0.49486230E-12   0.29476906E-04   0.31484869E-03   0.99732592E-04   0.44405818E-03   0.44405818E-03   0.44405818E-03
   7.033   1.233   0.49702171E-12   0.29567951E-04   0.31623104E-03   0.10017010E-03   0.44596909E-03   0.44596909E-03   0.44596909E-03
   7.050   1.250   0.49916645E-12   0.29658195E-04   0.31760420E-03   0.10060469E-03   0.44786709E-03   0.44786709E-03   0.44786709E-03
   7.067   1.267   0.50129652E-12   0.29747645E-04   0.31896818E-03   0.10103636E-03   0.44975218E-03   0.44975218E-03   0.44975218E-03
   7.083   1.283   0.50341193E-12   0.29836304E-04   0.32032296E-03   0.10146512E-03   0.45162439E-03   0.45162439E-03   0.45162439E-03
   7.100   1.300   0.50551270E-12   0.29924177E-04   0.32166857E-03   0.10189096E-03   0.45348371E-03   0.45348371E-03   0.45348371E-03
   7.117   1.317   0.50759886E-12   0.30011271E-04   0.32300502E-03   0.10231390E-03   0.45533019E-03   0.45533019E-03   0.45533019E-03
   7.133   1.333   0.50967042E-12   0.30097589E-04   0.32433232E-03   0.10273393E-03   0.45716384E-03   0.45716384E-03   0.45716384E-03
   7.150   1.350   0.51172743E-12   0.30183137E-04   0.32565049E-03   0.10315107E-03   0.45898469E-03   0.45898469E-03   0.45898469E-03
   7.167   1.367   0.51376990E-12   0.30267920E-04   0.32695955E-03   0.10356531E-03   0.46079278E-03   0.46079278E-03   0.46079278E-03
   7.183   1.383   0.51579790E-12   0.30351942E-04   0.32825953E-03   0.10397667E-03   0.46258813E-03   0.46258813E-03   0.46258813E-03
   7.200   1.400   0.51781144E-12   0.30435209E-04   0.32955044E-03   0.10438515E-03   0.46437080E-03   0.46437080E-03   0.46437080E-03
   7.217   1.417   0.51981058E-12   0.30517726E-04   0.33083232E-03   0.10479076E-03   0.46614081E-03   0.46614081E-03   0.46614081E-03
   7.233   1.433   0.52179538E-12   0.30599498E-04   0.33210519E-03   0.10519352E-03   0.46789821E-03   0.46789821E-03   0.46789821E-03
   7.250   1.450   0.52376586E-12   0.30680529E-04   0.33336908E-03   0.10559343E-03   0.46964304E-03   0.46964304E-03   0.46964304E-03
   7.267   1.467   0.52572210E-12   0.30760824E-04   0.33462403E-03   0.10599050E-03   0.47137536E-03   0.47137536E-03   0.47137536E-03
   7.283   1.483   0.52766414E-12   0.30840389E-04   0.33587007E-03   0.10638474E-03   0.47309520E-03   0.47309520E-03   0.47309520E-03
   7.300   1.500   0.52959204E-12   0.30919227E-04   0.33710724E-03   0.10677616E-03   0.47480263E-03   0.47480263E-03   0.47480263E-03
   7.317   1.517   0.53150585E-12   0.30997343E-04   0.33833556E-03   0.10716478E-03   0.47649768E-03   0.47649768E-03   0.47649768E-03
   7.333   1.533   0.53340564E-12   0.31074743E-04   0.33955507E-03   0.10755060E-03   0.47818042E-03   0.47818042E-03   0.47818042E-03
   7.350   1.550   0.53529147E-12   0.31151430E-04   0.34076582E-03   0.10793364E-03   0.47985089E-03   0.47985089E-03   0.47985089E-03
   7.367   1.567   0.53716339E-12   0.31227409E-04   0.34196783E-03   0.10831391E-03   0.48150915E-03   0.48150915E-03   0.48150915E-03
   7.383   1.583   0.53902148E-12   0.31302685E-04   0.34316115E-03   0.10869142E-03   0.48315526E-03   0.48315526E-03   0.48315526E-03
   7.400   1.600   0.54086579E-12   0.31377262E-04   0.34434582E-03   0.10906619E-03   0.48478927E-03   0.48478927E-03   0.48478927E-03
   7.417   1.617   0.54269638E-12   0.31451145E-04   0.34552187E-03   0.10943822E-03   0.48641123E-03   0.48641123E-03   0.48641123E-03
   7.433   1.633   0.54451333E-12   0.31524338E-04   0.34668934E-03   0.10980753E-03   0.48802121E-03   0.48802121E-03   0.48802121E-03
   7.450   1.650   0.54631669E-12   0.31596845E-04   0.34784828E-03   0.11017413E-03   0.48961926E-03   0.48961926E-03   0.48961926E-03
   7.467   1.667   0.54810654E-12   0.31668670E-04   0.34899873E-03   0.11053804E-03   0.49120543E-03   0.49120543E-03   0.49120543E-03
   7.483   1.683   0.54988294E-12   0.31739818E-04   0.35014072E-03   0.11089926E-03   0.49277979E-03   0.49277979E-03   0.49277979E-03
   7.500   1.700   0.55164596E-12   0.31810293E-04   0.35127429E-03   0.11125781E-03   0.49434240E-03   0.49434240E-03   0.49434240E-03
   7.517   1.717   0.55339565E-12   0.31880099E-04   0.35239950E-03   0.11161371E-03   0.49589331E-03   0.49589331E-03   0.49589331E-03
   7.533   1.733   0.55513210E-12   0.31949240E-04   0.35351637E-03   0.11196696E-03   0.49743257E-03   0.49743257E-03   0.49743257E-03
   7.550   1.750   0.55685536E-12   0.32017719E-04   0.35462495E-03   0.11231758E-03   0.49896025E-03   0.49896025E-03   0.49896025E-03
   7.567   1.767   0.55856550E-12   0.32085542E-04   0.35572528E-03   0.11266559E-03   0.50047641E-03   0.50047641E-03   0.50047641E-03
   7.583   1.783   0.56026259E-12   0.32152712E-04   0.35681740E-03   0.11301099E-03   0.50198111E-03   0.50198111E-03   0.50198111E-03
   7.600   1.800   0.56194670E-12   0.32219232E-04   0.35790136E-03   0.11335380E-03   0.50347439E-03   0.50347439E-03   0.50347439E-03
   7.617   1.817   0.56361788E-12   0.32285107E-04   0.35897718E-03   0.11369403E-03   0.50495632E-03   0.50495632E-03   0.50495632E-03
   7.633   1.833   0.56527622E-12   0.32350340E-04   0.36004492E-03   0.11403169E-03   0.50642696E-03   0.50642696E-03   0.50642696E-03
   7.650   1.850   0.56692176E-12   0.32414935E-04   0.36110462E-03   0.11436681E-03   0.50788636E-03   0.50788636E-03   0.50788636E-03
   7.667   1.867   0.56855459E-12   0.32478896E-04   0.36215631E-03   0.11469938E-03   0.50933458E-03   0.50933458E-03   0.50933458E-03
   7.683   1.883   0.57017476E-12   0.32542227E-04   0.36320003E-03   0.11502942E-03   0.51077168E-03   0.51077168E-03   0.51077168E-03
   7.700   1.900   0.57178233E-12   0.32604930E-04   0.36423582E-03   0.11535696E-03   0.51219771E-03   0.51219771E-03   0.51219771E-03
   7.717   1.917   0.57337738E-12   0.32667010E-04   0.36526373E-03   0.11568198E-03   0.51361273E-03   0.51361273E-03   0.51361273E-03
   7.733   1.933   0.57495997E-12   0.32728469E-04   0.36628380E-03   0.11600452E-03   0.51501679E-03   0.51501679E-03   0.51501679E-03
   7.750   1.950   0.57653016E-12   0.32789313E-04   0.36729605E-03   0.11632459E-03   0.51640995E-03   0.51640995E-03   0.51640995E-03
   7.767   1.967   0.57808801E-12   0.32849543E-04   0.36830054E-03   0.11664219E-03   0.51779227E-03   0.51779227E-03   0.51779227E-03
   7.783   1.983   0.57963359E-12   0.32909163E-04   0.36929730E-03   0.11695733E-03   0.51916380E-03   0.51916380E-03   0.51916380E-03
   7.800   2.000   0.58116695E-12   0.32968177E-04   0.37028636E-03   0.11727004E-03   0.52052458E-03   0.52052458E-03   0.52052458E-03
   7.817   2.017   0.58268817E-12   0.33026588E-04   0.37126778E-03   0.11758032E-03   0.52187468E-03   0.52187468E-03   0.52187468E-03
   7.833   2.033   0.58419729E-12   0.33084399E-04   0.37224157E-03   0.11788818E-03   0.52321416E-03   0.52321416E-03   0.52321416E-03
   7.850   2.050   0.58569439E-12   0.33141613E-04   0.37320779E-03   0.11819364E-03   0.52454305E-03   0.52454305E-03   0.52454305E-03
   7.867   2.067   0.58717953E-12   0.33198234E-04   0.37416647E-03   0.11849671E-03   0.52586142E-03   0.52586142E-03   0.52586142E-03
   7.883   2.083   0.58865275E-12   0.33254265E-04   0.37511764E-03   0.11879740E-03   0.52716931E-03   0.52716931E-03   0.52716931E-03
   7.900   2.100   0.59011413E-12   0.33309709E-04   0.37606135E-03   0.11909572E-03   0.52846677E-03   0.52846677E-03   0.52846677E-03
   7.917   2.117   0.59156371E-12   0.33364568E-04   0.37699762E-03   0.11939168E-03   0.52975387E-03   0.52975387E-03   0.52975387E-03
   7.933   2.133   0.59300157E-12   0.33418846E-04   0.37792650E-03   0.11968529E-03   0.53103064E-03   0.53103064E-03   0.53103064E-03
   7.950   2.150   0.59442775E-12   0.33472547E-04   0.37884801E-03   0.11997657E-03   0.53229713E-03   0.53229713E-03   0.53229713E-03
   7.967   2.167   0.59584231E-12   0.33525672E-04   0.37976220E-03   0.12026553E-03   0.53355341E-03   0.53355341E-03   0.53355341E-03
   7.983   2.183   0.59724531E-12   0.33578225E-04   0.38066910E-03   0.12055218E-03   0.53479950E-03   0.53479950E-03   0.53479950E-03
   8.000   2.200   0.59863680E-12   0.33630209E-04   0.38156874E-03   0.12083652E-03   0.53603547E-03   0.53603547E-03   0.53603547E-03
   8.017   2.217   0.60001685E-12   0.33681626E-04   0.38246116E-03   0.12111857E-03   0.53726136E-03   0.53726136E-03   0.53726136E-03
   8.033   2.233   0.60138550E-12   0.33732480E-04   0.38334639E-03   0.12139835E-03   0.53847722E-03   0.53847722E-03   0.53847722E-03
   8.050   2.250   0.60274281E-12   0.33782773E-04   0.38422447E-03   0.12167585E-03   0.53968309E-03   0.53968309E-03   0.53968309E-03
   8.067   2.267   0.60408882E-12   0.33832508E-04   0.38509542E-03   0.12195109E-03   0.54087902E-03   0.54087902E-03   0.54087902E-03
   8.083   2.283   0.60542361E-12   0.33881688E-04   0.38595928E-03   0.12222409E-03   0.54206506E-03   0.54206506E-03   0.54206506E-03
   8.100   2.300   0.60674721E-12   0.33930315E-04   0.38681609E-03   0.12249485E-03   0.54324125E-03   0.54324125E-03   0.54324125E-03
   8.117   2.317   0.60805968E-12   0.33978393E-04   0.38766586E-03   0.12276338E-03   0.54440763E-03   0.54440763E-03   0.54440763E-03
   8.133   2.333   0.60936107E-12   0.34025923E-04   0.38850864E-03   0.12302969E-03   0.54556426E-03   0.54556426E-03   0.54556426E-03
   8.150   2.350   0.61065143E-12   0.34072909E-04   0.38934446E-03   0.12329379E-03   0.54671116E-03   0.54671116E-03   0.54671116E-03
   8.167   2.367   0.61193082E-12   0.34119353E-04   0.39017335E-03   0.12355570E-03   0.54784840E-03   0.54784840E-03   0.54784840E-03
   8.183   2.383   0.61319927E-12   0.34165257E-04   0.39099533E-03   0.12381541E-03   0.54897600E-03   0.54897600E-03   0.54897600E-03
   8.200   2.400   0.61445684E-12   0.34210625E-04   0.39181045E-03   0.12407295E-03   0.55009402E-03   0.55009402E-03   0.55009402E-03
   8.217   2.417   0.61570358E-12   0.34255458E-04   0.39261871E-03   0.12432832E-03   0.55120249E-03   0.55120249E-03   0.55120249E-03
   8.233   2.433   0.61693954E-12   0.34299759E-04   0.39342017E-03   0.12458153E-03   0.55230146E-03   0.55230146E-03   0.55230146E-03
   8.250   2.450   0.61816476E-12   0.34343531E-04   0.39421484E-03   0.12483258E-03   0.55339096E-03   0.55339096E-03   0.55339096E-03
   8.267   2.467   0.61937929E-12   0.34386776E-04   0.39500276E-03   0.12508150E-03   0.55447104E-03   0.55447104E-03   0.55447104E-03
   8.283   2.483   0.62058318E-12   0.34429496E-04   0.39578395E-03   0.12532828E-03   0.55554173E-03   0.55554173E-03   0.55554173E-03
   8.300   2.500   0.62177646E-12   0.34471695E-04   0.39655845E-03   0.12557294E-03   0.55660308E-03   0.55660308E-03   0.55660308E-03
   8.317   2.517   0.62295920E-12   0.34513373E-04   0.39732627E-03   0.12581548E-03   0.55765512E-03   0.55765512E-03   0.55765512E-03
   8.333   2.533   0.62413143E-12   0.34554534E-04   0.39808745E-03   0.12605592E-03   0.55869790E-03   0.55869790E-03   0.55869790E-03
   8.350   2.550   0.62529319E-12   0.34595179E-04   0.39884201E-03   0.12629426E-03   0.55973144E-03   0.55973144E-03   0.55973144E-03
   8.367   2.567   0.62644454E-12   0.34635312E-04   0.39958998E-03   0.12653051E-03   0.56075580E-03   0.56075580E-03   0.56075580E-03
   8.383   2.583   0.62758550E-12   0.34674934E-04   0.40033139E-03   0.12676468E-03   0.56177100E-03   0.56177100E-03   0.56177100E-03
   8.400   2.600   0.62871613E-12   0.34714048E-04   0.40106626E-03   0.12699677E-03   0.56277708E-03   0.56277708E-03   0.56277708E-03
   8.417   2.617   0.62983647E-12   0.34752655E-04   0.40179462E-03   0.12722681E-03   0.56377408E-03   0.56377408E-03   0.56377408E-03
   8.433   2.633   0.63094656E-12   0.34790758E-04   0.40251650E-03   0.12745478E-03   0.56476204E-03   0.56476204E-03   0.56476204E-03
   8.450   2.650   0.63204644E-12   0.34828360E-04   0.40323192E-03   0.12768071E-03   0.56574099E-03   0.56574099E-03   0.56574099E-03
   8.467   2.667   0.63313615E-12   0.34865462E-04   0.40394090E-03   0.12790460E-03   0.56671096E-03   0.56671096E-03   0.56671096E-03
   8.483   2.683   0.63421574E-12   0.34902066E-04   0.40464347E-03   0.12812646E-03   0.56767199E-03   0.56767199E-03   0.56767199E-03
   8.500   2.700   0.63528523E-12   0.34938175E-04   0.40533965E-03   0.12834629E-03   0.56862411E-03   0.56862411E-03   0.56862411E-03
   8.517   2.717   0.63634467E-12   0.34973790E-04   0.40602947E-03   0.12856410E-03   0.56956736E-03   0.56956736E-03   0.56956736E-03
   8.533   2.733   0.63739410E-12   0.35008914E-04   0.40671295E-03   0.12877991E-03   0.57050177E-03   0.57050177E-03   0.57050177E-03
   8.550   2.750   0.63843356E-12   0.35043549E-04   0.40739012E-03   0.12899371E-03   0.57142738E-03   0.57142738E-03   0.57142738E-03
   8.567   2.767   0.63946308E-12   0.35077696E-04   0.40806099E-03   0.12920552E-03   0.57234421E-03   0.57234421E-03   0.57234421E-03
   8.583   2.783   0.64048271E-12   0.35111358E-04   0.40872560E-03   0.12941535E-03   0.57325230E-03   0.57325230E-03   0.57325230E-03
   8.600   2.800   0.64149247E-12   0.35144537E-04   0.40938395E-03   0.12962319E-03   0.57415168E-03   0.57415168E-03   0.57415168E-03
   8.617   2.817   0.64249241E-12   0.35177234E-04   0.41003608E-03   0.12982906E-03   0.57504238E-03   0.57504238E-03   0.57504238E-03
   8.633   2.833   0.64348256E-12   0.35209452E-04   0.41068201E-03   0.13003296E-03   0.57592443E-03   0.57592443E-03   0.57592443E-03
   8.650   2.850   0.64446295E-12   0.35241192E-04   0.41132176E-03   0.13023491E-03   0.57679786E-03   0.57679786E-03   0.57679786E-03
   8.667   2.867   0.64543363E-12   0.35272457E-04   0.41195535E-03   0.13043490E-03   0.57766271E-03   0.57766271E-03   0.57766271E-03
   8.683   2.883   0.64639463E-12   0.35303248E-04   0.41258280E-03   0.13063294E-03   0.57851900E-03   0.57851900E-03   0.57851900E-03
   8.700   2.900   0.64734597E-12   0.35333567E-04   0.41320414E-03   0.13082905E-03   0.57936676E-03   0.57936676E-03   0.57936676E-03
   8.717   2.917   0.64828770E-12   0.35363416E-04   0.41381937E-03   0.13102323E-03   0.58020602E-03   0.58020602E-03   0.58020602E-03
   8.733   2.933   0.64921985E-12   0.35392797E-04   0.41442853E-03   0.13121548E-03   0.58103681E-03   0.58103681E-03   0.58103681E-03
   8.750   2.950   0.65014245E-12   0.35421712E-04   0.41503164E-03   0.13140581E-03   0.58185916E-03   0.58185916E-03   0.58185916E-03
   8.767   2.967   0.65105553E-12   0.35450162E-04   0.41562870E-03   0.13159423E-03   0.58267309E-03   0.58267309E-03   0.58267309E-03
   8.783   2.983   0.65195913E-12   0.35478149E-04   0.41621975E-03   0.13178074E-03   0.58347864E-03   0.58347864E-03   0.58347864E-03
   8.800   3.000   0.65285327E-12   0.35505674E-04   0.41680480E-03   0.13196535E-03   0.58427583E-03   0.58427583E-03   0.58427583E-03
   8.817   3.017   0.65373799E-12   0.35532741E-04   0.41738388E-03   0.13214806E-03   0.58506468E-03   0.58506468E-03   0.58506468E-03
   8.833   3.033   0.65461332E-12   0.35559350E-04   0.41795699E-03   0.13232889E-03   0.58584523E-03   0.58584523E-03   0.58584523E-03
   8.850   3.050   0.65547929E-12   0.35585503E-04   0.41852416E-03   0.13250783E-03   0.58661750E-03   0.58661750E-03   0.58661750E-03
   8.867   3.067   0.65633594E-12   0.35611201E-04   0.41908541E-03   0.13268490E-03   0.58738152E-03   0.58738152E-03   0.58738152E-03
   8.883   3.083   0.65718328E-12   0.35636447E-04   0.41964076E-03   0.13286010E-03   0.58813730E-03   0.58813730E-03   0.58813730E-03
   8.900   3.100   0.65802135E-12   0.35661242E-04   0.42019022E-03   0.13303343E-03   0.58888489E-03   0.58888489E-03   0.58888489E-03
   8.917   3.117   0.65885018E-12   0.35685588E-04   0.42073380E-03   0.13320490E-03   0.58962429E-03   0.58962429E-03   0.58962429E-03
   8.933   3.133   0.65966979E-12   0.35709486E-04   0.42127154E-03   0.13337452E-03   0.59035555E-03   0.59035555E-03   0.59035555E-03
   8.950   3.150   0.66048022E-12   0.35732938E-04   0.42180344E-03   0.13354229E-03   0.59107867E-03   0.59107867E-03   0.59107867E-03
   8.967   3.167   0.66128149E-12   0.35755945E-04   0.42232952E-03   0.13370821E-03   0.59179368E-03   0.59179368E-03   0.59179368E-03
   8.983   3.183   0.66207364E-12   0.35778509E-04   0.42284981E-03   0.13387230E-03   0.59250062E-03   0.59250062E-03   0.59250062E-03
   9.000   3.200   0.66285668E-12   0.35800632E-04   0.42336431E-03   0.13403456E-03   0.59319949E-03   0.59319949E-03   0.59319949E-03
   9.017   3.217   0.66363064E-12   0.35822315E-04   0.42387303E-03   0.13419498E-03   0.59389033E-03   0.59389033E-03   0.59389033E-03
   9.033   3.233   0.66439555E-12   0.35843559E-04   0.42437601E-03   0.13435359E-03   0.59457316E-03   0.59457316E-03   0.59457316E-03
   9.050   3.250   0.66515145E-12   0.35864367E-04   0.42487325E-03   0.13451038E-03   0.59524800E-03   0.59524800E-03   0.59524800E-03
   9.067   3.267   0.66589834E-12   0.35884739E-04   0.42536477E-03   0.13466535E-03   0.59591486E-03   0.59591486E-03   0.59591486E-03
   9.083   3.283   0.66663626E-12   0.35904678E-04   0.42585058E-03   0.13481852E-03   0.59657378E-03   0.59657378E-03   0.59657378E-03
   9.100   3.300   0.66736524E-12   0.35924183E-04   0.42633071E-03   0.13496988E-03   0.59722477E-03   0.59722477E-03   0.59722477E-03
   9.117   3.317   0.66808529E-12   0.35943258E-04   0.42680515E-03   0.13511945E-03   0.59786786E-03   0.59786786E-03   0.59786786E-03
   9.133   3.333   0.66879644E-12   0.35961904E-04   0.42727394E-03   0.13526723E-03   0.59850307E-03   0.59850307E-03   0.59850307E-03
   9.150   3.350   0.66949872E-12   0.35980121E-04   0.42773708E-03   0.13541321E-03   0.59913041E-03   0.59913041E-03   0.59913041E-03
   9.167   3.367   0.67019215E-12   0.35997911E-04   0.42819459E-03   0.13555741E-03   0.59974991E-03   0.59974991E-03   0.59974991E-03
   9.183   3.383   0.67087675E-12   0.36015276E-04   0.42864648E-03   0.13569983E-03   0.60036159E-03   0.60036159E-03   0.60036159E-03
   9.200   3.400   0.67155255E-12   0.36032216E-04   0.42909276E-03   0.13584048E-03   0.60096546E-03   0.60096546E-03   0.60096546E-03
   9.217   3.417   0.67221956E-12   0.36048734E-04   0.42953346E-03   0.13597936E-03   0.60156155E-03   0.60156155E-03   0.60156155E-03
   9.233   3.433   0.67287782E-12   0.36064831E-04   0.42996857E-03   0.13611646E-03   0.60214987E-03   0.60214987E-03   0.60214987E-03
   9.250   3.450   0.67352734E-12   0.36080508E-04   0.43039813E-03   0.13625181E-03   0.60273045E-03   0.60273045E-03   0.60273045E-03
   9.267   3.467   0.67416814E-12   0.36095766E-04   0.43082213E-03   0.13638540E-03   0.60330330E-03   0.60330330E-03   0.60330330E-03
   9.283   3.483   0.67480025E-12   0.36110606E-04   0.43124060E-03   0.13651724E-03   0.60386844E-03   0.60386844E-03   0.60386844E-03
   9.300   3.500   0.67542369E-12   0.36125031E-04   0.43165354E-03   0.13664732E-03   0.60442589E-03   0.60442589E-03   0.60442589E-03
   9.317   3.517   0.67603848E-12   0.36139040E-04   0.43206097E-03   0.13677566E-03   0.60497567E-03   0.60497567E-03   0.60497567E-03
   9.333   3.533   0.67664463E-12   0.36152636E-04   0.43246289E-03   0.13690226E-03   0.60551779E-03   0.60551779E-03   0.60551779E-03
   9.350   3.550   0.67724217E-12   0.36165820E-04   0.43285933E-03   0.13702712E-03   0.60605227E-03   0.60605227E-03   0.60605227E-03
   9.367   3.567   0.67783112E-12   0.36178592E-04   0.43325030E-03   0.13715024E-03   0.60657913E-03   0.60657913E-03   0.60657913E-03
   9.383   3.583   0.67841150E-12   0.36190954E-04   0.43363579E-03   0.13727164E-03   0.60709839E-03   0.60709839E-03   0.60709839E-03
   9.400   3.600   0.67898333E-12   0.36202908E-04   0.43401584E-03   0.13739130E-03   0.60761005E-03   0.60761005E-03   0.60761005E-03
   9.417   3.617   0.67954662E-12   0.36214454E-04   0.43439044E-03   0.13750925E-03   0.60811415E-03   0.60811415E-03   0.60811415E-03
   9.433   3.633   0.68010140E-12   0.36225594E-04   0.43475962E-03   0.13762547E-03   0.60861069E-03   0.60861069E-03   0.60861069E-03
   9.450   3.650   0.68064768E-12   0.36236328E-04   0.43512337E-03   0.13773998E-03   0.60909968E-03   0.60909968E-03   0.60909968E-03
   9.467   3.667   0.68118549E-12   0.36246658E-04   0.43548172E-03   0.13785278E-03   0.60958116E-03   0.60958116E-03   0.60958116E-03
   9.483   3.683   0.68171483E-12   0.36256586E-04   0.43583467E-03   0.13796387E-03   0.61005512E-03   0.61005512E-03   0.61005512E-03
   9.500   3.700   0.68223573E-12   0.36266111E-04   0.43618223E-03   0.13807325E-03   0.61052159E-03   0.61052159E-03   0.61052159E-03
   9.517   3.717   0.68274821E-12   0.36275236E-04   0.43652441E-03   0.13818093E-03   0.61098057E-03   0.61098057E-03   0.61098057E-03
   9.533   3.733   0.68325227E-12   0.36283961E-04   0.43686123E-03   0.13828691E-03   0.61143209E-03   0.61143209E-03   0.61143209E-03
   9.550   3.750   0.68374794E-12   0.36292288E-04   0.43719269E-03   0.13839119E-03   0.61187616E-03   0.61187616E-03   0.61187616E-03
   9.567   3.767   0.68423524E-12   0.36300217E-04   0.43751880E-03   0.13849378E-03   0.61231279E-03   0.61231279E-03   0.61231279E-03
   9.583   3.783   0.68471418E-12   0.36307749E-04   0.43783957E-03   0.13859468E-03   0.61274200E-03   0.61274200E-03   0.61274200E-03
   9.600   3.800   0.68518478E-12   0.36314887E-04   0.43815502E-03   0.13869389E-03   0.61316379E-03   0.61316379E-03   0.61316379E-03
   9.617   3.817   0.68564704E-12   0.36321629E-04   0.43846514E-03   0.13879142E-03   0.61357819E-03   0.61357819E-03   0.61357819E-03
   9.633   3.833   0.68610100E-12   0.36327979E-04   0.43876996E-03   0.13888727E-03   0.61398520E-03   0.61398520E-03   0.61398520E-03
   9.650   3.850   0.68654665E-12   0.36333936E-04   0.43906947E-03   0.13898144E-03   0.61438484E-03   0.61438484E-03   0.61438484E-03
   9.667   3.867   0.68698403E-12   0.36339502E-04   0.43936369E-03   0.13907393E-03   0.61477713E-03   0.61477713E-03   0.61477713E-03
   9.683   3.883   0.68741313E-12   0.36344677E-04   0.43965263E-03   0.13916475E-03   0.61516206E-03   0.61516206E-03   0.61516206E-03
   9.700   3.900   0.68783399E-12   0.36349463E-04   0.43993630E-03   0.13925390E-03   0.61553966E-03   0.61553966E-03   0.61553966E-03
   9.717   3.917   0.68824660E-12   0.36353861E-04   0.44021469E-03   0.13934139E-03   0.61590994E-03   0.61590994E-03   0.61590994E-03
   9.733   3.933   0.68865098E-12   0.36357871E-04   0.44048783E-03   0.13942720E-03   0.61627290E-03   0.61627290E-03   0.61627290E-03
   9.750   3.950   0.68904716E-12   0.36361494E-04   0.44075571E-03   0.13951136E-03   0.61662857E-03   0.61662857E-03   0.61662857E-03
   9.767   3.967   0.68943513E-12   0.36364732E-04   0.44101835E-03   0.13959386E-03   0.61697694E-03   0.61697694E-03   0.61697694E-03
   9.783   3.983   0.68981491E-12   0.36367585E-04   0.44127576E-03   0.13967470E-03   0.61731804E-03   0.61731804E-03   0.61731804E-03
   9.800   4.000   0.69018653E-12   0.36370054E-04   0.44152793E-03   0.13975388E-03   0.61765187E-03   0.61765187E-03   0.61765187E-03
   9.817   4.017   0.69054998E-12   0.36372140E-04   0.44177489E-03   0.13983141E-03   0.61797844E-03   0.61797844E-03   0.61797844E-03
   9.833   4.033   0.69090528E-12   0.36373844E-04   0.44201663E-03   0.13990729E-03   0.61829776E-03   0.61829776E-03   0.61829776E-03
   9.850   4.050   0.69125244E-12   0.36375166E-04   0.44225316E-03   0.13998153E-03   0.61860985E-03   0.61860985E-03   0.61860985E-03
   9.867   4.067   0.69159148E-12   0.36376108E-04   0.44248449E-03   0.14005411E-03   0.61891472E-03   0.61891472E-03   0.61891472E-03
   9.883   4.083   0.69192241E-12   0.36376671E-04   0.44271063E-03   0.14012506E-03   0.61921236E-03   0.61921236E-03   0.61921236E-03
   9.900   4.100   0.69224523E-12   0.36376855E-04   0.44293158E-03   0.14019436E-03   0.61950280E-03   0.61950280E-03   0.61950280E-03
   9.917   4.117   0.69255996E-12   0.36376660E-04   0.44314736E-03   0.14026202E-03   0.61978603E-03   0.61978603E-03   0.61978603E-03
   9.933   4.133   0.69286660E-12   0.36376089E-04   0.44335795E-03   0.14032804E-03   0.62006208E-03   0.62006208E-03   0.62006208E-03
   9.950   4.150   0.69316518E-12   0.36375141E-04   0.44356338E-03   0.14039243E-03   0.62033095E-03   0.62033095E-03   0.62033095E-03
   9.967   4.167   0.69345570E-12   0.36373818E-04   0.44376364E-03   0.14045518E-03   0.62059264E-03   0.62059264E-03   0.62059264E-03
   9.983   4.183   0.69373816E-12   0.36372120E-04   0.44395875E-03   0.14051630E-03   0.62084717E-03   0.62084717E-03   0.62084717E-03
  10.000   4.200   0.69401259E-12   0.36370047E-04   0.44414870E-03   0.14057579E-03   0.62109454E-03   0.62109454E-03   0.62109454E-03
  10.017   4.217   0.69427898E-12   0.36367602E-04   0.44433351E-03   0.14063366E-03   0.62133477E-03   0.62133477E-03   0.62133477E-03
  10.033   4.233   0.69453735E-12   0.36364783E-04   0.44451317E-03   0.14068989E-03   0.62156785E-03   0.62156785E-03   0.62156785E-03
  10.050   4.250   0.69478771E-12   0.36361593E-04   0.44468770E-03   0.14074450E-03   0.62179380E-03   0.62179380E-03   0.62179380E-03
  10.067   4.267   0.69503006E-12   0.36358031E-04   0.44485710E-03   0.14079749E-03   0.62201262E-03   0.62201262E-03   0.62201262E-03
  10.083   4.283   0.69526441E-12   0.36354099E-04   0.44502138E-03   0.14084885E-03   0.62222433E-03   0.62222433E-03   0.62222433E-03
  10.100   4.300   0.69549078E-12   0.36349797E-04   0.44518053E-03   0.14089860E-03   0.62242892E-03   0.62242892E-03   0.62242892E-03
  10.117   4.317   0.69570917E-12   0.36345126E-04   0.44533456E-03   0.14094672E-03   0.62262641E-03   0.62262641E-03   0.62262641E-03
  10.133   4.333   0.69591959E-12   0.36340086E-04   0.44548348E-03   0.14099323E-03   0.62281680E-03   0.62281680E-03   0.62281680E-03
  10.150   4.350   0.69612204E-12   0.36334679E-04   0.44562729E-03   0.14103812E-03   0.62300009E-03   0.62300009E-03   0.62300009E-03
  10.167   4.367   0.69631654E-12   0.36328904E-04   0.44576600E-03   0.14108139E-03   0.62317630E-03   0.62317630E-03   0.62317630E-03
  10.183   4.383   0.69650308E-12   0.36322763E-04   0.44589961E-03   0.14112306E-03   0.62334543E-03   0.62334543E-03   0.62334543E-03
  10.200   4.400   0.69668169E-12   0.36316255E-04   0.44602812E-03   0.14116310E-03   0.62350748E-03   0.62350748E-03   0.62350748E-03
  10.217   4.417   0.69685236E-12   0.36309382E-04   0.44615154E-03   0.14120154E-03   0.62366246E-03   0.62366246E-03   0.62366246E-03
  10.233   4.433   0.69701509E-12   0.36302145E-04   0.44626986E-03   0.14123837E-03   0.62381038E-03   0.62381038E-03   0.62381038E-03
  10.250   4.450   0.69716991E-12   0.36294543E-04   0.44638311E-03   0.14127359E-03   0.62395123E-03   0.62395123E-03   0.62395123E-03
  10.267   4.467   0.69731681E-12   0.36286577E-04   0.44649126E-03   0.14130720E-03   0.62408504E-03   0.62408504E-03   0.62408504E-03
  10.283   4.483   0.69745579E-12   0.36278248E-04   0.44659434E-03   0.14133920E-03   0.62421179E-03   0.62421179E-03   0.62421179E-03
  10.300   4.500   0.69758687E-12   0.36269557E-04   0.44669234E-03   0.14136960E-03   0.62433149E-03   0.62433149E-03   0.62433149E-03
  10.317   4.517   0.69771005E-12   0.36260504E-04   0.44678527E-03   0.14139839E-03   0.62444416E-03   0.62444416E-03   0.62444416E-03
  10.333   4.533   0.69782533E-12   0.36251089E-04   0.44687312E-03   0.14142557E-03   0.62454978E-03   0.62454978E-03   0.62454978E-03
  10.350   4.550   0.69793272E-12   0.36241313E-04   0.44695591E-03   0.14145116E-03   0.62464837E-03   0.62464837E-03   0.62464837E-03
  10.367   4.567   0.69803223E-12   0.36231176E-04   0.44703362E-03   0.14147514E-03   0.62473994E-03   0.62473994E-03   0.62473994E-03
  10.383   4.583   0.69812385E-12   0.36220680E-04   0.44710628E-03   0.14149751E-03   0.62482447E-03   0.62482447E-03   0.62482447E-03
  10.400   4.600   0.69820760E-12   0.36209824E-04   0.44717387E-03   0.14151829E-03   0.62490198E-03   0.62490198E-03   0.62490198E-03
  10.417   4.617   0.69828347E-12   0.36198609E-04   0.44723640E-03   0.14153747E-03   0.62497247E-03   0.62497247E-03   0.62497247E-03
  10.433   4.633   0.69835148E-12   0.36187035E-04   0.44729387E-03   0.14155504E-03   0.62503595E-03   0.62503595E-03   0.62503595E-03
  10.450   4.650   0.69841161E-12   0.36175103E-04   0.44734628E-03   0.14157102E-03   0.62509240E-03   0.62509240E-03   0.62509240E-03
  10.467   4.667   0.69846389E-12   0.36162814E-04   0.44739364E-03   0.14158539E-03   0.62514185E-03   0.62514185E-03   0.62514185E-03
  10.483   4.683   0.69850830E-12   0.36150167E-04   0.44743595E-03   0.14159817E-03   0.62518428E-03   0.62518428E-03   0.62518428E-03
  10.500   4.700   0.69854486E-12   0.36137163E-04   0.44747320E-03   0.14160935E-03   0.62521971E-03   0.62521971E-03   0.62521971E-03
  10.517   4.717   0.69857356E-12   0.36123802E-04   0.44750540E-03   0.14161893E-03   0.62524813E-03   0.62524813E-03   0.62524813E-03
  10.533   4.733   0.69859441E-12   0.36110086E-04   0.44753254E-03   0.14162692E-03   0.62526955E-03   0.62526955E-03   0.62526955E-03
  10.550   4.750   0.69860741E-12   0.36096013E-04   0.44755464E-03   0.14163330E-03   0.62528396E-03   0.62528396E-03   0.62528396E-03
  10.567   4.767   0.69861256E-12   0.36081586E-04   0.44757169E-03   0.14163809E-03   0.62529137E-03   0.62529137E-03   0.62529137E-03
  10.583   4.783   0.69860987E-12   0.36066803E-04   0.44758369E-03   0.14164129E-03   0.62529178E-03   0.62529178E-03   0.62529178E-03
  10.600   4.800   0.69859934E-12   0.36051666E-04   0.44759064E-03   0.14164288E-03   0.62528519E-03   0.62528519E-03   0.62528519E-03
  10.617   4.817   0.69858096E-12   0.36036174E-04   0.44759254E-03   0.14164288E-03   0.62527160E-03   0.62527160E-03   0.62527160E-03
  10.633   4.833   0.69855473E-12   0.36020328E-04   0.44758940E-03   0.14164129E-03   0.62525101E-03   0.62525101E-03   0.62525101E-03
  10.650   4.850   0.69852067E-12   0.36004129E-04   0.44758120E-03   0.14163809E-03   0.62522343E-03   0.62522343E-03   0.62522343E-03
  10.667   4.867   0.69847877E-12   0.35987576E-04   0.44756796E-03   0.14163331E-03   0.62518884E-03   0.62518884E-03   0.62518884E-03
  10.683   4.883   0.69842903E-12   0.35970670E-04   0.44754967E-03   0.14162692E-03   0.62514726E-03   0.62514726E-03   0.62514726E-03
  10.700   4.900   0.69837145E-12   0.35953412E-04   0.44752634E-03   0.14161894E-03   0.62509868E-03   0.62509868E-03   0.62509868E-03
  10.717   4.917   0.69830603E-12   0.35935800E-04   0.44749795E-03   0.14160936E-03   0.62504311E-03   0.62504311E-03   0.62504311E-03
  10.733   4.933   0.69823277E-12   0.35917837E-04   0.44746451E-03   0.14159818E-03   0.62498053E-03   0.62498053E-03   0.62498053E-03
  10.750   4.950   0.69815168E-12   0.35899521E-04   0.44742602E-03   0.14158541E-03   0.62491095E-03   0.62491095E-03   0.62491095E-03
  10.767   4.967   0.69806274E-12   0.35880854E-04   0.44738248E-03   0.14157104E-03   0.62483438E-03   0.62483438E-03   0.62483438E-03
  10.783   4.983   0.69796596E-12   0.35861834E-04   0.44733389E-03   0.14155507E-03   0.62475080E-03   0.62475080E-03   0.62475080E-03
  10.800   5.000   0.69786134E-12   0.35842464E-04   0.44728025E-03   0.14153751E-03   0.62466022E-03   0.62466022E-03   0.62466022E-03
  10.817   5.017   0.69774888E-12   0.35822742E-04   0.44722155E-03   0.14151834E-03   0.62456263E-03   0.62456263E-03   0.62456263E-03
  10.833   5.033   0.69762857E-12   0.35802670E-04   0.44715779E-03   0.14149758E-03   0.62445804E-03   0.62445804E-03   0.62445804E-03
  10.850   5.050   0.69750042E-12   0.35782247E-04   0.44708897E-03   0.14147522E-03   0.62434644E-03   0.62434644E-03   0.62434644E-03
  10.867   5.067   0.69736441E-12   0.35761473E-04   0.44701510E-03   0.14145125E-03   0.62422783E-03   0.62422783E-03   0.62422783E-03
  10.883   5.083   0.69722056E-12   0.35740348E-04   0.44693616E-03   0.14142569E-03   0.62410220E-03   0.62410220E-03   0.62410220E-03
  10.900   5.100   0.69706886E-12   0.35718874E-04   0.44685216E-03   0.14139853E-03   0.62396956E-03   0.62396956E-03   0.62396956E-03
  10.917   5.117   0.69690931E-12   0.35697049E-04   0.44676310E-03   0.14136976E-03   0.62382991E-03   0.62382991E-03   0.62382991E-03
  10.933   5.133   0.69674189E-12   0.35674874E-04   0.44666897E-03   0.14133939E-03   0.62368323E-03   0.62368323E-03   0.62368323E-03
  10.950   5.150   0.69656662E-12   0.35652349E-04   0.44656976E-03   0.14130742E-03   0.62352954E-03   0.62352954E-03   0.62352954E-03
  10.967   5.167   0.69638348E-12   0.35629475E-04   0.44646549E-03   0.14127385E-03   0.62336881E-03   0.62336881E-03   0.62336881E-03
  10.983   5.183   0.69619248E-12   0.35606250E-04   0.44635613E-03   0.14123867E-03   0.62320106E-03   0.62320106E-03   0.62320106E-03
  11.000   5.200   0.69599361E-12   0.35582677E-04   0.44624170E-03   0.14120189E-03   0.62302627E-03   0.62302627E-03   0.62302627E-03
  11.017   5.217   0.69578687E-12   0.35558753E-04   0.44612219E-03   0.14116350E-03   0.62284444E-03   0.62284444E-03   0.62284444E-03
  11.033   5.233   0.69557225E-12   0.35534480E-04   0.44599760E-03   0.14112350E-03   0.62265558E-03   0.62265558E-03   0.62265558E-03
  11.050   5.250   0.69534974E-12   0.35509858E-04   0.44586792E-03   0.14108189E-03   0.62245967E-03   0.62245967E-03   0.62245967E-03
  11.067   5.267   0.69511936E-12   0.35484887E-04   0.44573315E-03   0.14103868E-03   0.62225671E-03   0.62225671E-03   0.62225671E-03
  11.083   5.283   0.69488108E-12   0.35459566E-04   0.44559328E-03   0.14099385E-03   0.62204670E-03   0.62204670E-03   0.62204670E-03
  11.100   5.300   0.69463491E-12   0.35433895E-04   0.44544832E-03   0.14094742E-03   0.62182963E-03   0.62182963E-03   0.62182963E-03
  11.117   5.317   0.69438084E-12   0.35407876E-04   0.44529826E-03   0.14089937E-03   0.62160550E-03   0.62160550E-03   0.62160550E-03
  11.133   5.333   0.69411886E-12   0.35381507E-04   0.44514309E-03   0.14084970E-03   0.62137430E-03   0.62137430E-03   0.62137430E-03
  11.150   5.350   0.69384898E-12   0.35354789E-04   0.44498281E-03   0.14079843E-03   0.62113603E-03   0.62113603E-03   0.62113603E-03
  11.167   5.367   0.69357118E-12   0.35327721E-04   0.44481742E-03   0.14074553E-03   0.62089068E-03   0.62089068E-03   0.62089068E-03
  11.183   5.383   0.69328546E-12   0.35300305E-04   0.44464692E-03   0.14069102E-03   0.62063824E-03   0.62063824E-03   0.62063824E-03
  11.200   5.400   0.69299181E-12   0.35272538E-04   0.44447129E-03   0.14063489E-03   0.62037872E-03   0.62037872E-03   0.62037872E-03
  11.217   5.417   0.69269023E-12   0.35244423E-04   0.44429053E-03   0.14057714E-03   0.62011210E-03   0.62011210E-03   0.62011210E-03
  11.233   5.433   0.69238071E-12   0.35215958E-04   0.44410465E-03   0.14051777E-03   0.61983838E-03   0.61983838E-03   0.61983838E-03
  11.250   5.450   0.69206324E-12   0.35187143E-04   0.44391363E-03   0.14045678E-03   0.61955755E-03   0.61955755E-03   0.61955755E-03
  11.267   5.467   0.69173782E-12   0.35157979E-04   0.44371748E-03   0.14039416E-03   0.61926961E-03   0.61926961E-03   0.61926961E-03
  11.283   5.483   0.69140445E-12   0.35128464E-04   0.44351617E-03   0.14032991E-03   0.61897455E-03   0.61897455E-03   0.61897455E-03
  11.300   5.500   0.69106310E-12   0.35098601E-04   0.44330972E-03   0.14026404E-03   0.61867236E-03   0.61867236E-03   0.61867236E-03
  11.317   5.517   0.69071378E-12   0.35068387E-04   0.44309812E-03   0.14019654E-03   0.61836304E-03   0.61836304E-03   0.61836304E-03
  11.333   5.533   0.69035648E-12   0.35037823E-04   0.44288135E-03   0.14012740E-03   0.61804658E-03   0.61804658E-03   0.61804658E-03
  11.350   5.550   0.68999120E-12   0.35006908E-04   0.44265942E-03   0.14005664E-03   0.61772296E-03   0.61772296E-03   0.61772296E-03
  11.367   5.567   0.68961791E-12   0.34975644E-04   0.44243232E-03   0.13998424E-03   0.61739220E-03   0.61739220E-03   0.61739220E-03
  11.383   5.583   0.68923662E-12   0.34944029E-04   0.44220004E-03   0.13991020E-03   0.61705426E-03   0.61705426E-03   0.61705426E-03
  11.400   5.600   0.68884731E-12   0.34912063E-04   0.44196257E-03   0.13983453E-03   0.61670916E-03   0.61670916E-03   0.61670916E-03
  11.417   5.617   0.68844999E-12   0.34879746E-04   0.44171992E-03   0.13975721E-03   0.61635688E-03   0.61635688E-03   0.61635688E-03
  11.433   5.633   0.68804463E-12   0.34847078E-04   0.44147208E-03   0.13967826E-03   0.61599741E-03   0.61599741E-03   0.61599741E-03
  11.450   5.650   0.68763123E-12   0.34814059E-04   0.44121903E-03   0.13959766E-03   0.61563075E-03   0.61563075E-03   0.61563075E-03
  11.467   5.667   0.68720979E-12   0.34780689E-04   0.44096077E-03   0.13951541E-03   0.61525688E-03   0.61525688E-03   0.61525688E-03
  11.483   5.683   0.68678028E-12   0.34746967E-04   0.44069731E-03   0.13943152E-03   0.61487579E-03   0.61487579E-03   0.61487579E-03
  11.500   5.700   0.68634271E-12   0.34712893E-04   0.44042862E-03   0.13934598E-03   0.61448749E-03   0.61448749E-03   0.61448749E-03
  11.517   5.717   0.68589706E-12   0.34678467E-04   0.44015470E-03   0.13925878E-03   0.61409195E-03   0.61409195E-03   0.61409195E-03
  11.533   5.733   0.68544332E-12   0.34643688E-04   0.43987555E-03   0.13916993E-03   0.61368917E-03   0.61368917E-03   0.61368917E-03
  11.550   5.750   0.68498148E-12   0.34608557E-04   0.43959116E-03   0.13907943E-03   0.61327915E-03   0.61327915E-03   0.61327915E-03
  11.567   5.767   0.68451154E-12   0.34573072E-04   0.43930152E-03   0.13898726E-03   0.61286186E-03   0.61286186E-03   0.61286186E-03
  11.583   5.783   0.68403348E-12   0.34537235E-04   0.43900663E-03   0.13889344E-03   0.61243731E-03   0.61243731E-03   0.61243731E-03
  11.600   5.800   0.68354729E-12   0.34501044E-04   0.43870647E-03   0.13879795E-03   0.61200547E-03   0.61200547E-03   0.61200547E-03
  11.617   5.817   0.68305296E-12   0.34464499E-04   0.43840105E-03   0.13870080E-03   0.61156635E-03   0.61156635E-03   0.61156635E-03
  11.633   5.833   0.68255047E-12   0.34427600E-04   0.43809034E-03   0.13860198E-03   0.61111993E-03   0.61111993E-03   0.61111993E-03
  11.650   5.850   0.68203983E-12   0.34390346E-04   0.43777436E-03   0.13850149E-03   0.61066619E-03   0.61066619E-03   0.61066619E-03
  11.667   5.867   0.68152101E-12   0.34352738E-04   0.43745307E-03   0.13839933E-03   0.61020514E-03   0.61020514E-03   0.61020514E-03
  11.683   5.883   0.68099400E-12   0.34314775E-04   0.43712649E-03   0.13829549E-03   0.60973675E-03   0.60973675E-03   0.60973675E-03
  11.700   5.900   0.68045880E-12   0.34276456E-04   0.43679460E-03   0.13818998E-03   0.60926103E-03   0.60926103E-03   0.60926103E-03
  11.717   5.917   0.67991539E-12   0.34237781E-04   0.43645739E-03   0.13808278E-03   0.60877795E-03   0.60877795E-03   0.60877795E-03
  11.733   5.933   0.67936375E-12   0.34198750E-04   0.43611485E-03   0.13797390E-03   0.60828750E-03   0.60828750E-03   0.60828750E-03
  11.750   5.950   0.67880388E-12   0.34159362E-04   0.43576698E-03   0.13786334E-03   0.60778968E-03   0.60778968E-03   0.60778968E-03
  11.767   5.967   0.67823576E-12   0.34119617E-04   0.43541376E-03   0.13775108E-03   0.60728446E-03   0.60728446E-03   0.60728446E-03
  11.783   5.983   0.67765938E-12   0.34079515E-04   0.43505520E-03   0.13763714E-03   0.60677185E-03   0.60677185E-03   0.60677185E-03
  11.800   6.000   0.67707473E-12   0.34039055E-04   0.43469127E-03   0.13752150E-03   0.60625183E-03   0.60625183E-03   0.60625183E-03
  11.817   6.017   0.67648179E-12   0.33998236E-04   0.43432198E-03   0.13740417E-03   0.60572438E-03   0.60572438E-03   0.60572438E-03
  11.833   6.033   0.67588055E-12   0.33957059E-04   0.43394730E-03   0.13728514E-03   0.60518950E-03   0.60518950E-03   0.60518950E-03
  11.850   6.050   0.67527099E-12   0.33915523E-04   0.43356724E-03   0.13716440E-03   0.60464716E-03   0.60464716E-03   0.60464716E-03
  11.867   6.067   0.67465311E-12   0.33873627E-04   0.43318178E-03   0.13704196E-03   0.60409736E-03   0.60409736E-03   0.60409736E-03
  11.883   6.083   0.67402689E-12   0.33831370E-04   0.43279091E-03   0.13691781E-03   0.60354009E-03   0.60354009E-03   0.60354009E-03
  11.900   6.100   0.67339231E-12   0.33788754E-04   0.43239463E-03   0.13679195E-03   0.60297533E-03   0.60297533E-03   0.60297533E-03
  11.917   6.117   0.67274935E-12   0.33745776E-04   0.43199292E-03   0.13666437E-03   0.60240307E-03   0.60240307E-03   0.60240307E-03
  11.933   6.133   0.67209802E-12   0.33702436E-04   0.43158578E-03   0.13653508E-03   0.60182329E-03   0.60182329E-03   0.60182329E-03
  11.950   6.150   0.67143828E-12   0.33658735E-04   0.43117319E-03   0.13640407E-03   0.60123599E-03   0.60123599E-03   0.60123599E-03
  11.967   6.167   0.67077013E-12   0.33614670E-04   0.43075514E-03   0.13627133E-03   0.60064114E-03   0.60064114E-03   0.60064114E-03
  11.983   6.183   0.67009354E-12   0.33570243E-04   0.43033163E-03   0.13613687E-03   0.60003874E-03   0.60003874E-03   0.60003874E-03
  12.000   6.200   0.66940851E-12   0.33525452E-04   0.42990264E-03   0.13600067E-03   0.59942877E-03   0.59942877E-03   0.59942877E-03
  12.017   6.217   0.66871502E-12   0.33480296E-04   0.42946817E-03   0.13586275E-03   0.59881121E-03   0.59881121E-03   0.59881121E-03
  12.033   6.233   0.66801305E-12   0.33434776E-04   0.42902819E-03   0.13572308E-03   0.59818605E-03   0.59818605E-03   0.59818605E-03
  12.050   6.250   0.66730259E-12   0.33388890E-04   0.42858271E-03   0.13558168E-03   0.59755328E-03   0.59755328E-03   0.59755328E-03
  12.067   6.267   0.66658361E-12   0.33342638E-04   0.42813171E-03   0.13543853E-03   0.59691288E-03   0.59691288E-03   0.59691288E-03
  12.083   6.283   0.66585611E-12   0.33296020E-04   0.42767518E-03   0.13529364E-03   0.59626484E-03   0.59626484E-03   0.59626484E-03
  12.100   6.300   0.66512007E-12   0.33249035E-04   0.42721311E-03   0.13514699E-03   0.59560914E-03   0.59560914E-03   0.59560914E-03
  12.117   6.317   0.66437547E-12   0.33201681E-04   0.42674549E-03   0.13499859E-03   0.59494576E-03   0.59494576E-03   0.59494576E-03
  12.133   6.333   0.66362229E-12   0.33153959E-04   0.42627230E-03   0.13484843E-03   0.59427470E-03   0.59427470E-03   0.59427470E-03
  12.150   6.350   0.66286052E-12   0.33105868E-04   0.42579354E-03   0.13469652E-03   0.59359593E-03   0.59359593E-03   0.59359593E-03
  12.167   6.367   0.66209013E-12   0.33057408E-04   0.42530920E-03   0.13454283E-03   0.59290944E-03   0.59290944E-03   0.59290944E-03
  12.183   6.383   0.66131112E-12   0.33008577E-04   0.42481925E-03   0.13438738E-03   0.59221521E-03   0.59221521E-03   0.59221521E-03
  12.200   6.400   0.66052346E-12   0.32959374E-04   0.42432370E-03   0.13423016E-03   0.59151323E-03   0.59151323E-03   0.59151323E-03
  12.217   6.417   0.65972714E-12   0.32909800E-04   0.42382252E-03   0.13407116E-03   0.59080348E-03   0.59080348E-03   0.59080348E-03
  12.233   6.433   0.65892214E-12   0.32859854E-04   0.42331571E-03   0.13391038E-03   0.59008595E-03   0.59008595E-03   0.59008595E-03
  12.250   6.450   0.65810843E-12   0.32809535E-04   0.42280326E-03   0.13374782E-03   0.58936061E-03   0.58936061E-03   0.58936061E-03
  12.267   6.467   0.65728601E-12   0.32758841E-04   0.42228514E-03   0.13358347E-03   0.58862746E-03   0.58862746E-03   0.58862746E-03
  12.283   6.483   0.65645485E-12   0.32707774E-04   0.42176136E-03   0.13341733E-03   0.58788646E-03   0.58788646E-03   0.58788646E-03
  12.300   6.500   0.65561493E-12   0.32656331E-04   0.42123190E-03   0.13324939E-03   0.58713762E-03   0.58713762E-03   0.58713762E-03
  12.317   6.517   0.65476624E-12   0.32604511E-04   0.42069674E-03   0.13307966E-03   0.58638091E-03   0.58638091E-03   0.58638091E-03
  12.333   6.533   0.65390875E-12   0.32552316E-04   0.42015587E-03   0.13290812E-03   0.58561630E-03   0.58561630E-03   0.58561630E-03
  12.350   6.550   0.65304245E-12   0.32499742E-04   0.41960928E-03   0.13273478E-03   0.58484380E-03   0.58484380E-03   0.58484380E-03
  12.367   6.567   0.65216731E-12   0.32446790E-04   0.41905696E-03   0.13255962E-03   0.58406337E-03   0.58406337E-03   0.58406337E-03
  12.383   6.583   0.65128332E-12   0.32393460E-04   0.41849889E-03   0.13238265E-03   0.58327499E-03   0.58327499E-03   0.58327499E-03
  12.400   6.600   0.65039046E-12   0.32339749E-04   0.41793506E-03   0.13220386E-03   0.58247866E-03   0.58247866E-03   0.58247866E-03
  12.417   6.617   0.64948871E-12   0.32285658E-04   0.41736546E-03   0.13202324E-03   0.58167436E-03   0.58167436E-03   0.58167436E-03
  12.433   6.633   0.64857804E-12   0.32231185E-04   0.41679007E-03   0.13184080E-03   0.58086206E-03   0.58086206E-03   0.58086206E-03
  12.450   6.650   0.64765844E-12   0.32176330E-04   0.41620888E-03   0.13165653E-03   0.58004174E-03   0.58004174E-03   0.58004174E-03
  12.467   6.667   0.64672989E-12   0.32121092E-04   0.41562188E-03   0.13147042E-03   0.57921339E-03   0.57921339E-03   0.57921339E-03
  12.483   6.683   0.64579236E-12   0.32065470E-04   0.41502905E-03   0.13128247E-03   0.57837699E-03   0.57837699E-03   0.57837699E-03
  12.500   6.700   0.64484583E-12   0.32009464E-04   0.41443039E-03   0.13109267E-03   0.57753252E-03   0.57753252E-03   0.57753252E-03
  12.517   6.717   0.64389029E-12   0.31953071E-04   0.41382586E-03   0.13090102E-03   0.57667996E-03   0.57667996E-03   0.57667996E-03
  12.533   6.733   0.64292571E-12   0.31896293E-04   0.41321547E-03   0.13070753E-03   0.57581929E-03   0.57581929E-03   0.57581929E-03
  12.550   6.750   0.64195207E-12   0.31839127E-04   0.41259920E-03   0.13051217E-03   0.57495049E-03   0.57495049E-03   0.57495049E-03
  12.567   6.767   0.64096935E-12   0.31781572E-04   0.41197703E-03   0.13031495E-03   0.57407355E-03   0.57407355E-03   0.57407355E-03
  12.583   6.783   0.63997752E-12   0.31723629E-04   0.41134895E-03   0.13011586E-03   0.57318844E-03   0.57318844E-03   0.57318844E-03
  12.600   6.800   0.63897658E-12   0.31665295E-04   0.41071494E-03   0.12991490E-03   0.57229514E-03   0.57229514E-03   0.57229514E-03
  12.617   6.817   0.63796648E-12   0.31606571E-04   0.41007499E-03   0.12971207E-03   0.57139363E-03   0.57139363E-03   0.57139363E-03
  12.633   6.833   0.63694722E-12   0.31547455E-04   0.40942909E-03   0.12950735E-03   0.57048390E-03   0.57048390E-03   0.57048390E-03
  12.650   6.850   0.63591876E-12   0.31487946E-04   0.40877722E-03   0.12930075E-03   0.56956592E-03   0.56956592E-03   0.56956592E-03
  12.667   6.867   0.63488109E-12   0.31428043E-04   0.40811937E-03   0.12909226E-03   0.56863967E-03   0.56863967E-03   0.56863967E-03
  12.683   6.883   0.63383419E-12   0.31367746E-04   0.40745551E-03   0.12888188E-03   0.56770513E-03   0.56770513E-03   0.56770513E-03
  12.700   6.900   0.63277802E-12   0.31307053E-04   0.40678564E-03   0.12866959E-03   0.56676229E-03   0.56676229E-03   0.56676229E-03
  12.717   6.917   0.63171258E-12   0.31245963E-04   0.40610975E-03   0.12845540E-03   0.56581111E-03   0.56581111E-03   0.56581111E-03
  12.733   6.933   0.63063782E-12   0.31184476E-04   0.40542781E-03   0.12823930E-03   0.56485158E-03   0.56485158E-03   0.56485158E-03
  12.750   6.950   0.62955374E-12   0.31122591E-04   0.40473981E-03   0.12802129E-03   0.56388368E-03   0.56388368E-03   0.56388368E-03
  12.767   6.967   0.62846031E-12   0.31060306E-04   0.40404573E-03   0.12780136E-03   0.56290739E-03   0.56290739E-03   0.56290739E-03
  12.783   6.983   0.62735750E-12   0.30997620E-04   0.40334556E-03   0.12757950E-03   0.56192269E-03   0.56192269E-03   0.56192269E-03
  12.800   7.000   0.62624529E-12   0.30934534E-04   0.40263929E-03   0.12735572E-03   0.56092955E-03   0.56092955E-03   0.56092955E-03
  12.817   7.017   0.62512366E-12   0.30871044E-04   0.40192690E-03   0.12713000E-03   0.55992795E-03   0.55992795E-03   0.55992795E-03
  12.833   7.033   0.62399258E-12   0.30807151E-04   0.40120837E-03   0.12690235E-03   0.55891787E-03   0.55891787E-03   0.55891787E-03
  12.850   7.050   0.62285203E-12   0.30742854E-04   0.40048369E-03   0.12667275E-03   0.55789929E-03   0.55789929E-03   0.55789929E-03
  12.867   7.067   0.62170199E-12   0.30678151E-04   0.39975284E-03   0.12644120E-03   0.55687219E-03   0.55687219E-03   0.55687219E-03
  12.883   7.083   0.62054242E-12   0.30613041E-04   0.39901580E-03   0.12620770E-03   0.55583654E-03   0.55583654E-03   0.55583654E-03
  12.900   7.100   0.61937331E-12   0.30547524E-04   0.39827256E-03   0.12597224E-03   0.55479233E-03   0.55479233E-03   0.55479233E-03
  12.917   7.117   0.61819463E-12   0.30481598E-04   0.39752311E-03   0.12573482E-03   0.55373952E-03   0.55373952E-03   0.55373952E-03
  12.933   7.133   0.61700636E-12   0.30415262E-04   0.39676742E-03   0.12549543E-03   0.55267811E-03   0.55267811E-03   0.55267811E-03
  12.950   7.150   0.61580847E-12   0.30348516E-04   0.39600549E-03   0.12525406E-03   0.55160806E-03   0.55160806E-03   0.55160806E-03
  12.967   7.167   0.61460094E-12   0.30281357E-04   0.39523729E-03   0.12501072E-03   0.55052936E-03   0.55052936E-03   0.55052936E-03
  12.983   7.183   0.61338373E-12   0.30213786E-04   0.39446280E-03   0.12476539E-03   0.54944198E-03   0.54944198E-03   0.54944198E-03
  13.000   7.200   0.61215684E-12   0.30145800E-04   0.39368202E-03   0.12451807E-03   0.54834589E-03   0.54834589E-03   0.54834589E-03
  13.017   7.217   0.61092022E-12   0.30077399E-04   0.39289492E-03   0.12426876E-03   0.54724108E-03   0.54724108E-03   0.54724108E-03
  13.033   7.233   0.60967386E-12   0.30008582E-04   0.39210150E-03   0.12401745E-03   0.54612752E-03   0.54612752E-03   0.54612752E-03
  13.050   7.250   0.60841773E-12   0.29939348E-04   0.39130172E-03   0.12376413E-03   0.54500519E-03   0.54500519E-03   0.54500519E-03
  13.067   7.267   0.60715180E-12   0.29869694E-04   0.39049558E-03   0.12350880E-03   0.54387407E-03   0.54387407E-03   0.54387407E-03
  13.083   7.283   0.60587606E-12   0.29799622E-04   0.38968305E-03   0.12325146E-03   0.54273413E-03   0.54273413E-03   0.54273413E-03
  13.100   7.300   0.60459046E-12   0.29729128E-04   0.38886413E-03   0.12299209E-03   0.54158535E-03   0.54158535E-03   0.54158535E-03
  13.117   7.317   0.60329499E-12   0.29658213E-04   0.38803879E-03   0.12273070E-03   0.54042771E-03   0.54042771E-03   0.54042771E-03
  13.133   7.333   0.60198963E-12   0.29586874E-04   0.38720702E-03   0.12246728E-03   0.53926118E-03   0.53926118E-03   0.53926118E-03
  13.150   7.350   0.60067434E-12   0.29515112E-04   0.38636880E-03   0.12220182E-03   0.53808574E-03   0.53808574E-03   0.53808574E-03
  13.167   7.367   0.59934909E-12   0.29442923E-04   0.38552412E-03   0.12193432E-03   0.53690136E-03   0.53690136E-03   0.53690136E-03
  13.183   7.383   0.59801387E-12   0.29370309E-04   0.38467295E-03   0.12166477E-03   0.53570803E-03   0.53570803E-03   0.53570803E-03
  13.200   7.400   0.59666865E-12   0.29297267E-04   0.38381528E-03   0.12139317E-03   0.53450572E-03   0.53450572E-03   0.53450572E-03
  13.217   7.417   0.59531339E-12   0.29223795E-04   0.38295109E-03   0.12111951E-03   0.53329440E-03   0.53329440E-03   0.53329440E-03
  13.233   7.433   0.59394808E-12   0.29149894E-04   0.38208037E-03   0.12084379E-03   0.53207405E-03   0.53207405E-03   0.53207405E-03
  13.250   7.450   0.59257269E-12   0.29075562E-04   0.38120309E-03   0.12056599E-03   0.53084465E-03   0.53084465E-03   0.53084465E-03
  13.267   7.467   0.59118719E-12   0.29000797E-04   0.38031925E-03   0.12028612E-03   0.52960617E-03   0.52960617E-03   0.52960617E-03
  13.283   7.483   0.58979155E-12   0.28925599E-04   0.37942882E-03   0.12000418E-03   0.52835859E-03   0.52835859E-03   0.52835859E-03
  13.300   7.500   0.58838575E-12   0.28849966E-04   0.37853178E-03   0.11972014E-03   0.52710189E-03   0.52710189E-03   0.52710189E-03
  13.317   7.517   0.58696976E-12   0.28773897E-04   0.37762812E-03   0.11943401E-03   0.52583604E-03   0.52583604E-03   0.52583604E-03
  13.333   7.533   0.58554356E-12   0.28697391E-04   0.37671783E-03   0.11914579E-03   0.52456101E-03   0.52456101E-03   0.52456101E-03
  13.350   7.550   0.58410711E-12   0.28620446E-04   0.37580088E-03   0.11885547E-03   0.52327679E-03   0.52327679E-03   0.52327679E-03
  13.367   7.567   0.58266039E-12   0.28543062E-04   0.37487725E-03   0.11856303E-03   0.52198335E-03   0.52198335E-03   0.52198335E-03
  13.383   7.583   0.58120338E-12   0.28465238E-04   0.37394693E-03   0.11826849E-03   0.52068066E-03   0.52068066E-03   0.52068066E-03
  13.400   7.600   0.57973605E-12   0.28386971E-04   0.37300991E-03   0.11797182E-03   0.51936870E-03   0.51936870E-03   0.51936870E-03
  13.417   7.617   0.57825836E-12   0.28308261E-04   0.37206616E-03   0.11767303E-03   0.51804745E-03   0.51804745E-03   0.51804745E-03
  13.433   7.633   0.57677031E-12   0.28229107E-04   0.37111567E-03   0.11737211E-03   0.51671689E-03   0.51671689E-03   0.51671689E-03
  13.450   7.650   0.57527184E-12   0.28149507E-04   0.37015841E-03   0.11706906E-03   0.51537698E-03   0.51537698E-03   0.51537698E-03
  13.467   7.667   0.57376295E-12   0.28069460E-04   0.36919438E-03   0.11676387E-03   0.51402771E-03   0.51402771E-03   0.51402771E-03
  13.483   7.683   0.57224361E-12   0.27988966E-04   0.36822355E-03   0.11645653E-03   0.51266905E-03   0.51266905E-03   0.51266905E-03
  13.500   7.700   0.57071378E-12   0.27908022E-04   0.36724591E-03   0.11614703E-03   0.51130097E-03   0.51130097E-03   0.51130097E-03
  13.517   7.717   0.56917344E-12   0.27826628E-04   0.36626145E-03   0.11583538E-03   0.50992346E-03   0.50992346E-03   0.50992346E-03
  13.533   7.733   0.56762256E-12   0.27744782E-04   0.36527013E-03   0.11552157E-03   0.50853648E-03   0.50853648E-03   0.50853648E-03
  13.550   7.750   0.56606113E-12   0.27662483E-04   0.36427195E-03   0.11520559E-03   0.50714002E-03   0.50714002E-03   0.50714002E-03
  13.567   7.767   0.56448910E-12   0.27579730E-04   0.36326689E-03   0.11488744E-03   0.50573406E-03   0.50573406E-03   0.50573406E-03
  13.583   7.783   0.56290646E-12   0.27496522E-04   0.36225493E-03   0.11456711E-03   0.50431856E-03   0.50431856E-03   0.50431856E-03
  13.600   7.800   0.56131318E-12   0.27412858E-04   0.36123605E-03   0.11424459E-03   0.50289350E-03   0.50289350E-03   0.50289350E-03
  13.617   7.817   0.55970923E-12   0.27328735E-04   0.36021024E-03   0.11391989E-03   0.50145886E-03   0.50145886E-03   0.50145886E-03
  13.633   7.833   0.55809458E-12   0.27244154E-04   0.35917748E-03   0.11359299E-03   0.50001462E-03   0.50001462E-03   0.50001462E-03
  13.650   7.850   0.55646922E-12   0.27159113E-04   0.35813776E-03   0.11326388E-03   0.49856075E-03   0.49856075E-03   0.49856075E-03
  13.667   7.867   0.55483311E-12   0.27073610E-04   0.35709105E-03   0.11293258E-03   0.49709724E-03   0.49709724E-03   0.49709724E-03
  13.683   7.883   0.55318622E-12   0.26987645E-04   0.35603734E-03   0.11259906E-03   0.49562404E-03   0.49562404E-03   0.49562404E-03
  13.700   7.900   0.55152854E-12   0.26901216E-04   0.35497661E-03   0.11226333E-03   0.49414115E-03   0.49414115E-03   0.49414115E-03
  13.717   7.917   0.54986004E-12   0.26814322E-04   0.35390885E-03   0.11192537E-03   0.49264854E-03   0.49264854E-03   0.49264854E-03
  13.733   7.933   0.54818069E-12   0.26726963E-04   0.35283404E-03   0.11158519E-03   0.49114619E-03   0.49114619E-03   0.49114619E-03
  13.750   7.950   0.54649046E-12   0.26639135E-04   0.35175216E-03   0.11124277E-03   0.48963407E-03   0.48963407E-03   0.48963407E-03
  13.767   7.967   0.54478934E-12   0.26550840E-04   0.35066320E-03   0.11089812E-03   0.48811217E-03   0.48811217E-03   0.48811217E-03
  13.783   7.983   0.54307729E-12   0.26462075E-04   0.34956714E-03   0.11055123E-03   0.48658045E-03   0.48658045E-03   0.48658045E-03
  13.800   8.000   0.54135429E-12   0.26372839E-04   0.34846397E-03   0.11020209E-03   0.48503890E-03   0.48503890E-03   0.48503890E-03
  13.817   8.017   0.53962032E-12   0.26283131E-04   0.34735366E-03   0.10985070E-03   0.48348749E-03   0.48348749E-03   0.48348749E-03
  13.833   8.033   0.53787534E-12   0.26192950E-04   0.34623621E-03   0.10949705E-03   0.48192621E-03   0.48192621E-03   0.48192621E-03
  13.850   8.050   0.53611935E-12   0.26102295E-04   0.34511160E-03   0.10914114E-03   0.48035503E-03   0.48035503E-03   0.48035503E-03
  13.867   8.067   0.53435231E-12   0.26011164E-04   0.34397980E-03   0.10878296E-03   0.47877392E-03   0.47877392E-03   0.47877392E-03
  13.883   8.083   0.53257420E-12   0.25919557E-04   0.34284081E-03   0.10842251E-03   0.47718288E-03   0.47718288E-03   0.47718288E-03
  13.900   8.100   0.53078500E-12   0.25827472E-04   0.34169462E-03   0.10805978E-03   0.47558187E-03   0.47558187E-03   0.47558187E-03
  13.917   8.117   0.52898468E-12   0.25734909E-04   0.34054120E-03   0.10769477E-03   0.47397087E-03   0.47397087E-03   0.47397087E-03
  13.933   8.133   0.52717322E-12   0.25641866E-04   0.33938054E-03   0.10732747E-03   0.47234988E-03   0.47234988E-03   0.47234988E-03
  13.950   8.150   0.52535060E-12   0.25548342E-04   0.33821263E-03   0.10695788E-03   0.47071885E-03   0.47071885E-03   0.47071885E-03
  13.967   8.167   0.52351679E-12   0.25454336E-04   0.33703745E-03   0.10658600E-03   0.46907778E-03   0.46907778E-03   0.46907778E-03
  13.983   8.183   0.52167178E-12   0.25359847E-04   0.33585498E-03   0.10621182E-03   0.46742665E-03   0.46742665E-03   0.46742665E-03
  14.000   8.200   0.51981554E-12   0.25264873E-04   0.33466522E-03   0.10583533E-03   0.46576543E-03   0.46576543E-03   0.46576543E-03
  14.017   8.217   0.51794804E-12   0.25169415E-04   0.33346815E-03   0.10545654E-03   0.46409410E-03   0.46409410E-03   0.46409410E-03
  14.033   8.233   0.51606928E-12   0.25073471E-04   0.33226376E-03   0.10507543E-03   0.46241266E-03   0.46241266E-03   0.46241266E-03
  14.050   8.250   0.51417922E-12   0.24977040E-04   0.33105203E-03   0.10469200E-03   0.46072107E-03   0.46072107E-03   0.46072107E-03
  14.067   8.267   0.51227786E-12   0.24880120E-04   0.32983295E-03   0.10430625E-03   0.45901932E-03   0.45901932E-03   0.45901932E-03
  14.083   8.283   0.51036516E-12   0.24782712E-04   0.32860650E-03   0.10391818E-03   0.45730739E-03   0.45730739E-03   0.45730739E-03
  14.100   8.300   0.50844110E-12   0.24684813E-04   0.32737268E-03   0.10352778E-03   0.45558527E-03   0.45558527E-03   0.45558527E-03
  14.117   8.317   0.50650568E-12   0.24586424E-04   0.32613147E-03   0.10313504E-03   0.45385294E-03   0.45385294E-03   0.45385294E-03
  14.133   8.333   0.50455887E-12   0.24487542E-04   0.32488287E-03   0.10273997E-03   0.45211038E-03   0.45211038E-03   0.45211038E-03
  14.150   8.350   0.50260065E-12   0.24388168E-04   0.32362685E-03   0.10234255E-03   0.45035757E-03   0.45035757E-03   0.45035757E-03
  14.167   8.367   0.50063101E-12   0.24288300E-04   0.32236340E-03   0.10194279E-03   0.44859450E-03   0.44859450E-03   0.44859450E-03
  14.183   8.383   0.49864992E-12   0.24187938E-04   0.32109252E-03   0.10154069E-03   0.44682115E-03   0.44682115E-03   0.44682115E-03
  14.200   8.400   0.49665738E-12   0.24087081E-04   0.31981420E-03   0.10113623E-03   0.44503751E-03   0.44503751E-03   0.44503751E-03
  14.217   8.417   0.49465336E-12   0.23985727E-04   0.31852842E-03   0.10072941E-03   0.44324357E-03   0.44324357E-03   0.44324357E-03
  14.233   8.433   0.49263785E-12   0.23883876E-04   0.31723518E-03   0.10032024E-03   0.44143930E-03   0.44143930E-03   0.44143930E-03
  14.250   8.450   0.49061084E-12   0.23781528E-04   0.31593446E-03   0.99908711E-04   0.43962470E-03   0.43962470E-03   0.43962470E-03
  14.267   8.467   0.48857231E-12   0.23678682E-04   0.31462626E-03   0.99494815E-04   0.43779976E-03   0.43779976E-03   0.43779976E-03
  14.283   8.483   0.48652224E-12   0.23575336E-04   0.31331057E-03   0.99078553E-04   0.43596446E-03   0.43596446E-03   0.43596446E-03
  14.300   8.500   0.48446063E-12   0.23471491E-04   0.31198737E-03   0.98659921E-04   0.43411878E-03   0.43411878E-03   0.43411878E-03
  14.317   8.517   0.48238746E-12   0.23367145E-04   0.31065666E-03   0.98238918E-04   0.43226273E-03   0.43226273E-03   0.43226273E-03
  14.333   8.533   0.48030272E-12   0.23262298E-04   0.30931844E-03   0.97815540E-04   0.43039628E-03   0.43039628E-03   0.43039628E-03
  14.350   8.550   0.47820639E-12   0.23156949E-04   0.30797270E-03   0.97389786E-04   0.42851943E-03   0.42851943E-03   0.42851943E-03
  14.367   8.567   0.47609848E-12   0.23051099E-04   0.30661942E-03   0.96961654E-04   0.42663217E-03   0.42663217E-03   0.42663217E-03
  14.383   8.583   0.47397897E-12   0.22944745E-04   0.30525861E-03   0.96531141E-04   0.42473449E-03   0.42473449E-03   0.42473449E-03
  14.400   8.600   0.47184784E-12   0.22837889E-04   0.30389025E-03   0.96098246E-04   0.42282639E-03   0.42282639E-03   0.42282639E-03
  14.417   8.617   0.46970510E-12   0.22730529E-04   0.30251435E-03   0.95662968E-04   0.42090785E-03   0.42090785E-03   0.42090785E-03
  14.433   8.633   0.46755074E-12   0.22622665E-04   0.30113090E-03   0.95225304E-04   0.41897887E-03   0.41897887E-03   0.41897887E-03
  14.450   8.650   0.46538474E-12   0.22514296E-04   0.29973989E-03   0.94785254E-04   0.41703944E-03   0.41703944E-03   0.41703944E-03
  14.467   8.667   0.46320711E-12   0.22405423E-04   0.29834132E-03   0.94342817E-04   0.41508956E-03   0.41508956E-03   0.41508956E-03
  14.483   8.683   0.46101784E-12   0.22296045E-04   0.29693519E-03   0.93897992E-04   0.41312923E-03   0.41312923E-03   0.41312923E-03
  14.500   8.700   0.45881693E-12   0.22186161E-04   0.29552150E-03   0.93450777E-04   0.41115844E-03   0.41115844E-03   0.41115844E-03
  14.517   8.717   0.45660437E-12   0.22075772E-04   0.29410025E-03   0.93001173E-04   0.40917719E-03   0.40917719E-03   0.40917719E-03
  14.533   8.733   0.45438016E-12   0.21964878E-04   0.29267142E-03   0.92549180E-04   0.40718548E-03   0.40718548E-03   0.40718548E-03
  14.550   8.750   0.45214431E-12   0.21853477E-04   0.29123504E-03   0.92094796E-04   0.40518331E-03   0.40518331E-03   0.40518331E-03
  14.567   8.767   0.44989681E-12   0.21741571E-04   0.28979108E-03   0.91638024E-04   0.40317068E-03   0.40317068E-03   0.40317068E-03
  14.583   8.783   0.44763767E-12   0.21629159E-04   0.28833956E-03   0.91178862E-04   0.40114758E-03   0.40114758E-03   0.40114758E-03
  14.600   8.800   0.44536688E-12   0.21516241E-04   0.28688048E-03   0.90717311E-04   0.39911404E-03   0.39911404E-03   0.39911404E-03
  14.617   8.817   0.44308446E-12   0.21402817E-04   0.28541384E-03   0.90253373E-04   0.39707003E-03   0.39707003E-03   0.39707003E-03
  14.633   8.833   0.44079040E-12   0.21288888E-04   0.28393965E-03   0.89787049E-04   0.39501559E-03   0.39501559E-03   0.39501559E-03
  14.650   8.850   0.43848472E-12   0.21174454E-04   0.28245790E-03   0.89318339E-04   0.39295070E-03   0.39295070E-03   0.39295070E-03
  14.667   8.867   0.43616742E-12   0.21059514E-04   0.28096861E-03   0.88847246E-04   0.39087537E-03   0.39087537E-03   0.39087537E-03
  14.683   8.883   0.43383851E-12   0.20944070E-04   0.27947178E-03   0.88373771E-04   0.38878962E-03   0.38878962E-03   0.38878962E-03
  14.700   8.900   0.43149800E-12   0.20828121E-04   0.27796741E-03   0.87897917E-04   0.38669345E-03   0.38669345E-03   0.38669345E-03
  14.717   8.917   0.42914591E-12   0.20711668E-04   0.27645552E-03   0.87419686E-04   0.38458687E-03   0.38458687E-03   0.38458687E-03
  14.733   8.933   0.42678225E-12   0.20594712E-04   0.27493611E-03   0.86939081E-04   0.38246990E-03   0.38246990E-03   0.38246990E-03
  14.750   8.950   0.42440702E-12   0.20477253E-04   0.27340920E-03   0.86456105E-04   0.38034255E-03   0.38034255E-03   0.38034255E-03
  14.767   8.967   0.42202026E-12   0.20359291E-04   0.27187479E-03   0.85970760E-04   0.37820484E-03   0.37820484E-03   0.37820484E-03
  14.783   8.983   0.41962197E-12   0.20240828E-04   0.27033289E-03   0.85483052E-04   0.37605677E-03   0.37605677E-03   0.37605677E-03
  14.800   9.000   0.41721218E-12   0.20121865E-04   0.26878352E-03   0.84992984E-04   0.37389837E-03   0.37389837E-03   0.37389837E-03
  14.817   9.017   0.41479091E-12   0.20002401E-04   0.26722670E-03   0.84500560E-04   0.37172966E-03   0.37172966E-03   0.37172966E-03
  14.833   9.033   0.41235818E-12   0.19882438E-04   0.26566243E-03   0.84005786E-04   0.36955065E-03   0.36955065E-03   0.36955065E-03
  14.850   9.050   0.40991401E-12   0.19761978E-04   0.26409073E-03   0.83508665E-04   0.36736137E-03   0.36736137E-03   0.36736137E-03
  14.867   9.067   0.40745843E-12   0.19641020E-04   0.26251163E-03   0.83009204E-04   0.36516185E-03   0.36516185E-03   0.36516185E-03
  14.883   9.083   0.40499147E-12   0.19519567E-04   0.26092513E-03   0.82507408E-04   0.36295210E-03   0.36295210E-03   0.36295210E-03
  14.900   9.100   0.40251316E-12   0.19397620E-04   0.25933126E-03   0.82003283E-04   0.36073216E-03   0.36073216E-03   0.36073216E-03
  14.917   9.117   0.40002353E-12   0.19275179E-04   0.25773004E-03   0.81496837E-04   0.35850205E-03   0.35850205E-03   0.35850205E-03
  14.933   9.133   0.39752262E-12   0.19152247E-04   0.25612149E-03   0.80988076E-04   0.35626181E-03   0.35626181E-03   0.35626181E-03
  14.950   9.150   0.39501046E-12   0.19028825E-04   0.25450563E-03   0.80477007E-04   0.35401146E-03   0.35401146E-03   0.35401146E-03
  14.967   9.167   0.39248709E-12   0.18904914E-04   0.25288250E-03   0.79963639E-04   0.35175105E-03   0.35175105E-03   0.35175105E-03
  14.983   9.183   0.38995255E-12   0.18780517E-04   0.25125210E-03   0.79447979E-04   0.34948060E-03   0.34948060E-03   0.34948060E-03
  15.000   9.200   0.38740688E-12   0.18655635E-04   0.24961449E-03   0.78930036E-04   0.34720016E-03   0.34720016E-03   0.34720016E-03
  15.017   9.217   0.38485013E-12   0.18530270E-04   0.24796967E-03   0.78409820E-04   0.34490976E-03   0.34490976E-03   0.34490976E-03
  15.033   9.233   0.38228235E-12   0.18404424E-04   0.24631769E-03   0.77887340E-04   0.34260945E-03   0.34260945E-03   0.34260945E-03
  15.050   9.250   0.37970358E-12   0.18278100E-04   0.24465857E-03   0.77362606E-04   0.34029927E-03   0.34029927E-03   0.34029927E-03
  15.067   9.267   0.37711387E-12   0.18151299E-04   0.24299235E-03   0.76835629E-04   0.33797927E-03   0.33797927E-03   0.33797927E-03
  15.083   9.283   0.37451329E-12   0.18024024E-04   0.24131906E-03   0.76306420E-04   0.33564950E-03   0.33564950E-03   0.33564950E-03
  15.100   9.300   0.37190188E-12   0.17896278E-04   0.23963874E-03   0.75774991E-04   0.33331001E-03   0.33331001E-03   0.33331001E-03
  15.117   9.317   0.36927971E-12   0.17768062E-04   0.23795144E-03   0.75241353E-04   0.33096085E-03   0.33096085E-03   0.33096085E-03
  15.133   9.333   0.36664683E-12   0.17639381E-04   0.23625718E-03   0.74705521E-04   0.32860208E-03   0.32860208E-03   0.32860208E-03
  15.150   9.350   0.36400333E-12   0.17510236E-04   0.23455601E-03   0.74167506E-04   0.32623376E-03   0.32623376E-03   0.32623376E-03
  15.167   9.367   0.36134925E-12   0.17380631E-04   0.23284798E-03   0.73627324E-04   0.32385594E-03   0.32385594E-03   0.32385594E-03
  15.183   9.383   0.35868468E-12   0.17250569E-04   0.23113314E-03   0.73084988E-04   0.32146869E-03   0.32146869E-03   0.32146869E-03
  15.200   9.400   0.35600968E-12   0.17120053E-04   0.22941152E-03   0.72540513E-04   0.31907209E-03   0.31907209E-03   0.31907209E-03
  15.217   9.417   0.35332434E-12   0.16989087E-04   0.22768318E-03   0.71993916E-04   0.31666618E-03   0.31666618E-03   0.31666618E-03
  15.233   9.433   0.35062873E-12   0.16857674E-04   0.22594817E-03   0.71445213E-04   0.31425106E-03   0.31425106E-03   0.31425106E-03
  15.250   9.450   0.34792294E-12   0.16725818E-04   0.22420655E-03   0.70894420E-04   0.31182679E-03   0.31182679E-03   0.31182679E-03
  15.267   9.467   0.34520705E-12   0.16593523E-04   0.22245837E-03   0.70341556E-04   0.30939345E-03   0.30939345E-03   0.30939345E-03
  15.283   9.483   0.34248116E-12   0.16460793E-04   0.22070369E-03   0.69786639E-04   0.30695112E-03   0.30695112E-03   0.30695112E-03
  15.300   9.500   0.33974535E-12   0.16327631E-04   0.21894257E-03   0.69229688E-04   0.30449989E-03   0.30449989E-03   0.30449989E-03
  15.317   9.517   0.33699973E-12   0.16194044E-04   0.21717508E-03   0.68670723E-04   0.30203984E-03   0.30203984E-03   0.30203984E-03
  15.333   9.533   0.33424439E-12   0.16060034E-04   0.21540127E-03   0.68109764E-04   0.29957106E-03   0.29957106E-03   0.29957106E-03
  15.350   9.550   0.33147944E-12   0.15925606E-04   0.21362121E-03   0.67546832E-04   0.29709365E-03   0.29709365E-03   0.29709365E-03
  15.367   9.567   0.32870499E-12   0.15790766E-04   0.21183498E-03   0.66981951E-04   0.29460770E-03   0.29460770E-03   0.29460770E-03
  15.383   9.583   0.32592115E-12   0.15655519E-04   0.21004265E-03   0.66415142E-04   0.29211332E-03   0.29211332E-03   0.29211332E-03
  15.400   9.600   0.32312803E-12   0.15519870E-04   0.20824430E-03   0.65846430E-04   0.28961060E-03   0.28961060E-03   0.28961060E-03
  15.417   9.617   0.32032575E-12   0.15383824E-04   0.20643999E-03   0.65275839E-04   0.28709965E-03   0.28709965E-03   0.28709965E-03
  15.433   9.633   0.31751444E-12   0.15247386E-04   0.20462982E-03   0.64703394E-04   0.28458060E-03   0.28458060E-03   0.28458060E-03
  15.450   9.650   0.31469423E-12   0.15110564E-04   0.20281385E-03   0.64129122E-04   0.28205354E-03   0.28205354E-03   0.28205354E-03
  15.467   9.667   0.31186525E-12   0.14973362E-04   0.20099219E-03   0.63553049E-04   0.27951861E-03   0.27951861E-03   0.27951861E-03
  15.483   9.683   0.30902764E-12   0.14835787E-04   0.19916492E-03   0.62975205E-04   0.27697591E-03   0.27697591E-03   0.27697591E-03
  15.500   9.700   0.30618153E-12   0.14697846E-04   0.19733213E-03   0.62395617E-04   0.27442559E-03   0.27442559E-03   0.27442559E-03
  15.517   9.717   0.30332708E-12   0.14559545E-04   0.19549391E-03   0.61814316E-04   0.27186777E-03   0.27186777E-03   0.27186777E-03
  15.533   9.733   0.30046444E-12   0.14420891E-04   0.19365037E-03   0.61231333E-04   0.26930259E-03   0.26930259E-03   0.26930259E-03
  15.550   9.750   0.29759376E-12   0.14281891E-04   0.19180160E-03   0.60646699E-04   0.26673019E-03   0.26673019E-03   0.26673019E-03
  15.567   9.767   0.29471520E-12   0.14142553E-04   0.18994771E-03   0.60060448E-04   0.26415071E-03   0.26415071E-03   0.26415071E-03
  15.583   9.783   0.29182893E-12   0.14002883E-04   0.18808881E-03   0.59472614E-04   0.26156430E-03   0.26156430E-03   0.26156430E-03
  15.600   9.800   0.28893512E-12   0.13862891E-04   0.18622500E-03   0.58883231E-04   0.25897112E-03   0.25897112E-03   0.25897112E-03
  15.617   9.817   0.28603395E-12   0.13722584E-04   0.18435640E-03   0.58292336E-04   0.25637132E-03   0.25637132E-03   0.25637132E-03
  15.633   9.833   0.28312560E-12   0.13581970E-04   0.18248313E-03   0.57699966E-04   0.25376507E-03   0.25376507E-03   0.25376507E-03
  15.650   9.850   0.28021026E-12   0.13441059E-04   0.18060532E-03   0.57106159E-04   0.25115254E-03   0.25115254E-03   0.25115254E-03
  15.667   9.867   0.27728812E-12   0.13299858E-04   0.17872308E-03   0.56510955E-04   0.24853389E-03   0.24853389E-03   0.24853389E-03
  15.683   9.883   0.27435938E-12   0.13158377E-04   0.17683654E-03   0.55914395E-04   0.24590931E-03   0.24590931E-03   0.24590931E-03
  15.700   9.900   0.27142424E-12   0.13016626E-04   0.17494584E-03   0.55316520E-04   0.24327899E-03   0.24327899E-03   0.24327899E-03
  15.717   9.917   0.26848292E-12   0.12874614E-04   0.17305111E-03   0.54717374E-04   0.24064310E-03   0.24064310E-03   0.24064310E-03
  15.733   9.933   0.26553564E-12   0.12732352E-04   0.17115250E-03   0.54117001E-04   0.23800185E-03   0.23800185E-03   0.23800185E-03
  15.750   9.950   0.26258261E-12   0.12589849E-04   0.16925015E-03   0.53515447E-04   0.23535544E-03   0.23535544E-03   0.23535544E-03
  15.767   9.967   0.25962407E-12   0.12447116E-04   0.16734420E-03   0.52912759E-04   0.23270408E-03   0.23270408E-03   0.23270408E-03
  15.783   9.983   0.25666025E-12   0.12304164E-04   0.16543482E-03   0.52308985E-04   0.23004797E-03   0.23004797E-03   0.23004797E-03
  15.800  10.000   0.25369140E-12   0.12161005E-04   0.16352215E-03   0.51704175E-04   0.22738733E-03   0.22738733E-03   0.22738733E-03
  15.817  10.017   0.25071777E-12   0.12017650E-04   0.16160636E-03   0.51098379E-04   0.22472239E-03   0.22472239E-03   0.22472239E-03
  15.833  10.033   0.24773962E-12   0.11874110E-04   0.15968762E-03   0.50491652E-04   0.22205338E-03   0.22205338E-03   0.22205338E-03
  15.850  10.050   0.24475720E-12   0.11730398E-04   0.15776609E-03   0.49884046E-04   0.21938054E-03   0.21938054E-03   0.21938054E-03
  15.867  10.067   0.24177079E-12   0.11586527E-04   0.15584196E-03   0.49275617E-04   0.21670411E-03   0.21670411E-03   0.21670411E-03
  15.883  10.083   0.23878068E-12   0.11442510E-04   0.15391540E-03   0.48666422E-04   0.21402433E-03   0.21402433E-03   0.21402433E-03
  15.900  10.100   0.23578713E-12   0.11298359E-04   0.15198660E-03   0.48056519E-04   0.21134147E-03   0.21134147E-03   0.21134147E-03
  15.917  10.117   0.23279046E-12   0.11154088E-04   0.15005574E-03   0.47445968E-04   0.20865580E-03   0.20865580E-03   0.20865580E-03
  15.933  10.133   0.22979096E-12   0.11009712E-04   0.14812302E-03   0.46834832E-04   0.20596757E-03   0.20596757E-03   0.20596757E-03
  15.950  10.150   0.22678893E-12   0.10865245E-04   0.14618865E-03   0.46223173E-04   0.20327707E-03   0.20327707E-03   0.20327707E-03
  15.967  10.167   0.22378471E-12   0.10720701E-04   0.14425283E-03   0.45611056E-04   0.20058458E-03   0.20058458E-03   0.20058458E-03
  15.983  10.183   0.22077861E-12   0.10576095E-04   0.14231576E-03   0.44998548E-04   0.19789040E-03   0.19789040E-03   0.19789040E-03
  16.000  10.200   0.21777097E-12   0.10431444E-04   0.14037766E-03   0.44385717E-04   0.19519483E-03   0.19519483E-03   0.19519483E-03
  16.017  10.217   0.21476213E-12   0.10286763E-04   0.13843877E-03   0.43772633E-04   0.19249816E-03   0.19249816E-03   0.19249816E-03
  16.033  10.233   0.21175243E-12   0.10142068E-04   0.13649929E-03   0.43159367E-04   0.18980073E-03   0.18980073E-03   0.18980073E-03
  16.050  10.250   0.20874226E-12   0.99973767E-05   0.13455947E-03   0.42545994E-04   0.18710284E-03   0.18710284E-03   0.18710284E-03
  16.067  10.267   0.20573196E-12   0.98527055E-05   0.13261954E-03   0.41932588E-04   0.18440483E-03   0.18440483E-03   0.18440483E-03
  16.083  10.283   0.20272192E-12   0.97080722E-05   0.13067975E-03   0.41319227E-04   0.18170705E-03   0.18170705E-03   0.18170705E-03
  16.100  10.300   0.19971252E-12   0.95634949E-05   0.12874035E-03   0.40705989E-04   0.17900983E-03   0.17900983E-03   0.17900983E-03
  16.117  10.317   0.19670417E-12   0.94189921E-05   0.12680159E-03   0.40092956E-04   0.17631353E-03   0.17631353E-03   0.17631353E-03
  16.133  10.333   0.19369726E-12   0.92745826E-05   0.12486373E-03   0.39480211E-04   0.17361852E-03   0.17361852E-03   0.17361852E-03
  16.150  10.350   0.19069222E-12   0.91302860E-05   0.12292705E-03   0.38867838E-04   0.17092517E-03   0.17092517E-03   0.17092517E-03
  16.167  10.367   0.18768946E-12   0.89861219E-05   0.12099181E-03   0.38255923E-04   0.16823386E-03   0.16823386E-03   0.16823386E-03
  16.183  10.383   0.18468942E-12   0.88421107E-05   0.11905831E-03   0.37644557E-04   0.16554497E-03   0.16554497E-03   0.16554497E-03
  16.200  10.400   0.18169255E-12   0.86982733E-05   0.11712682E-03   0.37033829E-04   0.16285892E-03   0.16285892E-03   0.16285892E-03
  16.217  10.417   0.17869930E-12   0.85546308E-05   0.11519764E-03   0.36423832E-04   0.16017610E-03   0.16017610E-03   0.16017610E-03
  16.233  10.433   0.17571014E-12   0.84112049E-05   0.11327106E-03   0.35814661E-04   0.15749693E-03   0.15749693E-03   0.15749693E-03
  16.250  10.450   0.17272554E-12   0.82680180E-05   0.11134741E-03   0.35206413E-04   0.15482184E-03   0.15482184E-03   0.15482184E-03
  16.267  10.467   0.16974598E-12   0.81250927E-05   0.10942698E-03   0.34599188E-04   0.15215126E-03   0.15215126E-03   0.15215126E-03
  16.283  10.483   0.16677196E-12   0.79824522E-05   0.10751011E-03   0.33993085E-04   0.14948565E-03   0.14948565E-03   0.14948565E-03
  16.300  10.500   0.16380399E-12   0.78401202E-05   0.10559711E-03   0.33388210E-04   0.14682544E-03   0.14682544E-03   0.14682544E-03
  16.317  10.517   0.16084259E-12   0.76981209E-05   0.10368832E-03   0.32784666E-04   0.14417111E-03   0.14417111E-03   0.14417111E-03
  16.333  10.533   0.15788827E-12   0.75564792E-05   0.10178408E-03   0.32182563E-04   0.14152312E-03   0.14152312E-03   0.14152312E-03
  16.350  10.550   0.15494159E-12   0.74152201E-05   0.99884739E-04   0.31582009E-04   0.13888197E-03   0.13888197E-03   0.13888197E-03
  16.367  10.567   0.15200308E-12   0.72743696E-05   0.97990651E-04   0.30983116E-04   0.13624814E-03   0.13624814E-03   0.13624814E-03
  16.383  10.583   0.14907331E-12   0.71339537E-05   0.96102177E-04   0.30386000E-04   0.13362213E-03   0.13362213E-03   0.13362213E-03
  16.400  10.600   0.14615285E-12   0.69939994E-05   0.94219685E-04   0.29790775E-04   0.13100446E-03   0.13100446E-03   0.13100446E-03
  16.417  10.617   0.14324228E-12   0.68545338E-05   0.92343551E-04   0.29197562E-04   0.12839565E-03   0.12839565E-03   0.12839565E-03
  16.433  10.633   0.14034219E-12   0.67155850E-05   0.90474157E-04   0.28606481E-04   0.12579622E-03   0.12579622E-03   0.12579622E-03
  16.450  10.650   0.13745319E-12   0.65771811E-05   0.88611892E-04   0.28017654E-04   0.12320673E-03   0.12320673E-03   0.12320673E-03
  16.467  10.667   0.13457588E-12   0.64393510E-05   0.86757153E-04   0.27431208E-04   0.12062771E-03   0.12062771E-03   0.12062771E-03
  16.483  10.683   0.13171090E-12   0.63021243E-05   0.84910343E-04   0.26847270E-04   0.11805974E-03   0.11805974E-03   0.11805974E-03
  16.500  10.700   0.12885888E-12   0.61655306E-05   0.83071873E-04   0.26265969E-04   0.11550337E-03   0.11550337E-03   0.11550337E-03
  16.517  10.717   0.12602046E-12   0.60296005E-05   0.81242159E-04   0.25687437E-04   0.11295920E-03   0.11295920E-03   0.11295920E-03
  16.533  10.733   0.12319631E-12   0.58943649E-05   0.79421625E-04   0.25111808E-04   0.11042780E-03   0.11042780E-03   0.11042780E-03
  16.550  10.750   0.12038708E-12   0.57598551E-05   0.77610702E-04   0.24539219E-04   0.10790978E-03   0.10790978E-03   0.10790978E-03
  16.567  10.767   0.11759346E-12   0.56261032E-05   0.75809828E-04   0.23969808E-04   0.10540574E-03   0.10540574E-03   0.10540574E-03
  16.583  10.783   0.11481613E-12   0.54931415E-05   0.74019446E-04   0.23403715E-04   0.10291630E-03   0.10291630E-03   0.10291630E-03
  16.600  10.800   0.11205580E-12   0.53610029E-05   0.72240007E-04   0.22841082E-04   0.10044209E-03   0.10044209E-03   0.10044209E-03
  16.617  10.817   0.10931317E-12   0.52297208E-05   0.70471968E-04   0.22282054E-04   0.97983742E-04   0.97983742E-04   0.97983742E-04
  16.633  10.833   0.10658895E-12   0.50993289E-05   0.68715790E-04   0.21726777E-04   0.95541896E-04   0.95541896E-04   0.95541896E-04
  16.650  10.850   0.10388387E-12   0.49698616E-05   0.66971943E-04   0.21175399E-04   0.93117204E-04   0.93117204E-04   0.93117204E-04
  16.667  10.867   0.10119868E-12   0.48413536E-05   0.65240902E-04   0.20628071E-04   0.90710326E-04   0.90710326E-04   0.90710326E-04
  16.683  10.883   0.98534102E-13   0.47138400E-05   0.63523146E-04   0.20084943E-04   0.88321929E-04   0.88321929E-04   0.88321929E-04
  16.700  10.900   0.95890900E-13   0.45873562E-05   0.61819161E-04   0.19546170E-04   0.85952688E-04   0.85952688E-04   0.85952688E-04
  16.717  10.917   0.93269833E-13   0.44619383E-05   0.60129437E-04   0.19011907E-04   0.83603283E-04   0.83603283E-04   0.83603283E-04
  16.733  10.933   0.90671667E-13   0.43376224E-05   0.58454470E-04   0.18482310E-04   0.81274402E-04   0.81274402E-04   0.81274402E-04
  16.750  10.950   0.88097176E-13   0.42144452E-05   0.56794759E-04   0.17957536E-04   0.78966741E-04   0.78966741E-04   0.78966741E-04
  16.767  10.967   0.85547141E-13   0.40924436E-05   0.55150808E-04   0.17437747E-04   0.76680998E-04   0.76680998E-04   0.76680998E-04
  16.783  10.983   0.83022348E-13   0.39716547E-05   0.53523124E-04   0.16923100E-04   0.74417879E-04   0.74417879E-04   0.74417879E-04
  16.800  11.000   0.80523590E-13   0.38521160E-05   0.51912219E-04   0.16413759E-04   0.72178094E-04   0.72178094E-04   0.72178094E-04
