        RT(hours)           [OAbg]         tot_loss         tot_prod
   5.817   0.017   0.79988660E+00   0.00000000E+00   0.00000000E+00
   5.833   0.033   0.79955401E+00   0.00000000E+00   0.00000000E+00
   5.850   0.050   0.79900317E+00   0.00000000E+00   0.00000000E+00
   5.867   0.067   0.79823562E+00   0.00000000E+00   0.00000000E+00
   5.883   0.083   0.79725350E+00   0.00000000E+00   0.00000000E+00
   5.900   0.100   0.79605953E+00   0.00000000E+00   0.00000000E+00
   5.917   0.117   0.79465703E+00   0.00000000E+00   0.00000000E+00
   5.933   0.133   0.79304987E+00   0.00000000E+00   0.00000000E+00
   5.950   0.150   0.79124244E+00   0.00000000E+00   0.00000000E+00
   5.967   0.167   0.78923966E+00   0.00000000E+00   0.00000000E+00
   5.983   0.183   0.78704691E+00   0.00000000E+00   0.00000000E+00
   6.000   0.200   0.78467006E+00   0.00000000E+00   0.00000000E+00
   6.017   0.217   0.78211536E+00   0.00000000E+00   0.00000000E+00
   6.033   0.233   0.77938946E+00   0.00000000E+00   0.00000000E+00
   6.050   0.250   0.77649935E+00   0.00000000E+00   0.00000000E+00
   6.067   0.267   0.77345233E+00   0.00000000E+00   0.00000000E+00
   6.083   0.283   0.77025595E+00   0.00000000E+00   0.00000000E+00
   6.100   0.300   0.76691798E+00   0.00000000E+00   0.00000000E+00
   6.117   0.317   0.76344637E+00   0.00000000E+00   0.00000000E+00
   6.133   0.333   0.75984920E+00   0.00000000E+00   0.00000000E+00
   6.150   0.350   0.75613462E+00   0.00000000E+00   0.00000000E+00
   6.167   0.367   0.75231084E+00   0.00000000E+00   0.00000000E+00
   6.183   0.383   0.74838607E+00   0.00000000E+00   0.00000000E+00
   6.200   0.400   0.74436848E+00   0.00000000E+00   0.00000000E+00
   6.217   0.417   0.74026614E+00   0.00000000E+00   0.00000000E+00
   6.233   0.433   0.73608704E+00   0.00000000E+00   0.00000000E+00
   6.250   0.450   0.73183901E+00   0.00000000E+00   0.00000000E+00
   6.267   0.467   0.72752970E+00   0.00000000E+00   0.00000000E+00
   6.283   0.483   0.72316657E+00   0.00000000E+00   0.00000000E+00
   6.300   0.500   0.71875683E+00   0.00000000E+00   0.00000000E+00
   6.317   0.517   0.71430747E+00   0.00000000E+00   0.00000000E+00
   6.333   0.533   0.70982519E+00   0.00000000E+00   0.00000000E+00
   6.350   0.550   0.70531644E+00   0.00000000E+00   0.00000000E+00
   6.367   0.567   0.70078736E+00   0.00000000E+00   0.00000000E+00
   6.383   0.583   0.69624380E+00   0.00000000E+00   0.00000000E+00
   6.400   0.600   0.69169130E+00   0.00000000E+00   0.00000000E+00
   6.417   0.617   0.68713511E+00   0.00000000E+00   0.00000000E+00
   6.433   0.633   0.68258017E+00   0.00000000E+00   0.00000000E+00
   6.450   0.650   0.67803110E+00   0.00000000E+00   0.00000000E+00
   6.467   0.667   0.67349224E+00   0.00000000E+00   0.00000000E+00
   6.483   0.683   0.66896763E+00   0.00000000E+00   0.00000000E+00
   6.500   0.700   0.66446102E+00   0.00000000E+00   0.00000000E+00
   6.517   0.717   0.65997588E+00   0.00000000E+00   0.00000000E+00
   6.533   0.733   0.65551543E+00   0.00000000E+00   0.00000000E+00
   6.550   0.750   0.65108260E+00   0.00000000E+00   0.00000000E+00
   6.567   0.767   0.64668008E+00   0.00000000E+00   0.00000000E+00
   6.583   0.783   0.64231032E+00   0.00000000E+00   0.00000000E+00
   6.600   0.800   0.63797556E+00   0.00000000E+00   0.00000000E+00
   6.617   0.817   0.63367780E+00   0.00000000E+00   0.00000000E+00
   6.633   0.833   0.62941884E+00   0.00000000E+00   0.00000000E+00
   6.650   0.850   0.62520030E+00   0.00000000E+00   0.00000000E+00
   6.667   0.867   0.62102360E+00   0.00000000E+00   0.00000000E+00
   6.683   0.883   0.61689000E+00   0.00000000E+00   0.00000000E+00
   6.700   0.900   0.61280059E+00   0.00000000E+00   0.00000000E+00
   6.717   0.917   0.60875632E+00   0.00000000E+00   0.00000000E+00
   6.733   0.933   0.60475799E+00   0.00000000E+00   0.00000000E+00
   6.750   0.950   0.60080628E+00   0.00000000E+00   0.00000000E+00
   6.767   0.967   0.59690174E+00   0.00000000E+00   0.00000000E+00
   6.783   0.983   0.59304480E+00   0.00000000E+00   0.00000000E+00
   6.800   1.000   0.58923581E+00   0.00000000E+00   0.00000000E+00
   6.817   1.017   0.58547501E+00   0.00000000E+00   0.00000000E+00
   6.833   1.033   0.58176254E+00   0.00000000E+00   0.00000000E+00
   6.850   1.050   0.57809848E+00   0.00000000E+00   0.00000000E+00
   6.867   1.067   0.57448283E+00   0.00000000E+00   0.00000000E+00
   6.883   1.083   0.57091552E+00   0.00000000E+00   0.00000000E+00
   6.900   1.100   0.56739641E+00   0.00000000E+00   0.00000000E+00
   6.917   1.117   0.56392531E+00   0.00000000E+00   0.00000000E+00
   6.933   1.133   0.56050198E+00   0.00000000E+00   0.00000000E+00
   6.950   1.150   0.55712615E+00   0.00000000E+00   0.00000000E+00
   6.967   1.167   0.55379746E+00   0.00000000E+00   0.00000000E+00
   6.983   1.183   0.55051558E+00   0.00000000E+00   0.00000000E+00
   7.000   1.200   0.54728008E+00   0.00000000E+00   0.00000000E+00
   7.017   1.217   0.54409055E+00   0.00000000E+00   0.00000000E+00
   7.033   1.233   0.54094653E+00   0.00000000E+00   0.00000000E+00
   7.050   1.250   0.53784754E+00   0.00000000E+00   0.00000000E+00
   7.067   1.267   0.53479308E+00   0.00000000E+00   0.00000000E+00
   7.083   1.283   0.53178264E+00   0.00000000E+00   0.00000000E+00
   7.100   1.300   0.52881567E+00   0.00000000E+00   0.00000000E+00
   7.117   1.317   0.52589164E+00   0.00000000E+00   0.00000000E+00
   7.133   1.333   0.52301000E+00   0.00000000E+00   0.00000000E+00
   7.150   1.350   0.52017016E+00   0.00000000E+00   0.00000000E+00
   7.167   1.367   0.51737157E+00   0.00000000E+00   0.00000000E+00
   7.183   1.383   0.51461365E+00   0.00000000E+00   0.00000000E+00
   7.200   1.400   0.51189580E+00   0.00000000E+00   0.00000000E+00
   7.217   1.417   0.50921745E+00   0.00000000E+00   0.00000000E+00
   7.233   1.433   0.50657800E+00   0.00000000E+00   0.00000000E+00
   7.250   1.450   0.50397688E+00   0.00000000E+00   0.00000000E+00
   7.267   1.467   0.50141349E+00   0.00000000E+00   0.00000000E+00
   7.283   1.483   0.49888724E+00   0.00000000E+00   0.00000000E+00
   7.300   1.500   0.49639756E+00   0.00000000E+00   0.00000000E+00
   7.317   1.517   0.49394386E+00   0.00000000E+00   0.00000000E+00
   7.333   1.533   0.49152556E+00   0.00000000E+00   0.00000000E+00
   7.350   1.550   0.48914209E+00   0.00000000E+00   0.00000000E+00
   7.367   1.567   0.48679288E+00   0.00000000E+00   0.00000000E+00
   7.383   1.583   0.48447737E+00   0.00000000E+00   0.00000000E+00
   7.400   1.600   0.48219500E+00   0.00000000E+00   0.00000000E+00
   7.417   1.617   0.47994522E+00   0.00000000E+00   0.00000000E+00
   7.433   1.633   0.47772748E+00   0.00000000E+00   0.00000000E+00
   7.450   1.650   0.47554124E+00   0.00000000E+00   0.00000000E+00
   7.467   1.667   0.47338597E+00   0.00000000E+00   0.00000000E+00
   7.483   1.683   0.47126115E+00   0.00000000E+00   0.00000000E+00
   7.500   1.700   0.46916625E+00   0.00000000E+00   0.00000000E+00
   7.517   1.717   0.46710077E+00   0.00000000E+00   0.00000000E+00
   7.533   1.733   0.46506420E+00   0.00000000E+00   0.00000000E+00
   7.550   1.750   0.46305604E+00   0.00000000E+00   0.00000000E+00
   7.567   1.767   0.46107582E+00   0.00000000E+00   0.00000000E+00
   7.583   1.783   0.45912303E+00   0.00000000E+00   0.00000000E+00
   7.600   1.800   0.45719723E+00   0.00000000E+00   0.00000000E+00
   7.617   1.817   0.45529793E+00   0.00000000E+00   0.00000000E+00
   7.633   1.833   0.45342468E+00   0.00000000E+00   0.00000000E+00
   7.650   1.850   0.45157703E+00   0.00000000E+00   0.00000000E+00
   7.667   1.867   0.44975454E+00   0.00000000E+00   0.00000000E+00
   7.683   1.883   0.44795678E+00   0.00000000E+00   0.00000000E+00
   7.700   1.900   0.44618331E+00   0.00000000E+00   0.00000000E+00
   7.717   1.917   0.44443373E+00   0.00000000E+00   0.00000000E+00
   7.733   1.933   0.44270761E+00   0.00000000E+00   0.00000000E+00
   7.750   1.950   0.44100455E+00   0.00000000E+00   0.00000000E+00
   7.767   1.967   0.43932416E+00   0.00000000E+00   0.00000000E+00
   7.783   1.983   0.43766604E+00   0.00000000E+00   0.00000000E+00
   7.800   2.000   0.43602982E+00   0.00000000E+00   0.00000000E+00
   7.817   2.017   0.43441511E+00   0.00000000E+00   0.00000000E+00
   7.833   2.033   0.43282156E+00   0.00000000E+00   0.00000000E+00
   7.850   2.050   0.43124879E+00   0.00000000E+00   0.00000000E+00
   7.867   2.067   0.42969645E+00   0.00000000E+00   0.00000000E+00
   7.883   2.083   0.42816421E+00   0.00000000E+00   0.00000000E+00
   7.900   2.100   0.42665170E+00   0.00000000E+00   0.00000000E+00
   7.917   2.117   0.42515861E+00   0.00000000E+00   0.00000000E+00
   7.933   2.133   0.42368460E+00   0.00000000E+00   0.00000000E+00
   7.950   2.150   0.42222935E+00   0.00000000E+00   0.00000000E+00
   7.967   2.167   0.42079254E+00   0.00000000E+00   0.00000000E+00
   7.983   2.183   0.41937387E+00   0.00000000E+00   0.00000000E+00
   8.000   2.200   0.41797302E+00   0.00000000E+00   0.00000000E+00
   8.017   2.217   0.41658971E+00   0.00000000E+00   0.00000000E+00
   8.033   2.233   0.41522364E+00   0.00000000E+00   0.00000000E+00
   8.050   2.250   0.41387452E+00   0.00000000E+00   0.00000000E+00
   8.067   2.267   0.41254208E+00   0.00000000E+00   0.00000000E+00
   8.083   2.283   0.41122603E+00   0.00000000E+00   0.00000000E+00
   8.100   2.300   0.40992611E+00   0.00000000E+00   0.00000000E+00
   8.117   2.317   0.40864205E+00   0.00000000E+00   0.00000000E+00
   8.133   2.333   0.40737360E+00   0.00000000E+00   0.00000000E+00
   8.150   2.350   0.40612050E+00   0.00000000E+00   0.00000000E+00
   8.167   2.367   0.40488249E+00   0.00000000E+00   0.00000000E+00
   8.183   2.383   0.40365933E+00   0.00000000E+00   0.00000000E+00
   8.200   2.400   0.40245080E+00   0.00000000E+00   0.00000000E+00
   8.217   2.417   0.40125663E+00   0.00000000E+00   0.00000000E+00
   8.233   2.433   0.40007662E+00   0.00000000E+00   0.00000000E+00
   8.250   2.450   0.39891053E+00   0.00000000E+00   0.00000000E+00
   8.267   2.467   0.39775813E+00   0.00000000E+00   0.00000000E+00
   8.283   2.483   0.39661922E+00   0.00000000E+00   0.00000000E+00
   8.300   2.500   0.39549357E+00   0.00000000E+00   0.00000000E+00
   8.317   2.517   0.39438098E+00   0.00000000E+00   0.00000000E+00
   8.333   2.533   0.39328125E+00   0.00000000E+00   0.00000000E+00
   8.350   2.550   0.39219416E+00   0.00000000E+00   0.00000000E+00
   8.367   2.567   0.39111953E+00   0.00000000E+00   0.00000000E+00
   8.383   2.583   0.39005716E+00   0.00000000E+00   0.00000000E+00
   8.400   2.600   0.38900686E+00   0.00000000E+00   0.00000000E+00
   8.417   2.617   0.38796844E+00   0.00000000E+00   0.00000000E+00
   8.433   2.633   0.38694172E+00   0.00000000E+00   0.00000000E+00
   8.450   2.650   0.38592652E+00   0.00000000E+00   0.00000000E+00
   8.467   2.667   0.38492266E+00   0.00000000E+00   0.00000000E+00
   8.483   2.683   0.38392998E+00   0.00000000E+00   0.00000000E+00
   8.500   2.700   0.38294829E+00   0.00000000E+00   0.00000000E+00
   8.517   2.717   0.38197745E+00   0.00000000E+00   0.00000000E+00
   8.533   2.733   0.38101727E+00   0.00000000E+00   0.00000000E+00
   8.550   2.750   0.38006761E+00   0.00000000E+00   0.00000000E+00
   8.567   2.767   0.37912830E+00   0.00000000E+00   0.00000000E+00
   8.583   2.783   0.37819919E+00   0.00000000E+00   0.00000000E+00
   8.600   2.800   0.37728014E+00   0.00000000E+00   0.00000000E+00
   8.617   2.817   0.37637098E+00   0.00000000E+00   0.00000000E+00
   8.633   2.833   0.37547158E+00   0.00000000E+00   0.00000000E+00
   8.650   2.850   0.37458179E+00   0.00000000E+00   0.00000000E+00
   8.667   2.867   0.37370147E+00   0.00000000E+00   0.00000000E+00
   8.683   2.883   0.37283048E+00   0.00000000E+00   0.00000000E+00
   8.700   2.900   0.37196869E+00   0.00000000E+00   0.00000000E+00
   8.717   2.917   0.37111597E+00   0.00000000E+00   0.00000000E+00
   8.733   2.933   0.37027218E+00   0.00000000E+00   0.00000000E+00
   8.750   2.950   0.36943720E+00   0.00000000E+00   0.00000000E+00
   8.767   2.967   0.36861090E+00   0.00000000E+00   0.00000000E+00
   8.783   2.983   0.36779315E+00   0.00000000E+00   0.00000000E+00
   8.800   3.000   0.36698384E+00   0.00000000E+00   0.00000000E+00
   8.817   3.017   0.36618285E+00   0.00000000E+00   0.00000000E+00
   8.833   3.033   0.36539005E+00   0.00000000E+00   0.00000000E+00
   8.850   3.050   0.36460534E+00   0.00000000E+00   0.00000000E+00
   8.867   3.067   0.36382860E+00   0.00000000E+00   0.00000000E+00
   8.883   3.083   0.36305973E+00   0.00000000E+00   0.00000000E+00
   8.900   3.100   0.36229860E+00   0.00000000E+00   0.00000000E+00
   8.917   3.117   0.36154512E+00   0.00000000E+00   0.00000000E+00
   8.933   3.133   0.36079917E+00   0.00000000E+00   0.00000000E+00
   8.950   3.150   0.36006067E+00   0.00000000E+00   0.00000000E+00
   8.967   3.167   0.35932950E+00   0.00000000E+00   0.00000000E+00
   8.983   3.183   0.35860556E+00   0.00000000E+00   0.00000000E+00
   9.000   3.200   0.35788876E+00   0.00000000E+00   0.00000000E+00
   9.017   3.217   0.35717900E+00   0.00000000E+00   0.00000000E+00
   9.033   3.233   0.35647619E+00   0.00000000E+00   0.00000000E+00
   9.050   3.250   0.35578022E+00   0.00000000E+00   0.00000000E+00
   9.067   3.267   0.35509103E+00   0.00000000E+00   0.00000000E+00
   9.083   3.283   0.35440850E+00   0.00000000E+00   0.00000000E+00
   9.100   3.300   0.35373255E+00   0.00000000E+00   0.00000000E+00
   9.117   3.317   0.35306310E+00   0.00000000E+00   0.00000000E+00
   9.133   3.333   0.35240007E+00   0.00000000E+00   0.00000000E+00
   9.150   3.350   0.35174336E+00   0.00000000E+00   0.00000000E+00
   9.167   3.367   0.35109289E+00   0.00000000E+00   0.00000000E+00
   9.183   3.383   0.35044859E+00   0.00000000E+00   0.00000000E+00
   9.200   3.400   0.34981037E+00   0.00000000E+00   0.00000000E+00
   9.217   3.417   0.34917816E+00   0.00000000E+00   0.00000000E+00
   9.233   3.433   0.34855188E+00   0.00000000E+00   0.00000000E+00
   9.250   3.450   0.34793144E+00   0.00000000E+00   0.00000000E+00
   9.267   3.467   0.34731679E+00   0.00000000E+00   0.00000000E+00
   9.283   3.483   0.34670784E+00   0.00000000E+00   0.00000000E+00
   9.300   3.500   0.34610452E+00   0.00000000E+00   0.00000000E+00
   9.317   3.517   0.34550677E+00   0.00000000E+00   0.00000000E+00
   9.333   3.533   0.34491450E+00   0.00000000E+00   0.00000000E+00
   9.350   3.550   0.34432766E+00   0.00000000E+00   0.00000000E+00
   9.367   3.567   0.34374617E+00   0.00000000E+00   0.00000000E+00
   9.383   3.583   0.34316997E+00   0.00000000E+00   0.00000000E+00
   9.400   3.600   0.34259900E+00   0.00000000E+00   0.00000000E+00
   9.417   3.617   0.34203318E+00   0.00000000E+00   0.00000000E+00
   9.433   3.633   0.34147246E+00   0.00000000E+00   0.00000000E+00
   9.450   3.650   0.34091677E+00   0.00000000E+00   0.00000000E+00
   9.467   3.667   0.34036606E+00   0.00000000E+00   0.00000000E+00
   9.483   3.683   0.33982025E+00   0.00000000E+00   0.00000000E+00
   9.500   3.700   0.33927930E+00   0.00000000E+00   0.00000000E+00
   9.517   3.717   0.33874314E+00   0.00000000E+00   0.00000000E+00
   9.533   3.733   0.33821172E+00   0.00000000E+00   0.00000000E+00
   9.550   3.750   0.33768497E+00   0.00000000E+00   0.00000000E+00
   9.567   3.767   0.33716285E+00   0.00000000E+00   0.00000000E+00
   9.583   3.783   0.33664530E+00   0.00000000E+00   0.00000000E+00
   9.600   3.800   0.33613227E+00   0.00000000E+00   0.00000000E+00
   9.617   3.817   0.33562369E+00   0.00000000E+00   0.00000000E+00
   9.633   3.833   0.33511952E+00   0.00000000E+00   0.00000000E+00
   9.650   3.850   0.33461971E+00   0.00000000E+00   0.00000000E+00
   9.667   3.867   0.33412421E+00   0.00000000E+00   0.00000000E+00
   9.683   3.883   0.33363296E+00   0.00000000E+00   0.00000000E+00
   9.700   3.900   0.33314593E+00   0.00000000E+00   0.00000000E+00
   9.717   3.917   0.33266305E+00   0.00000000E+00   0.00000000E+00
   9.733   3.933   0.33218428E+00   0.00000000E+00   0.00000000E+00
   9.750   3.950   0.33170957E+00   0.00000000E+00   0.00000000E+00
   9.767   3.967   0.33123888E+00   0.00000000E+00   0.00000000E+00
   9.783   3.983   0.33077217E+00   0.00000000E+00   0.00000000E+00
   9.800   4.000   0.33030938E+00   0.00000000E+00   0.00000000E+00
   9.817   4.017   0.32985047E+00   0.00000000E+00   0.00000000E+00
   9.833   4.033   0.32939540E+00   0.00000000E+00   0.00000000E+00
   9.850   4.050   0.32894413E+00   0.00000000E+00   0.00000000E+00
   9.867   4.067   0.32849661E+00   0.00000000E+00   0.00000000E+00
   9.883   4.083   0.32805281E+00   0.00000000E+00   0.00000000E+00
   9.900   4.100   0.32761267E+00   0.00000000E+00   0.00000000E+00
   9.917   4.117   0.32717616E+00   0.00000000E+00   0.00000000E+00
   9.933   4.133   0.32674325E+00   0.00000000E+00   0.00000000E+00
   9.950   4.150   0.32631388E+00   0.00000000E+00   0.00000000E+00
   9.967   4.167   0.32588803E+00   0.00000000E+00   0.00000000E+00
   9.983   4.183   0.32546565E+00   0.00000000E+00   0.00000000E+00
  10.000   4.200   0.32504670E+00   0.00000000E+00   0.00000000E+00
  10.017   4.217   0.32463116E+00   0.00000000E+00   0.00000000E+00
  10.033   4.233   0.32421898E+00   0.00000000E+00   0.00000000E+00
  10.050   4.250   0.32381012E+00   0.00000000E+00   0.00000000E+00
  10.067   4.267   0.32340455E+00   0.00000000E+00   0.00000000E+00
  10.083   4.283   0.32300224E+00   0.00000000E+00   0.00000000E+00
  10.100   4.300   0.32260315E+00   0.00000000E+00   0.00000000E+00
  10.117   4.317   0.32220725E+00   0.00000000E+00   0.00000000E+00
  10.133   4.333   0.32181450E+00   0.00000000E+00   0.00000000E+00
  10.150   4.350   0.32142487E+00   0.00000000E+00   0.00000000E+00
  10.167   4.367   0.32103833E+00   0.00000000E+00   0.00000000E+00
  10.183   4.383   0.32065484E+00   0.00000000E+00   0.00000000E+00
  10.200   4.400   0.32027438E+00   0.00000000E+00   0.00000000E+00
  10.217   4.417   0.31989691E+00   0.00000000E+00   0.00000000E+00
  10.233   4.433   0.31952239E+00   0.00000000E+00   0.00000000E+00
  10.250   4.450   0.31915081E+00   0.00000000E+00   0.00000000E+00
  10.267   4.467   0.31878213E+00   0.00000000E+00   0.00000000E+00
  10.283   4.483   0.31841633E+00   0.00000000E+00   0.00000000E+00
  10.300   4.500   0.31805336E+00   0.00000000E+00   0.00000000E+00
  10.317   4.517   0.31769321E+00   0.00000000E+00   0.00000000E+00
  10.333   4.533   0.31733584E+00   0.00000000E+00   0.00000000E+00
  10.350   4.550   0.31698122E+00   0.00000000E+00   0.00000000E+00
  10.367   4.567   0.31662934E+00   0.00000000E+00   0.00000000E+00
  10.383   4.583   0.31628015E+00   0.00000000E+00   0.00000000E+00
  10.400   4.600   0.31593364E+00   0.00000000E+00   0.00000000E+00
  10.417   4.617   0.31558978E+00   0.00000000E+00   0.00000000E+00
  10.433   4.633   0.31524854E+00   0.00000000E+00   0.00000000E+00
  10.450   4.650   0.31490990E+00   0.00000000E+00   0.00000000E+00
  10.467   4.667   0.31457383E+00   0.00000000E+00   0.00000000E+00
  10.483   4.683   0.31424030E+00   0.00000000E+00   0.00000000E+00
  10.500   4.700   0.31390929E+00   0.00000000E+00   0.00000000E+00
  10.517   4.717   0.31358077E+00   0.00000000E+00   0.00000000E+00
  10.533   4.733   0.31325473E+00   0.00000000E+00   0.00000000E+00
  10.550   4.750   0.31293113E+00   0.00000000E+00   0.00000000E+00
  10.567   4.767   0.31260996E+00   0.00000000E+00   0.00000000E+00
  10.583   4.783   0.31229119E+00   0.00000000E+00   0.00000000E+00
  10.600   4.800   0.31197480E+00   0.00000000E+00   0.00000000E+00
  10.617   4.817   0.31166076E+00   0.00000000E+00   0.00000000E+00
  10.633   4.833   0.31134905E+00   0.00000000E+00   0.00000000E+00
  10.650   4.850   0.31103966E+00   0.00000000E+00   0.00000000E+00
  10.667   4.867   0.31073255E+00   0.00000000E+00   0.00000000E+00
  10.683   4.883   0.31042771E+00   0.00000000E+00   0.00000000E+00
  10.700   4.900   0.31012511E+00   0.00000000E+00   0.00000000E+00
  10.717   4.917   0.30982474E+00   0.00000000E+00   0.00000000E+00
  10.733   4.933   0.30952658E+00   0.00000000E+00   0.00000000E+00
  10.750   4.950   0.30923059E+00   0.00000000E+00   0.00000000E+00
  10.767   4.967   0.30893677E+00   0.00000000E+00   0.00000000E+00
  10.783   4.983   0.30864510E+00   0.00000000E+00   0.00000000E+00
  10.800   5.000   0.30835554E+00   0.00000000E+00   0.00000000E+00
  10.817   5.017   0.30806809E+00   0.00000000E+00   0.00000000E+00
  10.833   5.033   0.30778273E+00   0.00000000E+00   0.00000000E+00
  10.850   5.050   0.30749943E+00   0.00000000E+00   0.00000000E+00
  10.867   5.067   0.30721818E+00   0.00000000E+00   0.00000000E+00
  10.883   5.083   0.30693896E+00   0.00000000E+00   0.00000000E+00
  10.900   5.100   0.30666174E+00   0.00000000E+00   0.00000000E+00
  10.917   5.117   0.30638652E+00   0.00000000E+00   0.00000000E+00
  10.933   5.133   0.30611328E+00   0.00000000E+00   0.00000000E+00
  10.950   5.150   0.30584199E+00   0.00000000E+00   0.00000000E+00
  10.967   5.167   0.30557264E+00   0.00000000E+00   0.00000000E+00
  10.983   5.183   0.30530521E+00   0.00000000E+00   0.00000000E+00
  11.000   5.200   0.30503969E+00   0.00000000E+00   0.00000000E+00
  11.017   5.217   0.30477606E+00   0.00000000E+00   0.00000000E+00
  11.033   5.233   0.30451429E+00   0.00000000E+00   0.00000000E+00
  11.050   5.250   0.30425439E+00   0.00000000E+00   0.00000000E+00
  11.067   5.267   0.30399632E+00   0.00000000E+00   0.00000000E+00
  11.083   5.283   0.30374008E+00   0.00000000E+00   0.00000000E+00
  11.100   5.300   0.30348564E+00   0.00000000E+00   0.00000000E+00
  11.117   5.317   0.30323300E+00   0.00000000E+00   0.00000000E+00
  11.133   5.333   0.30298213E+00   0.00000000E+00   0.00000000E+00
  11.150   5.350   0.30273303E+00   0.00000000E+00   0.00000000E+00
  11.167   5.367   0.30248567E+00   0.00000000E+00   0.00000000E+00
  11.183   5.383   0.30224004E+00   0.00000000E+00   0.00000000E+00
  11.200   5.400   0.30199613E+00   0.00000000E+00   0.00000000E+00
  11.217   5.417   0.30175392E+00   0.00000000E+00   0.00000000E+00
  11.233   5.433   0.30151340E+00   0.00000000E+00   0.00000000E+00
  11.250   5.450   0.30127455E+00   0.00000000E+00   0.00000000E+00
  11.267   5.467   0.30103737E+00   0.00000000E+00   0.00000000E+00
  11.283   5.483   0.30080182E+00   0.00000000E+00   0.00000000E+00
  11.300   5.500   0.30056792E+00   0.00000000E+00   0.00000000E+00
  11.317   5.517   0.30033562E+00   0.00000000E+00   0.00000000E+00
  11.333   5.533   0.30010494E+00   0.00000000E+00   0.00000000E+00
  11.350   5.550   0.29987585E+00   0.00000000E+00   0.00000000E+00
  11.367   5.567   0.29964833E+00   0.00000000E+00   0.00000000E+00
  11.383   5.583   0.29942238E+00   0.00000000E+00   0.00000000E+00
  11.400   5.600   0.29919799E+00   0.00000000E+00   0.00000000E+00
  11.417   5.617   0.29897513E+00   0.00000000E+00   0.00000000E+00
  11.433   5.633   0.29875381E+00   0.00000000E+00   0.00000000E+00
  11.450   5.650   0.29853400E+00   0.00000000E+00   0.00000000E+00
  11.467   5.667   0.29831569E+00   0.00000000E+00   0.00000000E+00
  11.483   5.683   0.29809888E+00   0.00000000E+00   0.00000000E+00
  11.500   5.700   0.29788354E+00   0.00000000E+00   0.00000000E+00
  11.517   5.717   0.29766967E+00   0.00000000E+00   0.00000000E+00
  11.533   5.733   0.29745726E+00   0.00000000E+00   0.00000000E+00
  11.550   5.750   0.29724630E+00   0.00000000E+00   0.00000000E+00
  11.567   5.767   0.29703676E+00   0.00000000E+00   0.00000000E+00
  11.583   5.783   0.29682865E+00   0.00000000E+00   0.00000000E+00
  11.600   5.800   0.29662195E+00   0.00000000E+00   0.00000000E+00
  11.617   5.817   0.29641665E+00   0.00000000E+00   0.00000000E+00
  11.633   5.833   0.29621274E+00   0.00000000E+00   0.00000000E+00
  11.650   5.850   0.29601021E+00   0.00000000E+00   0.00000000E+00
  11.667   5.867   0.29580905E+00   0.00000000E+00   0.00000000E+00
  11.683   5.883   0.29560924E+00   0.00000000E+00   0.00000000E+00
  11.700   5.900   0.29541078E+00   0.00000000E+00   0.00000000E+00
  11.717   5.917   0.29521365E+00   0.00000000E+00   0.00000000E+00
  11.733   5.933   0.29501785E+00   0.00000000E+00   0.00000000E+00
  11.750   5.950   0.29482337E+00   0.00000000E+00   0.00000000E+00
  11.767   5.967   0.29463019E+00   0.00000000E+00   0.00000000E+00
  11.783   5.983   0.29443831E+00   0.00000000E+00   0.00000000E+00
  11.800   6.000   0.29424772E+00   0.00000000E+00   0.00000000E+00
  11.817   6.017   0.29405840E+00   0.00000000E+00   0.00000000E+00
  11.833   6.033   0.29387036E+00   0.00000000E+00   0.00000000E+00
  11.850   6.050   0.29368356E+00   0.00000000E+00   0.00000000E+00
  11.867   6.067   0.29349802E+00   0.00000000E+00   0.00000000E+00
  11.883   6.083   0.29331372E+00   0.00000000E+00   0.00000000E+00
  11.900   6.100   0.29313064E+00   0.00000000E+00   0.00000000E+00
  11.917   6.117   0.29294879E+00   0.00000000E+00   0.00000000E+00
  11.933   6.133   0.29276815E+00   0.00000000E+00   0.00000000E+00
  11.950   6.150   0.29258872E+00   0.00000000E+00   0.00000000E+00
  11.967   6.167   0.29241047E+00   0.00000000E+00   0.00000000E+00
  11.983   6.183   0.29223342E+00   0.00000000E+00   0.00000000E+00
  12.000   6.200   0.29205754E+00   0.00000000E+00   0.00000000E+00
  12.017   6.217   0.29188283E+00   0.00000000E+00   0.00000000E+00
  12.033   6.233   0.29170928E+00   0.00000000E+00   0.00000000E+00
  12.050   6.250   0.29153689E+00   0.00000000E+00   0.00000000E+00
  12.067   6.267   0.29136563E+00   0.00000000E+00   0.00000000E+00
  12.083   6.283   0.29119552E+00   0.00000000E+00   0.00000000E+00
  12.100   6.300   0.29102653E+00   0.00000000E+00   0.00000000E+00
  12.117   6.317   0.29085866E+00   0.00000000E+00   0.00000000E+00
  12.133   6.333   0.29069190E+00   0.00000000E+00   0.00000000E+00
  12.150   6.350   0.29052625E+00   0.00000000E+00   0.00000000E+00
  12.167   6.367   0.29036170E+00   0.00000000E+00   0.00000000E+00
  12.183   6.383   0.29019823E+00   0.00000000E+00   0.00000000E+00
  12.200   6.400   0.29003584E+00   0.00000000E+00   0.00000000E+00
  12.217   6.417   0.28987453E+00   0.00000000E+00   0.00000000E+00
  12.233   6.433   0.28971429E+00   0.00000000E+00   0.00000000E+00
  12.250   6.450   0.28955510E+00   0.00000000E+00   0.00000000E+00
  12.267   6.467   0.28939697E+00   0.00000000E+00   0.00000000E+00
  12.283   6.483   0.28923988E+00   0.00000000E+00   0.00000000E+00
  12.300   6.500   0.28908383E+00   0.00000000E+00   0.00000000E+00
  12.317   6.517   0.28892881E+00   0.00000000E+00   0.00000000E+00
  12.333   6.533   0.28877482E+00   0.00000000E+00   0.00000000E+00
  12.350   6.550   0.28862184E+00   0.00000000E+00   0.00000000E+00
  12.367   6.567   0.28846987E+00   0.00000000E+00   0.00000000E+00
  12.383   6.583   0.28831890E+00   0.00000000E+00   0.00000000E+00
  12.400   6.600   0.28816894E+00   0.00000000E+00   0.00000000E+00
  12.417   6.617   0.28801996E+00   0.00000000E+00   0.00000000E+00
  12.433   6.633   0.28787196E+00   0.00000000E+00   0.00000000E+00
  12.450   6.650   0.28772495E+00   0.00000000E+00   0.00000000E+00
  12.467   6.667   0.28757890E+00   0.00000000E+00   0.00000000E+00
  12.483   6.683   0.28743382E+00   0.00000000E+00   0.00000000E+00
  12.500   6.700   0.28728970E+00   0.00000000E+00   0.00000000E+00
  12.517   6.717   0.28714652E+00   0.00000000E+00   0.00000000E+00
  12.533   6.733   0.28700430E+00   0.00000000E+00   0.00000000E+00
  12.550   6.750   0.28686301E+00   0.00000000E+00   0.00000000E+00
  12.567   6.767   0.28672266E+00   0.00000000E+00   0.00000000E+00
  12.583   6.783   0.28658324E+00   0.00000000E+00   0.00000000E+00
  12.600   6.800   0.28644474E+00   0.00000000E+00   0.00000000E+00
  12.617   6.817   0.28630715E+00   0.00000000E+00   0.00000000E+00
  12.633   6.833   0.28617047E+00   0.00000000E+00   0.00000000E+00
  12.650   6.850   0.28603470E+00   0.00000000E+00   0.00000000E+00
  12.667   6.867   0.28589983E+00   0.00000000E+00   0.00000000E+00
  12.683   6.883   0.28576585E+00   0.00000000E+00   0.00000000E+00
  12.700   6.900   0.28563276E+00   0.00000000E+00   0.00000000E+00
  12.717   6.917   0.28550055E+00   0.00000000E+00   0.00000000E+00
  12.733   6.933   0.28536922E+00   0.00000000E+00   0.00000000E+00
  12.750   6.950   0.28523876E+00   0.00000000E+00   0.00000000E+00
  12.767   6.967   0.28510917E+00   0.00000000E+00   0.00000000E+00
  12.783   6.983   0.28498043E+00   0.00000000E+00   0.00000000E+00
  12.800   7.000   0.28485256E+00   0.00000000E+00   0.00000000E+00
  12.817   7.017   0.28472553E+00   0.00000000E+00   0.00000000E+00
  12.833   7.033   0.28459935E+00   0.00000000E+00   0.00000000E+00
  12.850   7.050   0.28447401E+00   0.00000000E+00   0.00000000E+00
  12.867   7.067   0.28434950E+00   0.00000000E+00   0.00000000E+00
  12.883   7.083   0.28422582E+00   0.00000000E+00   0.00000000E+00
  12.900   7.100   0.28410297E+00   0.00000000E+00   0.00000000E+00
  12.917   7.117   0.28398094E+00   0.00000000E+00   0.00000000E+00
  12.933   7.133   0.28385973E+00   0.00000000E+00   0.00000000E+00
  12.950   7.150   0.28373933E+00   0.00000000E+00   0.00000000E+00
  12.967   7.167   0.28361973E+00   0.00000000E+00   0.00000000E+00
  12.983   7.183   0.28350093E+00   0.00000000E+00   0.00000000E+00
  13.000   7.200   0.28338293E+00   0.00000000E+00   0.00000000E+00
  13.017   7.217   0.28326573E+00   0.00000000E+00   0.00000000E+00
  13.033   7.233   0.28314931E+00   0.00000000E+00   0.00000000E+00
  13.050   7.250   0.28303367E+00   0.00000000E+00   0.00000000E+00
  13.067   7.267   0.28291881E+00   0.00000000E+00   0.00000000E+00
  13.083   7.283   0.28280473E+00   0.00000000E+00   0.00000000E+00
  13.100   7.300   0.28269142E+00   0.00000000E+00   0.00000000E+00
  13.117   7.317   0.28257887E+00   0.00000000E+00   0.00000000E+00
  13.133   7.333   0.28246708E+00   0.00000000E+00   0.00000000E+00
  13.150   7.350   0.28235605E+00   0.00000000E+00   0.00000000E+00
  13.167   7.367   0.28224577E+00   0.00000000E+00   0.00000000E+00
  13.183   7.383   0.28213625E+00   0.00000000E+00   0.00000000E+00
  13.200   7.400   0.28202746E+00   0.00000000E+00   0.00000000E+00
  13.217   7.417   0.28191942E+00   0.00000000E+00   0.00000000E+00
  13.233   7.433   0.28181211E+00   0.00000000E+00   0.00000000E+00
  13.250   7.450   0.28170554E+00   0.00000000E+00   0.00000000E+00
  13.267   7.467   0.28159969E+00   0.00000000E+00   0.00000000E+00
  13.283   7.483   0.28149457E+00   0.00000000E+00   0.00000000E+00
  13.300   7.500   0.28139016E+00   0.00000000E+00   0.00000000E+00
  13.317   7.517   0.28128648E+00   0.00000000E+00   0.00000000E+00
  13.333   7.533   0.28118351E+00   0.00000000E+00   0.00000000E+00
  13.350   7.550   0.28108124E+00   0.00000000E+00   0.00000000E+00
  13.367   7.567   0.28097969E+00   0.00000000E+00   0.00000000E+00
  13.383   7.583   0.28087883E+00   0.00000000E+00   0.00000000E+00
  13.400   7.600   0.28077867E+00   0.00000000E+00   0.00000000E+00
  13.417   7.617   0.28067921E+00   0.00000000E+00   0.00000000E+00
  13.433   7.633   0.28058043E+00   0.00000000E+00   0.00000000E+00
  13.450   7.650   0.28048235E+00   0.00000000E+00   0.00000000E+00
  13.467   7.667   0.28038494E+00   0.00000000E+00   0.00000000E+00
  13.483   7.683   0.28028822E+00   0.00000000E+00   0.00000000E+00
  13.500   7.700   0.28019217E+00   0.00000000E+00   0.00000000E+00
  13.517   7.717   0.28009680E+00   0.00000000E+00   0.00000000E+00
  13.533   7.733   0.28000210E+00   0.00000000E+00   0.00000000E+00
  13.550   7.750   0.27990806E+00   0.00000000E+00   0.00000000E+00
  13.567   7.767   0.27981468E+00   0.00000000E+00   0.00000000E+00
  13.583   7.783   0.27972197E+00   0.00000000E+00   0.00000000E+00
  13.600   7.800   0.27962991E+00   0.00000000E+00   0.00000000E+00
  13.617   7.817   0.27953851E+00   0.00000000E+00   0.00000000E+00
  13.633   7.833   0.27944775E+00   0.00000000E+00   0.00000000E+00
  13.650   7.850   0.27935764E+00   0.00000000E+00   0.00000000E+00
  13.667   7.867   0.27926818E+00   0.00000000E+00   0.00000000E+00
  13.683   7.883   0.27917936E+00   0.00000000E+00   0.00000000E+00
  13.700   7.900   0.27909117E+00   0.00000000E+00   0.00000000E+00
  13.717   7.917   0.27900362E+00   0.00000000E+00   0.00000000E+00
  13.733   7.933   0.27891670E+00   0.00000000E+00   0.00000000E+00
  13.750   7.950   0.27883041E+00   0.00000000E+00   0.00000000E+00
  13.767   7.967   0.27874474E+00   0.00000000E+00   0.00000000E+00
  13.783   7.983   0.27865970E+00   0.00000000E+00   0.00000000E+00
  13.800   8.000   0.27857527E+00   0.00000000E+00   0.00000000E+00
  13.817   8.017   0.27849146E+00   0.00000000E+00   0.00000000E+00
  13.833   8.033   0.27840827E+00   0.00000000E+00   0.00000000E+00
  13.850   8.050   0.27832568E+00   0.00000000E+00   0.00000000E+00
  13.867   8.067   0.27824371E+00   0.00000000E+00   0.00000000E+00
  13.883   8.083   0.27816234E+00   0.00000000E+00   0.00000000E+00
  13.900   8.100   0.27808157E+00   0.00000000E+00   0.00000000E+00
  13.917   8.117   0.27800141E+00   0.00000000E+00   0.00000000E+00
  13.933   8.133   0.27792184E+00   0.00000000E+00   0.00000000E+00
  13.950   8.150   0.27784286E+00   0.00000000E+00   0.00000000E+00
  13.967   8.167   0.27776448E+00   0.00000000E+00   0.00000000E+00
  13.983   8.183   0.27768668E+00   0.00000000E+00   0.00000000E+00
  14.000   8.200   0.27760947E+00   0.00000000E+00   0.00000000E+00
  14.017   8.217   0.27753285E+00   0.00000000E+00   0.00000000E+00
  14.033   8.233   0.27745681E+00   0.00000000E+00   0.00000000E+00
  14.050   8.250   0.27738135E+00   0.00000000E+00   0.00000000E+00
  14.067   8.267   0.27730646E+00   0.00000000E+00   0.00000000E+00
  14.083   8.283   0.27723215E+00   0.00000000E+00   0.00000000E+00
  14.100   8.300   0.27715841E+00   0.00000000E+00   0.00000000E+00
  14.117   8.317   0.27708524E+00   0.00000000E+00   0.00000000E+00
  14.133   8.333   0.27701263E+00   0.00000000E+00   0.00000000E+00
  14.150   8.350   0.27694059E+00   0.00000000E+00   0.00000000E+00
  14.167   8.367   0.27686912E+00   0.00000000E+00   0.00000000E+00
  14.183   8.383   0.27679820E+00   0.00000000E+00   0.00000000E+00
  14.200   8.400   0.27672784E+00   0.00000000E+00   0.00000000E+00
  14.217   8.417   0.27665803E+00   0.00000000E+00   0.00000000E+00
  14.233   8.433   0.27658878E+00   0.00000000E+00   0.00000000E+00
  14.250   8.450   0.27652008E+00   0.00000000E+00   0.00000000E+00
  14.267   8.467   0.27645193E+00   0.00000000E+00   0.00000000E+00
  14.283   8.483   0.27638432E+00   0.00000000E+00   0.00000000E+00
  14.300   8.500   0.27631726E+00   0.00000000E+00   0.00000000E+00
  14.317   8.517   0.27625074E+00   0.00000000E+00   0.00000000E+00
  14.333   8.533   0.27618476E+00   0.00000000E+00   0.00000000E+00
  14.350   8.550   0.27611931E+00   0.00000000E+00   0.00000000E+00
  14.367   8.567   0.27605441E+00   0.00000000E+00   0.00000000E+00
  14.383   8.583   0.27599003E+00   0.00000000E+00   0.00000000E+00
  14.400   8.600   0.27592619E+00   0.00000000E+00   0.00000000E+00
  14.417   8.617   0.27586288E+00   0.00000000E+00   0.00000000E+00
  14.433   8.633   0.27580009E+00   0.00000000E+00   0.00000000E+00
  14.450   8.650   0.27573783E+00   0.00000000E+00   0.00000000E+00
  14.467   8.667   0.27567610E+00   0.00000000E+00   0.00000000E+00
  14.483   8.683   0.27561489E+00   0.00000000E+00   0.00000000E+00
  14.500   8.700   0.27555419E+00   0.00000000E+00   0.00000000E+00
  14.517   8.717   0.27549401E+00   0.00000000E+00   0.00000000E+00
  14.533   8.733   0.27543435E+00   0.00000000E+00   0.00000000E+00
  14.550   8.750   0.27537521E+00   0.00000000E+00   0.00000000E+00
  14.567   8.767   0.27531658E+00   0.00000000E+00   0.00000000E+00
  14.583   8.783   0.27525845E+00   0.00000000E+00   0.00000000E+00
  14.600   8.800   0.27520084E+00   0.00000000E+00   0.00000000E+00
  14.617   8.817   0.27514373E+00   0.00000000E+00   0.00000000E+00
  14.633   8.833   0.27508713E+00   0.00000000E+00   0.00000000E+00
  14.650   8.850   0.27503103E+00   0.00000000E+00   0.00000000E+00
  14.667   8.867   0.27497543E+00   0.00000000E+00   0.00000000E+00
  14.683   8.883   0.27492033E+00   0.00000000E+00   0.00000000E+00
  14.700   8.900   0.27486573E+00   0.00000000E+00   0.00000000E+00
  14.717   8.917   0.27481163E+00   0.00000000E+00   0.00000000E+00
  14.733   8.933   0.27475802E+00   0.00000000E+00   0.00000000E+00
  14.750   8.950   0.27470491E+00   0.00000000E+00   0.00000000E+00
  14.767   8.967   0.27465229E+00   0.00000000E+00   0.00000000E+00
  14.783   8.983   0.27460015E+00   0.00000000E+00   0.00000000E+00
  14.800   9.000   0.27454851E+00   0.00000000E+00   0.00000000E+00
  14.817   9.017   0.27449735E+00   0.00000000E+00   0.00000000E+00
  14.833   9.033   0.27444668E+00   0.00000000E+00   0.00000000E+00
  14.850   9.050   0.27439649E+00   0.00000000E+00   0.00000000E+00
  14.867   9.067   0.27434678E+00   0.00000000E+00   0.00000000E+00
  14.883   9.083   0.27429756E+00   0.00000000E+00   0.00000000E+00
  14.900   9.100   0.27424881E+00   0.00000000E+00   0.00000000E+00
  14.917   9.117   0.27420054E+00   0.00000000E+00   0.00000000E+00
  14.933   9.133   0.27415275E+00   0.00000000E+00   0.00000000E+00
  14.950   9.150   0.27410544E+00   0.00000000E+00   0.00000000E+00
  14.967   9.167   0.27405859E+00   0.00000000E+00   0.00000000E+00
  14.983   9.183   0.27401222E+00   0.00000000E+00   0.00000000E+00
  15.000   9.200   0.27396632E+00   0.00000000E+00   0.00000000E+00
  15.017   9.217   0.27392089E+00   0.00000000E+00   0.00000000E+00
  15.033   9.233   0.27387593E+00   0.00000000E+00   0.00000000E+00
  15.050   9.250   0.27383143E+00   0.00000000E+00   0.00000000E+00
  15.067   9.267   0.27378740E+00   0.00000000E+00   0.00000000E+00
  15.083   9.283   0.27374383E+00   0.00000000E+00   0.00000000E+00
  15.100   9.300   0.27370073E+00   0.00000000E+00   0.00000000E+00
  15.117   9.317   0.27365809E+00   0.00000000E+00   0.00000000E+00
  15.133   9.333   0.27361591E+00   0.00000000E+00   0.00000000E+00
  15.150   9.350   0.27357418E+00   0.00000000E+00   0.00000000E+00
  15.167   9.367   0.27353292E+00   0.00000000E+00   0.00000000E+00
  15.183   9.383   0.27349211E+00   0.00000000E+00   0.00000000E+00
  15.200   9.400   0.27345176E+00   0.00000000E+00   0.00000000E+00
  15.217   9.417   0.27341186E+00   0.00000000E+00   0.00000000E+00
  15.233   9.433   0.27337241E+00   0.00000000E+00   0.00000000E+00
  15.250   9.450   0.27333342E+00   0.00000000E+00   0.00000000E+00
  15.267   9.467   0.27329487E+00   0.00000000E+00   0.00000000E+00
  15.283   9.483   0.27325678E+00   0.00000000E+00   0.00000000E+00
  15.300   9.500   0.27321914E+00   0.00000000E+00   0.00000000E+00
  15.317   9.517   0.27318194E+00   0.00000000E+00   0.00000000E+00
  15.333   9.533   0.27314519E+00   0.00000000E+00   0.00000000E+00
  15.350   9.550   0.27310888E+00   0.00000000E+00   0.00000000E+00
  15.367   9.567   0.27307302E+00   0.00000000E+00   0.00000000E+00
  15.383   9.583   0.27303760E+00   0.00000000E+00   0.00000000E+00
  15.400   9.600   0.27300262E+00   0.00000000E+00   0.00000000E+00
  15.417   9.617   0.27296809E+00   0.00000000E+00   0.00000000E+00
  15.433   9.633   0.27293399E+00   0.00000000E+00   0.00000000E+00
  15.450   9.650   0.27290033E+00   0.00000000E+00   0.00000000E+00
  15.467   9.667   0.27286711E+00   0.00000000E+00   0.00000000E+00
  15.483   9.683   0.27283433E+00   0.00000000E+00   0.00000000E+00
  15.500   9.700   0.27280199E+00   0.00000000E+00   0.00000000E+00
  15.517   9.717   0.27277008E+00   0.00000000E+00   0.00000000E+00
  15.533   9.733   0.27273860E+00   0.00000000E+00   0.00000000E+00
  15.550   9.750   0.27270756E+00   0.00000000E+00   0.00000000E+00
  15.567   9.767   0.27267695E+00   0.00000000E+00   0.00000000E+00
  15.583   9.783   0.27264678E+00   0.00000000E+00   0.00000000E+00
  15.600   9.800   0.27261703E+00   0.00000000E+00   0.00000000E+00
  15.617   9.817   0.27258771E+00   0.00000000E+00   0.00000000E+00
  15.633   9.833   0.27255883E+00   0.00000000E+00   0.00000000E+00
  15.650   9.850   0.27253037E+00   0.00000000E+00   0.00000000E+00
  15.667   9.867   0.27250234E+00   0.00000000E+00   0.00000000E+00
  15.683   9.883   0.27247473E+00   0.00000000E+00   0.00000000E+00
  15.700   9.900   0.27244755E+00   0.00000000E+00   0.00000000E+00
  15.717   9.917   0.27242080E+00   0.00000000E+00   0.00000000E+00
  15.733   9.933   0.27239447E+00   0.00000000E+00   0.00000000E+00
  15.750   9.950   0.27236857E+00   0.00000000E+00   0.00000000E+00
  15.767   9.967   0.27234308E+00   0.00000000E+00   0.00000000E+00
  15.783   9.983   0.27231802E+00   0.00000000E+00   0.00000000E+00
  15.800  10.000   0.27229339E+00   0.00000000E+00   0.00000000E+00
  15.817  10.017   0.27226917E+00   0.00000000E+00   0.00000000E+00
  15.833  10.033   0.27224537E+00   0.00000000E+00   0.00000000E+00
  15.850  10.050   0.27222199E+00   0.00000000E+00   0.00000000E+00
  15.867  10.067   0.27219903E+00   0.00000000E+00   0.00000000E+00
  15.883  10.083   0.27217649E+00   0.00000000E+00   0.00000000E+00
  15.900  10.100   0.27215437E+00   0.00000000E+00   0.00000000E+00
  15.917  10.117   0.27213266E+00   0.00000000E+00   0.00000000E+00
  15.933  10.133   0.27211137E+00   0.00000000E+00   0.00000000E+00
  15.950  10.150   0.27209050E+00   0.00000000E+00   0.00000000E+00
  15.967  10.167   0.27207004E+00   0.00000000E+00   0.00000000E+00
  15.983  10.183   0.27204999E+00   0.00000000E+00   0.00000000E+00
  16.000  10.200   0.27203036E+00   0.00000000E+00   0.00000000E+00
  16.017  10.217   0.27201115E+00   0.00000000E+00   0.00000000E+00
  16.033  10.233   0.27199234E+00   0.00000000E+00   0.00000000E+00
  16.050  10.250   0.27197395E+00   0.00000000E+00   0.00000000E+00
  16.067  10.267   0.27195597E+00   0.00000000E+00   0.00000000E+00
  16.083  10.283   0.27193840E+00   0.00000000E+00   0.00000000E+00
  16.100  10.300   0.27192124E+00   0.00000000E+00   0.00000000E+00
  16.117  10.317   0.27190449E+00   0.00000000E+00   0.00000000E+00
  16.133  10.333   0.27188816E+00   0.00000000E+00   0.00000000E+00
  16.150  10.350   0.27187223E+00   0.00000000E+00   0.00000000E+00
  16.167  10.367   0.27185671E+00   0.00000000E+00   0.00000000E+00
  16.183  10.383   0.27184160E+00   0.00000000E+00   0.00000000E+00
  16.200  10.400   0.27182690E+00   0.00000000E+00   0.00000000E+00
  16.217  10.417   0.27181260E+00   0.00000000E+00   0.00000000E+00
  16.233  10.433   0.27179871E+00   0.00000000E+00   0.00000000E+00
  16.250  10.450   0.27178523E+00   0.00000000E+00   0.00000000E+00
  16.267  10.467   0.27177216E+00   0.00000000E+00   0.00000000E+00
  16.283  10.483   0.27175949E+00   0.00000000E+00   0.00000000E+00
  16.300  10.500   0.27174723E+00   0.00000000E+00   0.00000000E+00
  16.317  10.517   0.27173537E+00   0.00000000E+00   0.00000000E+00
  16.333  10.533   0.27172392E+00   0.00000000E+00   0.00000000E+00
  16.350  10.550   0.27171288E+00   0.00000000E+00   0.00000000E+00
  16.367  10.567   0.27170223E+00   0.00000000E+00   0.00000000E+00
  16.383  10.583   0.27169200E+00   0.00000000E+00   0.00000000E+00
  16.400  10.600   0.27168216E+00   0.00000000E+00   0.00000000E+00
  16.417  10.617   0.27167273E+00   0.00000000E+00   0.00000000E+00
  16.433  10.633   0.27166371E+00   0.00000000E+00   0.00000000E+00
  16.450  10.650   0.27165508E+00   0.00000000E+00   0.00000000E+00
  16.467  10.667   0.27164686E+00   0.00000000E+00   0.00000000E+00
  16.483  10.683   0.27163905E+00   0.00000000E+00   0.00000000E+00
  16.500  10.700   0.27163163E+00   0.00000000E+00   0.00000000E+00
  16.517  10.717   0.27162462E+00   0.00000000E+00   0.00000000E+00
  16.533  10.733   0.27161801E+00   0.00000000E+00   0.00000000E+00
  16.550  10.750   0.27161180E+00   0.00000000E+00   0.00000000E+00
  16.567  10.767   0.27160599E+00   0.00000000E+00   0.00000000E+00
  16.583  10.783   0.27160059E+00   0.00000000E+00   0.00000000E+00
  16.600  10.800   0.27159559E+00   0.00000000E+00   0.00000000E+00
  16.617  10.817   0.27159098E+00   0.00000000E+00   0.00000000E+00
  16.633  10.833   0.27158678E+00   0.00000000E+00   0.00000000E+00
  16.650  10.850   0.27158298E+00   0.00000000E+00   0.00000000E+00
  16.667  10.867   0.27157958E+00   0.00000000E+00   0.00000000E+00
  16.683  10.883   0.27157659E+00   0.00000000E+00   0.00000000E+00
  16.700  10.900   0.27157399E+00   0.00000000E+00   0.00000000E+00
  16.717  10.917   0.27157179E+00   0.00000000E+00   0.00000000E+00
  16.733  10.933   0.27157000E+00   0.00000000E+00   0.00000000E+00
  16.750  10.950   0.27156860E+00   0.00000000E+00   0.00000000E+00
  16.767  10.967   0.27156761E+00   0.00000000E+00   0.00000000E+00
  16.783  10.983   0.27156701E+00   0.00000000E+00   0.00000000E+00
  16.800  11.000   0.27156682E+00   0.00000000E+00   0.00000000E+00
