        RT(hours)            [RO2]         L_R_15           L_R_19           P_R_09           tot_loss         tot_prod
   5.817   0.017   0.39149553E-03   0.10571869E-04   0.24908808E-06   0.15645028E-04   0.10821092E-04   0.15645028E-04
   5.833   0.033   0.62244537E-03   0.21945075E-04   0.72999441E-06   0.25870689E-04   0.22675278E-04   0.25870689E-04
   5.850   0.050   0.78179054E-03   0.29445996E-04   0.12117238E-05   0.32866191E-04   0.30657884E-04   0.32866191E-04
   5.867   0.067   0.88891448E-03   0.33935470E-04   0.16052742E-05   0.37007954E-04   0.35540856E-04   0.37007954E-04
   5.883   0.083   0.95902314E-03   0.36574330E-04   0.18982042E-05   0.39446909E-04   0.38472607E-04   0.39446909E-04
   5.900   0.100   0.10053644E-02   0.38173291E-04   0.21097500E-05   0.40955559E-04   0.40283089E-04   0.40955559E-04
   5.917   0.117   0.10374745E-02   0.39205864E-04   0.22646039E-05   0.41971820E-04   0.41470501E-04   0.41971820E-04
   5.933   0.133   0.10617126E-02   0.39940748E-04   0.23836548E-05   0.42739838E-04   0.42324427E-04   0.42739838E-04
   5.950   0.150   0.10821715E-02   0.40532573E-04   0.24822408E-05   0.43398574E-04   0.43014832E-04   0.43398574E-04
   5.967   0.167   0.11014309E-02   0.41071764E-04   0.25708960E-05   0.44028696E-04   0.43642676E-04   0.44028696E-04
   5.983   0.183   0.11210897E-02   0.41611393E-04   0.26566013E-05   0.44677251E-04   0.44268008E-04   0.44677251E-04
   6.000   0.200   0.11421203E-02   0.42182130E-04   0.27438912E-05   0.45371194E-04   0.44926033E-04   0.45371194E-04
   6.017   0.217   0.11650982E-02   0.42800915E-04   0.28356756E-05   0.46125167E-04   0.45636602E-04   0.46125167E-04
   6.033   0.233   0.11903476E-02   0.43476146E-04   0.29338049E-05   0.46946128E-04   0.46409962E-04   0.46946128E-04
   6.050   0.250   0.12180333E-02   0.44210851E-04   0.30394430E-05   0.47836183E-04   0.47250305E-04   0.47836183E-04
   6.067   0.267   0.12482186E-02   0.45004657E-04   0.31533081E-05   0.48794345E-04   0.48157976E-04   0.48794345E-04
   6.083   0.283   0.12809013E-02   0.45855030E-04   0.32758257E-05   0.49817649E-04   0.49130867E-04   0.49817649E-04
   6.100   0.300   0.13160371E-02   0.46758072E-04   0.34072256E-05   0.50901862E-04   0.50165308E-04   0.50901862E-04
   6.117   0.317   0.13535538E-02   0.47709033E-04   0.35476029E-05   0.52041961E-04   0.51256646E-04   0.52041961E-04
   6.133   0.333   0.13933609E-02   0.48702659E-04   0.36969570E-05   0.53232439E-04   0.52399627E-04   0.53232439E-04
   6.150   0.350   0.14353555E-02   0.49733430E-04   0.38552162E-05   0.54467530E-04   0.53588656E-04   0.54467530E-04
   6.167   0.367   0.14794271E-02   0.50795718E-04   0.40222532E-05   0.55741363E-04   0.54817981E-04   0.55741363E-04
   6.183   0.383   0.15254597E-02   0.51883914E-04   0.41978968E-05   0.57048075E-04   0.56081822E-04   0.57048075E-04
   6.200   0.400   0.15733346E-02   0.52992518E-04   0.43819383E-05   0.58381901E-04   0.57374466E-04   0.58381901E-04
   6.217   0.417   0.16229314E-02   0.54116199E-04   0.45741378E-05   0.59737238E-04   0.58690347E-04   0.59737238E-04
   6.233   0.433   0.16741298E-02   0.55249855E-04   0.47742283E-05   0.61108697E-04   0.60024093E-04   0.61108697E-04
   6.250   0.450   0.17268100E-02   0.56388647E-04   0.49819196E-05   0.62491143E-04   0.61370577E-04   0.62491143E-04
   6.267   0.467   0.17808542E-02   0.57528030E-04   0.51969017E-05   0.63879725E-04   0.62724941E-04   0.63879725E-04
   6.283   0.483   0.18361466E-02   0.58663771E-04   0.54188478E-05   0.65269899E-04   0.64082628E-04   0.65269899E-04
   6.300   0.500   0.18925745E-02   0.59791966E-04   0.56474175E-05   0.66657442E-04   0.65439393E-04   0.66657442E-04
   6.317   0.517   0.19500285E-02   0.60909043E-04   0.58822600E-05   0.68038462E-04   0.66791312E-04   0.68038462E-04
   6.333   0.533   0.20084031E-02   0.62011766E-04   0.61230164E-05   0.69409399E-04   0.68134791E-04   0.69409399E-04
   6.350   0.550   0.20675967E-02   0.63097233E-04   0.63693229E-05   0.70767027E-04   0.69466564E-04   0.70767027E-04
   6.367   0.567   0.21275122E-02   0.64162867E-04   0.66208130E-05   0.72108447E-04   0.70783688E-04   0.72108447E-04
   6.383   0.583   0.21880571E-02   0.65206404E-04   0.68771203E-05   0.73431080E-04   0.72083532E-04   0.73431080E-04
   6.400   0.600   0.22491436E-02   0.66225888E-04   0.71378806E-05   0.74732653E-04   0.73363776E-04   0.74732653E-04
   6.417   0.617   0.23106885E-02   0.67219646E-04   0.74027335E-05   0.76011189E-04   0.74622387E-04   0.76011189E-04
   6.433   0.633   0.23726134E-02   0.68186281E-04   0.76713252E-05   0.77264990E-04   0.75857613E-04   0.77264990E-04
   6.450   0.650   0.24348449E-02   0.69124646E-04   0.79433093E-05   0.78492619E-04   0.77067962E-04   0.78492619E-04
   6.467   0.667   0.24973142E-02   0.70033833E-04   0.82183484E-05   0.79692887E-04   0.78252188E-04   0.79692887E-04
   6.483   0.683   0.25599568E-02   0.70913151E-04   0.84961156E-05   0.80864830E-04   0.79409272E-04   0.80864830E-04
   6.500   0.700   0.26227133E-02   0.71762106E-04   0.87762952E-05   0.82007698E-04   0.80538407E-04   0.82007698E-04
   6.517   0.717   0.26855281E-02   0.72580387E-04   0.90585835E-05   0.83120927E-04   0.81638976E-04   0.83120927E-04
   6.533   0.733   0.27483502E-02   0.73367846E-04   0.93426898E-05   0.84204134E-04   0.82710541E-04   0.84204134E-04
   6.550   0.750   0.28111324E-02   0.74124480E-04   0.96283363E-05   0.85257090E-04   0.83752821E-04   0.85257090E-04
   6.567   0.767   0.28738316E-02   0.74850417E-04   0.99152586E-05   0.86279709E-04   0.84765679E-04   0.86279709E-04
   6.583   0.783   0.29364080E-02   0.75545897E-04   0.10203206E-04   0.87272031E-04   0.85749107E-04   0.87272031E-04
   6.600   0.800   0.29988257E-02   0.76211263E-04   0.10491942E-04   0.88234209E-04   0.86703209E-04   0.88234209E-04
   6.617   0.817   0.30610518E-02   0.76846943E-04   0.10781242E-04   0.89166491E-04   0.87628189E-04   0.89166491E-04
   6.633   0.833   0.31230564E-02   0.77453440E-04   0.11070897E-04   0.90069216E-04   0.88524341E-04   0.90069216E-04
   6.650   0.850   0.31848128E-02   0.78031319E-04   0.11360709E-04   0.90942791E-04   0.89392031E-04   0.90942791E-04
   6.667   0.867   0.32462968E-02   0.78581198E-04   0.11650494E-04   0.91787691E-04   0.90231695E-04   0.91787691E-04
   6.683   0.883   0.33074867E-02   0.79103737E-04   0.11940080E-04   0.92604442E-04   0.91043819E-04   0.92604442E-04
   6.700   0.900   0.33683632E-02   0.79599631E-04   0.12229307E-04   0.93393614E-04   0.91828940E-04   0.93393614E-04
   6.717   0.917   0.34289092E-02   0.80069601E-04   0.12518026E-04   0.94155814E-04   0.92587629E-04   0.94155814E-04
   6.733   0.933   0.34891095E-02   0.80514389E-04   0.12806101E-04   0.94891679E-04   0.93320491E-04   0.94891679E-04
   6.750   0.950   0.35489509E-02   0.80934749E-04   0.13093403E-04   0.95601866E-04   0.94028154E-04   0.95601866E-04
   6.767   0.967   0.36084218E-02   0.81331445E-04   0.13379817E-04   0.96287050E-04   0.94711264E-04   0.96287050E-04
   6.783   0.983   0.36675123E-02   0.81705244E-04   0.13665234E-04   0.96947919E-04   0.95370480E-04   0.96947919E-04
   6.800   1.000   0.37262137E-02   0.82056913E-04   0.13949556E-04   0.97585165E-04   0.96006470E-04   0.97585165E-04
   6.817   1.017   0.37845189E-02   0.82387212E-04   0.14232693E-04   0.98199485E-04   0.96619907E-04   0.98199485E-04
   6.833   1.033   0.38424218E-02   0.82696898E-04   0.14514564E-04   0.98791574E-04   0.97211463E-04   0.98791574E-04
   6.850   1.050   0.38999176E-02   0.82986715E-04   0.14795092E-04   0.99362124E-04   0.97781809E-04   0.99362124E-04
   6.867   1.067   0.39570023E-02   0.83257397E-04   0.15074212E-04   0.99911821E-04   0.98331610E-04   0.99911821E-04
   6.883   1.083   0.40136728E-02   0.83509663E-04   0.15351862E-04   0.10044134E-03   0.98861526E-04   0.10044134E-03
   6.900   1.100   0.40699272E-02   0.83744218E-04   0.15627988E-04   0.10095136E-03   0.99372206E-04   0.10095136E-03
   6.917   1.117   0.41257638E-02   0.83961748E-04   0.15902539E-04   0.10144251E-03   0.99864288E-04   0.10144251E-03
   6.933   1.133   0.41811820E-02   0.84162924E-04   0.16175474E-04   0.10191546E-03   0.10033840E-03   0.10191546E-03
   6.950   1.150   0.42361816E-02   0.84348397E-04   0.16446752E-04   0.10237083E-03   0.10079515E-03   0.10237083E-03
   6.967   1.167   0.42907631E-02   0.84518801E-04   0.16716341E-04   0.10280922E-03   0.10123514E-03   0.10280922E-03
   6.983   1.183   0.43449273E-02   0.84674748E-04   0.16984209E-04   0.10323123E-03   0.10165896E-03   0.10323123E-03
   7.000   1.200   0.43986755E-02   0.84816834E-04   0.17250331E-04   0.10363745E-03   0.10206717E-03   0.10363745E-03
   7.017   1.217   0.44520096E-02   0.84945632E-04   0.17514685E-04   0.10402845E-03   0.10246032E-03   0.10402845E-03
   7.033   1.233   0.45049315E-02   0.85061698E-04   0.17777253E-04   0.10440475E-03   0.10283895E-03   0.10440475E-03
   7.050   1.250   0.45574437E-02   0.85165567E-04   0.18038017E-04   0.10476691E-03   0.10320358E-03   0.10476691E-03
   7.067   1.267   0.46095488E-02   0.85257757E-04   0.18296965E-04   0.10511542E-03   0.10355472E-03   0.10511542E-03
   7.083   1.283   0.46612496E-02   0.85338765E-04   0.18554088E-04   0.10545079E-03   0.10389285E-03   0.10545079E-03
   7.100   1.300   0.47125494E-02   0.85409071E-04   0.18809376E-04   0.10577349E-03   0.10421845E-03   0.10577349E-03
   7.117   1.317   0.47634513E-02   0.85469134E-04   0.19062825E-04   0.10608399E-03   0.10453196E-03   0.10608399E-03
   7.133   1.333   0.48139588E-02   0.85519400E-04   0.19314430E-04   0.10638274E-03   0.10483383E-03   0.10638274E-03
   7.150   1.350   0.48640755E-02   0.85560293E-04   0.19564189E-04   0.10667016E-03   0.10512448E-03   0.10667016E-03
   7.167   1.367   0.49138050E-02   0.85592223E-04   0.19812103E-04   0.10694667E-03   0.10540433E-03   0.10694667E-03
   7.183   1.383   0.49631511E-02   0.85615582E-04   0.20058173E-04   0.10721268E-03   0.10567375E-03   0.10721268E-03
   7.200   1.400   0.50121176E-02   0.85630747E-04   0.20302400E-04   0.10746856E-03   0.10593315E-03   0.10746856E-03
   7.217   1.417   0.50607085E-02   0.85638080E-04   0.20544790E-04   0.10771469E-03   0.10618287E-03   0.10771469E-03
   7.233   1.433   0.51089276E-02   0.85637927E-04   0.20785348E-04   0.10795143E-03   0.10642328E-03   0.10795143E-03
   7.250   1.450   0.51567791E-02   0.85630621E-04   0.21024079E-04   0.10817911E-03   0.10665470E-03   0.10817911E-03
   7.267   1.467   0.52042668E-02   0.85616478E-04   0.21260990E-04   0.10839807E-03   0.10687747E-03   0.10839807E-03
   7.283   1.483   0.52513948E-02   0.85595806E-04   0.21496089E-04   0.10860862E-03   0.10709189E-03   0.10860862E-03
   7.300   1.500   0.52981672E-02   0.85568895E-04   0.21729384E-04   0.10881107E-03   0.10729828E-03   0.10881107E-03
   7.317   1.517   0.53445878E-02   0.85536026E-04   0.21960886E-04   0.10900571E-03   0.10749691E-03   0.10900571E-03
   7.333   1.533   0.53906609E-02   0.85497465E-04   0.22190603E-04   0.10919283E-03   0.10768807E-03   0.10919283E-03
   7.350   1.550   0.54363902E-02   0.85453470E-04   0.22418546E-04   0.10937269E-03   0.10787202E-03   0.10937269E-03
   7.367   1.567   0.54817798E-02   0.85404286E-04   0.22644725E-04   0.10954555E-03   0.10804901E-03   0.10954555E-03
   7.383   1.583   0.55268336E-02   0.85350148E-04   0.22869152E-04   0.10971166E-03   0.10821930E-03   0.10971166E-03
   7.400   1.600   0.55715556E-02   0.85291280E-04   0.23091838E-04   0.10987126E-03   0.10838312E-03   0.10987126E-03
   7.417   1.617   0.56159496E-02   0.85227897E-04   0.23312795E-04   0.11002458E-03   0.10854069E-03   0.11002458E-03
   7.433   1.633   0.56600193E-02   0.85160205E-04   0.23532034E-04   0.11017183E-03   0.10869224E-03   0.11017183E-03
   7.450   1.650   0.57037687E-02   0.85088401E-04   0.23749568E-04   0.11031324E-03   0.10883797E-03   0.11031324E-03
   7.467   1.667   0.57472014E-02   0.85012673E-04   0.23965410E-04   0.11044901E-03   0.10897808E-03   0.11044901E-03
   7.483   1.683   0.57903212E-02   0.84933202E-04   0.24179571E-04   0.11057932E-03   0.10911277E-03   0.11057932E-03
   7.500   1.700   0.58331316E-02   0.84850158E-04   0.24392064E-04   0.11070436E-03   0.10924222E-03   0.11070436E-03
   7.517   1.717   0.58756363E-02   0.84763708E-04   0.24602902E-04   0.11082432E-03   0.10936661E-03   0.11082432E-03
   7.533   1.733   0.59178387E-02   0.84674008E-04   0.24812097E-04   0.11093936E-03   0.10948611E-03   0.11093936E-03
   7.550   1.750   0.59597424E-02   0.84581210E-04   0.25019663E-04   0.11104966E-03   0.10960087E-03   0.11104966E-03
   7.567   1.767   0.60013509E-02   0.84485457E-04   0.25225611E-04   0.11115536E-03   0.10971107E-03   0.11115536E-03
   7.583   1.783   0.60426674E-02   0.84386888E-04   0.25429955E-04   0.11125663E-03   0.10981684E-03   0.11125663E-03
   7.600   1.800   0.60836953E-02   0.84285634E-04   0.25632707E-04   0.11135361E-03   0.10991834E-03   0.11135361E-03
   7.617   1.817   0.61244379E-02   0.84181821E-04   0.25833880E-04   0.11144643E-03   0.11001570E-03   0.11144643E-03
   7.633   1.833   0.61648984E-02   0.84075571E-04   0.26033486E-04   0.11153523E-03   0.11010906E-03   0.11153523E-03
   7.650   1.850   0.62050799E-02   0.83966997E-04   0.26231538E-04   0.11162015E-03   0.11019854E-03   0.11162015E-03
   7.667   1.867   0.62449856E-02   0.83856212E-04   0.26428048E-04   0.11170130E-03   0.11028426E-03   0.11170130E-03
   7.683   1.883   0.62846184E-02   0.83743320E-04   0.26623029E-04   0.11177881E-03   0.11036635E-03   0.11177881E-03
   7.700   1.900   0.63239814E-02   0.83628423E-04   0.26816492E-04   0.11185278E-03   0.11044491E-03   0.11185278E-03
   7.717   1.917   0.63630776E-02   0.83511617E-04   0.27008449E-04   0.11192334E-03   0.11052007E-03   0.11192334E-03
   7.733   1.933   0.64019097E-02   0.83392994E-04   0.27198914E-04   0.11199057E-03   0.11059191E-03   0.11199057E-03
   7.750   1.950   0.64404806E-02   0.83272643E-04   0.27387897E-04   0.11205459E-03   0.11066054E-03   0.11205459E-03
   7.767   1.967   0.64787932E-02   0.83150648E-04   0.27575410E-04   0.11211549E-03   0.11072606E-03   0.11211549E-03
   7.783   1.983   0.65168500E-02   0.83027091E-04   0.27761464E-04   0.11217337E-03   0.11078856E-03   0.11217337E-03
   7.800   2.000   0.65546539E-02   0.82902049E-04   0.27946072E-04   0.11222831E-03   0.11084812E-03   0.11222831E-03
   7.817   2.017   0.65922075E-02   0.82775595E-04   0.28129245E-04   0.11228041E-03   0.11090484E-03   0.11228041E-03
   7.833   2.033   0.66295132E-02   0.82647802E-04   0.28310992E-04   0.11232973E-03   0.11095879E-03   0.11232973E-03
   7.850   2.050   0.66665736E-02   0.82518736E-04   0.28491327E-04   0.11237637E-03   0.11101006E-03   0.11237637E-03
   7.867   2.067   0.67033913E-02   0.82388463E-04   0.28670259E-04   0.11242040E-03   0.11105872E-03   0.11242040E-03
   7.883   2.083   0.67399687E-02   0.82257044E-04   0.28847799E-04   0.11246189E-03   0.11110484E-03   0.11246189E-03
   7.900   2.100   0.67763080E-02   0.82124540E-04   0.29023958E-04   0.11250091E-03   0.11114850E-03   0.11250091E-03
   7.917   2.117   0.68124118E-02   0.81991006E-04   0.29198745E-04   0.11253754E-03   0.11118975E-03   0.11253754E-03
   7.933   2.133   0.68482822E-02   0.81856498E-04   0.29372173E-04   0.11257183E-03   0.11122867E-03   0.11257183E-03
   7.950   2.150   0.68839215E-02   0.81721068E-04   0.29544249E-04   0.11260385E-03   0.11126532E-03   0.11260385E-03
   7.967   2.167   0.69193319E-02   0.81584765E-04   0.29714986E-04   0.11263366E-03   0.11129975E-03   0.11263366E-03
   7.983   2.183   0.69545156E-02   0.81447637E-04   0.29884391E-04   0.11266132E-03   0.11133203E-03   0.11266132E-03
   8.000   2.200   0.69894748E-02   0.81309730E-04   0.30052476E-04   0.11268688E-03   0.11136221E-03   0.11268688E-03
   8.017   2.217   0.70242114E-02   0.81171088E-04   0.30219249E-04   0.11271039E-03   0.11139034E-03   0.11271039E-03
   8.033   2.233   0.70587276E-02   0.81031752E-04   0.30384719E-04   0.11273191E-03   0.11141647E-03   0.11273191E-03
   8.050   2.250   0.70930253E-02   0.80891762E-04   0.30548897E-04   0.11275150E-03   0.11144066E-03   0.11275150E-03
   8.067   2.267   0.71271066E-02   0.80751157E-04   0.30711792E-04   0.11276918E-03   0.11146295E-03   0.11276918E-03
   8.083   2.283   0.71609732E-02   0.80609974E-04   0.30873411E-04   0.11278502E-03   0.11148338E-03   0.11278502E-03
   8.100   2.300   0.71946272E-02   0.80468247E-04   0.31033764E-04   0.11279906E-03   0.11150201E-03   0.11279906E-03
   8.117   2.317   0.72280704E-02   0.80326011E-04   0.31192860E-04   0.11281133E-03   0.11151887E-03   0.11281133E-03
   8.133   2.333   0.72613046E-02   0.80183297E-04   0.31350708E-04   0.11282188E-03   0.11153400E-03   0.11282188E-03
   8.150   2.350   0.72943316E-02   0.80040136E-04   0.31507315E-04   0.11283075E-03   0.11154745E-03   0.11283075E-03
   8.167   2.367   0.73271531E-02   0.79896558E-04   0.31662689E-04   0.11283798E-03   0.11155925E-03   0.11283798E-03
   8.183   2.383   0.73597709E-02   0.79752592E-04   0.31816840E-04   0.11284360E-03   0.11156943E-03   0.11284360E-03
   8.200   2.400   0.73921866E-02   0.79608263E-04   0.31969775E-04   0.11284764E-03   0.11157804E-03   0.11284764E-03
   8.217   2.417   0.74244019E-02   0.79463598E-04   0.32121503E-04   0.11285015E-03   0.11158510E-03   0.11285015E-03
   8.233   2.433   0.74564184E-02   0.79318621E-04   0.32272029E-04   0.11285116E-03   0.11159065E-03   0.11285116E-03
   8.250   2.450   0.74882378E-02   0.79173357E-04   0.32421364E-04   0.11285069E-03   0.11159472E-03   0.11285069E-03
   8.267   2.467   0.75198615E-02   0.79027828E-04   0.32569513E-04   0.11284878E-03   0.11159734E-03   0.11284878E-03
   8.283   2.483   0.75512912E-02   0.78882055E-04   0.32716485E-04   0.11284546E-03   0.11159854E-03   0.11284546E-03
   8.300   2.500   0.75825283E-02   0.78736060E-04   0.32862286E-04   0.11284075E-03   0.11159835E-03   0.11284075E-03
   8.317   2.517   0.76135742E-02   0.78589863E-04   0.33006925E-04   0.11283468E-03   0.11159679E-03   0.11283468E-03
   8.333   2.533   0.76444305E-02   0.78443481E-04   0.33150407E-04   0.11282728E-03   0.11159389E-03   0.11282728E-03
   8.350   2.550   0.76750986E-02   0.78296934E-04   0.33292741E-04   0.11281857E-03   0.11158967E-03   0.11281857E-03
   8.367   2.567   0.77055799E-02   0.78150239E-04   0.33433932E-04   0.11280858E-03   0.11158417E-03   0.11280858E-03
   8.383   2.583   0.77358757E-02   0.78003412E-04   0.33573987E-04   0.11279733E-03   0.11157740E-03   0.11279733E-03
   8.400   2.600   0.77659874E-02   0.77856469E-04   0.33712914E-04   0.11278485E-03   0.11156938E-03   0.11278485E-03
   8.417   2.617   0.77959164E-02   0.77709426E-04   0.33850719E-04   0.11277114E-03   0.11156015E-03   0.11277114E-03
   8.433   2.633   0.78256638E-02   0.77562298E-04   0.33987408E-04   0.11275625E-03   0.11154971E-03   0.11275625E-03
   8.450   2.650   0.78552311E-02   0.77415097E-04   0.34122988E-04   0.11274018E-03   0.11153808E-03   0.11274018E-03
   8.467   2.667   0.78846194E-02   0.77267837E-04   0.34257464E-04   0.11272296E-03   0.11152530E-03   0.11272296E-03
   8.483   2.683   0.79138300E-02   0.77120532E-04   0.34390843E-04   0.11270461E-03   0.11151138E-03   0.11270461E-03
   8.500   2.700   0.79428640E-02   0.76973192E-04   0.34523132E-04   0.11268513E-03   0.11149632E-03   0.11268513E-03
   8.517   2.717   0.79717228E-02   0.76825831E-04   0.34654336E-04   0.11266456E-03   0.11148017E-03   0.11266456E-03
   8.533   2.733   0.80004074E-02   0.76678458E-04   0.34784460E-04   0.11264291E-03   0.11146292E-03   0.11264291E-03
   8.550   2.750   0.80289190E-02   0.76531084E-04   0.34913511E-04   0.11262019E-03   0.11144460E-03   0.11262019E-03
   8.567   2.767   0.80572587E-02   0.76383720E-04   0.35041495E-04   0.11259642E-03   0.11142521E-03   0.11259642E-03
   8.583   2.783   0.80854277E-02   0.76236375E-04   0.35168417E-04   0.11257162E-03   0.11140479E-03   0.11257162E-03
   8.600   2.800   0.81134270E-02   0.76089058E-04   0.35294283E-04   0.11254579E-03   0.11138334E-03   0.11254579E-03
   8.617   2.817   0.81412576E-02   0.75941778E-04   0.35419097E-04   0.11251897E-03   0.11136088E-03   0.11251897E-03
   8.633   2.833   0.81689207E-02   0.75794543E-04   0.35542867E-04   0.11249115E-03   0.11133741E-03   0.11249115E-03
   8.650   2.850   0.81964173E-02   0.75647362E-04   0.35665596E-04   0.11246235E-03   0.11131296E-03   0.11246235E-03
   8.667   2.867   0.82237483E-02   0.75500242E-04   0.35787290E-04   0.11243258E-03   0.11128753E-03   0.11243258E-03
   8.683   2.883   0.82509149E-02   0.75353189E-04   0.35907955E-04   0.11240187E-03   0.11126114E-03   0.11240187E-03
   8.700   2.900   0.82779179E-02   0.75206212E-04   0.36027595E-04   0.11237021E-03   0.11123381E-03   0.11237021E-03
   8.717   2.917   0.83047583E-02   0.75059317E-04   0.36146215E-04   0.11233762E-03   0.11120553E-03   0.11233762E-03
   8.733   2.933   0.83314371E-02   0.74912509E-04   0.36263821E-04   0.11230412E-03   0.11117633E-03   0.11230412E-03
   8.750   2.950   0.83579552E-02   0.74765795E-04   0.36380417E-04   0.11226970E-03   0.11114621E-03   0.11226970E-03
   8.767   2.967   0.83843136E-02   0.74619180E-04   0.36496008E-04   0.11223439E-03   0.11111519E-03   0.11223439E-03
   8.783   2.983   0.84105131E-02   0.74472670E-04   0.36610599E-04   0.11219820E-03   0.11108327E-03   0.11219820E-03
   8.800   3.000   0.84365546E-02   0.74326270E-04   0.36724194E-04   0.11216112E-03   0.11105046E-03   0.11216112E-03
   8.817   3.017   0.84624389E-02   0.74179984E-04   0.36836799E-04   0.11212318E-03   0.11101678E-03   0.11212318E-03
   8.833   3.033   0.84881671E-02   0.74033818E-04   0.36948417E-04   0.11208438E-03   0.11098223E-03   0.11208438E-03
   8.850   3.050   0.85137398E-02   0.73887775E-04   0.37059053E-04   0.11204473E-03   0.11094683E-03   0.11204473E-03
   8.867   3.067   0.85391579E-02   0.73741859E-04   0.37168713E-04   0.11200424E-03   0.11091057E-03   0.11200424E-03
   8.883   3.083   0.85644223E-02   0.73596075E-04   0.37277399E-04   0.11196291E-03   0.11087347E-03   0.11196291E-03
   8.900   3.100   0.85895337E-02   0.73450426E-04   0.37385116E-04   0.11192076E-03   0.11083554E-03   0.11192076E-03
   8.917   3.117   0.86144929E-02   0.73304915E-04   0.37491869E-04   0.11187779E-03   0.11079678E-03   0.11187779E-03
   8.933   3.133   0.86393007E-02   0.73159546E-04   0.37597662E-04   0.11183401E-03   0.11075721E-03   0.11183401E-03
   8.950   3.150   0.86639579E-02   0.73014322E-04   0.37702499E-04   0.11178943E-03   0.11071682E-03   0.11178943E-03
   8.967   3.167   0.86884652E-02   0.72869245E-04   0.37806384E-04   0.11174406E-03   0.11067563E-03   0.11174406E-03
   8.983   3.183   0.87128233E-02   0.72724319E-04   0.37909322E-04   0.11169789E-03   0.11063364E-03   0.11169789E-03
   9.000   3.200   0.87370331E-02   0.72579545E-04   0.38011315E-04   0.11165094E-03   0.11059086E-03   0.11165094E-03
   9.017   3.217   0.87610951E-02   0.72434927E-04   0.38112369E-04   0.11160321E-03   0.11054730E-03   0.11160321E-03
   9.033   3.233   0.87850102E-02   0.72290466E-04   0.38212486E-04   0.11155472E-03   0.11050295E-03   0.11155472E-03
   9.050   3.250   0.88087789E-02   0.72146164E-04   0.38311672E-04   0.11150546E-03   0.11045784E-03   0.11150546E-03
   9.067   3.267   0.88324020E-02   0.72002024E-04   0.38409929E-04   0.11145544E-03   0.11041195E-03   0.11145544E-03
   9.083   3.283   0.88558802E-02   0.71858046E-04   0.38507261E-04   0.11140466E-03   0.11036531E-03   0.11140466E-03
   9.100   3.300   0.88792141E-02   0.71714234E-04   0.38603673E-04   0.11135314E-03   0.11031791E-03   0.11135314E-03
   9.117   3.317   0.89024044E-02   0.71570587E-04   0.38699168E-04   0.11130088E-03   0.11026975E-03   0.11130088E-03
   9.133   3.333   0.89254517E-02   0.71427108E-04   0.38793749E-04   0.11124787E-03   0.11022086E-03   0.11124787E-03
   9.150   3.350   0.89483566E-02   0.71283798E-04   0.38887420E-04   0.11119414E-03   0.11017122E-03   0.11119414E-03
   9.167   3.367   0.89711198E-02   0.71140658E-04   0.38980184E-04   0.11113967E-03   0.11012084E-03   0.11113967E-03
   9.183   3.383   0.89937418E-02   0.70997689E-04   0.39072046E-04   0.11108448E-03   0.11006973E-03   0.11108448E-03
   9.200   3.400   0.90162233E-02   0.70854891E-04   0.39163008E-04   0.11102857E-03   0.11001790E-03   0.11102857E-03
   9.217   3.417   0.90385649E-02   0.70712266E-04   0.39253074E-04   0.11097195E-03   0.10996534E-03   0.11097195E-03
   9.233   3.433   0.90607671E-02   0.70569815E-04   0.39342247E-04   0.11091461E-03   0.10991206E-03   0.11091461E-03
   9.250   3.450   0.90828306E-02   0.70427537E-04   0.39430531E-04   0.11085657E-03   0.10985807E-03   0.11085657E-03
   9.267   3.467   0.91047558E-02   0.70285434E-04   0.39517929E-04   0.11079782E-03   0.10980336E-03   0.11079782E-03
   9.283   3.483   0.91265434E-02   0.70143506E-04   0.39604444E-04   0.11073837E-03   0.10974795E-03   0.11073837E-03
   9.300   3.500   0.91481938E-02   0.70001753E-04   0.39690079E-04   0.11067822E-03   0.10969183E-03   0.11067822E-03
   9.317   3.517   0.91697077E-02   0.69860175E-04   0.39774838E-04   0.11061738E-03   0.10963501E-03   0.11061738E-03
   9.333   3.533   0.91910856E-02   0.69718773E-04   0.39858723E-04   0.11055585E-03   0.10957750E-03   0.11055585E-03
   9.350   3.550   0.92123279E-02   0.69577547E-04   0.39941739E-04   0.11049363E-03   0.10951929E-03   0.11049363E-03
   9.367   3.567   0.92334352E-02   0.69436497E-04   0.40023887E-04   0.11043073E-03   0.10946038E-03   0.11043073E-03
   9.383   3.583   0.92544081E-02   0.69295622E-04   0.40105171E-04   0.11036715E-03   0.10940079E-03   0.11036715E-03
   9.400   3.600   0.92752469E-02   0.69154923E-04   0.40185594E-04   0.11030289E-03   0.10934052E-03   0.11030289E-03
   9.417   3.617   0.92959522E-02   0.69014400E-04   0.40265158E-04   0.11023795E-03   0.10927956E-03   0.11023795E-03
   9.433   3.633   0.93165245E-02   0.68874052E-04   0.40343868E-04   0.11017234E-03   0.10921792E-03   0.11017234E-03
   9.450   3.650   0.93369643E-02   0.68733879E-04   0.40421725E-04   0.11010606E-03   0.10915560E-03   0.11010606E-03
   9.467   3.667   0.93572720E-02   0.68593880E-04   0.40498733E-04   0.11003912E-03   0.10909261E-03   0.11003912E-03
   9.483   3.683   0.93774481E-02   0.68454055E-04   0.40574894E-04   0.10997150E-03   0.10902895E-03   0.10997150E-03
   9.500   3.700   0.93974930E-02   0.68314405E-04   0.40650211E-04   0.10990323E-03   0.10896462E-03   0.10990323E-03
   9.517   3.717   0.94174072E-02   0.68174927E-04   0.40724687E-04   0.10983429E-03   0.10889961E-03   0.10983429E-03
   9.533   3.733   0.94371911E-02   0.68035622E-04   0.40798325E-04   0.10976469E-03   0.10883395E-03   0.10976469E-03
   9.550   3.750   0.94568452E-02   0.67896489E-04   0.40871128E-04   0.10969444E-03   0.10876762E-03   0.10969444E-03
   9.567   3.767   0.94763699E-02   0.67757527E-04   0.40943097E-04   0.10962353E-03   0.10870062E-03   0.10962353E-03
   9.583   3.783   0.94957656E-02   0.67618735E-04   0.41014236E-04   0.10955197E-03   0.10863297E-03   0.10955197E-03
   9.600   3.800   0.95150327E-02   0.67480114E-04   0.41084548E-04   0.10947976E-03   0.10856466E-03   0.10947976E-03
   9.617   3.817   0.95341716E-02   0.67341661E-04   0.41154034E-04   0.10940690E-03   0.10849570E-03   0.10940690E-03
   9.633   3.833   0.95531828E-02   0.67203377E-04   0.41222698E-04   0.10933339E-03   0.10842607E-03   0.10933339E-03
   9.650   3.850   0.95720666E-02   0.67065259E-04   0.41290542E-04   0.10925923E-03   0.10835580E-03   0.10925923E-03
   9.667   3.867   0.95908235E-02   0.66927309E-04   0.41357569E-04   0.10918443E-03   0.10828488E-03   0.10918443E-03
   9.683   3.883   0.96094537E-02   0.66789523E-04   0.41423780E-04   0.10910899E-03   0.10821330E-03   0.10910899E-03
   9.700   3.900   0.96279577E-02   0.66651902E-04   0.41489179E-04   0.10903290E-03   0.10814108E-03   0.10903290E-03
   9.717   3.917   0.96463359E-02   0.66514444E-04   0.41553768E-04   0.10895617E-03   0.10806821E-03   0.10895617E-03
   9.733   3.933   0.96645886E-02   0.66377148E-04   0.41617549E-04   0.10887881E-03   0.10799470E-03   0.10887881E-03
   9.750   3.950   0.96827161E-02   0.66240014E-04   0.41680525E-04   0.10880080E-03   0.10792054E-03   0.10880080E-03
   9.767   3.967   0.97007189E-02   0.66103039E-04   0.41742698E-04   0.10872216E-03   0.10784574E-03   0.10872216E-03
   9.783   3.983   0.97185973E-02   0.65966224E-04   0.41804070E-04   0.10864288E-03   0.10777029E-03   0.10864288E-03
   9.800   4.000   0.97363515E-02   0.65829566E-04   0.41864644E-04   0.10856297E-03   0.10769421E-03   0.10856297E-03
   9.817   4.017   0.97539821E-02   0.65693065E-04   0.41924421E-04   0.10848243E-03   0.10761749E-03   0.10848243E-03
   9.833   4.033   0.97714892E-02   0.65556718E-04   0.41983405E-04   0.10840125E-03   0.10754012E-03   0.10840125E-03
   9.850   4.050   0.97888732E-02   0.65420526E-04   0.42041597E-04   0.10831944E-03   0.10746212E-03   0.10831944E-03
   9.867   4.067   0.98061345E-02   0.65284487E-04   0.42099000E-04   0.10823700E-03   0.10738349E-03   0.10823700E-03
   9.883   4.083   0.98232733E-02   0.65148599E-04   0.42155615E-04   0.10815393E-03   0.10730421E-03   0.10815393E-03
   9.900   4.100   0.98402900E-02   0.65012860E-04   0.42211446E-04   0.10807023E-03   0.10722431E-03   0.10807023E-03
   9.917   4.117   0.98571849E-02   0.64877271E-04   0.42266493E-04   0.10798590E-03   0.10714376E-03   0.10798590E-03
   9.933   4.133   0.98739583E-02   0.64741829E-04   0.42320759E-04   0.10790094E-03   0.10706259E-03   0.10790094E-03
   9.950   4.150   0.98906104E-02   0.64606532E-04   0.42374247E-04   0.10781536E-03   0.10698078E-03   0.10781536E-03
   9.967   4.167   0.99071415E-02   0.64471380E-04   0.42426958E-04   0.10772914E-03   0.10689834E-03   0.10772914E-03
   9.983   4.183   0.99235521E-02   0.64336371E-04   0.42478894E-04   0.10764231E-03   0.10681526E-03   0.10764231E-03
  10.000   4.200   0.99398422E-02   0.64201504E-04   0.42530057E-04   0.10755484E-03   0.10673156E-03   0.10755484E-03
  10.017   4.217   0.99560122E-02   0.64066776E-04   0.42580449E-04   0.10746675E-03   0.10664723E-03   0.10746675E-03
  10.033   4.233   0.99720625E-02   0.63932187E-04   0.42630073E-04   0.10737804E-03   0.10656226E-03   0.10737804E-03
  10.050   4.250   0.99879931E-02   0.63797735E-04   0.42678930E-04   0.10728870E-03   0.10647667E-03   0.10728870E-03
  10.067   4.267   0.10003805E-01   0.63663419E-04   0.42727022E-04   0.10719874E-03   0.10639044E-03   0.10719874E-03
  10.083   4.283   0.10019497E-01   0.63529237E-04   0.42774351E-04   0.10710815E-03   0.10630359E-03   0.10710815E-03
  10.100   4.300   0.10035070E-01   0.63395187E-04   0.42820918E-04   0.10701694E-03   0.10621610E-03   0.10701694E-03
  10.117   4.317   0.10050525E-01   0.63261267E-04   0.42866727E-04   0.10692510E-03   0.10612799E-03   0.10692510E-03
  10.133   4.333   0.10065862E-01   0.63127477E-04   0.42911778E-04   0.10683265E-03   0.10603925E-03   0.10683265E-03
  10.150   4.350   0.10081081E-01   0.62993815E-04   0.42956073E-04   0.10673956E-03   0.10594989E-03   0.10673956E-03
  10.167   4.367   0.10096182E-01   0.62860278E-04   0.42999614E-04   0.10664586E-03   0.10585989E-03   0.10664586E-03
  10.183   4.383   0.10111165E-01   0.62726866E-04   0.43042403E-04   0.10655153E-03   0.10576927E-03   0.10655153E-03
  10.200   4.400   0.10126031E-01   0.62593577E-04   0.43084442E-04   0.10645658E-03   0.10567802E-03   0.10645658E-03
  10.217   4.417   0.10140780E-01   0.62460408E-04   0.43125732E-04   0.10636101E-03   0.10558614E-03   0.10636101E-03
  10.233   4.433   0.10155412E-01   0.62327359E-04   0.43166276E-04   0.10626481E-03   0.10549363E-03   0.10626481E-03
  10.250   4.450   0.10169927E-01   0.62194427E-04   0.43206074E-04   0.10616800E-03   0.10540050E-03   0.10616800E-03
  10.267   4.467   0.10184326E-01   0.62061612E-04   0.43245128E-04   0.10607055E-03   0.10530674E-03   0.10607055E-03
  10.283   4.483   0.10198608E-01   0.61928911E-04   0.43283441E-04   0.10597249E-03   0.10521235E-03   0.10597249E-03
  10.300   4.500   0.10212775E-01   0.61796322E-04   0.43321013E-04   0.10587380E-03   0.10511734E-03   0.10587380E-03
  10.317   4.517   0.10226825E-01   0.61663844E-04   0.43357847E-04   0.10577449E-03   0.10502169E-03   0.10577449E-03
  10.333   4.533   0.10240760E-01   0.61531475E-04   0.43393943E-04   0.10567455E-03   0.10492542E-03   0.10567455E-03
  10.350   4.550   0.10254580E-01   0.61399214E-04   0.43429304E-04   0.10557399E-03   0.10482852E-03   0.10557399E-03
  10.367   4.567   0.10268284E-01   0.61267058E-04   0.43463931E-04   0.10547281E-03   0.10473099E-03   0.10547281E-03
  10.383   4.583   0.10281873E-01   0.61135006E-04   0.43497826E-04   0.10537100E-03   0.10463283E-03   0.10537100E-03
  10.400   4.600   0.10295347E-01   0.61003056E-04   0.43530989E-04   0.10526857E-03   0.10453405E-03   0.10526857E-03
  10.417   4.617   0.10308706E-01   0.60871206E-04   0.43563423E-04   0.10516551E-03   0.10443463E-03   0.10516551E-03
  10.433   4.633   0.10321951E-01   0.60739455E-04   0.43595129E-04   0.10506183E-03   0.10433458E-03   0.10506183E-03
  10.450   4.650   0.10335081E-01   0.60607801E-04   0.43626109E-04   0.10495752E-03   0.10423391E-03   0.10495752E-03
  10.467   4.667   0.10348098E-01   0.60476241E-04   0.43656363E-04   0.10485259E-03   0.10413260E-03   0.10485259E-03
  10.483   4.683   0.10361000E-01   0.60344774E-04   0.43685894E-04   0.10474702E-03   0.10403067E-03   0.10474702E-03
  10.500   4.700   0.10373788E-01   0.60213399E-04   0.43714702E-04   0.10464083E-03   0.10392810E-03   0.10464083E-03
  10.517   4.717   0.10386462E-01   0.60082113E-04   0.43742790E-04   0.10453402E-03   0.10382490E-03   0.10453402E-03
  10.533   4.733   0.10399023E-01   0.59950914E-04   0.43770158E-04   0.10442657E-03   0.10372107E-03   0.10442657E-03
  10.550   4.750   0.10411470E-01   0.59819802E-04   0.43796808E-04   0.10431850E-03   0.10361661E-03   0.10431850E-03
  10.567   4.767   0.10423804E-01   0.59688773E-04   0.43822741E-04   0.10420980E-03   0.10351151E-03   0.10420980E-03
  10.583   4.783   0.10436025E-01   0.59557826E-04   0.43847958E-04   0.10410046E-03   0.10340578E-03   0.10410046E-03
  10.600   4.800   0.10448132E-01   0.59426959E-04   0.43872461E-04   0.10399050E-03   0.10329942E-03   0.10399050E-03
  10.617   4.817   0.10460127E-01   0.59296171E-04   0.43896251E-04   0.10387990E-03   0.10319242E-03   0.10387990E-03
  10.633   4.833   0.10472009E-01   0.59165459E-04   0.43919329E-04   0.10376868E-03   0.10308479E-03   0.10376868E-03
  10.650   4.850   0.10483778E-01   0.59034822E-04   0.43941697E-04   0.10365682E-03   0.10297652E-03   0.10365682E-03
  10.667   4.867   0.10495435E-01   0.58904257E-04   0.43963355E-04   0.10354433E-03   0.10286761E-03   0.10354433E-03
  10.683   4.883   0.10506980E-01   0.58773763E-04   0.43984305E-04   0.10343120E-03   0.10275807E-03   0.10343120E-03
  10.700   4.900   0.10518412E-01   0.58643338E-04   0.44004549E-04   0.10331744E-03   0.10264789E-03   0.10331744E-03
  10.717   4.917   0.10529732E-01   0.58512980E-04   0.44024086E-04   0.10320304E-03   0.10253707E-03   0.10320304E-03
  10.733   4.933   0.10540940E-01   0.58382687E-04   0.44042919E-04   0.10308801E-03   0.10242561E-03   0.10308801E-03
  10.750   4.950   0.10552035E-01   0.58252457E-04   0.44061048E-04   0.10297234E-03   0.10231351E-03   0.10297234E-03
  10.767   4.967   0.10563019E-01   0.58122288E-04   0.44078475E-04   0.10285603E-03   0.10220076E-03   0.10285603E-03
  10.783   4.983   0.10573892E-01   0.57992179E-04   0.44095200E-04   0.10273908E-03   0.10208738E-03   0.10273908E-03
  10.800   5.000   0.10584652E-01   0.57862127E-04   0.44111225E-04   0.10262149E-03   0.10197335E-03   0.10262149E-03
  10.817   5.017   0.10595301E-01   0.57732131E-04   0.44126551E-04   0.10250326E-03   0.10185868E-03   0.10250326E-03
  10.833   5.033   0.10605839E-01   0.57602188E-04   0.44141179E-04   0.10238439E-03   0.10174337E-03   0.10238439E-03
  10.850   5.050   0.10616265E-01   0.57472296E-04   0.44155110E-04   0.10226488E-03   0.10162741E-03   0.10226488E-03
  10.867   5.067   0.10626580E-01   0.57342454E-04   0.44168345E-04   0.10214472E-03   0.10151080E-03   0.10214472E-03
  10.883   5.083   0.10636783E-01   0.57212660E-04   0.44180884E-04   0.10202392E-03   0.10139354E-03   0.10202392E-03
  10.900   5.100   0.10646876E-01   0.57082912E-04   0.44192729E-04   0.10190248E-03   0.10127564E-03   0.10190248E-03
  10.917   5.117   0.10656857E-01   0.56953207E-04   0.44203881E-04   0.10178038E-03   0.10115709E-03   0.10178038E-03
  10.933   5.133   0.10666727E-01   0.56823544E-04   0.44214341E-04   0.10165764E-03   0.10103789E-03   0.10165764E-03
  10.950   5.150   0.10676487E-01   0.56693921E-04   0.44224109E-04   0.10153425E-03   0.10091803E-03   0.10153425E-03
  10.967   5.167   0.10686135E-01   0.56564336E-04   0.44233187E-04   0.10141021E-03   0.10079752E-03   0.10141021E-03
  10.983   5.183   0.10695673E-01   0.56434787E-04   0.44241575E-04   0.10128552E-03   0.10067636E-03   0.10128552E-03
  11.000   5.200   0.10705100E-01   0.56305272E-04   0.44249275E-04   0.10116017E-03   0.10055455E-03   0.10116017E-03
  11.017   5.217   0.10714416E-01   0.56175788E-04   0.44256286E-04   0.10103418E-03   0.10043207E-03   0.10103418E-03
  11.033   5.233   0.10723622E-01   0.56046335E-04   0.44262611E-04   0.10090752E-03   0.10030895E-03   0.10090752E-03
  11.050   5.250   0.10732717E-01   0.55916909E-04   0.44268249E-04   0.10078022E-03   0.10018516E-03   0.10078022E-03
  11.067   5.267   0.10741701E-01   0.55787510E-04   0.44273202E-04   0.10065225E-03   0.10006071E-03   0.10065225E-03
  11.083   5.283   0.10750575E-01   0.55658134E-04   0.44277470E-04   0.10052363E-03   0.99935604E-04   0.10052363E-03
  11.100   5.300   0.10759339E-01   0.55528780E-04   0.44281055E-04   0.10039434E-03   0.99809835E-04   0.10039434E-03
  11.117   5.317   0.10767992E-01   0.55399446E-04   0.44283956E-04   0.10026440E-03   0.99683402E-04   0.10026440E-03
  11.133   5.333   0.10776535E-01   0.55270131E-04   0.44286175E-04   0.10013379E-03   0.99556305E-04   0.10013379E-03
  11.150   5.350   0.10784967E-01   0.55140831E-04   0.44287712E-04   0.10000252E-03   0.99428543E-04   0.10000252E-03
  11.167   5.367   0.10793289E-01   0.55011545E-04   0.44288568E-04   0.99870584E-04   0.99300113E-04   0.99870584E-04
  11.183   5.383   0.10801501E-01   0.54882270E-04   0.44288744E-04   0.99737981E-04   0.99171015E-04   0.99737981E-04
  11.200   5.400   0.10809602E-01   0.54753006E-04   0.44288241E-04   0.99604711E-04   0.99041247E-04   0.99604711E-04
  11.217   5.417   0.10817593E-01   0.54623750E-04   0.44287058E-04   0.99470771E-04   0.98910808E-04   0.99470771E-04
  11.233   5.433   0.10825474E-01   0.54494499E-04   0.44285197E-04   0.99336161E-04   0.98779696E-04   0.99336161E-04
  11.250   5.450   0.10833245E-01   0.54365252E-04   0.44282659E-04   0.99200878E-04   0.98647911E-04   0.99200878E-04
  11.267   5.467   0.10840906E-01   0.54236007E-04   0.44279443E-04   0.99064922E-04   0.98515450E-04   0.99064922E-04
  11.283   5.483   0.10848456E-01   0.54106761E-04   0.44275551E-04   0.98928291E-04   0.98382312E-04   0.98928291E-04
  11.300   5.500   0.10855896E-01   0.53977513E-04   0.44270982E-04   0.98790983E-04   0.98248496E-04   0.98790983E-04
  11.317   5.517   0.10863226E-01   0.53848261E-04   0.44265739E-04   0.98652996E-04   0.98114000E-04   0.98652996E-04
  11.333   5.533   0.10870446E-01   0.53719002E-04   0.44259820E-04   0.98514330E-04   0.97978823E-04   0.98514330E-04
  11.350   5.550   0.10877555E-01   0.53589735E-04   0.44253228E-04   0.98374983E-04   0.97842963E-04   0.98374983E-04
  11.367   5.567   0.10884555E-01   0.53460457E-04   0.44245961E-04   0.98234952E-04   0.97706418E-04   0.98234952E-04
  11.383   5.583   0.10891444E-01   0.53331167E-04   0.44238021E-04   0.98094237E-04   0.97569188E-04   0.98094237E-04
  11.400   5.600   0.10898223E-01   0.53201861E-04   0.44229408E-04   0.97952836E-04   0.97431270E-04   0.97952836E-04
  11.417   5.617   0.10904891E-01   0.53072539E-04   0.44220123E-04   0.97810747E-04   0.97292662E-04   0.97810747E-04
  11.433   5.633   0.10911450E-01   0.52943199E-04   0.44210166E-04   0.97667968E-04   0.97153364E-04   0.97667968E-04
  11.450   5.650   0.10917898E-01   0.52813837E-04   0.44199537E-04   0.97524498E-04   0.97013374E-04   0.97524498E-04
  11.467   5.667   0.10924236E-01   0.52684452E-04   0.44188237E-04   0.97380335E-04   0.96872689E-04   0.97380335E-04
  11.483   5.683   0.10930463E-01   0.52555042E-04   0.44176267E-04   0.97235478E-04   0.96731309E-04   0.97235478E-04
  11.500   5.700   0.10936580E-01   0.52425605E-04   0.44163626E-04   0.97089924E-04   0.96589231E-04   0.97089924E-04
  11.517   5.717   0.10942587E-01   0.52296139E-04   0.44150315E-04   0.96943671E-04   0.96446454E-04   0.96943671E-04
  11.533   5.733   0.10948483E-01   0.52166641E-04   0.44136334E-04   0.96796719E-04   0.96302975E-04   0.96796719E-04
  11.550   5.750   0.10954269E-01   0.52037110E-04   0.44121684E-04   0.96649065E-04   0.96158794E-04   0.96649065E-04
  11.567   5.767   0.10959944E-01   0.51907543E-04   0.44106365E-04   0.96500707E-04   0.96013909E-04   0.96500707E-04
  11.583   5.783   0.10965509E-01   0.51777939E-04   0.44090378E-04   0.96351644E-04   0.95868317E-04   0.96351644E-04
  11.600   5.800   0.10970963E-01   0.51648295E-04   0.44073722E-04   0.96201873E-04   0.95722017E-04   0.96201873E-04
  11.617   5.817   0.10976307E-01   0.51518609E-04   0.44056397E-04   0.96051393E-04   0.95575006E-04   0.96051393E-04
  11.633   5.833   0.10981540E-01   0.51388879E-04   0.44038405E-04   0.95900202E-04   0.95427284E-04   0.95900202E-04
  11.650   5.850   0.10986662E-01   0.51259103E-04   0.44019745E-04   0.95748298E-04   0.95278849E-04   0.95748298E-04
  11.667   5.867   0.10991673E-01   0.51129279E-04   0.44000418E-04   0.95595679E-04   0.95129697E-04   0.95595679E-04
  11.683   5.883   0.10996573E-01   0.50999404E-04   0.43980424E-04   0.95442342E-04   0.94979828E-04   0.95442342E-04
  11.700   5.900   0.11001363E-01   0.50869478E-04   0.43959762E-04   0.95288287E-04   0.94829240E-04   0.95288287E-04
  11.717   5.917   0.11006041E-01   0.50739496E-04   0.43938434E-04   0.95133511E-04   0.94677930E-04   0.95133511E-04
  11.733   5.933   0.11010608E-01   0.50609458E-04   0.43916439E-04   0.94978011E-04   0.94525896E-04   0.94978011E-04
  11.750   5.950   0.11015065E-01   0.50479361E-04   0.43893777E-04   0.94821787E-04   0.94373138E-04   0.94821787E-04
  11.767   5.967   0.11019410E-01   0.50349203E-04   0.43870449E-04   0.94664836E-04   0.94219651E-04   0.94664836E-04
  11.783   5.983   0.11023643E-01   0.50218982E-04   0.43846454E-04   0.94507155E-04   0.94065436E-04   0.94507155E-04
  11.800   6.000   0.11027766E-01   0.50088695E-04   0.43821793E-04   0.94348743E-04   0.93910489E-04   0.94348743E-04
  11.817   6.017   0.11031776E-01   0.49958341E-04   0.43796466E-04   0.94189598E-04   0.93754808E-04   0.94189598E-04
  11.833   6.033   0.11035676E-01   0.49827918E-04   0.43770473E-04   0.94029717E-04   0.93598391E-04   0.94029717E-04
  11.850   6.050   0.11039463E-01   0.49697423E-04   0.43743814E-04   0.93869099E-04   0.93441237E-04   0.93869099E-04
  11.867   6.067   0.11043139E-01   0.49566854E-04   0.43716489E-04   0.93707741E-04   0.93283343E-04   0.93707741E-04
  11.883   6.083   0.11046703E-01   0.49436209E-04   0.43688498E-04   0.93545640E-04   0.93124707E-04   0.93545640E-04
  11.900   6.100   0.11050155E-01   0.49305486E-04   0.43659841E-04   0.93382796E-04   0.92965327E-04   0.93382796E-04
  11.917   6.117   0.11053495E-01   0.49174682E-04   0.43630518E-04   0.93219205E-04   0.92805200E-04   0.93219205E-04
  11.933   6.133   0.11056723E-01   0.49043796E-04   0.43600529E-04   0.93054866E-04   0.92644325E-04   0.93054866E-04
  11.950   6.150   0.11059839E-01   0.48912826E-04   0.43569873E-04   0.92889775E-04   0.92482699E-04   0.92889775E-04
  11.967   6.167   0.11062842E-01   0.48781768E-04   0.43538552E-04   0.92723931E-04   0.92320320E-04   0.92723931E-04
  11.983   6.183   0.11065733E-01   0.48650622E-04   0.43506564E-04   0.92557332E-04   0.92157186E-04   0.92557332E-04
  12.000   6.200   0.11068511E-01   0.48519384E-04   0.43473911E-04   0.92389975E-04   0.91993294E-04   0.92389975E-04
  12.017   6.217   0.11071177E-01   0.48388053E-04   0.43440590E-04   0.92221858E-04   0.91828643E-04   0.92221858E-04
  12.033   6.233   0.11073729E-01   0.48256626E-04   0.43406604E-04   0.92052978E-04   0.91663230E-04   0.92052978E-04
  12.050   6.250   0.11076169E-01   0.48125101E-04   0.43371950E-04   0.91883333E-04   0.91497052E-04   0.91883333E-04
  12.067   6.267   0.11078496E-01   0.47993477E-04   0.43336630E-04   0.91712921E-04   0.91330107E-04   0.91712921E-04
  12.083   6.283   0.11080709E-01   0.47861750E-04   0.43300643E-04   0.91541740E-04   0.91162393E-04   0.91541740E-04
  12.100   6.300   0.11082809E-01   0.47729919E-04   0.43263989E-04   0.91369786E-04   0.90993908E-04   0.91369786E-04
  12.117   6.317   0.11084796E-01   0.47597982E-04   0.43226667E-04   0.91197058E-04   0.90824649E-04   0.91197058E-04
  12.133   6.333   0.11086669E-01   0.47465935E-04   0.43188678E-04   0.91023553E-04   0.90654614E-04   0.91023553E-04
  12.150   6.350   0.11088428E-01   0.47333778E-04   0.43150022E-04   0.90849268E-04   0.90483800E-04   0.90849268E-04
  12.167   6.367   0.11090073E-01   0.47201508E-04   0.43110697E-04   0.90674202E-04   0.90312205E-04   0.90674202E-04
  12.183   6.383   0.11091604E-01   0.47069122E-04   0.43070704E-04   0.90498351E-04   0.90139826E-04   0.90498351E-04
  12.200   6.400   0.11093021E-01   0.46936619E-04   0.43030043E-04   0.90321713E-04   0.89966661E-04   0.90321713E-04
  12.217   6.417   0.11094323E-01   0.46803995E-04   0.42988713E-04   0.90144285E-04   0.89792708E-04   0.90144285E-04
  12.233   6.433   0.11095511E-01   0.46671250E-04   0.42946713E-04   0.89966066E-04   0.89617964E-04   0.89966066E-04
  12.250   6.450   0.11096584E-01   0.46538381E-04   0.42904045E-04   0.89787051E-04   0.89442426E-04   0.89787051E-04
  12.267   6.467   0.11097542E-01   0.46405385E-04   0.42860707E-04   0.89607240E-04   0.89266092E-04   0.89607240E-04
  12.283   6.483   0.11098385E-01   0.46272260E-04   0.42816699E-04   0.89426628E-04   0.89088959E-04   0.89426628E-04
  12.300   6.500   0.11099113E-01   0.46139005E-04   0.42772020E-04   0.89245215E-04   0.88911025E-04   0.89245215E-04
  12.317   6.517   0.11099726E-01   0.46005616E-04   0.42726671E-04   0.89062996E-04   0.88732287E-04   0.89062996E-04
  12.333   6.533   0.11100223E-01   0.45872092E-04   0.42680651E-04   0.88879969E-04   0.88552742E-04   0.88879969E-04
  12.350   6.550   0.11100604E-01   0.45738430E-04   0.42633959E-04   0.88696131E-04   0.88372389E-04   0.88696131E-04
  12.367   6.567   0.11100869E-01   0.45604629E-04   0.42586595E-04   0.88511481E-04   0.88191224E-04   0.88511481E-04
  12.383   6.583   0.11101018E-01   0.45470685E-04   0.42538559E-04   0.88326015E-04   0.88009244E-04   0.88326015E-04
  12.400   6.600   0.11101051E-01   0.45336597E-04   0.42489850E-04   0.88139730E-04   0.87826447E-04   0.88139730E-04
  12.417   6.617   0.11100967E-01   0.45202362E-04   0.42440468E-04   0.87952623E-04   0.87642831E-04   0.87952623E-04
  12.433   6.633   0.11100767E-01   0.45067979E-04   0.42390413E-04   0.87764693E-04   0.87458392E-04   0.87764693E-04
  12.450   6.650   0.11100449E-01   0.44933444E-04   0.42339683E-04   0.87575936E-04   0.87273128E-04   0.87575936E-04
  12.467   6.667   0.11100014E-01   0.44798757E-04   0.42288279E-04   0.87386349E-04   0.87087036E-04   0.87386349E-04
  12.483   6.683   0.11099462E-01   0.44663913E-04   0.42236200E-04   0.87195929E-04   0.86900113E-04   0.87195929E-04
  12.500   6.700   0.11098793E-01   0.44528912E-04   0.42183445E-04   0.87004675E-04   0.86712357E-04   0.87004675E-04
  12.517   6.717   0.11098005E-01   0.44393751E-04   0.42130014E-04   0.86812582E-04   0.86523764E-04   0.86812582E-04
  12.533   6.733   0.11097100E-01   0.44258427E-04   0.42075906E-04   0.86619648E-04   0.86334333E-04   0.86619648E-04
  12.550   6.750   0.11096077E-01   0.44122939E-04   0.42021121E-04   0.86425871E-04   0.86144060E-04   0.86425871E-04
  12.567   6.767   0.11094935E-01   0.43987283E-04   0.41965658E-04   0.86231246E-04   0.85952942E-04   0.86231246E-04
  12.583   6.783   0.11093674E-01   0.43851459E-04   0.41909517E-04   0.86035773E-04   0.85760976E-04   0.86035773E-04
  12.600   6.800   0.11092294E-01   0.43715464E-04   0.41852697E-04   0.85839446E-04   0.85568161E-04   0.85839446E-04
  12.617   6.817   0.11090795E-01   0.43579294E-04   0.41795197E-04   0.85642264E-04   0.85374492E-04   0.85642264E-04
  12.633   6.833   0.11089177E-01   0.43442949E-04   0.41737018E-04   0.85444224E-04   0.85179967E-04   0.85444224E-04
  12.650   6.850   0.11087439E-01   0.43306426E-04   0.41678157E-04   0.85245323E-04   0.84984583E-04   0.85245323E-04
  12.667   6.867   0.11085582E-01   0.43169722E-04   0.41618615E-04   0.85045557E-04   0.84788337E-04   0.85045557E-04
  12.683   6.883   0.11083604E-01   0.43032836E-04   0.41558391E-04   0.84844924E-04   0.84591227E-04   0.84844924E-04
  12.700   6.900   0.11081506E-01   0.42895764E-04   0.41497484E-04   0.84643421E-04   0.84393248E-04   0.84643421E-04
  12.717   6.917   0.11079287E-01   0.42758506E-04   0.41435894E-04   0.84441045E-04   0.84194399E-04   0.84441045E-04
  12.733   6.933   0.11076947E-01   0.42621058E-04   0.41373619E-04   0.84237792E-04   0.83994677E-04   0.84237792E-04
  12.750   6.950   0.11074486E-01   0.42483418E-04   0.41310660E-04   0.84033660E-04   0.83794078E-04   0.84033660E-04
  12.767   6.967   0.11071904E-01   0.42345584E-04   0.41247015E-04   0.83828646E-04   0.83592599E-04   0.83828646E-04
  12.783   6.983   0.11069200E-01   0.42207554E-04   0.41182684E-04   0.83622746E-04   0.83390238E-04   0.83622746E-04
  12.800   7.000   0.11066374E-01   0.42069325E-04   0.41117666E-04   0.83415959E-04   0.83186991E-04   0.83415959E-04
  12.817   7.017   0.11063425E-01   0.41930895E-04   0.41051960E-04   0.83208279E-04   0.82982856E-04   0.83208279E-04
  12.833   7.033   0.11060354E-01   0.41792263E-04   0.40985566E-04   0.82999705E-04   0.82777829E-04   0.82999705E-04
  12.850   7.050   0.11057160E-01   0.41653425E-04   0.40918482E-04   0.82790234E-04   0.82571907E-04   0.82790234E-04
  12.867   7.067   0.11053844E-01   0.41514379E-04   0.40850709E-04   0.82579862E-04   0.82365088E-04   0.82579862E-04
  12.883   7.083   0.11050403E-01   0.41375124E-04   0.40782244E-04   0.82368586E-04   0.82157368E-04   0.82368586E-04
  12.900   7.100   0.11046839E-01   0.41235656E-04   0.40713088E-04   0.82156403E-04   0.81948745E-04   0.82156403E-04
  12.917   7.117   0.11043151E-01   0.41095974E-04   0.40643240E-04   0.81943310E-04   0.81739214E-04   0.81943310E-04
  12.933   7.133   0.11039338E-01   0.40956076E-04   0.40572698E-04   0.81729304E-04   0.81528774E-04   0.81729304E-04
  12.950   7.150   0.11035401E-01   0.40815958E-04   0.40501462E-04   0.81514381E-04   0.81317421E-04   0.81514381E-04
  12.967   7.167   0.11031339E-01   0.40675620E-04   0.40429532E-04   0.81298539E-04   0.81105151E-04   0.81298539E-04
  12.983   7.183   0.11027152E-01   0.40535058E-04   0.40356905E-04   0.81081774E-04   0.80891963E-04   0.81081774E-04
  13.000   7.200   0.11022839E-01   0.40394270E-04   0.40283582E-04   0.80864083E-04   0.80677852E-04   0.80864083E-04
  13.017   7.217   0.11018400E-01   0.40253255E-04   0.40209561E-04   0.80645464E-04   0.80462816E-04   0.80645464E-04
  13.033   7.233   0.11013835E-01   0.40112009E-04   0.40134842E-04   0.80425912E-04   0.80246852E-04   0.80425912E-04
  13.050   7.250   0.11009143E-01   0.39970531E-04   0.40059424E-04   0.80205425E-04   0.80029955E-04   0.80205425E-04
  13.067   7.267   0.11004324E-01   0.39828819E-04   0.39983306E-04   0.79983999E-04   0.79812125E-04   0.79983999E-04
  13.083   7.283   0.10999378E-01   0.39686869E-04   0.39906486E-04   0.79761632E-04   0.79593356E-04   0.79761632E-04
  13.100   7.300   0.10994304E-01   0.39544681E-04   0.39828965E-04   0.79538319E-04   0.79373646E-04   0.79538319E-04
  13.117   7.317   0.10989102E-01   0.39402251E-04   0.39750741E-04   0.79314059E-04   0.79152992E-04   0.79314059E-04
  13.133   7.333   0.10983772E-01   0.39259578E-04   0.39671813E-04   0.79088847E-04   0.78931391E-04   0.79088847E-04
  13.150   7.350   0.10978313E-01   0.39116659E-04   0.39592180E-04   0.78862680E-04   0.78708839E-04   0.78862680E-04
  13.167   7.367   0.10972725E-01   0.38973492E-04   0.39511841E-04   0.78635556E-04   0.78485334E-04   0.78635556E-04
  13.183   7.383   0.10967008E-01   0.38830075E-04   0.39430796E-04   0.78407471E-04   0.78260872E-04   0.78407471E-04
  13.200   7.400   0.10961161E-01   0.38686406E-04   0.39349044E-04   0.78178421E-04   0.78035450E-04   0.78178421E-04
  13.217   7.417   0.10955184E-01   0.38542483E-04   0.39266582E-04   0.77948404E-04   0.77809065E-04   0.77948404E-04
  13.233   7.433   0.10949076E-01   0.38398302E-04   0.39183412E-04   0.77717416E-04   0.77581714E-04   0.77717416E-04
  13.250   7.450   0.10942837E-01   0.38253863E-04   0.39099531E-04   0.77485455E-04   0.77353394E-04   0.77485455E-04
  13.267   7.467   0.10936466E-01   0.38109163E-04   0.39014938E-04   0.77252516E-04   0.77124101E-04   0.77252516E-04
  13.283   7.483   0.10929964E-01   0.37964199E-04   0.38929633E-04   0.77018597E-04   0.76893832E-04   0.77018597E-04
  13.300   7.500   0.10923330E-01   0.37818971E-04   0.38843614E-04   0.76783695E-04   0.76662585E-04   0.76783695E-04
  13.317   7.517   0.10916563E-01   0.37673474E-04   0.38756881E-04   0.76547806E-04   0.76430356E-04   0.76547806E-04
  13.333   7.533   0.10909663E-01   0.37527709E-04   0.38669433E-04   0.76310927E-04   0.76197142E-04   0.76310927E-04
  13.350   7.550   0.10902630E-01   0.37381671E-04   0.38581268E-04   0.76073055E-04   0.75962939E-04   0.76073055E-04
  13.367   7.567   0.10895463E-01   0.37235360E-04   0.38492386E-04   0.75834186E-04   0.75727746E-04   0.75834186E-04
  13.383   7.583   0.10888162E-01   0.37088772E-04   0.38402785E-04   0.75594318E-04   0.75491558E-04   0.75594318E-04
  13.400   7.600   0.10880726E-01   0.36941907E-04   0.38312465E-04   0.75353448E-04   0.75254372E-04   0.75353448E-04
  13.417   7.617   0.10873155E-01   0.36794761E-04   0.38221425E-04   0.75111571E-04   0.75016186E-04   0.75111571E-04
  13.433   7.633   0.10865449E-01   0.36647333E-04   0.38129663E-04   0.74868685E-04   0.74776996E-04   0.74868685E-04
  13.450   7.650   0.10857606E-01   0.36499621E-04   0.38037178E-04   0.74624788E-04   0.74536800E-04   0.74624788E-04
  13.467   7.667   0.10849627E-01   0.36351623E-04   0.37943970E-04   0.74379875E-04   0.74295593E-04   0.74379875E-04
  13.483   7.683   0.10841511E-01   0.36203336E-04   0.37850037E-04   0.74133943E-04   0.74053374E-04   0.74133943E-04
  13.500   7.700   0.10833258E-01   0.36054759E-04   0.37755379E-04   0.73886990E-04   0.73810138E-04   0.73886990E-04
  13.517   7.717   0.10824867E-01   0.35905889E-04   0.37659995E-04   0.73639012E-04   0.73565884E-04   0.73639012E-04
  13.533   7.733   0.10816338E-01   0.35756725E-04   0.37563882E-04   0.73390007E-04   0.73320607E-04   0.73390007E-04
  13.550   7.750   0.10807670E-01   0.35607265E-04   0.37467041E-04   0.73139970E-04   0.73074306E-04   0.73139970E-04
  13.567   7.767   0.10798863E-01   0.35457506E-04   0.37369470E-04   0.72888900E-04   0.72826977E-04   0.72888900E-04
  13.583   7.783   0.10789916E-01   0.35307447E-04   0.37271169E-04   0.72636792E-04   0.72578616E-04   0.72636792E-04
  13.600   7.800   0.10780828E-01   0.35157085E-04   0.37172136E-04   0.72383645E-04   0.72329222E-04   0.72383645E-04
  13.617   7.817   0.10771601E-01   0.35006420E-04   0.37072370E-04   0.72129454E-04   0.72078790E-04   0.72129454E-04
  13.633   7.833   0.10762231E-01   0.34855448E-04   0.36971871E-04   0.71874218E-04   0.71827319E-04   0.71874218E-04
  13.650   7.850   0.10752721E-01   0.34704169E-04   0.36870637E-04   0.71617932E-04   0.71574805E-04   0.71617932E-04
  13.667   7.867   0.10743068E-01   0.34552579E-04   0.36768667E-04   0.71360595E-04   0.71321246E-04   0.71360595E-04
  13.683   7.883   0.10733272E-01   0.34400679E-04   0.36665960E-04   0.71102203E-04   0.71066638E-04   0.71102203E-04
  13.700   7.900   0.10723333E-01   0.34248464E-04   0.36562515E-04   0.70842752E-04   0.70810979E-04   0.70842752E-04
  13.717   7.917   0.10713250E-01   0.34095934E-04   0.36458332E-04   0.70582242E-04   0.70554267E-04   0.70582242E-04
  13.733   7.933   0.10703023E-01   0.33943088E-04   0.36353409E-04   0.70320668E-04   0.70296497E-04   0.70320668E-04
  13.750   7.950   0.10692651E-01   0.33789922E-04   0.36247745E-04   0.70058027E-04   0.70037668E-04   0.70058027E-04
  13.767   7.967   0.10682134E-01   0.33636436E-04   0.36141340E-04   0.69794317E-04   0.69777776E-04   0.69794317E-04
  13.783   7.983   0.10671471E-01   0.33482628E-04   0.36034192E-04   0.69529536E-04   0.69516820E-04   0.69529536E-04
  13.800   8.000   0.10660661E-01   0.33328496E-04   0.35926300E-04   0.69263680E-04   0.69254796E-04   0.69263680E-04
  13.817   8.017   0.10649704E-01   0.33174038E-04   0.35817664E-04   0.68996747E-04   0.68991702E-04   0.68996747E-04
  13.833   8.033   0.10638600E-01   0.33019253E-04   0.35708283E-04   0.68728734E-04   0.68727535E-04   0.68728734E-04
  13.850   8.050   0.10627347E-01   0.32864139E-04   0.35598154E-04   0.68459638E-04   0.68462294E-04   0.68459638E-04
  13.867   8.067   0.10615946E-01   0.32708695E-04   0.35487279E-04   0.68189457E-04   0.68195974E-04   0.68189457E-04
  13.883   8.083   0.10604395E-01   0.32552919E-04   0.35375655E-04   0.67918189E-04   0.67928574E-04   0.67918189E-04
  13.900   8.100   0.10592694E-01   0.32396810E-04   0.35263282E-04   0.67645831E-04   0.67660092E-04   0.67645831E-04
  13.917   8.117   0.10580843E-01   0.32240365E-04   0.35150160E-04   0.67372380E-04   0.67390525E-04   0.67372380E-04
  13.933   8.133   0.10568841E-01   0.32083585E-04   0.35036286E-04   0.67097834E-04   0.67119871E-04   0.67097834E-04
  13.950   8.150   0.10556687E-01   0.31926467E-04   0.34921660E-04   0.66822190E-04   0.66848127E-04   0.66822190E-04
  13.967   8.167   0.10544380E-01   0.31769009E-04   0.34806282E-04   0.66545448E-04   0.66575291E-04   0.66545448E-04
  13.983   8.183   0.10531921E-01   0.31611211E-04   0.34690151E-04   0.66267603E-04   0.66301362E-04   0.66267603E-04
  14.000   8.200   0.10519308E-01   0.31453071E-04   0.34573265E-04   0.65988654E-04   0.66026337E-04   0.65988654E-04
  14.017   8.217   0.10506540E-01   0.31294589E-04   0.34455625E-04   0.65708599E-04   0.65750213E-04   0.65708599E-04
  14.033   8.233   0.10493618E-01   0.31135762E-04   0.34337228E-04   0.65427436E-04   0.65472990E-04   0.65427436E-04
  14.050   8.250   0.10480540E-01   0.30976589E-04   0.34218075E-04   0.65145162E-04   0.65194665E-04   0.65145162E-04
  14.067   8.267   0.10467306E-01   0.30817070E-04   0.34098165E-04   0.64861777E-04   0.64915236E-04   0.64861777E-04
  14.083   8.283   0.10453916E-01   0.30657204E-04   0.33977497E-04   0.64577277E-04   0.64634701E-04   0.64577277E-04
  14.100   8.300   0.10440367E-01   0.30496988E-04   0.33856071E-04   0.64291661E-04   0.64353059E-04   0.64291661E-04
  14.117   8.317   0.10426661E-01   0.30336423E-04   0.33733885E-04   0.64004927E-04   0.64070308E-04   0.64004927E-04
  14.133   8.333   0.10412796E-01   0.30175507E-04   0.33610939E-04   0.63717074E-04   0.63786446E-04   0.63717074E-04
  14.150   8.350   0.10398771E-01   0.30014240E-04   0.33487233E-04   0.63428100E-04   0.63501473E-04   0.63428100E-04
  14.167   8.367   0.10384586E-01   0.29852620E-04   0.33362766E-04   0.63138004E-04   0.63215385E-04   0.63138004E-04
  14.183   8.383   0.10370240E-01   0.29690647E-04   0.33237537E-04   0.62846783E-04   0.62928183E-04   0.62846783E-04
  14.200   8.400   0.10355732E-01   0.29528319E-04   0.33111545E-04   0.62554437E-04   0.62639865E-04   0.62554437E-04
  14.217   8.417   0.10341063E-01   0.29365637E-04   0.32984792E-04   0.62260964E-04   0.62350429E-04   0.62260964E-04
  14.233   8.433   0.10326230E-01   0.29202600E-04   0.32857275E-04   0.61966363E-04   0.62059875E-04   0.61966363E-04
  14.250   8.450   0.10311233E-01   0.29039206E-04   0.32728994E-04   0.61670634E-04   0.61768201E-04   0.61670634E-04
  14.267   8.467   0.10296072E-01   0.28875456E-04   0.32599950E-04   0.61373774E-04   0.61475406E-04   0.61373774E-04
  14.283   8.483   0.10280745E-01   0.28711349E-04   0.32470141E-04   0.61075783E-04   0.61181490E-04   0.61075783E-04
  14.300   8.500   0.10265253E-01   0.28546884E-04   0.32339568E-04   0.60776660E-04   0.60886453E-04   0.60776660E-04
  14.317   8.517   0.10249594E-01   0.28382062E-04   0.32208230E-04   0.60476405E-04   0.60590292E-04   0.60476405E-04
  14.333   8.533   0.10233767E-01   0.28216882E-04   0.32076127E-04   0.60175017E-04   0.60293008E-04   0.60175017E-04
  14.350   8.550   0.10217772E-01   0.28051343E-04   0.31943258E-04   0.59872495E-04   0.59994601E-04   0.59872495E-04
  14.367   8.567   0.10201609E-01   0.27885446E-04   0.31809624E-04   0.59568838E-04   0.59695070E-04   0.59568838E-04
  14.383   8.583   0.10185275E-01   0.27719191E-04   0.31675224E-04   0.59264048E-04   0.59394414E-04   0.59264048E-04
  14.400   8.600   0.10168771E-01   0.27552577E-04   0.31540058E-04   0.58958123E-04   0.59092635E-04   0.58958123E-04
  14.417   8.617   0.10152095E-01   0.27385604E-04   0.31404127E-04   0.58651063E-04   0.58789731E-04   0.58651063E-04
  14.433   8.633   0.10135247E-01   0.27218274E-04   0.31267429E-04   0.58342868E-04   0.58485703E-04   0.58342868E-04
  14.450   8.650   0.10118226E-01   0.27050585E-04   0.31129966E-04   0.58033540E-04   0.58180552E-04   0.58033540E-04
  14.467   8.667   0.10101032E-01   0.26882539E-04   0.30991738E-04   0.57723077E-04   0.57874277E-04   0.57723077E-04
  14.483   8.683   0.10083663E-01   0.26714136E-04   0.30852744E-04   0.57411480E-04   0.57566879E-04   0.57411480E-04
  14.500   8.700   0.10066118E-01   0.26545375E-04   0.30712985E-04   0.57098751E-04   0.57258360E-04   0.57098751E-04
  14.517   8.717   0.10048397E-01   0.26376259E-04   0.30572460E-04   0.56784890E-04   0.56948719E-04   0.56784890E-04
  14.533   8.733   0.10030499E-01   0.26206787E-04   0.30431172E-04   0.56469897E-04   0.56637959E-04   0.56469897E-04
  14.550   8.750   0.10012423E-01   0.26036960E-04   0.30289119E-04   0.56153774E-04   0.56326079E-04   0.56153774E-04
  14.567   8.767   0.99941684E-02   0.25866779E-04   0.30146302E-04   0.55836522E-04   0.56013081E-04   0.55836522E-04
  14.583   8.783   0.99757340E-02   0.25696246E-04   0.30002722E-04   0.55518142E-04   0.55698968E-04   0.55518142E-04
  14.600   8.800   0.99571189E-02   0.25525360E-04   0.29858379E-04   0.55198637E-04   0.55383740E-04   0.55198637E-04
  14.617   8.817   0.99383225E-02   0.25354124E-04   0.29713275E-04   0.54878007E-04   0.55067399E-04   0.54878007E-04
  14.633   8.833   0.99193437E-02   0.25182539E-04   0.29567409E-04   0.54556254E-04   0.54749947E-04   0.54556254E-04
  14.650   8.850   0.99001817E-02   0.25010605E-04   0.29420782E-04   0.54233381E-04   0.54431387E-04   0.54233381E-04
  14.667   8.867   0.98808357E-02   0.24838325E-04   0.29273396E-04   0.53909390E-04   0.54111721E-04   0.53909390E-04
  14.683   8.883   0.98613046E-02   0.24665700E-04   0.29125251E-04   0.53584283E-04   0.53790951E-04   0.53584283E-04
  14.700   8.900   0.98415876E-02   0.24492732E-04   0.28976349E-04   0.53258063E-04   0.53469080E-04   0.53258063E-04
  14.717   8.917   0.98216837E-02   0.24319422E-04   0.28826689E-04   0.52930733E-04   0.53146111E-04   0.52930733E-04
  14.733   8.933   0.98015921E-02   0.24145773E-04   0.28676275E-04   0.52602296E-04   0.52822047E-04   0.52602296E-04
  14.750   8.950   0.97813118E-02   0.23971786E-04   0.28525106E-04   0.52272755E-04   0.52496892E-04   0.52272755E-04
  14.767   8.967   0.97608418E-02   0.23797465E-04   0.28373184E-04   0.51942114E-04   0.52170649E-04   0.51942114E-04
  14.783   8.983   0.97401812E-02   0.23622811E-04   0.28220511E-04   0.51610376E-04   0.51843322E-04   0.51610376E-04
  14.800   9.000   0.97193291E-02   0.23447827E-04   0.28067088E-04   0.51277545E-04   0.51514915E-04   0.51277545E-04
  14.817   9.017   0.96982845E-02   0.23272515E-04   0.27912917E-04   0.50943625E-04   0.51185432E-04   0.50943625E-04
  14.833   9.033   0.96770464E-02   0.23096878E-04   0.27757999E-04   0.50608622E-04   0.50854877E-04   0.50608622E-04
  14.850   9.050   0.96556139E-02   0.22920920E-04   0.27602336E-04   0.50272539E-04   0.50523256E-04   0.50272539E-04
  14.867   9.067   0.96339859E-02   0.22744643E-04   0.27445931E-04   0.49935381E-04   0.50190574E-04   0.49935381E-04
  14.883   9.083   0.96121615E-02   0.22568050E-04   0.27288785E-04   0.49597154E-04   0.49856835E-04   0.49597154E-04
  14.900   9.100   0.95901397E-02   0.22391146E-04   0.27130900E-04   0.49257863E-04   0.49522046E-04   0.49257863E-04
  14.917   9.117   0.95679195E-02   0.22213932E-04   0.26972279E-04   0.48917514E-04   0.49186211E-04   0.48917514E-04
  14.933   9.133   0.95454998E-02   0.22036414E-04   0.26812924E-04   0.48576113E-04   0.48849338E-04   0.48576113E-04
  14.950   9.150   0.95228797E-02   0.21858595E-04   0.26652837E-04   0.48233666E-04   0.48511433E-04   0.48233666E-04
  14.967   9.167   0.95000582E-02   0.21680480E-04   0.26492021E-04   0.47890180E-04   0.48172501E-04   0.47890180E-04
  14.983   9.183   0.94770341E-02   0.21502071E-04   0.26330479E-04   0.47545661E-04   0.47832551E-04   0.47545661E-04
  15.000   9.200   0.94538065E-02   0.21323375E-04   0.26168214E-04   0.47200117E-04   0.47491589E-04   0.47200117E-04
  15.017   9.217   0.94303744E-02   0.21144395E-04   0.26005228E-04   0.46853555E-04   0.47149623E-04   0.46853555E-04
  15.033   9.233   0.94067367E-02   0.20965136E-04   0.25841525E-04   0.46505984E-04   0.46806662E-04   0.46505984E-04
  15.050   9.250   0.93828923E-02   0.20785604E-04   0.25677108E-04   0.46157411E-04   0.46462712E-04   0.46157411E-04
  15.067   9.267   0.93588402E-02   0.20605803E-04   0.25511980E-04   0.45807845E-04   0.46117783E-04   0.45807845E-04
  15.083   9.283   0.93345794E-02   0.20425739E-04   0.25346145E-04   0.45457295E-04   0.45771885E-04   0.45457295E-04
  15.100   9.300   0.93101087E-02   0.20245418E-04   0.25179607E-04   0.45105770E-04   0.45425025E-04   0.45105770E-04
  15.117   9.317   0.92854271E-02   0.20064845E-04   0.25012369E-04   0.44753280E-04   0.45077214E-04   0.44753280E-04
  15.133   9.333   0.92605335E-02   0.19884027E-04   0.24844435E-04   0.44399834E-04   0.44728462E-04   0.44399834E-04
  15.150   9.350   0.92354268E-02   0.19702969E-04   0.24675810E-04   0.44045444E-04   0.44378779E-04   0.44045444E-04
  15.167   9.367   0.92101061E-02   0.19521678E-04   0.24506497E-04   0.43690120E-04   0.44028176E-04   0.43690120E-04
  15.183   9.383   0.91845701E-02   0.19340162E-04   0.24336502E-04   0.43333872E-04   0.43676664E-04   0.43333872E-04
  15.200   9.400   0.91588177E-02   0.19158426E-04   0.24165829E-04   0.42976714E-04   0.43324256E-04   0.42976714E-04
  15.217   9.417   0.91328480E-02   0.18976479E-04   0.23994483E-04   0.42618656E-04   0.42970962E-04   0.42618656E-04
  15.233   9.433   0.91066597E-02   0.18794327E-04   0.23822469E-04   0.42259711E-04   0.42616796E-04   0.42259711E-04
  15.250   9.450   0.90802518E-02   0.18611979E-04   0.23649791E-04   0.41899892E-04   0.42261770E-04   0.41899892E-04
  15.267   9.467   0.90536232E-02   0.18429442E-04   0.23476456E-04   0.41539213E-04   0.41905898E-04   0.41539213E-04
  15.283   9.483   0.90267728E-02   0.18246725E-04   0.23302469E-04   0.41177687E-04   0.41549194E-04   0.41177687E-04
  15.300   9.500   0.89996994E-02   0.18063836E-04   0.23127836E-04   0.40815329E-04   0.41191671E-04   0.40815329E-04
  15.317   9.517   0.89724020E-02   0.17880783E-04   0.22952562E-04   0.40452153E-04   0.40833345E-04   0.40452153E-04
  15.333   9.533   0.89448795E-02   0.17697577E-04   0.22776654E-04   0.40088175E-04   0.40474231E-04   0.40088175E-04
  15.350   9.550   0.89171306E-02   0.17514226E-04   0.22600119E-04   0.39723411E-04   0.40114345E-04   0.39723411E-04
  15.367   9.567   0.88891544E-02   0.17330741E-04   0.22422962E-04   0.39357876E-04   0.39753703E-04   0.39357876E-04
  15.383   9.583   0.88609497E-02   0.17147130E-04   0.22245191E-04   0.38991588E-04   0.39392321E-04   0.38991588E-04
  15.400   9.600   0.88325154E-02   0.16963405E-04   0.22066813E-04   0.38624564E-04   0.39030218E-04   0.38624564E-04
  15.417   9.617   0.88038503E-02   0.16779575E-04   0.21887836E-04   0.38256822E-04   0.38667411E-04   0.38256822E-04
  15.433   9.633   0.87749534E-02   0.16595653E-04   0.21708266E-04   0.37888381E-04   0.38303918E-04   0.37888381E-04
  15.450   9.650   0.87458236E-02   0.16411648E-04   0.21528111E-04   0.37519259E-04   0.37939759E-04   0.37519259E-04
  15.467   9.667   0.87164598E-02   0.16227573E-04   0.21347380E-04   0.37149477E-04   0.37574953E-04   0.37149477E-04
  15.483   9.683   0.86868608E-02   0.16043439E-04   0.21166081E-04   0.36779054E-04   0.37209521E-04   0.36779054E-04
  15.500   9.700   0.86570256E-02   0.15859259E-04   0.20984222E-04   0.36408012E-04   0.36843482E-04   0.36408012E-04
  15.517   9.717   0.86269530E-02   0.15675046E-04   0.20801813E-04   0.36036372E-04   0.36476859E-04   0.36036372E-04
  15.533   9.733   0.85966421E-02   0.15490811E-04   0.20618862E-04   0.35664156E-04   0.36109673E-04   0.35664156E-04
  15.550   9.750   0.85660916E-02   0.15306569E-04   0.20435379E-04   0.35291387E-04   0.35741948E-04   0.35291387E-04
  15.567   9.767   0.85353005E-02   0.15122333E-04   0.20251373E-04   0.34918089E-04   0.35373706E-04   0.34918089E-04
  15.583   9.783   0.85042678E-02   0.14938117E-04   0.20066855E-04   0.34544285E-04   0.35004972E-04   0.34544285E-04
  15.600   9.800   0.84729924E-02   0.14753936E-04   0.19881834E-04   0.34170001E-04   0.34635770E-04   0.34170001E-04
  15.617   9.817   0.84414732E-02   0.14569804E-04   0.19696322E-04   0.33795263E-04   0.34266126E-04   0.33795263E-04
  15.633   9.833   0.84097093E-02   0.14385736E-04   0.19510329E-04   0.33420096E-04   0.33896065E-04   0.33420096E-04
  15.650   9.850   0.83776995E-02   0.14201749E-04   0.19323866E-04   0.33044527E-04   0.33525615E-04   0.33044527E-04
  15.667   9.867   0.83454428E-02   0.14017857E-04   0.19136945E-04   0.32668584E-04   0.33154803E-04   0.32668584E-04
  15.683   9.883   0.83129383E-02   0.13834078E-04   0.18949578E-04   0.32292297E-04   0.32783657E-04   0.32292297E-04
  15.700   9.900   0.82801850E-02   0.13650428E-04   0.18761777E-04   0.31915693E-04   0.32412206E-04   0.31915693E-04
  15.717   9.917   0.82471819E-02   0.13466925E-04   0.18573555E-04   0.31538804E-04   0.32040480E-04   0.31538804E-04
  15.733   9.933   0.82139280E-02   0.13283586E-04   0.18384924E-04   0.31161660E-04   0.31668510E-04   0.31161660E-04
  15.750   9.950   0.81804224E-02   0.13100428E-04   0.18195898E-04   0.30784293E-04   0.31296326E-04   0.30784293E-04
  15.767   9.967   0.81466642E-02   0.12917472E-04   0.18006490E-04   0.30406735E-04   0.30923962E-04   0.30406735E-04
  15.783   9.983   0.81126525E-02   0.12734735E-04   0.17816715E-04   0.30029019E-04   0.30551450E-04   0.30029019E-04
  15.800  10.000   0.80783864E-02   0.12552237E-04   0.17626587E-04   0.29651181E-04   0.30178824E-04   0.29651181E-04
  15.817  10.017   0.80438650E-02   0.12369997E-04   0.17436120E-04   0.29273255E-04   0.29806118E-04   0.29273255E-04
  15.833  10.033   0.80090875E-02   0.12188037E-04   0.17245331E-04   0.28895277E-04   0.29433368E-04   0.28895277E-04
  15.850  10.050   0.79740532E-02   0.12006377E-04   0.17054233E-04   0.28517284E-04   0.29060610E-04   0.28517284E-04
  15.867  10.067   0.79387612E-02   0.11825038E-04   0.16862845E-04   0.28139313E-04   0.28687882E-04   0.28139313E-04
  15.883  10.083   0.79032108E-02   0.11644041E-04   0.16671181E-04   0.27761405E-04   0.28315222E-04   0.27761405E-04
  15.900  10.100   0.78674014E-02   0.11463410E-04   0.16479259E-04   0.27383597E-04   0.27942669E-04   0.27383597E-04
  15.917  10.117   0.78313321E-02   0.11283166E-04   0.16287096E-04   0.27005931E-04   0.27570262E-04   0.27005931E-04
  15.933  10.133   0.77950025E-02   0.11103333E-04   0.16094711E-04   0.26628448E-04   0.27198043E-04   0.26628448E-04
  15.950  10.150   0.77584119E-02   0.10923934E-04   0.15902120E-04   0.26251192E-04   0.26826054E-04   0.26251192E-04
  15.967  10.167   0.77215597E-02   0.10744993E-04   0.15709343E-04   0.25874204E-04   0.26454336E-04   0.25874204E-04
  15.983  10.183   0.76844454E-02   0.10566536E-04   0.15516399E-04   0.25497531E-04   0.26082935E-04   0.25497531E-04
  16.000  10.200   0.76470686E-02   0.10388586E-04   0.15323308E-04   0.25121217E-04   0.25711894E-04   0.25121217E-04
  16.017  10.217   0.76094289E-02   0.10211170E-04   0.15130089E-04   0.24745309E-04   0.25341259E-04   0.24745309E-04
  16.033  10.233   0.75715259E-02   0.10034314E-04   0.14936764E-04   0.24369855E-04   0.24971078E-04   0.24369855E-04
  16.050  10.250   0.75333592E-02   0.98580438E-05   0.14743353E-04   0.23994903E-04   0.24601397E-04   0.23994903E-04
  16.067  10.267   0.74949287E-02   0.96823868E-05   0.14549878E-04   0.23620502E-04   0.24232264E-04   0.23620502E-04
  16.083  10.283   0.74562341E-02   0.95073704E-05   0.14356361E-04   0.23246705E-04   0.23863731E-04   0.23246705E-04
  16.100  10.300   0.74172753E-02   0.93330227E-05   0.14162825E-04   0.22873562E-04   0.23495847E-04   0.22873562E-04
  16.117  10.317   0.73780523E-02   0.91593720E-05   0.13969292E-04   0.22501126E-04   0.23128664E-04   0.22501126E-04
  16.133  10.333   0.73385651E-02   0.89864474E-05   0.13775788E-04   0.22129451E-04   0.22762235E-04   0.22129451E-04
  16.150  10.350   0.72988137E-02   0.88142784E-05   0.13582335E-04   0.21758593E-04   0.22396614E-04   0.21758593E-04
  16.167  10.367   0.72587983E-02   0.86428947E-05   0.13388959E-04   0.21388607E-04   0.22031854E-04   0.21388607E-04
  16.183  10.383   0.72185193E-02   0.84723267E-05   0.13195686E-04   0.21019551E-04   0.21668012E-04   0.21019551E-04
  16.200  10.400   0.71779768E-02   0.83026054E-05   0.13002540E-04   0.20651482E-04   0.21305145E-04   0.20651482E-04
  16.217  10.417   0.71371714E-02   0.81337619E-05   0.12809548E-04   0.20284461E-04   0.20943310E-04   0.20284461E-04
  16.233  10.433   0.70961036E-02   0.79658280E-05   0.12616739E-04   0.19918548E-04   0.20582567E-04   0.19918548E-04
  16.250  10.450   0.70547740E-02   0.77988358E-05   0.12424138E-04   0.19553804E-04   0.20222974E-04   0.19553804E-04
  16.267  10.467   0.70131833E-02   0.76328179E-05   0.12231775E-04   0.19190293E-04   0.19864593E-04   0.19190293E-04
  16.283  10.483   0.69713324E-02   0.74678074E-05   0.12039679E-04   0.18828077E-04   0.19507486E-04   0.18828077E-04
  16.300  10.500   0.69292223E-02   0.73038375E-05   0.11847878E-04   0.18467223E-04   0.19151715E-04   0.18467223E-04
  16.317  10.517   0.68868541E-02   0.71409421E-05   0.11656403E-04   0.18107795E-04   0.18797345E-04   0.18107795E-04
  16.333  10.533   0.68442289E-02   0.69791553E-05   0.11465284E-04   0.17749861E-04   0.18444439E-04   0.17749861E-04
  16.350  10.550   0.68013481E-02   0.68185115E-05   0.11274553E-04   0.17393490E-04   0.18093065E-04   0.17393490E-04
  16.367  10.567   0.67582133E-02   0.66590457E-05   0.11084242E-04   0.17038749E-04   0.17743287E-04   0.17038749E-04
  16.383  10.583   0.67148261E-02   0.65007930E-05   0.10894382E-04   0.16685710E-04   0.17395175E-04   0.16685710E-04
  16.400  10.600   0.66711882E-02   0.63437887E-05   0.10705008E-04   0.16334444E-04   0.17048797E-04   0.16334444E-04
  16.417  10.617   0.66273018E-02   0.61880686E-05   0.10516152E-04   0.15985022E-04   0.16704221E-04   0.15985022E-04
  16.433  10.633   0.65831688E-02   0.60336686E-05   0.10327850E-04   0.15637519E-04   0.16361518E-04   0.15637519E-04
  16.450  10.650   0.65387916E-02   0.58806249E-05   0.10140135E-04   0.15292009E-04   0.16020760E-04   0.15292009E-04
  16.467  10.667   0.64941728E-02   0.57289738E-05   0.99530443E-05   0.14948565E-04   0.15682018E-04   0.14948565E-04
  16.483  10.683   0.64493151E-02   0.55787518E-05   0.97666128E-05   0.14607266E-04   0.15345365E-04   0.14607266E-04
  16.500  10.700   0.64042213E-02   0.54299955E-05   0.95808776E-05   0.14268187E-04   0.15010873E-04   0.14268187E-04
  16.517  10.717   0.63588947E-02   0.52827417E-05   0.93958762E-05   0.13931406E-04   0.14678618E-04   0.13931406E-04
  16.533  10.733   0.63133385E-02   0.51370271E-05   0.92116462E-05   0.13597002E-04   0.14348673E-04   0.13597002E-04
  16.550  10.750   0.62675564E-02   0.49928885E-05   0.90282263E-05   0.13265055E-04   0.14021115E-04   0.13265055E-04
  16.567  10.767   0.62215522E-02   0.48503626E-05   0.88456556E-05   0.12935643E-04   0.13696018E-04   0.12935643E-04
  16.583  10.783   0.61753301E-02   0.47094862E-05   0.86639736E-05   0.12608850E-04   0.13373460E-04   0.12608850E-04
  16.600  10.800   0.61288943E-02   0.45702958E-05   0.84832204E-05   0.12284754E-04   0.13053516E-04   0.12284754E-04
  16.617  10.817   0.60822496E-02   0.44328278E-05   0.83034370E-05   0.11963439E-04   0.12736265E-04   0.11963439E-04
  16.633  10.833   0.60354009E-02   0.42971184E-05   0.81246644E-05   0.11644987E-04   0.12421783E-04   0.11644987E-04
  16.650  10.850   0.59883535E-02   0.41632036E-05   0.79469444E-05   0.11329482E-04   0.12110148E-04   0.11329482E-04
  16.667  10.867   0.59411129E-02   0.40311190E-05   0.77703192E-05   0.11017005E-04   0.11801438E-04   0.11017005E-04
  16.683  10.883   0.58936851E-02   0.39008997E-05   0.75948316E-05   0.10707642E-04   0.11495731E-04   0.10707642E-04
  16.700  10.900   0.58460764E-02   0.37725806E-05   0.74205247E-05   0.10401476E-04   0.11193105E-04   0.10401476E-04
  16.717  10.917   0.57982933E-02   0.36461959E-05   0.72474420E-05   0.10098590E-04   0.10893638E-04   0.10098590E-04
  16.733  10.933   0.57503429E-02   0.35217795E-05   0.70756276E-05   0.97990702E-05   0.10597407E-04   0.97990702E-05
  16.750  10.950   0.57022325E-02   0.33993644E-05   0.69051256E-05   0.95029994E-05   0.10304490E-04   0.95029994E-05
  16.767  10.967   0.56539701E-02   0.32789830E-05   0.67359808E-05   0.92104620E-05   0.10014964E-04   0.92104620E-05
  16.783  10.983   0.56055637E-02   0.31606669E-05   0.65682381E-05   0.89215419E-05   0.97289051E-05   0.89215419E-05
  16.800  11.000   0.55570222E-02   0.30444470E-05   0.64019427E-05   0.86363225E-05   0.94463897E-05   0.86363225E-05
