TIMS
 450
    UTC(hours)    RT(h-ours)         zi(m)      qm(g/kg)      dq(g/kg)           wqe           wqs         betaq       cm(ppm)       dc(ppm)           wce           wcs         betac            q2           wqm
       -1.4833        0.0167      299.4621       11.5001       -0.1001        0.0000        0.0007   -0.74578E-02    0.00000E+00    0.00000E+00   -0.00000E+00    0.00000E+00    0.00000E+00    0.00000E+00    0.00000E+00
       -1.4667        0.0333      298.9284       11.5003       -0.1003        0.0000        0.0014   -0.74753E-02    0.00000E+00    0.00000E+00   -0.00000E+00    0.00000E+00    0.00000E+00    0.00000E+00    0.00000E+00
       -1.4500        0.0500      298.3988       11.5006       -0.1007        0.0000        0.0022   -0.75046E-02    0.00000E+00    0.00000E+00   -0.00000E+00    0.00000E+00    0.00000E+00    0.00000E+00    0.00000E+00
       -1.4333        0.0667      297.8735       11.5012       -0.1012        0.0000        0.0029   -0.75458E-02    0.00000E+00    0.00000E+00   -0.00000E+00    0.00000E+00    0.00000E+00    0.00000E+00    0.00000E+00
       -1.4167        0.0833      297.3522       11.5018       -0.1019        0.0000        0.0036   -0.75989E-02    0.00000E+00    0.00000E+00   -0.00000E+00    0.00000E+00    0.00000E+00    0.00000E+00    0.00000E+00
       -1.4000        0.1000      296.8352       11.5026       -0.1027        0.0000        0.0043   -0.76639E-02    0.00000E+00    0.00000E+00   -0.00000E+00    0.00000E+00    0.00000E+00    0.00000E+00    0.00000E+00
       -1.3833        0.1167      296.3222       11.5035       -0.1037        0.0000        0.0050   -0.77410E-02    0.00000E+00    0.00000E+00   -0.00000E+00    0.00000E+00    0.00000E+00    0.00000E+00    0.00000E+00
       -1.3667        0.1333      295.8134       11.5046       -0.1049        0.0000        0.0057   -0.78302E-02    0.00000E+00    0.00000E+00   -0.00000E+00    0.00000E+00    0.00000E+00    0.00000E+00    0.00000E+00
       -1.3500        0.1500      295.3088       11.5058       -0.1062        0.0001        0.0065   -0.79315E-02    0.00000E+00    0.00000E+00   -0.00000E+00    0.00000E+00    0.00000E+00    0.00000E+00    0.00000E+00
       -1.3333        0.1667      294.8083       11.5072       -0.1076        0.0001        0.0072   -0.80450E-02    0.00000E+00    0.00000E+00   -0.00000E+00    0.00000E+00    0.00000E+00    0.00000E+00    0.00000E+00
       -1.3167        0.1833      294.3119       11.5087       -0.1093        0.0001        0.0079   -0.81709E-02    0.00000E+00    0.00000E+00   -0.00000E+00    0.00000E+00    0.00000E+00    0.00000E+00    0.00000E+00
       -1.3000        0.2000      293.8197       11.5104       -0.1110        0.0001        0.0086   -0.83091E-02    0.00000E+00    0.00000E+00   -0.00000E+00    0.00000E+00    0.00000E+00    0.00000E+00    0.00000E+00
       -1.2833        0.2167      293.3316       11.5122       -0.1129        0.0001        0.0093   -0.84598E-02    0.00000E+00    0.00000E+00   -0.00000E+00    0.00000E+00    0.00000E+00    0.00000E+00    0.00000E+00
       -1.2667        0.2333      292.8476       11.5142       -0.1150        0.0001        0.0100   -0.86231E-02    0.00000E+00    0.00000E+00   -0.00000E+00    0.00000E+00    0.00000E+00    0.00000E+00    0.00000E+00
       -1.2500        0.2500      292.3678       11.5163       -0.1173        0.0001        0.0108   -0.87990E-02    0.00000E+00    0.00000E+00   -0.00000E+00    0.00000E+00    0.00000E+00    0.00000E+00    0.00000E+00
       -1.2333        0.2667      291.8921       11.5186       -0.1197        0.0001        0.0115   -0.89877E-02    0.00000E+00    0.00000E+00   -0.00000E+00    0.00000E+00    0.00000E+00    0.00000E+00    0.00000E+00
       -1.2167        0.2833      291.4205       11.5210       -0.1222        0.0001        0.0122   -0.91893E-02    0.00000E+00    0.00000E+00   -0.00000E+00    0.00000E+00    0.00000E+00    0.00000E+00    0.00000E+00
       -1.2000        0.3000      290.9531       11.5236       -0.1249        0.0001        0.0129   -0.94039E-02    0.00000E+00    0.00000E+00   -0.00000E+00    0.00000E+00    0.00000E+00    0.00000E+00    0.00000E+00
       -1.1833        0.3167      290.4898       11.5263       -0.1278        0.0001        0.0136   -0.96315E-02    0.00000E+00    0.00000E+00   -0.00000E+00    0.00000E+00    0.00000E+00    0.00000E+00    0.00000E+00
       -1.1667        0.3333      290.0307       11.5291       -0.1308        0.0001        0.0143   -0.98723E-02    0.00000E+00    0.00000E+00   -0.00000E+00    0.00000E+00    0.00000E+00    0.00000E+00    0.00000E+00
       -1.1500        0.3500      289.5757       11.5322       -0.1340        0.0002        0.0151   -0.10127E-01    0.00000E+00    0.00000E+00   -0.00000E+00    0.00000E+00    0.00000E+00    0.00000E+00    0.00000E+00
       -1.1333        0.3667      289.1248       11.5353       -0.1374        0.0002        0.0158   -0.10394E-01    0.00000E+00    0.00000E+00   -0.00000E+00    0.00000E+00    0.00000E+00    0.00000E+00    0.00000E+00
       -1.1167        0.3833      288.6782       11.5386       -0.1409        0.0002        0.0165   -0.10675E-01    0.00000E+00    0.00000E+00   -0.00000E+00    0.00000E+00    0.00000E+00    0.00000E+00    0.00000E+00
       -1.1000        0.4000      288.2356       11.5421       -0.1445        0.0002        0.0172   -0.10970E-01    0.00000E+00    0.00000E+00   -0.00000E+00    0.00000E+00    0.00000E+00    0.00000E+00    0.00000E+00
       -1.0833        0.4167      287.7973       11.5457       -0.1484        0.0002        0.0179   -0.11279E-01    0.00000E+00    0.00000E+00   -0.00000E+00    0.00000E+00    0.00000E+00    0.00000E+00    0.00000E+00
       -1.0667        0.4333      287.3631       11.5495       -0.1523        0.0002        0.0186   -0.11602E-01    0.00000E+00    0.00000E+00   -0.00000E+00    0.00000E+00    0.00000E+00    0.00000E+00    0.00000E+00
       -1.0500        0.4500      286.9332       11.5534       -0.1565        0.0002        0.0193   -0.11939E-01    0.00000E+00    0.00000E+00   -0.00000E+00    0.00000E+00    0.00000E+00    0.00000E+00    0.00000E+00
       -1.0333        0.4667      286.5074       11.5575       -0.1608        0.0002        0.0201   -0.12291E-01    0.00000E+00    0.00000E+00   -0.00000E+00    0.00000E+00    0.00000E+00    0.00000E+00    0.00000E+00
       -1.0167        0.4833      286.0858       11.5617       -0.1653        0.0003        0.0208   -0.12657E-01    0.00000E+00    0.00000E+00   -0.00000E+00    0.00000E+00    0.00000E+00    0.00000E+00    0.00000E+00
       -1.0000        0.5000      285.6684       11.5661       -0.1699        0.0003        0.0215   -0.13037E-01    0.00000E+00    0.00000E+00   -0.00000E+00    0.00000E+00    0.00000E+00    0.00000E+00    0.00000E+00
       -0.9833        0.5167      285.2553       11.5706       -0.1747        0.0003        0.0222   -0.13433E-01    0.00000E+00    0.00000E+00   -0.00000E+00    0.00000E+00    0.00000E+00    0.00000E+00    0.00000E+00
       -0.9667        0.5333      284.8464       11.5753       -0.1796        0.0003        0.0229   -0.13844E-01    0.00000E+00    0.00000E+00   -0.00000E+00    0.00000E+00    0.00000E+00    0.00000E+00    0.00000E+00
       -0.9500        0.5500      284.4418       11.5801       -0.1848        0.0003        0.0236   -0.14269E-01    0.00000E+00    0.00000E+00   -0.00000E+00    0.00000E+00    0.00000E+00    0.00000E+00    0.00000E+00
       -0.9333        0.5667      284.0414       11.5851       -0.1900        0.0004        0.0243   -0.14711E-01    0.00000E+00    0.00000E+00   -0.00000E+00    0.00000E+00    0.00000E+00    0.00000E+00    0.00000E+00
       -0.9167        0.5833      283.6453       11.5903       -0.1955        0.0004        0.0250   -0.15168E-01    0.00000E+00    0.00000E+00   -0.00000E+00    0.00000E+00    0.00000E+00    0.00000E+00    0.00000E+00
       -0.9000        0.6000      283.2535       11.5955       -0.2011        0.0004        0.0257   -0.15641E-01    0.00000E+00    0.00000E+00   -0.00000E+00    0.00000E+00    0.00000E+00    0.00000E+00    0.00000E+00
       -0.8833        0.6167      282.8660       11.6010       -0.2068        0.0004        0.0264   -0.16130E-01    0.00000E+00    0.00000E+00   -0.00000E+00    0.00000E+00    0.00000E+00    0.00000E+00    0.00000E+00
       -0.8667        0.6333      282.4829       11.6066       -0.2128        0.0005        0.0272   -0.16636E-01    0.00000E+00    0.00000E+00   -0.00000E+00    0.00000E+00    0.00000E+00    0.00000E+00    0.00000E+00
       -0.8500        0.6500      282.1041       11.6123       -0.2188        0.0005        0.0279   -0.17158E-01    0.00000E+00    0.00000E+00   -0.00000E+00    0.00000E+00    0.00000E+00    0.00000E+00    0.00000E+00
       -0.8333        0.6667      281.7296       11.6182       -0.2251        0.0005        0.0286   -0.17697E-01    0.00000E+00    0.00000E+00   -0.00000E+00    0.00000E+00    0.00000E+00    0.00000E+00    0.00000E+00
       -0.8167        0.6833      281.3596       11.6243       -0.2315        0.0005        0.0293   -0.18253E-01    0.00000E+00    0.00000E+00   -0.00000E+00    0.00000E+00    0.00000E+00    0.00000E+00    0.00000E+00
       -0.8000        0.7000      280.9939       11.6305       -0.2381        0.0006        0.0300   -0.18827E-01    0.00000E+00    0.00000E+00   -0.00000E+00    0.00000E+00    0.00000E+00    0.00000E+00    0.00000E+00
       -0.7833        0.7167      280.6327       11.6369       -0.2448        0.0006        0.0307   -0.19418E-01    0.00000E+00    0.00000E+00   -0.00000E+00    0.00000E+00    0.00000E+00    0.00000E+00    0.00000E+00
       -0.7667        0.7333      280.2759       11.6434       -0.2517        0.0006        0.0314   -0.20027E-01    0.00000E+00    0.00000E+00   -0.00000E+00    0.00000E+00    0.00000E+00    0.00000E+00    0.00000E+00
       -0.7500        0.7500      279.9237       11.6500       -0.2588        0.0007        0.0321   -0.20655E-01    0.00000E+00    0.00000E+00   -0.00000E+00    0.00000E+00    0.00000E+00    0.00000E+00    0.00000E+00
       -0.7333        0.7667      279.5759       11.6568       -0.2660        0.0007        0.0328   -0.21301E-01    0.00000E+00    0.00000E+00   -0.00000E+00    0.00000E+00    0.00000E+00    0.00000E+00    0.00000E+00
       -0.7167        0.7833      279.2326       11.6638       -0.2733        0.0007        0.0335   -0.21966E-01    0.00000E+00    0.00000E+00   -0.00000E+00    0.00000E+00    0.00000E+00    0.00000E+00    0.00000E+00
       -0.7000        0.8000      278.8939       11.6709       -0.2809        0.0008        0.0342   -0.22651E-01    0.00000E+00    0.00000E+00   -0.00000E+00    0.00000E+00    0.00000E+00    0.00000E+00    0.00000E+00
       -0.6833        0.8167      278.5597       11.6782       -0.2886        0.0008        0.0349   -0.23355E-01    0.00000E+00    0.00000E+00   -0.00000E+00    0.00000E+00    0.00000E+00    0.00000E+00    0.00000E+00
       -0.6667        0.8333      278.2302       11.6856       -0.2965        0.0009        0.0356   -0.24079E-01    0.00000E+00    0.00000E+00   -0.00000E+00    0.00000E+00    0.00000E+00    0.00000E+00    0.00000E+00
       -0.6500        0.8500      277.9053       11.6932       -0.3045        0.0009        0.0363   -0.24823E-01    0.00000E+00    0.00000E+00   -0.00000E+00    0.00000E+00    0.00000E+00    0.00000E+00    0.00000E+00
       -0.6333        0.8667      277.5851       11.7009       -0.3127        0.0009        0.0370   -0.25588E-01    0.00000E+00    0.00000E+00   -0.00000E+00    0.00000E+00    0.00000E+00    0.00000E+00    0.00000E+00
       -0.6167        0.8833      277.2696       11.7088       -0.3210        0.0010        0.0377   -0.26374E-01    0.00000E+00    0.00000E+00   -0.00000E+00    0.00000E+00    0.00000E+00    0.00000E+00    0.00000E+00
       -0.6000        0.9000      276.9589       11.7168       -0.3295        0.0010        0.0384   -0.27182E-01    0.00000E+00    0.00000E+00   -0.00000E+00    0.00000E+00    0.00000E+00    0.00000E+00    0.00000E+00
       -0.5833        0.9167      276.6529       11.7250       -0.3382        0.0011        0.0391   -0.28011E-01    0.00000E+00    0.00000E+00   -0.00000E+00    0.00000E+00    0.00000E+00    0.00000E+00    0.00000E+00
       -0.5667        0.9333      276.3517       11.7333       -0.3470        0.0011        0.0398   -0.28863E-01    0.00000E+00    0.00000E+00   -0.00000E+00    0.00000E+00    0.00000E+00    0.00000E+00    0.00000E+00
       -0.5500        0.9500      276.0554       11.7417       -0.3560        0.0012        0.0405   -0.29738E-01    0.00000E+00    0.00000E+00   -0.00000E+00    0.00000E+00    0.00000E+00    0.00000E+00    0.00000E+00
       -0.5333        0.9667      275.7640       11.7504       -0.3652        0.0013        0.0412   -0.30636E-01    0.00000E+00    0.00000E+00   -0.00000E+00    0.00000E+00    0.00000E+00    0.00000E+00    0.00000E+00
       -0.5167        0.9833      275.4775       11.7591       -0.3745        0.0013        0.0419   -0.31558E-01    0.00000E+00    0.00000E+00   -0.00000E+00    0.00000E+00    0.00000E+00    0.00000E+00    0.00000E+00
       -0.5000        1.0000      275.1960       11.7680       -0.3839        0.0014        0.0426   -0.32504E-01    0.00000E+00    0.00000E+00   -0.00000E+00    0.00000E+00    0.00000E+00    0.00000E+00    0.00000E+00
       -0.4833        1.0167      274.9195       11.7771       -0.3935        0.0014        0.0433   -0.33476E-01    0.00000E+00    0.00000E+00   -0.00000E+00    0.00000E+00    0.00000E+00    0.00000E+00    0.00000E+00
       -0.4667        1.0333      274.6481       11.7863       -0.4033        0.0015        0.0439   -0.34472E-01    0.00000E+00    0.00000E+00   -0.00000E+00    0.00000E+00    0.00000E+00    0.00000E+00    0.00000E+00
       -0.4500        1.0500      274.3818       11.7956       -0.4133        0.0016        0.0446   -0.35495E-01    0.00000E+00    0.00000E+00   -0.00000E+00    0.00000E+00    0.00000E+00    0.00000E+00    0.00000E+00
       -0.4333        1.0667      274.1207       11.8051       -0.4234        0.0017        0.0453   -0.36544E-01    0.00000E+00    0.00000E+00   -0.00000E+00    0.00000E+00    0.00000E+00    0.00000E+00    0.00000E+00
       -0.4167        1.0833      273.8648       11.8147       -0.4336        0.0017        0.0460   -0.37620E-01    0.00000E+00    0.00000E+00   -0.00000E+00    0.00000E+00    0.00000E+00    0.00000E+00    0.00000E+00
       -0.4000        1.1000      273.6141       11.8245       -0.4440        0.0018        0.0467   -0.38724E-01    0.00000E+00    0.00000E+00   -0.00000E+00    0.00000E+00    0.00000E+00    0.00000E+00    0.00000E+00
       -0.3833        1.1167      273.3688       11.8344       -0.4546        0.0019        0.0474   -0.39857E-01    0.00000E+00    0.00000E+00   -0.00000E+00    0.00000E+00    0.00000E+00    0.00000E+00    0.00000E+00
       -0.3667        1.1333      273.1289       11.8445       -0.4653        0.0020        0.0481   -0.41018E-01    0.00000E+00    0.00000E+00   -0.00000E+00    0.00000E+00    0.00000E+00    0.00000E+00    0.00000E+00
       -0.3500        1.1500      272.8945       11.8547       -0.4761        0.0021        0.0488   -0.42210E-01    0.00000E+00    0.00000E+00   -0.00000E+00    0.00000E+00    0.00000E+00    0.00000E+00    0.00000E+00
       -0.3333        1.1667      272.6655       11.8650       -0.4872        0.0021        0.0494   -0.43432E-01    0.00000E+00    0.00000E+00   -0.00000E+00    0.00000E+00    0.00000E+00    0.00000E+00    0.00000E+00
       -0.3167        1.1833      272.4421       11.8755       -0.4983        0.0022        0.0501   -0.44686E-01    0.00000E+00    0.00000E+00   -0.00000E+00    0.00000E+00    0.00000E+00    0.00000E+00    0.00000E+00
       -0.3000        1.2000      272.2244       11.8861       -0.5097        0.0023        0.0508   -0.45971E-01    0.00000E+00    0.00000E+00   -0.00000E+00    0.00000E+00    0.00000E+00    0.00000E+00    0.00000E+00
       -0.2833        1.2167      272.0123       11.8969       -0.5211        0.0024        0.0515   -0.47290E-01    0.00000E+00    0.00000E+00   -0.00000E+00    0.00000E+00    0.00000E+00    0.00000E+00    0.00000E+00
       -0.2667        1.2333      271.8061       11.9078       -0.5328        0.0025        0.0522   -0.48642E-01    0.00000E+00    0.00000E+00   -0.00000E+00    0.00000E+00    0.00000E+00    0.00000E+00    0.00000E+00
       -0.2500        1.2500      271.6057       11.9188       -0.5445        0.0026        0.0528   -0.50029E-01    0.00000E+00    0.00000E+00   -0.00000E+00    0.00000E+00    0.00000E+00    0.00000E+00    0.00000E+00
       -0.2333        1.2667      271.4113       11.9299       -0.5565        0.0028        0.0535   -0.51452E-01    0.00000E+00    0.00000E+00   -0.00000E+00    0.00000E+00    0.00000E+00    0.00000E+00    0.00000E+00
       -0.2167        1.2833      271.2228       11.9412       -0.5685        0.0029        0.0542   -0.52911E-01    0.00000E+00    0.00000E+00   -0.00000E+00    0.00000E+00    0.00000E+00    0.00000E+00    0.00000E+00
       -0.2000        1.3000      271.0405       11.9526       -0.5807        0.0030        0.0549   -0.54408E-01    0.00000E+00    0.00000E+00   -0.00000E+00    0.00000E+00    0.00000E+00    0.00000E+00    0.00000E+00
       -0.1833        1.3167      270.8643       11.9642       -0.5931        0.0031        0.0555   -0.55943E-01    0.00000E+00    0.00000E+00   -0.00000E+00    0.00000E+00    0.00000E+00    0.00000E+00    0.00000E+00
       -0.1667        1.3333      270.6944       11.9759       -0.6056        0.0032        0.0562   -0.57518E-01    0.00000E+00    0.00000E+00   -0.00000E+00    0.00000E+00    0.00000E+00    0.00000E+00    0.00000E+00
       -0.1500        1.3500      270.5309       11.9877       -0.6183        0.0034        0.0569   -0.59134E-01    0.00000E+00    0.00000E+00   -0.00000E+00    0.00000E+00    0.00000E+00    0.00000E+00    0.00000E+00
       -0.1333        1.3667      270.3738       11.9996       -0.6311        0.0035        0.0576   -0.60792E-01    0.00000E+00    0.00000E+00   -0.00000E+00    0.00000E+00    0.00000E+00    0.00000E+00    0.00000E+00
       -0.1167        1.3833      270.2233       12.0117       -0.6440        0.0036        0.0582   -0.62493E-01    0.00000E+00    0.00000E+00   -0.00000E+00    0.00000E+00    0.00000E+00    0.00000E+00    0.00000E+00
       -0.1000        1.4000      270.0795       12.0239       -0.6571        0.0038        0.0589   -0.64239E-01    0.00000E+00    0.00000E+00   -0.00000E+00    0.00000E+00    0.00000E+00    0.00000E+00    0.00000E+00
       -0.0833        1.4167      269.9424       12.0362       -0.6703        0.0039        0.0596   -0.66031E-01    0.00000E+00    0.00000E+00   -0.00000E+00    0.00000E+00    0.00000E+00    0.00000E+00    0.00000E+00
       -0.0667        1.4333      269.8122       12.0486       -0.6836        0.0041        0.0602   -0.67870E-01    0.00000E+00    0.00000E+00   -0.00000E+00    0.00000E+00    0.00000E+00    0.00000E+00    0.00000E+00
       -0.0500        1.4500      269.6891       12.0612       -0.6971        0.0042        0.0609   -0.69757E-01    0.00000E+00    0.00000E+00   -0.00000E+00    0.00000E+00    0.00000E+00    0.00000E+00    0.00000E+00
       -0.0333        1.4667      269.5730       12.0738       -0.7107        0.0044        0.0616   -0.71695E-01    0.00000E+00    0.00000E+00   -0.00000E+00    0.00000E+00    0.00000E+00    0.00000E+00    0.00000E+00
       -0.0167        1.4833      269.4642       12.0866       -0.7245        0.0046        0.0622   -0.73684E-01    0.00000E+00    0.00000E+00   -0.00000E+00    0.00000E+00    0.00000E+00    0.00000E+00    0.00000E+00
        0.0000        1.5000      269.3627       12.0995       -0.7384        0.0048        0.0629   -0.75727E-01    0.00000E+00    0.00000E+00   -0.00000E+00    0.00000E+00    0.00000E+00    0.00000E+00    0.00000E+00
        0.0167        1.5167      269.2688       12.1125       -0.7524        0.0049        0.0635   -0.77825E-01    0.00000E+00    0.00000E+00   -0.00000E+00    0.00000E+00    0.00000E+00    0.00000E+00    0.00000E+00
        0.0333        1.5333      269.1825       12.1256       -0.7666        0.0051        0.0642   -0.79979E-01    0.00000E+00    0.00000E+00   -0.00000E+00    0.00000E+00    0.00000E+00    0.00000E+00    0.00000E+00
        0.0500        1.5500      269.1040       12.1388       -0.7808        0.0053        0.0649   -0.82193E-01    0.00000E+00    0.00000E+00   -0.00000E+00    0.00000E+00    0.00000E+00    0.00000E+00    0.00000E+00
        0.0667        1.5667      269.0334       12.1521       -0.7952        0.0055        0.0655   -0.84467E-01    0.00000E+00    0.00000E+00   -0.00000E+00    0.00000E+00    0.00000E+00    0.00000E+00    0.00000E+00
        0.0833        1.5833      268.9709       12.1656       -0.8098        0.0057        0.0662   -0.86805E-01    0.00000E+00    0.00000E+00   -0.00000E+00    0.00000E+00    0.00000E+00    0.00000E+00    0.00000E+00
        0.1000        1.6000      268.9168       12.1791       -0.8244        0.0060        0.0668   -0.89207E-01    0.00000E+00    0.00000E+00   -0.00000E+00    0.00000E+00    0.00000E+00    0.00000E+00    0.00000E+00
        0.1167        1.6167      268.8710       12.1927       -0.8392        0.0062        0.0675   -0.91676E-01    0.00000E+00    0.00000E+00   -0.00000E+00    0.00000E+00    0.00000E+00    0.00000E+00    0.00000E+00
        0.1333        1.6333      268.8338       12.2065       -0.8541        0.0064        0.0681   -0.94216E-01    0.00000E+00    0.00000E+00   -0.00000E+00    0.00000E+00    0.00000E+00    0.00000E+00    0.00000E+00
        0.1500        1.6500      268.8055       12.2203       -0.8691        0.0067        0.0688   -0.96827E-01    0.00000E+00    0.00000E+00   -0.00000E+00    0.00000E+00    0.00000E+00    0.00000E+00    0.00000E+00
        0.1667        1.6667      268.7861       12.2342       -0.8842        0.0069        0.0694   -0.99513E-01    0.00000E+00    0.00000E+00   -0.00000E+00    0.00000E+00    0.00000E+00    0.00000E+00    0.00000E+00
        0.1833        1.6833      268.7759       12.2482       -0.8994        0.0072        0.0701   -0.10228E+00    0.00000E+00    0.00000E+00   -0.00000E+00    0.00000E+00    0.00000E+00    0.00000E+00    0.00000E+00
        0.2000        1.7000      268.7751       12.2623       -0.9148        0.0074        0.0707   -0.10512E+00    0.00000E+00    0.00000E+00   -0.00000E+00    0.00000E+00    0.00000E+00    0.00000E+00    0.00000E+00
        0.2167        1.7167      268.7840       12.2764       -0.9302        0.0077        0.0714   -0.10805E+00    0.00000E+00    0.00000E+00   -0.00000E+00    0.00000E+00    0.00000E+00    0.00000E+00    0.00000E+00
        0.2333        1.7333      268.8026       12.2907       -0.9458        0.0080        0.0720   -0.11106E+00    0.00000E+00    0.00000E+00   -0.00000E+00    0.00000E+00    0.00000E+00    0.00000E+00    0.00000E+00
        0.2500        1.7500      268.8314       12.3050       -0.9614        0.0083        0.0726   -0.11417E+00    0.00000E+00    0.00000E+00   -0.00000E+00    0.00000E+00    0.00000E+00    0.00000E+00    0.00000E+00
        0.2667        1.7667      268.8705       12.3194       -0.9772        0.0086        0.0733   -0.11736E+00    0.00000E+00    0.00000E+00   -0.00000E+00    0.00000E+00    0.00000E+00    0.00000E+00    0.00000E+00
        0.2833        1.7833      268.9201       12.3339       -0.9930        0.0089        0.0739   -0.12066E+00    0.00000E+00    0.00000E+00   -0.00000E+00    0.00000E+00    0.00000E+00    0.00000E+00    0.00000E+00
        0.3000        1.8000      268.9807       12.3484       -1.0090        0.0092        0.0746   -0.12405E+00    0.00000E+00    0.00000E+00   -0.00000E+00    0.00000E+00    0.00000E+00    0.00000E+00    0.00000E+00
        0.3167        1.8167      269.0523       12.3630       -1.0250        0.0096        0.0752   -0.12756E+00    0.00000E+00    0.00000E+00   -0.00000E+00    0.00000E+00    0.00000E+00    0.00000E+00    0.00000E+00
        0.3333        1.8333      269.1354       12.3777       -1.0412        0.0099        0.0758   -0.13117E+00    0.00000E+00    0.00000E+00   -0.00000E+00    0.00000E+00    0.00000E+00    0.00000E+00    0.00000E+00
        0.3500        1.8500      269.2303       12.3924       -1.0574        0.0103        0.0765   -0.13489E+00    0.00000E+00    0.00000E+00   -0.00000E+00    0.00000E+00    0.00000E+00    0.00000E+00    0.00000E+00
        0.3667        1.8667      269.3372       12.4071       -1.0737        0.0107        0.0771   -0.13874E+00    0.00000E+00    0.00000E+00   -0.00000E+00    0.00000E+00    0.00000E+00    0.00000E+00    0.00000E+00
        0.3833        1.8833      269.4565       12.4220       -1.0901        0.0111        0.0777   -0.14271E+00    0.00000E+00    0.00000E+00   -0.00000E+00    0.00000E+00    0.00000E+00    0.00000E+00    0.00000E+00
        0.4000        1.9000      269.5886       12.4368       -1.1065        0.0115        0.0783   -0.14681E+00    0.00000E+00    0.00000E+00   -0.00000E+00    0.00000E+00    0.00000E+00    0.00000E+00    0.00000E+00
        0.4167        1.9167      269.7338       12.4517       -1.1231        0.0119        0.0790   -0.15104E+00    0.00000E+00    0.00000E+00   -0.00000E+00    0.00000E+00    0.00000E+00    0.00000E+00    0.00000E+00
        0.4333        1.9333      269.8926       12.4666       -1.1397        0.0124        0.0796   -0.15542E+00    0.00000E+00    0.00000E+00   -0.00000E+00    0.00000E+00    0.00000E+00    0.00000E+00    0.00000E+00
        0.4500        1.9500      270.0653       12.4816       -1.1563        0.0128        0.0802   -0.15994E+00    0.00000E+00    0.00000E+00   -0.00000E+00    0.00000E+00    0.00000E+00    0.00000E+00    0.00000E+00
        0.4667        1.9667      270.2524       12.4966       -1.1731        0.0133        0.0808   -0.16462E+00    0.00000E+00    0.00000E+00   -0.00000E+00    0.00000E+00    0.00000E+00    0.00000E+00    0.00000E+00
        0.4833        1.9833      270.4543       12.5116       -1.1898        0.0138        0.0814   -0.16946E+00    0.00000E+00    0.00000E+00   -0.00000E+00    0.00000E+00    0.00000E+00    0.00000E+00    0.00000E+00
        0.5000        2.0000      270.6715       12.5266       -1.2067        0.0143        0.0821   -0.17448E+00    0.00000E+00    0.00000E+00   -0.00000E+00    0.00000E+00    0.00000E+00    0.00000E+00    0.00000E+00
        0.5167        2.0167      270.9045       12.5416       -1.2236        0.0149        0.0827   -0.17967E+00    0.00000E+00    0.00000E+00   -0.00000E+00    0.00000E+00    0.00000E+00    0.00000E+00    0.00000E+00
        0.5333        2.0333      271.1539       12.5566       -1.2405        0.0154        0.0833   -0.18505E+00    0.00000E+00    0.00000E+00   -0.00000E+00    0.00000E+00    0.00000E+00    0.00000E+00    0.00000E+00
        0.5500        2.0500      271.4202       12.5716       -1.2575        0.0160        0.0839   -0.19063E+00    0.00000E+00    0.00000E+00   -0.00000E+00    0.00000E+00    0.00000E+00    0.00000E+00    0.00000E+00
        0.5667        2.0667      271.7040       12.5867       -1.2745        0.0166        0.0845   -0.19641E+00    0.00000E+00    0.00000E+00   -0.00000E+00    0.00000E+00    0.00000E+00    0.00000E+00    0.00000E+00
        0.5833        2.0833      272.0059       12.6016       -1.2916        0.0172        0.0851   -0.20242E+00    0.00000E+00    0.00000E+00   -0.00000E+00    0.00000E+00    0.00000E+00    0.00000E+00    0.00000E+00
        0.6000        2.1000      272.3266       12.6166       -1.3086        0.0179        0.0857   -0.20865E+00    0.00000E+00    0.00000E+00   -0.00000E+00    0.00000E+00    0.00000E+00    0.00000E+00    0.00000E+00
        0.6167        2.1167      272.6667       12.6315       -1.3257        0.0186        0.0863   -0.21512E+00    0.00000E+00    0.00000E+00   -0.00000E+00    0.00000E+00    0.00000E+00    0.00000E+00    0.00000E+00
        0.6333        2.1333      273.0271       12.6464       -1.3428        0.0193        0.0869   -0.22185E+00    0.00000E+00    0.00000E+00   -0.00000E+00    0.00000E+00    0.00000E+00    0.00000E+00    0.00000E+00
        0.6500        2.1500      273.4085       12.6613       -1.3599        0.0200        0.0875   -0.22885E+00    0.00000E+00    0.00000E+00   -0.00000E+00    0.00000E+00    0.00000E+00    0.00000E+00    0.00000E+00
        0.6667        2.1667      273.8117       12.6760       -1.3771        0.0208        0.0881   -0.23614E+00    0.00000E+00    0.00000E+00   -0.00000E+00    0.00000E+00    0.00000E+00    0.00000E+00    0.00000E+00
        0.6833        2.1833      274.2377       12.6908       -1.3942        0.0216        0.0887   -0.24373E+00    0.00000E+00    0.00000E+00   -0.00000E+00    0.00000E+00    0.00000E+00    0.00000E+00    0.00000E+00
        0.7000        2.2000      274.6873       12.7054       -1.4113        0.0225        0.0893   -0.25163E+00    0.00000E+00    0.00000E+00   -0.00000E+00    0.00000E+00    0.00000E+00    0.00000E+00    0.00000E+00
        0.7167        2.2167      275.1615       12.7200       -1.4283        0.0234        0.0899   -0.25988E+00    0.00000E+00    0.00000E+00   -0.00000E+00    0.00000E+00    0.00000E+00    0.00000E+00    0.00000E+00
        0.7333        2.2333      275.6614       12.7344       -1.4454        0.0243        0.0905   -0.26848E+00    0.00000E+00    0.00000E+00   -0.00000E+00    0.00000E+00    0.00000E+00    0.00000E+00    0.00000E+00
        0.7500        2.2500      276.1882       12.7488       -1.4624        0.0253        0.0911   -0.27747E+00    0.00000E+00    0.00000E+00   -0.00000E+00    0.00000E+00    0.00000E+00    0.00000E+00    0.00000E+00
        0.7667        2.2667      276.7431       12.7630       -1.4794        0.0263        0.0917   -0.28686E+00    0.00000E+00    0.00000E+00   -0.00000E+00    0.00000E+00    0.00000E+00    0.00000E+00    0.00000E+00
        0.7833        2.2833      277.3272       12.7771       -1.4963        0.0274        0.0923   -0.29669E+00    0.00000E+00    0.00000E+00   -0.00000E+00    0.00000E+00    0.00000E+00    0.00000E+00    0.00000E+00
        0.8000        2.3000      277.9421       12.7911       -1.5132        0.0285        0.0929   -0.30697E+00    0.00000E+00    0.00000E+00   -0.00000E+00    0.00000E+00    0.00000E+00    0.00000E+00    0.00000E+00
        0.8167        2.3167      278.5892       12.8049       -1.5300        0.0297        0.0935   -0.31775E+00    0.00000E+00    0.00000E+00   -0.00000E+00    0.00000E+00    0.00000E+00    0.00000E+00    0.00000E+00
        0.8333        2.3333      279.2700       12.8186       -1.5467        0.0309        0.0940   -0.32905E+00    0.00000E+00    0.00000E+00   -0.00000E+00    0.00000E+00    0.00000E+00    0.00000E+00    0.00000E+00
        0.8500        2.3500      279.9864       12.8320       -1.5633        0.0323        0.0946   -0.34091E+00    0.00000E+00    0.00000E+00   -0.00000E+00    0.00000E+00    0.00000E+00    0.00000E+00    0.00000E+00
        0.8667        2.3667      280.7400       12.8453       -1.5799        0.0336        0.0952   -0.35338E+00    0.00000E+00    0.00000E+00   -0.00000E+00    0.00000E+00    0.00000E+00    0.00000E+00    0.00000E+00
        0.8833        2.3833      281.5329       12.8583       -1.5963        0.0351        0.0958   -0.36649E+00    0.00000E+00    0.00000E+00   -0.00000E+00    0.00000E+00    0.00000E+00    0.00000E+00    0.00000E+00
        0.9000        2.4000      282.3671       12.8712       -1.6126        0.0366        0.0964   -0.38029E+00    0.00000E+00    0.00000E+00   -0.00000E+00    0.00000E+00    0.00000E+00    0.00000E+00    0.00000E+00
        0.9167        2.4167      283.2451       12.8837       -1.6288        0.0383        0.0969   -0.39484E+00    0.00000E+00    0.00000E+00   -0.00000E+00    0.00000E+00    0.00000E+00    0.00000E+00    0.00000E+00
        0.9333        2.4333      284.1692       12.8960       -1.6448        0.0400        0.0975   -0.41019E+00    0.00000E+00    0.00000E+00   -0.00000E+00    0.00000E+00    0.00000E+00    0.00000E+00    0.00000E+00
        0.9500        2.4500      285.1422       12.9080       -1.6606        0.0418        0.0981   -0.42642E+00    0.00000E+00    0.00000E+00   -0.00000E+00    0.00000E+00    0.00000E+00    0.00000E+00    0.00000E+00
        0.9667        2.4667      286.1669       12.9197       -1.6763        0.0438        0.0986   -0.44357E+00    0.00000E+00    0.00000E+00   -0.00000E+00    0.00000E+00    0.00000E+00    0.00000E+00    0.00000E+00
        0.9833        2.4833      287.2465       12.9310       -1.6918        0.0458        0.0992   -0.46175E+00    0.00000E+00    0.00000E+00   -0.00000E+00    0.00000E+00    0.00000E+00    0.00000E+00    0.00000E+00
        1.0000        2.5000      288.3844       12.9419       -1.7070        0.0480        0.0998   -0.48103E+00    0.00000E+00    0.00000E+00   -0.00000E+00    0.00000E+00    0.00000E+00    0.00000E+00    0.00000E+00
        1.0167        2.5167      289.5735       12.9526       -1.7221        0.0497        0.1003   -0.49516E+00    0.00000E+00    0.00000E+00   -0.00000E+00    0.00000E+00    0.00000E+00    0.00000E+00    0.00000E+00
        1.0333        2.5333      290.8052       12.9629       -1.7370        0.0514        0.1009   -0.50983E+00    0.00000E+00    0.00000E+00   -0.00000E+00    0.00000E+00    0.00000E+00    0.00000E+00    0.00000E+00
        1.0500        2.5500      292.0814       12.9730       -1.7518        0.0533        0.1014   -0.52504E+00    0.00000E+00    0.00000E+00   -0.00000E+00    0.00000E+00    0.00000E+00    0.00000E+00    0.00000E+00
        1.0667        2.5667      293.4039       12.9827       -1.7663        0.0552        0.1020   -0.54082E+00    0.00000E+00    0.00000E+00   -0.00000E+00    0.00000E+00    0.00000E+00    0.00000E+00    0.00000E+00
        1.0833        2.5833      294.7745       12.9921       -1.7806        0.0571        0.1025   -0.55720E+00    0.00000E+00    0.00000E+00   -0.00000E+00    0.00000E+00    0.00000E+00    0.00000E+00    0.00000E+00
        1.1000        2.6000      296.1953       13.0012       -1.7948        0.0592        0.1031   -0.57421E+00    0.00000E+00    0.00000E+00   -0.00000E+00    0.00000E+00    0.00000E+00    0.00000E+00    0.00000E+00
        1.1167        2.6167      297.6682       13.0099       -1.8087        0.0613        0.1036   -0.59187E+00    0.00000E+00    0.00000E+00   -0.00000E+00    0.00000E+00    0.00000E+00    0.00000E+00    0.00000E+00
        1.1333        2.6333      299.1956       13.0182       -1.8224        0.0636        0.1042   -0.61021E+00    0.00000E+00    0.00000E+00   -0.00000E+00    0.00000E+00    0.00000E+00    0.00000E+00    0.00000E+00
        1.1500        2.6500      300.7796       13.0262       -1.8359        0.0659        0.1047   -0.62927E+00    0.00000E+00    0.00000E+00   -0.00000E+00    0.00000E+00    0.00000E+00    0.00000E+00    0.00000E+00
        1.1667        2.6667      302.4229       13.0337       -1.8491        0.0683        0.1053   -0.64908E+00    0.00000E+00    0.00000E+00   -0.00000E+00    0.00000E+00    0.00000E+00    0.00000E+00    0.00000E+00
        1.1833        2.6833      304.1277       13.0408       -1.8621        0.0709        0.1058   -0.66966E+00    0.00000E+00    0.00000E+00   -0.00000E+00    0.00000E+00    0.00000E+00    0.00000E+00    0.00000E+00
        1.2000        2.7000      305.8970       13.0475       -1.8748        0.0735        0.1063   -0.69106E+00    0.00000E+00    0.00000E+00   -0.00000E+00    0.00000E+00    0.00000E+00    0.00000E+00    0.00000E+00
        1.2167        2.7167      307.7334       13.0537       -1.8872        0.0762        0.1069   -0.71330E+00    0.00000E+00    0.00000E+00   -0.00000E+00    0.00000E+00    0.00000E+00    0.00000E+00    0.00000E+00
        1.2333        2.7333      309.6398       13.0594       -1.8993        0.0791        0.1074   -0.73642E+00    0.00000E+00    0.00000E+00   -0.00000E+00    0.00000E+00    0.00000E+00    0.00000E+00    0.00000E+00
        1.2500        2.7500      311.6194       13.0647       -1.9111        0.0821        0.1079   -0.76045E+00    0.00000E+00    0.00000E+00   -0.00000E+00    0.00000E+00    0.00000E+00    0.00000E+00    0.00000E+00
        1.2667        2.7667      313.6753       13.0694       -1.9227        0.0852        0.1085   -0.78544E+00    0.00000E+00    0.00000E+00   -0.00000E+00    0.00000E+00    0.00000E+00    0.00000E+00    0.00000E+00
        1.2833        2.7833      315.8110       13.0735       -1.9339        0.0884        0.1090   -0.81140E+00    0.00000E+00    0.00000E+00   -0.00000E+00    0.00000E+00    0.00000E+00    0.00000E+00    0.00000E+00
        1.3000        2.8000      318.0298       13.0772       -1.9447        0.0918        0.1095   -0.83838E+00    0.00000E+00    0.00000E+00   -0.00000E+00    0.00000E+00    0.00000E+00    0.00000E+00    0.00000E+00
        1.3167        2.8167      320.3355       13.0802       -1.9553        0.0953        0.1100   -0.86641E+00    0.00000E+00    0.00000E+00   -0.00000E+00    0.00000E+00    0.00000E+00    0.00000E+00    0.00000E+00
        1.3333        2.8333      322.7318       13.0827       -1.9654        0.0990        0.1106   -0.89551E+00    0.00000E+00    0.00000E+00   -0.00000E+00    0.00000E+00    0.00000E+00    0.00000E+00    0.00000E+00
        1.3500        2.8500      325.2227       13.0845       -1.9753        0.1028        0.1111   -0.92572E+00    0.00000E+00    0.00000E+00   -0.00000E+00    0.00000E+00    0.00000E+00    0.00000E+00    0.00000E+00
        1.3667        2.8667      327.8121       13.0857       -1.9847        0.1068        0.1116   -0.95705E+00    0.00000E+00    0.00000E+00   -0.00000E+00    0.00000E+00    0.00000E+00    0.00000E+00    0.00000E+00
        1.3833        2.8833      330.5043       13.0862       -1.9938        0.1109        0.1121   -0.98954E+00    0.00000E+00    0.00000E+00   -0.00000E+00    0.00000E+00    0.00000E+00    0.00000E+00    0.00000E+00
        1.4000        2.9000      333.3035       13.0861       -2.0025        0.1152        0.1126   -0.10232E+01    0.00000E+00    0.00000E+00   -0.00000E+00    0.00000E+00    0.00000E+00    0.00000E+00    0.00000E+00
        1.4167        2.9167      336.2140       13.0853       -2.0108        0.1197        0.1131   -0.10580E+01    0.00000E+00    0.00000E+00   -0.00000E+00    0.00000E+00    0.00000E+00    0.00000E+00    0.00000E+00
        1.4333        2.9333      339.2404       13.0837       -2.0187        0.1243        0.1136   -0.10940E+01    0.00000E+00    0.00000E+00   -0.00000E+00    0.00000E+00    0.00000E+00    0.00000E+00    0.00000E+00
        1.4500        2.9500      342.3870       13.0815       -2.0262        0.1291        0.1141   -0.11311E+01    0.00000E+00    0.00000E+00   -0.00000E+00    0.00000E+00    0.00000E+00    0.00000E+00    0.00000E+00
        1.4667        2.9667      345.6584       13.0785       -2.0334        0.1341        0.1147   -0.11693E+01    0.00000E+00    0.00000E+00   -0.00000E+00    0.00000E+00    0.00000E+00    0.00000E+00    0.00000E+00
        1.4833        2.9833      349.0589       13.0747       -2.0401        0.1392        0.1151   -0.12087E+01    0.00000E+00    0.00000E+00   -0.00000E+00    0.00000E+00    0.00000E+00    0.00000E+00    0.00000E+00
        1.5000        3.0000      352.5929       13.0702       -2.0464        0.1445        0.1156   -0.12491E+01    0.00000E+00    0.00000E+00   -0.00000E+00    0.00000E+00    0.00000E+00    0.00000E+00    0.00000E+00
        1.5167        3.0167      356.2646       13.0649       -2.0523        0.1499        0.1161   -0.12905E+01    0.00000E+00    0.00000E+00   -0.00000E+00    0.00000E+00    0.00000E+00    0.00000E+00    0.00000E+00
        1.5333        3.0333      360.0781       13.0588       -2.0578        0.1554        0.1166   -0.13327E+01    0.00000E+00    0.00000E+00   -0.00000E+00    0.00000E+00    0.00000E+00    0.00000E+00    0.00000E+00
        1.5500        3.0500      364.0371       13.0519       -2.0629        0.1611        0.1171   -0.13757E+01    0.00000E+00    0.00000E+00   -0.00000E+00    0.00000E+00    0.00000E+00    0.00000E+00    0.00000E+00
        1.5667        3.0667      368.1450       13.0443       -2.0677        0.1669        0.1176   -0.14194E+01    0.00000E+00    0.00000E+00   -0.00000E+00    0.00000E+00    0.00000E+00    0.00000E+00    0.00000E+00
        1.5833        3.0833      372.4048       13.0358       -2.0720        0.1729        0.1181   -0.14636E+01    0.00000E+00    0.00000E+00   -0.00000E+00    0.00000E+00    0.00000E+00    0.00000E+00    0.00000E+00
        1.6000        3.1000      376.8190       13.0266       -2.0760        0.1788        0.1186   -0.15082E+01    0.00000E+00    0.00000E+00   -0.00000E+00    0.00000E+00    0.00000E+00    0.00000E+00    0.00000E+00
        1.6167        3.1167      381.3894       13.0166       -2.0797        0.1849        0.1191   -0.15528E+01    0.00000E+00    0.00000E+00   -0.00000E+00    0.00000E+00    0.00000E+00    0.00000E+00    0.00000E+00
        1.6333        3.1333      386.1173       13.0059       -2.0831        0.1910        0.1195   -0.15974E+01    0.00000E+00    0.00000E+00   -0.00000E+00    0.00000E+00    0.00000E+00    0.00000E+00    0.00000E+00
        1.6500        3.1500      391.0032       12.9944       -2.0861        0.1970        0.1200   -0.16417E+01    0.00000E+00    0.00000E+00   -0.00000E+00    0.00000E+00    0.00000E+00    0.00000E+00    0.00000E+00
        1.6667        3.1667      396.0465       12.9823       -2.0889        0.2031        0.1205   -0.16854E+01    0.00000E+00    0.00000E+00   -0.00000E+00    0.00000E+00    0.00000E+00    0.00000E+00    0.00000E+00
        1.6833        3.1833      401.2461       12.9694       -2.0914        0.2091        0.1210   -0.17283E+01    0.00000E+00    0.00000E+00   -0.00000E+00    0.00000E+00    0.00000E+00    0.00000E+00    0.00000E+00
        1.7000        3.2000      406.5996       12.9559       -2.0937        0.2150        0.1214   -0.17701E+01    0.00000E+00    0.00000E+00   -0.00000E+00    0.00000E+00    0.00000E+00    0.00000E+00    0.00000E+00
        1.7167        3.2167      412.1038       12.9418       -2.0959        0.2207        0.1219   -0.18106E+01    0.00000E+00    0.00000E+00   -0.00000E+00    0.00000E+00    0.00000E+00    0.00000E+00    0.00000E+00
        1.7333        3.2333      417.7544       12.9271       -2.0978        0.2263        0.1224   -0.18495E+01    0.00000E+00    0.00000E+00   -0.00000E+00    0.00000E+00    0.00000E+00    0.00000E+00    0.00000E+00
        1.7500        3.2500      423.5461       12.9120       -2.0997        0.2317        0.1228   -0.18865E+01    0.00000E+00    0.00000E+00   -0.00000E+00    0.00000E+00    0.00000E+00    0.00000E+00    0.00000E+00
        1.7667        3.2667      429.4727       12.8963       -2.1014        0.2369        0.1233   -0.19214E+01    0.00000E+00    0.00000E+00   -0.00000E+00    0.00000E+00    0.00000E+00    0.00000E+00    0.00000E+00
        1.7833        3.2833      435.5271       12.8802       -2.1031        0.2418        0.1237   -0.19541E+01    0.00000E+00    0.00000E+00   -0.00000E+00    0.00000E+00    0.00000E+00    0.00000E+00    0.00000E+00
        1.8000        3.3000      441.7013       12.8638       -2.1047        0.2464        0.1242   -0.19843E+01    0.00000E+00    0.00000E+00   -0.00000E+00    0.00000E+00    0.00000E+00    0.00000E+00    0.00000E+00
        1.8167        3.3167      447.9865       12.8470       -2.1064        0.2508        0.1246   -0.20119E+01    0.00000E+00    0.00000E+00   -0.00000E+00    0.00000E+00    0.00000E+00    0.00000E+00    0.00000E+00
        1.8333        3.3333      454.3736       12.8300       -2.1081        0.2548        0.1251   -0.20368E+01    0.00000E+00    0.00000E+00   -0.00000E+00    0.00000E+00    0.00000E+00    0.00000E+00    0.00000E+00
        1.8500        3.3500      460.8528       12.8128       -2.1099        0.2585        0.1255   -0.20589E+01    0.00000E+00    0.00000E+00   -0.00000E+00    0.00000E+00    0.00000E+00    0.00000E+00    0.00000E+00
        1.8667        3.3667      467.4140       12.7954       -2.1117        0.2618        0.1260   -0.20782E+01    0.00000E+00    0.00000E+00   -0.00000E+00    0.00000E+00    0.00000E+00    0.00000E+00    0.00000E+00
        1.8833        3.3833      474.0468       12.7779       -2.1137        0.2648        0.1264   -0.20948E+01    0.00000E+00    0.00000E+00   -0.00000E+00    0.00000E+00    0.00000E+00    0.00000E+00    0.00000E+00
        1.9000        3.4000      480.7411       12.7603       -2.1158        0.2675        0.1269   -0.21086E+01    0.00000E+00    0.00000E+00   -0.00000E+00    0.00000E+00    0.00000E+00    0.00000E+00    0.00000E+00
        1.9167        3.4167      487.4864       12.7428       -2.1180        0.2698        0.1273   -0.21198E+01    0.00000E+00    0.00000E+00   -0.00000E+00    0.00000E+00    0.00000E+00    0.00000E+00    0.00000E+00
        1.9333        3.4333      494.2729       12.7253       -2.1204        0.2719        0.1277   -0.21284E+01    0.00000E+00    0.00000E+00   -0.00000E+00    0.00000E+00    0.00000E+00    0.00000E+00    0.00000E+00
        1.9500        3.4500      501.0907       12.7078       -2.1230        0.2736        0.1282   -0.21346E+01    0.00000E+00    0.00000E+00   -0.00000E+00    0.00000E+00    0.00000E+00    0.00000E+00    0.00000E+00
        1.9667        3.4667      507.9304       12.6904       -2.1258        0.2750        0.1286   -0.21385E+01    0.00000E+00    0.00000E+00   -0.00000E+00    0.00000E+00    0.00000E+00    0.00000E+00    0.00000E+00
        1.9833        3.4833      514.7832       12.6732       -2.1288        0.2761        0.1290   -0.21402E+01    0.00000E+00    0.00000E+00   -0.00000E+00    0.00000E+00    0.00000E+00    0.00000E+00    0.00000E+00
        2.0000        3.5000      521.6406       12.6562       -2.1320        0.2770        0.1294   -0.21400E+01    0.00000E+00    0.00000E+00   -0.00000E+00    0.00000E+00    0.00000E+00    0.00000E+00    0.00000E+00
        2.0167        3.5167      528.4949       12.6393       -2.1354        0.2776        0.1299   -0.21379E+01    0.00000E+00    0.00000E+00   -0.00000E+00    0.00000E+00    0.00000E+00    0.00000E+00    0.00000E+00
        2.0333        3.5333      535.3386       12.6226       -2.1390        0.2781        0.1303   -0.21342E+01    0.00000E+00    0.00000E+00   -0.00000E+00    0.00000E+00    0.00000E+00    0.00000E+00    0.00000E+00
        2.0500        3.5500      542.1651       12.6062       -2.1428        0.2783        0.1307   -0.21291E+01    0.00000E+00    0.00000E+00   -0.00000E+00    0.00000E+00    0.00000E+00    0.00000E+00    0.00000E+00
        2.0667        3.5667      548.9683       12.5899       -2.1469        0.2783        0.1311   -0.21226E+01    0.00000E+00    0.00000E+00   -0.00000E+00    0.00000E+00    0.00000E+00    0.00000E+00    0.00000E+00
        2.0833        3.5833      555.7426       12.5740       -2.1511        0.2781        0.1315   -0.21149E+01    0.00000E+00    0.00000E+00   -0.00000E+00    0.00000E+00    0.00000E+00    0.00000E+00    0.00000E+00
        2.1000        3.6000      562.4831       12.5583       -2.1555        0.2779        0.1319   -0.21061E+01    0.00000E+00    0.00000E+00   -0.00000E+00    0.00000E+00    0.00000E+00    0.00000E+00    0.00000E+00
        2.1167        3.6167      569.1852       12.5429       -2.1602        0.2774        0.1323   -0.20965E+01    0.00000E+00    0.00000E+00   -0.00000E+00    0.00000E+00    0.00000E+00    0.00000E+00    0.00000E+00
        2.1333        3.6333      575.8450       12.5277       -2.1650        0.2769        0.1327   -0.20861E+01    0.00000E+00    0.00000E+00   -0.00000E+00    0.00000E+00    0.00000E+00    0.00000E+00    0.00000E+00
        2.1500        3.6500      582.4590       12.5128       -2.1700        0.2763        0.1331   -0.20750E+01    0.00000E+00    0.00000E+00   -0.00000E+00    0.00000E+00    0.00000E+00    0.00000E+00    0.00000E+00
        2.1667        3.6667      589.0241       12.4982       -2.1752        0.2755        0.1335   -0.20634E+01    0.00000E+00    0.00000E+00   -0.00000E+00    0.00000E+00    0.00000E+00    0.00000E+00    0.00000E+00
        2.1833        3.6833      595.5378       12.4839       -2.1806        0.2747        0.1339   -0.20513E+01    0.00000E+00    0.00000E+00   -0.00000E+00    0.00000E+00    0.00000E+00    0.00000E+00    0.00000E+00
        2.2000        3.7000      601.9976       12.4698       -2.1862        0.2738        0.1343   -0.20388E+01    0.00000E+00    0.00000E+00   -0.00000E+00    0.00000E+00    0.00000E+00    0.00000E+00    0.00000E+00
        2.2167        3.7167      608.4017       12.4561       -2.1919        0.2729        0.1347   -0.20260E+01    0.00000E+00    0.00000E+00   -0.00000E+00    0.00000E+00    0.00000E+00    0.00000E+00    0.00000E+00
        2.2333        3.7333      614.7484       12.4426       -2.1978        0.2719        0.1351   -0.20130E+01    0.00000E+00    0.00000E+00   -0.00000E+00    0.00000E+00    0.00000E+00    0.00000E+00    0.00000E+00
        2.2500        3.7500      621.0365       12.4294       -2.2038        0.2709        0.1355   -0.19998E+01    0.00000E+00    0.00000E+00   -0.00000E+00    0.00000E+00    0.00000E+00    0.00000E+00    0.00000E+00
        2.2667        3.7667      627.2648       12.4164       -2.2099        0.2699        0.1359   -0.19865E+01    0.00000E+00    0.00000E+00   -0.00000E+00    0.00000E+00    0.00000E+00    0.00000E+00    0.00000E+00
        2.2833        3.7833      633.4325       12.4037       -2.2162        0.2688        0.1362   -0.19731E+01    0.00000E+00    0.00000E+00   -0.00000E+00    0.00000E+00    0.00000E+00    0.00000E+00    0.00000E+00
        2.3000        3.8000      639.5389       12.3913       -2.2227        0.2677        0.1366   -0.19597E+01    0.00000E+00    0.00000E+00   -0.00000E+00    0.00000E+00    0.00000E+00    0.00000E+00    0.00000E+00
        2.3167        3.8167      645.5836       12.3791       -2.2292        0.2666        0.1370   -0.19463E+01    0.00000E+00    0.00000E+00   -0.00000E+00    0.00000E+00    0.00000E+00    0.00000E+00    0.00000E+00
        2.3333        3.8333      651.5662       12.3672       -2.2359        0.2655        0.1374   -0.19329E+01    0.00000E+00    0.00000E+00   -0.00000E+00    0.00000E+00    0.00000E+00    0.00000E+00    0.00000E+00
        2.3500        3.8500      657.4866       12.3555       -2.2427        0.2644        0.1377   -0.19196E+01    0.00000E+00    0.00000E+00   -0.00000E+00    0.00000E+00    0.00000E+00    0.00000E+00    0.00000E+00
        2.3667        3.8667      663.3449       12.3441       -2.2495        0.2632        0.1381   -0.19064E+01    0.00000E+00    0.00000E+00   -0.00000E+00    0.00000E+00    0.00000E+00    0.00000E+00    0.00000E+00
        2.3833        3.8833      669.1410       12.3329       -2.2565        0.2621        0.1384   -0.18933E+01    0.00000E+00    0.00000E+00   -0.00000E+00    0.00000E+00    0.00000E+00    0.00000E+00    0.00000E+00
        2.4000        3.9000      674.8751       12.3219       -2.2636        0.2610        0.1388   -0.18803E+01    0.00000E+00    0.00000E+00   -0.00000E+00    0.00000E+00    0.00000E+00    0.00000E+00    0.00000E+00
        2.4167        3.9167      680.5476       12.3111       -2.2708        0.2599        0.1392   -0.18675E+01    0.00000E+00    0.00000E+00   -0.00000E+00    0.00000E+00    0.00000E+00    0.00000E+00    0.00000E+00
        2.4333        3.9333      686.1587       12.3006       -2.2780        0.2588        0.1395   -0.18548E+01    0.00000E+00    0.00000E+00   -0.00000E+00    0.00000E+00    0.00000E+00    0.00000E+00    0.00000E+00
        2.4500        3.9500      691.7089       12.2903       -2.2854        0.2577        0.1399   -0.18423E+01    0.00000E+00    0.00000E+00   -0.00000E+00    0.00000E+00    0.00000E+00    0.00000E+00    0.00000E+00
        2.4667        3.9667      697.1986       12.2802       -2.2928        0.2566        0.1402   -0.18300E+01    0.00000E+00    0.00000E+00   -0.00000E+00    0.00000E+00    0.00000E+00    0.00000E+00    0.00000E+00
        2.4833        3.9833      702.6284       12.2703       -2.3002        0.2555        0.1406   -0.18179E+01    0.00000E+00    0.00000E+00   -0.00000E+00    0.00000E+00    0.00000E+00    0.00000E+00    0.00000E+00
        2.5000        4.0000      707.9987       12.2605       -2.3078        0.2544        0.1409   -0.18059E+01    0.00000E+00    0.00000E+00   -0.00000E+00    0.00000E+00    0.00000E+00    0.00000E+00    0.00000E+00
        2.5167        4.0167      713.3103       12.2510       -2.3154        0.2534        0.1412   -0.17941E+01    0.00000E+00    0.00000E+00   -0.00000E+00    0.00000E+00    0.00000E+00    0.00000E+00    0.00000E+00
        2.5333        4.0333      718.5636       12.2417       -2.3231        0.2524        0.1416   -0.17825E+01    0.00000E+00    0.00000E+00   -0.00000E+00    0.00000E+00    0.00000E+00    0.00000E+00    0.00000E+00
        2.5500        4.0500      723.7594       12.2325       -2.3308        0.2513        0.1419   -0.17712E+01    0.00000E+00    0.00000E+00   -0.00000E+00    0.00000E+00    0.00000E+00    0.00000E+00    0.00000E+00
        2.5667        4.0667      728.8982       12.2235       -2.3386        0.2503        0.1422   -0.17600E+01    0.00000E+00    0.00000E+00   -0.00000E+00    0.00000E+00    0.00000E+00    0.00000E+00    0.00000E+00
        2.5833        4.0833      733.9808       12.2147       -2.3464        0.2493        0.1426   -0.17490E+01    0.00000E+00    0.00000E+00   -0.00000E+00    0.00000E+00    0.00000E+00    0.00000E+00    0.00000E+00
        2.6000        4.1000      739.0079       12.2061       -2.3543        0.2484        0.1429   -0.17382E+01    0.00000E+00    0.00000E+00   -0.00000E+00    0.00000E+00    0.00000E+00    0.00000E+00    0.00000E+00
        2.6167        4.1167      743.9800       12.1976       -2.3622        0.2474        0.1432   -0.17276E+01    0.00000E+00    0.00000E+00   -0.00000E+00    0.00000E+00    0.00000E+00    0.00000E+00    0.00000E+00
        2.6333        4.1333      748.8980       12.1893       -2.3701        0.2465        0.1435   -0.17172E+01    0.00000E+00    0.00000E+00   -0.00000E+00    0.00000E+00    0.00000E+00    0.00000E+00    0.00000E+00
        2.6500        4.1500      753.7625       12.1811       -2.3781        0.2455        0.1438   -0.17069E+01    0.00000E+00    0.00000E+00   -0.00000E+00    0.00000E+00    0.00000E+00    0.00000E+00    0.00000E+00
        2.6667        4.1667      758.5743       12.1731       -2.3862        0.2446        0.1442   -0.16969E+01    0.00000E+00    0.00000E+00   -0.00000E+00    0.00000E+00    0.00000E+00    0.00000E+00    0.00000E+00
        2.6833        4.1833      763.3339       12.1652       -2.3942        0.2437        0.1445   -0.16871E+01    0.00000E+00    0.00000E+00   -0.00000E+00    0.00000E+00    0.00000E+00    0.00000E+00    0.00000E+00
        2.7000        4.2000      768.0422       12.1575       -2.4023        0.2428        0.1448   -0.16774E+01    0.00000E+00    0.00000E+00   -0.00000E+00    0.00000E+00    0.00000E+00    0.00000E+00    0.00000E+00
        2.7167        4.2167      772.6997       12.1499       -2.4104        0.2420        0.1451   -0.16679E+01    0.00000E+00    0.00000E+00   -0.00000E+00    0.00000E+00    0.00000E+00    0.00000E+00    0.00000E+00
        2.7333        4.2333      777.3072       12.1424       -2.4186        0.2411        0.1454   -0.16586E+01    0.00000E+00    0.00000E+00   -0.00000E+00    0.00000E+00    0.00000E+00    0.00000E+00    0.00000E+00
        2.7500        4.2500      781.8655       12.1351       -2.4268        0.2403        0.1457   -0.16495E+01    0.00000E+00    0.00000E+00   -0.00000E+00    0.00000E+00    0.00000E+00    0.00000E+00    0.00000E+00
        2.7667        4.2667      786.3750       12.1279       -2.4350        0.2395        0.1460   -0.16405E+01    0.00000E+00    0.00000E+00   -0.00000E+00    0.00000E+00    0.00000E+00    0.00000E+00    0.00000E+00
        2.7833        4.2833      790.8366       12.1208       -2.4432        0.2387        0.1463   -0.16317E+01    0.00000E+00    0.00000E+00   -0.00000E+00    0.00000E+00    0.00000E+00    0.00000E+00    0.00000E+00
        2.8000        4.3000      795.2508       12.1139       -2.4514        0.2379        0.1466   -0.16231E+01    0.00000E+00    0.00000E+00   -0.00000E+00    0.00000E+00    0.00000E+00    0.00000E+00    0.00000E+00
        2.8167        4.3167      799.6183       12.1070       -2.4597        0.2371        0.1468   -0.16147E+01    0.00000E+00    0.00000E+00   -0.00000E+00    0.00000E+00    0.00000E+00    0.00000E+00    0.00000E+00
        2.8333        4.3333      803.8108       12.1007       -2.4680        0.2249        0.1471   -0.15288E+01    0.00000E+00    0.00000E+00   -0.00000E+00    0.00000E+00    0.00000E+00    0.00000E+00    0.00000E+00
        2.8500        4.3500      807.6750       12.0954       -2.4765        0.2136        0.1474   -0.14489E+01    0.00000E+00    0.00000E+00   -0.00000E+00    0.00000E+00    0.00000E+00    0.00000E+00    0.00000E+00
        2.8667        4.3667      811.2637       12.0909       -2.4851        0.2041        0.1477   -0.13818E+01    0.00000E+00    0.00000E+00   -0.00000E+00    0.00000E+00    0.00000E+00    0.00000E+00    0.00000E+00
        2.8833        4.3833      814.6176       12.0870       -2.4938        0.1960        0.1480   -0.13246E+01    0.00000E+00    0.00000E+00   -0.00000E+00    0.00000E+00    0.00000E+00    0.00000E+00    0.00000E+00
        2.9000        4.4000      817.7687       12.0838       -2.5025        0.1890        0.1482   -0.12751E+01    0.00000E+00    0.00000E+00   -0.00000E+00    0.00000E+00    0.00000E+00    0.00000E+00    0.00000E+00
        2.9167        4.4167      820.7419       12.0810       -2.5113        0.1829        0.1485   -0.12316E+01    0.00000E+00    0.00000E+00   -0.00000E+00    0.00000E+00    0.00000E+00    0.00000E+00    0.00000E+00
        2.9333        4.4333      823.5576       12.0787       -2.5202        0.1775        0.1488   -0.11932E+01    0.00000E+00    0.00000E+00   -0.00000E+00    0.00000E+00    0.00000E+00    0.00000E+00    0.00000E+00
        2.9500        4.4500      826.2325       12.0768       -2.5291        0.1727        0.1490   -0.11589E+01    0.00000E+00    0.00000E+00   -0.00000E+00    0.00000E+00    0.00000E+00    0.00000E+00    0.00000E+00
        2.9667        4.4667      828.7806       12.0753       -2.5381        0.1684        0.1493   -0.11281E+01    0.00000E+00    0.00000E+00   -0.00000E+00    0.00000E+00    0.00000E+00    0.00000E+00    0.00000E+00
        2.9833        4.4833      831.2135       12.0740       -2.5471        0.1645        0.1495   -0.11002E+01    0.00000E+00    0.00000E+00   -0.00000E+00    0.00000E+00    0.00000E+00    0.00000E+00    0.00000E+00
        3.0000        4.5000      833.5413       12.0731       -2.5561        0.1610        0.1498   -0.10748E+01    0.00000E+00    0.00000E+00   -0.00000E+00    0.00000E+00    0.00000E+00    0.00000E+00    0.00000E+00
        3.0167        4.5167      835.7726       12.0724       -2.5651        0.1578        0.1500   -0.10515E+01    0.00000E+00    0.00000E+00   -0.00000E+00    0.00000E+00    0.00000E+00    0.00000E+00    0.00000E+00
        3.0333        4.5333      837.9151       12.0720       -2.5741        0.1548        0.1503   -0.10302E+01    0.00000E+00    0.00000E+00   -0.00000E+00    0.00000E+00    0.00000E+00    0.00000E+00    0.00000E+00
        3.0500        4.5500      839.9752       12.0718       -2.5832        0.1521        0.1505   -0.10105E+01    0.00000E+00    0.00000E+00   -0.00000E+00    0.00000E+00    0.00000E+00    0.00000E+00    0.00000E+00
        3.0667        4.5667      841.9588       12.0718       -2.5923        0.1496        0.1508   -0.99227E+00    0.00000E+00    0.00000E+00   -0.00000E+00    0.00000E+00    0.00000E+00    0.00000E+00    0.00000E+00
        3.0833        4.5833      843.8711       12.0719       -2.6014        0.1473        0.1510   -0.97535E+00    0.00000E+00    0.00000E+00   -0.00000E+00    0.00000E+00    0.00000E+00    0.00000E+00    0.00000E+00
        3.1000        4.6000      845.7165       12.0723       -2.6105        0.1451        0.1513   -0.95959E+00    0.00000E+00    0.00000E+00   -0.00000E+00    0.00000E+00    0.00000E+00    0.00000E+00    0.00000E+00
        3.1167        4.6167      847.4993       12.0728       -2.6196        0.1431        0.1515   -0.94488E+00    0.00000E+00    0.00000E+00   -0.00000E+00    0.00000E+00    0.00000E+00    0.00000E+00    0.00000E+00
        3.1333        4.6333      849.2232       12.0735       -2.6287        0.1413        0.1517   -0.93110E+00    0.00000E+00    0.00000E+00   -0.00000E+00    0.00000E+00    0.00000E+00    0.00000E+00    0.00000E+00
        3.1500        4.6500      850.8914       12.0743       -2.6378        0.1395        0.1519   -0.91817E+00    0.00000E+00    0.00000E+00   -0.00000E+00    0.00000E+00    0.00000E+00    0.00000E+00    0.00000E+00
        3.1667        4.6667      852.5071       12.0752       -2.6470        0.1379        0.1522   -0.90601E+00    0.00000E+00    0.00000E+00   -0.00000E+00    0.00000E+00    0.00000E+00    0.00000E+00    0.00000E+00
        3.1833        4.6833      854.0731       12.0763       -2.6561        0.1363        0.1524   -0.89456E+00    0.00000E+00    0.00000E+00   -0.00000E+00    0.00000E+00    0.00000E+00    0.00000E+00    0.00000E+00
        3.2000        4.7000      855.5918       12.0775       -2.6652        0.1349        0.1526   -0.88374E+00    0.00000E+00    0.00000E+00   -0.00000E+00    0.00000E+00    0.00000E+00    0.00000E+00    0.00000E+00
        3.2167        4.7167      857.0655       12.0788       -2.6744        0.1335        0.1528   -0.87352E+00    0.00000E+00    0.00000E+00   -0.00000E+00    0.00000E+00    0.00000E+00    0.00000E+00    0.00000E+00
        3.2333        4.7333      858.4965       12.0802       -2.6835        0.1322        0.1530   -0.86384E+00    0.00000E+00    0.00000E+00   -0.00000E+00    0.00000E+00    0.00000E+00    0.00000E+00    0.00000E+00
        3.2500        4.7500      859.8867       12.0817       -2.6927        0.1310        0.1532   -0.85466E+00    0.00000E+00    0.00000E+00   -0.00000E+00    0.00000E+00    0.00000E+00    0.00000E+00    0.00000E+00
        3.2667        4.7667      861.2379       12.0833       -2.7018        0.1298        0.1534   -0.84594E+00    0.00000E+00    0.00000E+00   -0.00000E+00    0.00000E+00    0.00000E+00    0.00000E+00    0.00000E+00
        3.2833        4.7833      862.5518       12.0850       -2.7110        0.1287        0.1536   -0.83765E+00    0.00000E+00    0.00000E+00   -0.00000E+00    0.00000E+00    0.00000E+00    0.00000E+00    0.00000E+00
        3.3000        4.8000      863.8300       12.0868       -2.7201        0.1277        0.1538   -0.82976E+00    0.00000E+00    0.00000E+00   -0.00000E+00    0.00000E+00    0.00000E+00    0.00000E+00    0.00000E+00
        3.3167        4.8167      865.0740       12.0886       -2.7292        0.1267        0.1540   -0.82224E+00    0.00000E+00    0.00000E+00   -0.00000E+00    0.00000E+00    0.00000E+00    0.00000E+00    0.00000E+00
        3.3333        4.8333      866.2850       12.0906       -2.7384        0.1257        0.1542   -0.81506E+00    0.00000E+00    0.00000E+00   -0.00000E+00    0.00000E+00    0.00000E+00    0.00000E+00    0.00000E+00
        3.3500        4.8500      867.4644       12.0926       -2.7475        0.1248        0.1544   -0.80821E+00    0.00000E+00    0.00000E+00   -0.00000E+00    0.00000E+00    0.00000E+00    0.00000E+00    0.00000E+00
        3.3667        4.8667      868.6134       12.0947       -2.7566        0.1239        0.1546   -0.80165E+00    0.00000E+00    0.00000E+00   -0.00000E+00    0.00000E+00    0.00000E+00    0.00000E+00    0.00000E+00
        3.3833        4.8833      869.7331       12.0968       -2.7658        0.1231        0.1548   -0.79538E+00    0.00000E+00    0.00000E+00   -0.00000E+00    0.00000E+00    0.00000E+00    0.00000E+00    0.00000E+00
        3.4000        4.9000      870.8245       12.0990       -2.7749        0.1223        0.1550   -0.78938E+00    0.00000E+00    0.00000E+00   -0.00000E+00    0.00000E+00    0.00000E+00    0.00000E+00    0.00000E+00
        3.4167        4.9167      871.8886       12.1013       -2.7840        0.1216        0.1552   -0.78362E+00    0.00000E+00    0.00000E+00   -0.00000E+00    0.00000E+00    0.00000E+00    0.00000E+00    0.00000E+00
        3.4333        4.9333      872.9263       12.1037       -2.7932        0.1209        0.1553   -0.77811E+00    0.00000E+00    0.00000E+00   -0.00000E+00    0.00000E+00    0.00000E+00    0.00000E+00    0.00000E+00
        3.4500        4.9500      873.9386       12.1061       -2.8023        0.1202        0.1555   -0.77281E+00    0.00000E+00    0.00000E+00   -0.00000E+00    0.00000E+00    0.00000E+00    0.00000E+00    0.00000E+00
        3.4667        4.9667      874.9262       12.1085       -2.8114        0.1195        0.1557   -0.76772E+00    0.00000E+00    0.00000E+00   -0.00000E+00    0.00000E+00    0.00000E+00    0.00000E+00    0.00000E+00
        3.4833        4.9833      875.8899       12.1110       -2.8205        0.1189        0.1558   -0.76283E+00    0.00000E+00    0.00000E+00   -0.00000E+00    0.00000E+00    0.00000E+00    0.00000E+00    0.00000E+00
        3.5000        5.0000      876.8305       12.1136       -2.8296        0.1183        0.1560   -0.75812E+00    0.00000E+00    0.00000E+00   -0.00000E+00    0.00000E+00    0.00000E+00    0.00000E+00    0.00000E+00
        3.5167        5.0167      877.7487       12.1162       -2.8387        0.1177        0.1561   -0.75359E+00    0.00000E+00    0.00000E+00   -0.00000E+00    0.00000E+00    0.00000E+00    0.00000E+00    0.00000E+00
        3.5333        5.0333      878.6451       12.1188       -2.8478        0.1171        0.1563   -0.74923E+00    0.00000E+00    0.00000E+00   -0.00000E+00    0.00000E+00    0.00000E+00    0.00000E+00    0.00000E+00
        3.5500        5.0500      879.5204       12.1215       -2.8569        0.1166        0.1565   -0.74503E+00    0.00000E+00    0.00000E+00   -0.00000E+00    0.00000E+00    0.00000E+00    0.00000E+00    0.00000E+00
        3.5667        5.0667      880.3751       12.1243       -2.8660        0.1160        0.1566   -0.74098E+00    0.00000E+00    0.00000E+00   -0.00000E+00    0.00000E+00    0.00000E+00    0.00000E+00    0.00000E+00
        3.5833        5.0833      881.2099       12.1271       -2.8750        0.1155        0.1567   -0.73708E+00    0.00000E+00    0.00000E+00   -0.00000E+00    0.00000E+00    0.00000E+00    0.00000E+00    0.00000E+00
        3.6000        5.1000      882.0252       12.1299       -2.8841        0.1150        0.1569   -0.73331E+00    0.00000E+00    0.00000E+00   -0.00000E+00    0.00000E+00    0.00000E+00    0.00000E+00    0.00000E+00
        3.6167        5.1167      882.8216       12.1328       -2.8932        0.1146        0.1570   -0.72968E+00    0.00000E+00    0.00000E+00   -0.00000E+00    0.00000E+00    0.00000E+00    0.00000E+00    0.00000E+00
        3.6333        5.1333      883.5997       12.1357       -2.9022        0.1141        0.1572   -0.72616E+00    0.00000E+00    0.00000E+00   -0.00000E+00    0.00000E+00    0.00000E+00    0.00000E+00    0.00000E+00
        3.6500        5.1500      884.3597       12.1386       -2.9113        0.1137        0.1573   -0.72277E+00    0.00000E+00    0.00000E+00   -0.00000E+00    0.00000E+00    0.00000E+00    0.00000E+00    0.00000E+00
        3.6667        5.1667      885.1023       12.1416       -2.9203        0.1133        0.1574   -0.71949E+00    0.00000E+00    0.00000E+00   -0.00000E+00    0.00000E+00    0.00000E+00    0.00000E+00    0.00000E+00
        3.6833        5.1833      885.8278       12.1446       -2.9294        0.1129        0.1576   -0.71632E+00    0.00000E+00    0.00000E+00   -0.00000E+00    0.00000E+00    0.00000E+00    0.00000E+00    0.00000E+00
        3.7000        5.2000      886.5367       12.1476       -2.9384        0.1125        0.1577   -0.71325E+00    0.00000E+00    0.00000E+00   -0.00000E+00    0.00000E+00    0.00000E+00    0.00000E+00    0.00000E+00
        3.7167        5.2167      887.2293       12.1507       -2.9474        0.1121        0.1578   -0.71029E+00    0.00000E+00    0.00000E+00   -0.00000E+00    0.00000E+00    0.00000E+00    0.00000E+00    0.00000E+00
        3.7333        5.2333      887.9061       12.1538       -2.9565        0.1117        0.1579   -0.70742E+00    0.00000E+00    0.00000E+00   -0.00000E+00    0.00000E+00    0.00000E+00    0.00000E+00    0.00000E+00
        3.7500        5.2500      888.5673       12.1570       -2.9655        0.1114        0.1580   -0.70463E+00    0.00000E+00    0.00000E+00   -0.00000E+00    0.00000E+00    0.00000E+00    0.00000E+00    0.00000E+00
        3.7667        5.2667      889.2133       12.1601       -2.9745        0.1110        0.1581   -0.70194E+00    0.00000E+00    0.00000E+00   -0.00000E+00    0.00000E+00    0.00000E+00    0.00000E+00    0.00000E+00
        3.7833        5.2833      889.8446       12.1633       -2.9835        0.1107        0.1582   -0.69933E+00    0.00000E+00    0.00000E+00   -0.00000E+00    0.00000E+00    0.00000E+00    0.00000E+00    0.00000E+00
        3.8000        5.3000      890.4613       12.1665       -2.9925        0.1103        0.1584   -0.69680E+00    0.00000E+00    0.00000E+00   -0.00000E+00    0.00000E+00    0.00000E+00    0.00000E+00    0.00000E+00
        3.8167        5.3167      891.0638       12.1698       -3.0015        0.1100        0.1585   -0.69435E+00    0.00000E+00    0.00000E+00   -0.00000E+00    0.00000E+00    0.00000E+00    0.00000E+00    0.00000E+00
        3.8333        5.3333      891.6523       12.1731       -3.0104        0.1097        0.1586   -0.69198E+00    0.00000E+00    0.00000E+00   -0.00000E+00    0.00000E+00    0.00000E+00    0.00000E+00    0.00000E+00
        3.8500        5.3500      892.2273       12.1764       -3.0194        0.1094        0.1586   -0.68967E+00    0.00000E+00    0.00000E+00   -0.00000E+00    0.00000E+00    0.00000E+00    0.00000E+00    0.00000E+00
        3.8667        5.3667      892.7889       12.1797       -3.0284        0.1091        0.1587   -0.68744E+00    0.00000E+00    0.00000E+00   -0.00000E+00    0.00000E+00    0.00000E+00    0.00000E+00    0.00000E+00
        3.8833        5.3833      893.3374       12.1830       -3.0373        0.1088        0.1588   -0.68527E+00    0.00000E+00    0.00000E+00   -0.00000E+00    0.00000E+00    0.00000E+00    0.00000E+00    0.00000E+00
        3.9000        5.4000      893.8730       12.1864       -3.0463        0.1086        0.1589   -0.68316E+00    0.00000E+00    0.00000E+00   -0.00000E+00    0.00000E+00    0.00000E+00    0.00000E+00    0.00000E+00
        3.9167        5.4167      894.3961       12.1898       -3.0552        0.1083        0.1590   -0.68112E+00    0.00000E+00    0.00000E+00   -0.00000E+00    0.00000E+00    0.00000E+00    0.00000E+00    0.00000E+00
        3.9333        5.4333      894.9068       12.1932       -3.0641        0.1080        0.1591   -0.67913E+00    0.00000E+00    0.00000E+00   -0.00000E+00    0.00000E+00    0.00000E+00    0.00000E+00    0.00000E+00
        3.9500        5.4500      895.4054       12.1966       -3.0730        0.1078        0.1591   -0.67720E+00    0.00000E+00    0.00000E+00   -0.00000E+00    0.00000E+00    0.00000E+00    0.00000E+00    0.00000E+00
        3.9667        5.4667      895.8920       12.2001       -3.0819        0.1075        0.1592   -0.67533E+00    0.00000E+00    0.00000E+00   -0.00000E+00    0.00000E+00    0.00000E+00    0.00000E+00    0.00000E+00
        3.9833        5.4833      896.3670       12.2036       -3.0908        0.1073        0.1593   -0.67351E+00    0.00000E+00    0.00000E+00   -0.00000E+00    0.00000E+00    0.00000E+00    0.00000E+00    0.00000E+00
        4.0000        5.5000      896.8304       12.2070       -3.0997        0.1070        0.1594   -0.67175E+00    0.00000E+00    0.00000E+00   -0.00000E+00    0.00000E+00    0.00000E+00    0.00000E+00    0.00000E+00
        4.0167        5.5167      897.2826       12.2106       -3.1086        0.1068        0.1594   -0.67003E+00    0.00000E+00    0.00000E+00   -0.00000E+00    0.00000E+00    0.00000E+00    0.00000E+00    0.00000E+00
        4.0333        5.5333      897.7236       12.2141       -3.1175        0.1066        0.1595   -0.66836E+00    0.00000E+00    0.00000E+00   -0.00000E+00    0.00000E+00    0.00000E+00    0.00000E+00    0.00000E+00
        4.0500        5.5500      898.1537       12.2176       -3.1264        0.1064        0.1595   -0.66674E+00    0.00000E+00    0.00000E+00   -0.00000E+00    0.00000E+00    0.00000E+00    0.00000E+00    0.00000E+00
        4.0667        5.5667      898.5731       12.2212       -3.1352        0.1062        0.1596   -0.66516E+00    0.00000E+00    0.00000E+00   -0.00000E+00    0.00000E+00    0.00000E+00    0.00000E+00    0.00000E+00
        4.0833        5.5833      898.9819       12.2248       -3.1441        0.1059        0.1596   -0.66362E+00    0.00000E+00    0.00000E+00   -0.00000E+00    0.00000E+00    0.00000E+00    0.00000E+00    0.00000E+00
        4.1000        5.6000      899.3802       12.2284       -3.1529        0.1057        0.1597   -0.66213E+00    0.00000E+00    0.00000E+00   -0.00000E+00    0.00000E+00    0.00000E+00    0.00000E+00    0.00000E+00
        4.1167        5.6167      899.7684       12.2320       -3.1617        0.1055        0.1597   -0.66068E+00    0.00000E+00    0.00000E+00   -0.00000E+00    0.00000E+00    0.00000E+00    0.00000E+00    0.00000E+00
        4.1333        5.6333      900.1464       12.2356       -3.1705        0.1053        0.1598   -0.65927E+00    0.00000E+00    0.00000E+00   -0.00000E+00    0.00000E+00    0.00000E+00    0.00000E+00    0.00000E+00
        4.1500        5.6500      900.5145       12.2392       -3.1793        0.1051        0.1598   -0.65789E+00    0.00000E+00    0.00000E+00   -0.00000E+00    0.00000E+00    0.00000E+00    0.00000E+00    0.00000E+00
        4.1667        5.6667      900.8728       12.2429       -3.1881        0.1049        0.1598   -0.65655E+00    0.00000E+00    0.00000E+00   -0.00000E+00    0.00000E+00    0.00000E+00    0.00000E+00    0.00000E+00
        4.1833        5.6833      901.2214       12.2465       -3.1969        0.1048        0.1599   -0.65525E+00    0.00000E+00    0.00000E+00   -0.00000E+00    0.00000E+00    0.00000E+00    0.00000E+00    0.00000E+00
        4.2000        5.7000      901.5606       12.2502       -3.2057        0.1046        0.1599   -0.65398E+00    0.00000E+00    0.00000E+00   -0.00000E+00    0.00000E+00    0.00000E+00    0.00000E+00    0.00000E+00
        4.2167        5.7167      901.8903       12.2539       -3.2145        0.1044        0.1599   -0.65275E+00    0.00000E+00    0.00000E+00   -0.00000E+00    0.00000E+00    0.00000E+00    0.00000E+00    0.00000E+00
        4.2333        5.7333      902.2108       12.2576       -3.2232        0.1042        0.1599   -0.65155E+00    0.00000E+00    0.00000E+00   -0.00000E+00    0.00000E+00    0.00000E+00    0.00000E+00    0.00000E+00
        4.2500        5.7500      902.5221       12.2613       -3.2320        0.1040        0.1600   -0.65038E+00    0.00000E+00    0.00000E+00   -0.00000E+00    0.00000E+00    0.00000E+00    0.00000E+00    0.00000E+00
        4.2667        5.7667      902.8245       12.2650       -3.2407        0.1039        0.1600   -0.64924E+00    0.00000E+00    0.00000E+00   -0.00000E+00    0.00000E+00    0.00000E+00    0.00000E+00    0.00000E+00
        4.2833        5.7833      903.1179       12.2688       -3.2494        0.1037        0.1600   -0.64813E+00    0.00000E+00    0.00000E+00   -0.00000E+00    0.00000E+00    0.00000E+00    0.00000E+00    0.00000E+00
        4.3000        5.8000      903.4026       12.2725       -3.2581        0.1035        0.1600   -0.64705E+00    0.00000E+00    0.00000E+00   -0.00000E+00    0.00000E+00    0.00000E+00    0.00000E+00    0.00000E+00
        4.3167        5.8167      903.6786       12.2763       -3.2668        0.1034        0.1600   -0.64600E+00    0.00000E+00    0.00000E+00   -0.00000E+00    0.00000E+00    0.00000E+00    0.00000E+00    0.00000E+00
        4.3333        5.8333      903.9461       12.2800       -3.2755        0.1032        0.1600   -0.64497E+00    0.00000E+00    0.00000E+00   -0.00000E+00    0.00000E+00    0.00000E+00    0.00000E+00    0.00000E+00
        4.3500        5.8500      904.2051       12.2838       -3.2842        0.1030        0.1600   -0.64397E+00    0.00000E+00    0.00000E+00   -0.00000E+00    0.00000E+00    0.00000E+00    0.00000E+00    0.00000E+00
        4.3667        5.8667      904.4557       12.2876       -3.2929        0.1029        0.1600   -0.64300E+00    0.00000E+00    0.00000E+00   -0.00000E+00    0.00000E+00    0.00000E+00    0.00000E+00    0.00000E+00
        4.3833        5.8833      904.6981       12.2914       -3.3015        0.1027        0.1600   -0.64205E+00    0.00000E+00    0.00000E+00   -0.00000E+00    0.00000E+00    0.00000E+00    0.00000E+00    0.00000E+00
        4.4000        5.9000      904.9324       12.2952       -3.3102        0.1026        0.1600   -0.64113E+00    0.00000E+00    0.00000E+00   -0.00000E+00    0.00000E+00    0.00000E+00    0.00000E+00    0.00000E+00
        4.4167        5.9167      905.1586       12.2990       -3.3188        0.1024        0.1600   -0.64022E+00    0.00000E+00    0.00000E+00   -0.00000E+00    0.00000E+00    0.00000E+00    0.00000E+00    0.00000E+00
        4.4333        5.9333      905.3768       12.3028       -3.3274        0.1023        0.1599   -0.63935E+00    0.00000E+00    0.00000E+00   -0.00000E+00    0.00000E+00    0.00000E+00    0.00000E+00    0.00000E+00
        4.4500        5.9500      905.5871       12.3066       -3.3361        0.1021        0.1599   -0.63849E+00    0.00000E+00    0.00000E+00   -0.00000E+00    0.00000E+00    0.00000E+00    0.00000E+00    0.00000E+00
        4.4667        5.9667      905.7896       12.3105       -3.3447        0.1020        0.1599   -0.63765E+00    0.00000E+00    0.00000E+00   -0.00000E+00    0.00000E+00    0.00000E+00    0.00000E+00    0.00000E+00
        4.4833        5.9833      905.9844       12.3143       -3.3532        0.1018        0.1599   -0.63684E+00    0.00000E+00    0.00000E+00   -0.00000E+00    0.00000E+00    0.00000E+00    0.00000E+00    0.00000E+00
        4.5000        6.0000      906.1716       12.3182       -3.3618        0.1017        0.1598   -0.63605E+00    0.00000E+00    0.00000E+00   -0.00000E+00    0.00000E+00    0.00000E+00    0.00000E+00    0.00000E+00
        4.5167        6.0167      906.3512       12.3220       -3.3704        0.1015        0.1598   -0.63527E+00    0.00000E+00    0.00000E+00   -0.00000E+00    0.00000E+00    0.00000E+00    0.00000E+00    0.00000E+00
        4.5333        6.0333      906.5233       12.3259       -3.3789        0.1014        0.1598   -0.63452E+00    0.00000E+00    0.00000E+00   -0.00000E+00    0.00000E+00    0.00000E+00    0.00000E+00    0.00000E+00
        4.5500        6.0500      906.6881       12.3298       -3.3875        0.1012        0.1597   -0.63378E+00    0.00000E+00    0.00000E+00   -0.00000E+00    0.00000E+00    0.00000E+00    0.00000E+00    0.00000E+00
        4.5667        6.0667      906.8454       12.3336       -3.3960        0.1011        0.1597   -0.63306E+00    0.00000E+00    0.00000E+00   -0.00000E+00    0.00000E+00    0.00000E+00    0.00000E+00    0.00000E+00
        4.5833        6.0833      906.9956       12.3375       -3.4045        0.1009        0.1596   -0.63236E+00    0.00000E+00    0.00000E+00   -0.00000E+00    0.00000E+00    0.00000E+00    0.00000E+00    0.00000E+00
        4.6000        6.1000      907.1385       12.3414       -3.4130        0.1008        0.1596   -0.63168E+00    0.00000E+00    0.00000E+00   -0.00000E+00    0.00000E+00    0.00000E+00    0.00000E+00    0.00000E+00
        4.6167        6.1167      907.2743       12.3453       -3.4215        0.1007        0.1595   -0.63101E+00    0.00000E+00    0.00000E+00   -0.00000E+00    0.00000E+00    0.00000E+00    0.00000E+00    0.00000E+00
        4.6333        6.1333      907.4031       12.3492       -3.4300        0.1005        0.1595   -0.63036E+00    0.00000E+00    0.00000E+00   -0.00000E+00    0.00000E+00    0.00000E+00    0.00000E+00    0.00000E+00
        4.6500        6.1500      907.5248       12.3531       -3.4384        0.1004        0.1594   -0.62973E+00    0.00000E+00    0.00000E+00   -0.00000E+00    0.00000E+00    0.00000E+00    0.00000E+00    0.00000E+00
        4.6667        6.1667      907.6396       12.3570       -3.4469        0.1003        0.1594   -0.62911E+00    0.00000E+00    0.00000E+00   -0.00000E+00    0.00000E+00    0.00000E+00    0.00000E+00    0.00000E+00
        4.6833        6.1833      907.7475       12.3609       -3.4553        0.1001        0.1593   -0.62851E+00    0.00000E+00    0.00000E+00   -0.00000E+00    0.00000E+00    0.00000E+00    0.00000E+00    0.00000E+00
        4.7000        6.2000      907.8487       12.3648       -3.4638        0.1000        0.1592   -0.62792E+00    0.00000E+00    0.00000E+00   -0.00000E+00    0.00000E+00    0.00000E+00    0.00000E+00    0.00000E+00
        4.7167        6.2167      907.9430       12.3687       -3.4722        0.0998        0.1591   -0.62734E+00    0.00000E+00    0.00000E+00   -0.00000E+00    0.00000E+00    0.00000E+00    0.00000E+00    0.00000E+00
        4.7333        6.2333      908.0306       12.3726       -3.4806        0.0997        0.1591   -0.62678E+00    0.00000E+00    0.00000E+00   -0.00000E+00    0.00000E+00    0.00000E+00    0.00000E+00    0.00000E+00
        4.7500        6.2500      908.1116       12.3766       -3.4890        0.0996        0.1590   -0.62623E+00    0.00000E+00    0.00000E+00   -0.00000E+00    0.00000E+00    0.00000E+00    0.00000E+00    0.00000E+00
        4.7667        6.2667      908.1860       12.3805       -3.4973        0.0994        0.1589   -0.62569E+00    0.00000E+00    0.00000E+00   -0.00000E+00    0.00000E+00    0.00000E+00    0.00000E+00    0.00000E+00
        4.7833        6.2833      908.2538       12.3844       -3.5057        0.0993        0.1588   -0.62517E+00    0.00000E+00    0.00000E+00   -0.00000E+00    0.00000E+00    0.00000E+00    0.00000E+00    0.00000E+00
        4.8000        6.3000      908.3152       12.3884       -3.5140        0.0992        0.1587   -0.62466E+00    0.00000E+00    0.00000E+00   -0.00000E+00    0.00000E+00    0.00000E+00    0.00000E+00    0.00000E+00
        4.8167        6.3167      908.3701       12.3923       -3.5224        0.0990        0.1586   -0.62416E+00    0.00000E+00    0.00000E+00   -0.00000E+00    0.00000E+00    0.00000E+00    0.00000E+00    0.00000E+00
        4.8333        6.3333      908.4185       12.3962       -3.5307        0.0989        0.1586   -0.62367E+00    0.00000E+00    0.00000E+00   -0.00000E+00    0.00000E+00    0.00000E+00    0.00000E+00    0.00000E+00
        4.8500        6.3500      908.4607       12.4002       -3.5390        0.0987        0.1585   -0.62320E+00    0.00000E+00    0.00000E+00   -0.00000E+00    0.00000E+00    0.00000E+00    0.00000E+00    0.00000E+00
        4.8667        6.3667      908.4965       12.4041       -3.5473        0.0986        0.1584   -0.62273E+00    0.00000E+00    0.00000E+00   -0.00000E+00    0.00000E+00    0.00000E+00    0.00000E+00    0.00000E+00
        4.8833        6.3833      908.5260       12.4081       -3.5555        0.0985        0.1582   -0.62228E+00    0.00000E+00    0.00000E+00   -0.00000E+00    0.00000E+00    0.00000E+00    0.00000E+00    0.00000E+00
        4.9000        6.4000      908.5493       12.4120       -3.5638        0.0983        0.1581   -0.62183E+00    0.00000E+00    0.00000E+00   -0.00000E+00    0.00000E+00    0.00000E+00    0.00000E+00    0.00000E+00
        4.9167        6.4167      908.5665       12.4160       -3.5720        0.0982        0.1580   -0.62140E+00    0.00000E+00    0.00000E+00   -0.00000E+00    0.00000E+00    0.00000E+00    0.00000E+00    0.00000E+00
        4.9333        6.4333      908.5775       12.4199       -3.5803        0.0981        0.1579   -0.62097E+00    0.00000E+00    0.00000E+00   -0.00000E+00    0.00000E+00    0.00000E+00    0.00000E+00    0.00000E+00
        4.9500        6.4500      908.5823       12.4239       -3.5885        0.0979        0.1578   -0.62056E+00    0.00000E+00    0.00000E+00   -0.00000E+00    0.00000E+00    0.00000E+00    0.00000E+00    0.00000E+00
        4.9667        6.4667      908.5812       12.4278       -3.5967        0.0978        0.1577   -0.62015E+00    0.00000E+00    0.00000E+00   -0.00000E+00    0.00000E+00    0.00000E+00    0.00000E+00    0.00000E+00
        4.9833        6.4833      908.5740       12.4318       -3.6049        0.0976        0.1576   -0.61975E+00    0.00000E+00    0.00000E+00   -0.00000E+00    0.00000E+00    0.00000E+00    0.00000E+00    0.00000E+00
        5.0000        6.5000      908.5608       12.4357       -3.6131        0.0975        0.1574   -0.61936E+00    0.00000E+00    0.00000E+00   -0.00000E+00    0.00000E+00    0.00000E+00    0.00000E+00    0.00000E+00
        5.0167        6.5167      908.5416       12.4397       -3.6212        0.0974        0.1573   -0.61898E+00    0.00000E+00    0.00000E+00   -0.00000E+00    0.00000E+00    0.00000E+00    0.00000E+00    0.00000E+00
        5.0333        6.5333      908.5165       12.4437       -3.6294        0.0972        0.1572   -0.61861E+00    0.00000E+00    0.00000E+00   -0.00000E+00    0.00000E+00    0.00000E+00    0.00000E+00    0.00000E+00
        5.0500        6.5500      908.4856       12.4476       -3.6375        0.0971        0.1570   -0.61825E+00    0.00000E+00    0.00000E+00   -0.00000E+00    0.00000E+00    0.00000E+00    0.00000E+00    0.00000E+00
        5.0667        6.5667      908.4488       12.4516       -3.6456        0.0969        0.1569   -0.61789E+00    0.00000E+00    0.00000E+00   -0.00000E+00    0.00000E+00    0.00000E+00    0.00000E+00    0.00000E+00
        5.0833        6.5833      908.4061       12.4555       -3.6537        0.0968        0.1567   -0.61754E+00    0.00000E+00    0.00000E+00   -0.00000E+00    0.00000E+00    0.00000E+00    0.00000E+00    0.00000E+00
        5.1000        6.6000      908.3577       12.4595       -3.6618        0.0967        0.1566   -0.61720E+00    0.00000E+00    0.00000E+00   -0.00000E+00    0.00000E+00    0.00000E+00    0.00000E+00    0.00000E+00
        5.1167        6.6167      908.3035       12.4635       -3.6699        0.0965        0.1565   -0.61686E+00    0.00000E+00    0.00000E+00   -0.00000E+00    0.00000E+00    0.00000E+00    0.00000E+00    0.00000E+00
        5.1333        6.6333      908.2436       12.4674       -3.6779        0.0964        0.1563   -0.61654E+00    0.00000E+00    0.00000E+00   -0.00000E+00    0.00000E+00    0.00000E+00    0.00000E+00    0.00000E+00
        5.1500        6.6500      908.1780       12.4714       -3.6860        0.0962        0.1561   -0.61621E+00    0.00000E+00    0.00000E+00   -0.00000E+00    0.00000E+00    0.00000E+00    0.00000E+00    0.00000E+00
        5.1667        6.6667      908.1067       12.4753       -3.6940        0.0961        0.1560   -0.61590E+00    0.00000E+00    0.00000E+00   -0.00000E+00    0.00000E+00    0.00000E+00    0.00000E+00    0.00000E+00
        5.1833        6.6833      908.0298       12.4793       -3.7020        0.0959        0.1558   -0.61559E+00    0.00000E+00    0.00000E+00   -0.00000E+00    0.00000E+00    0.00000E+00    0.00000E+00    0.00000E+00
        5.2000        6.7000      907.9473       12.4832       -3.7100        0.0958        0.1557   -0.61529E+00    0.00000E+00    0.00000E+00   -0.00000E+00    0.00000E+00    0.00000E+00    0.00000E+00    0.00000E+00
        5.2167        6.7167      907.8591       12.4872       -3.7180        0.0956        0.1555   -0.61499E+00    0.00000E+00    0.00000E+00   -0.00000E+00    0.00000E+00    0.00000E+00    0.00000E+00    0.00000E+00
        5.2333        6.7333      907.7654       12.4912       -3.7259        0.0955        0.1553   -0.61470E+00    0.00000E+00    0.00000E+00   -0.00000E+00    0.00000E+00    0.00000E+00    0.00000E+00    0.00000E+00
        5.2500        6.7500      907.6662       12.4951       -3.7339        0.0953        0.1552   -0.61441E+00    0.00000E+00    0.00000E+00   -0.00000E+00    0.00000E+00    0.00000E+00    0.00000E+00    0.00000E+00
        5.2667        6.7667      907.5615       12.4991       -3.7418        0.0952        0.1550   -0.61413E+00    0.00000E+00    0.00000E+00   -0.00000E+00    0.00000E+00    0.00000E+00    0.00000E+00    0.00000E+00
        5.2833        6.7833      907.4512       12.5030       -3.7497        0.0950        0.1548   -0.61385E+00    0.00000E+00    0.00000E+00   -0.00000E+00    0.00000E+00    0.00000E+00    0.00000E+00    0.00000E+00
        5.3000        6.8000      907.3355       12.5070       -3.7576        0.0949        0.1546   -0.61358E+00    0.00000E+00    0.00000E+00   -0.00000E+00    0.00000E+00    0.00000E+00    0.00000E+00    0.00000E+00
        5.3167        6.8167      907.2144       12.5109       -3.7655        0.0947        0.1544   -0.61332E+00    0.00000E+00    0.00000E+00   -0.00000E+00    0.00000E+00    0.00000E+00    0.00000E+00    0.00000E+00
        5.3333        6.8333      907.0878       12.5149       -3.7734        0.0946        0.1542   -0.61305E+00    0.00000E+00    0.00000E+00   -0.00000E+00    0.00000E+00    0.00000E+00    0.00000E+00    0.00000E+00
        5.3500        6.8500      906.9559       12.5188       -3.7812        0.0944        0.1540   -0.61279E+00    0.00000E+00    0.00000E+00   -0.00000E+00    0.00000E+00    0.00000E+00    0.00000E+00    0.00000E+00
        5.3667        6.8667      906.8185       12.5228       -3.7890        0.0942        0.1538   -0.61254E+00    0.00000E+00    0.00000E+00   -0.00000E+00    0.00000E+00    0.00000E+00    0.00000E+00    0.00000E+00
        5.3833        6.8833      906.6758       12.5267       -3.7969        0.0941        0.1536   -0.61229E+00    0.00000E+00    0.00000E+00   -0.00000E+00    0.00000E+00    0.00000E+00    0.00000E+00    0.00000E+00
        5.4000        6.9000      906.5278       12.5307       -3.8047        0.0939        0.1534   -0.61204E+00    0.00000E+00    0.00000E+00   -0.00000E+00    0.00000E+00    0.00000E+00    0.00000E+00    0.00000E+00
        5.4167        6.9167      906.3745       12.5346       -3.8124        0.0938        0.1532   -0.61180E+00    0.00000E+00    0.00000E+00   -0.00000E+00    0.00000E+00    0.00000E+00    0.00000E+00    0.00000E+00
        5.4333        6.9333      906.2158       12.5385       -3.8202        0.0936        0.1530   -0.61156E+00    0.00000E+00    0.00000E+00   -0.00000E+00    0.00000E+00    0.00000E+00    0.00000E+00    0.00000E+00
        5.4500        6.9500      906.0519       12.5425       -3.8280        0.0934        0.1528   -0.61133E+00    0.00000E+00    0.00000E+00   -0.00000E+00    0.00000E+00    0.00000E+00    0.00000E+00    0.00000E+00
        5.4667        6.9667      905.8827       12.5464       -3.8357        0.0933        0.1526   -0.61109E+00    0.00000E+00    0.00000E+00   -0.00000E+00    0.00000E+00    0.00000E+00    0.00000E+00    0.00000E+00
        5.4833        6.9833      905.7083       12.5503       -3.8434        0.0931        0.1524   -0.61086E+00    0.00000E+00    0.00000E+00   -0.00000E+00    0.00000E+00    0.00000E+00    0.00000E+00    0.00000E+00
        5.5000        7.0000      905.5286       12.5542       -3.8511        0.0929        0.1522   -0.61064E+00    0.00000E+00    0.00000E+00   -0.00000E+00    0.00000E+00    0.00000E+00    0.00000E+00    0.00000E+00
        5.5167        7.0167      905.3438       12.5582       -3.8588        0.0927        0.1519   -0.61041E+00    0.00000E+00    0.00000E+00   -0.00000E+00    0.00000E+00    0.00000E+00    0.00000E+00    0.00000E+00
        5.5333        7.0333      905.1537       12.5621       -3.8664        0.0926        0.1517   -0.61019E+00    0.00000E+00    0.00000E+00   -0.00000E+00    0.00000E+00    0.00000E+00    0.00000E+00    0.00000E+00
        5.5500        7.0500      904.9585       12.5660       -3.8741        0.0924        0.1515   -0.60997E+00    0.00000E+00    0.00000E+00   -0.00000E+00    0.00000E+00    0.00000E+00    0.00000E+00    0.00000E+00
        5.5667        7.0667      904.7581       12.5699       -3.8817        0.0922        0.1513   -0.60976E+00    0.00000E+00    0.00000E+00   -0.00000E+00    0.00000E+00    0.00000E+00    0.00000E+00    0.00000E+00
        5.5833        7.0833      904.5526       12.5738       -3.8893        0.0921        0.1510   -0.60954E+00    0.00000E+00    0.00000E+00   -0.00000E+00    0.00000E+00    0.00000E+00    0.00000E+00    0.00000E+00
        5.6000        7.1000      904.3419       12.5778       -3.8969        0.0919        0.1508   -0.60933E+00    0.00000E+00    0.00000E+00   -0.00000E+00    0.00000E+00    0.00000E+00    0.00000E+00    0.00000E+00
        5.6167        7.1167      904.1261       12.5817       -3.9045        0.0917        0.1505   -0.60912E+00    0.00000E+00    0.00000E+00   -0.00000E+00    0.00000E+00    0.00000E+00    0.00000E+00    0.00000E+00
        5.6333        7.1333      903.9053       12.5856       -3.9121        0.0915        0.1503   -0.60891E+00    0.00000E+00    0.00000E+00   -0.00000E+00    0.00000E+00    0.00000E+00    0.00000E+00    0.00000E+00
        5.6500        7.1500      903.6793       12.5895       -3.9196        0.0913        0.1500   -0.60871E+00    0.00000E+00    0.00000E+00   -0.00000E+00    0.00000E+00    0.00000E+00    0.00000E+00    0.00000E+00
        5.6667        7.1667      903.4483       12.5934       -3.9271        0.0912        0.1498   -0.60850E+00    0.00000E+00    0.00000E+00   -0.00000E+00    0.00000E+00    0.00000E+00    0.00000E+00    0.00000E+00
        5.6833        7.1833      903.2122       12.5973       -3.9346        0.0910        0.1495   -0.60830E+00    0.00000E+00    0.00000E+00   -0.00000E+00    0.00000E+00    0.00000E+00    0.00000E+00    0.00000E+00
        5.7000        7.2000      902.9711       12.6011       -3.9421        0.0908        0.1493   -0.60810E+00    0.00000E+00    0.00000E+00   -0.00000E+00    0.00000E+00    0.00000E+00    0.00000E+00    0.00000E+00
        5.7167        7.2167      902.7249       12.6050       -3.9496        0.0906        0.1490   -0.60789E+00    0.00000E+00    0.00000E+00   -0.00000E+00    0.00000E+00    0.00000E+00    0.00000E+00    0.00000E+00
        5.7333        7.2333      902.4737       12.6089       -3.9571        0.0904        0.1488   -0.60769E+00    0.00000E+00    0.00000E+00   -0.00000E+00    0.00000E+00    0.00000E+00    0.00000E+00    0.00000E+00
        5.7500        7.2500      902.2175       12.6128       -3.9645        0.0902        0.1485   -0.60750E+00    0.00000E+00    0.00000E+00   -0.00000E+00    0.00000E+00    0.00000E+00    0.00000E+00    0.00000E+00
        5.7667        7.2667      901.9563       12.6167       -3.9719        0.0900        0.1482   -0.60730E+00    0.00000E+00    0.00000E+00   -0.00000E+00    0.00000E+00    0.00000E+00    0.00000E+00    0.00000E+00
        5.7833        7.2833      901.6901       12.6205       -3.9793        0.0898        0.1480   -0.60710E+00    0.00000E+00    0.00000E+00   -0.00000E+00    0.00000E+00    0.00000E+00    0.00000E+00    0.00000E+00
        5.8000        7.3000      901.4190       12.6244       -3.9867        0.0896        0.1477   -0.60690E+00    0.00000E+00    0.00000E+00   -0.00000E+00    0.00000E+00    0.00000E+00    0.00000E+00    0.00000E+00
        5.8167        7.3167      901.1429       12.6283       -3.9940        0.0894        0.1474   -0.60671E+00    0.00000E+00    0.00000E+00   -0.00000E+00    0.00000E+00    0.00000E+00    0.00000E+00    0.00000E+00
        5.8333        7.3333      900.8618       12.6321       -4.0014        0.0892        0.1471   -0.60651E+00    0.00000E+00    0.00000E+00   -0.00000E+00    0.00000E+00    0.00000E+00    0.00000E+00    0.00000E+00
        5.8500        7.3500      900.5758       12.6360       -4.0087        0.0890        0.1468   -0.60632E+00    0.00000E+00    0.00000E+00   -0.00000E+00    0.00000E+00    0.00000E+00    0.00000E+00    0.00000E+00
        5.8667        7.3667      900.2849       12.6398       -4.0160        0.0888        0.1466   -0.60612E+00    0.00000E+00    0.00000E+00   -0.00000E+00    0.00000E+00    0.00000E+00    0.00000E+00    0.00000E+00
        5.8833        7.3833      899.9890       12.6437       -4.0233        0.0886        0.1463   -0.60593E+00    0.00000E+00    0.00000E+00   -0.00000E+00    0.00000E+00    0.00000E+00    0.00000E+00    0.00000E+00
        5.9000        7.4000      899.6883       12.6475       -4.0306        0.0884        0.1460   -0.60573E+00    0.00000E+00    0.00000E+00   -0.00000E+00    0.00000E+00    0.00000E+00    0.00000E+00    0.00000E+00
        5.9167        7.4167      899.3826       12.6513       -4.0378        0.0882        0.1457   -0.60554E+00    0.00000E+00    0.00000E+00   -0.00000E+00    0.00000E+00    0.00000E+00    0.00000E+00    0.00000E+00
        5.9333        7.4333      899.0721       12.6552       -4.0451        0.0880        0.1454   -0.60534E+00    0.00000E+00    0.00000E+00   -0.00000E+00    0.00000E+00    0.00000E+00    0.00000E+00    0.00000E+00
        5.9500        7.4500      898.7566       12.6590       -4.0523        0.0878        0.1451   -0.60515E+00    0.00000E+00    0.00000E+00   -0.00000E+00    0.00000E+00    0.00000E+00    0.00000E+00    0.00000E+00
        5.9667        7.4667      898.4363       12.6628       -4.0595        0.0876        0.1448   -0.60495E+00    0.00000E+00    0.00000E+00   -0.00000E+00    0.00000E+00    0.00000E+00    0.00000E+00    0.00000E+00
        5.9833        7.4833      898.1112       12.6666       -4.0666        0.0874        0.1445   -0.60476E+00    0.00000E+00    0.00000E+00   -0.00000E+00    0.00000E+00    0.00000E+00    0.00000E+00    0.00000E+00
        6.0000        7.5000      897.7812       12.6704       -4.0738        0.0872        0.1442   -0.60456E+00    0.00000E+00    0.00000E+00   -0.00000E+00    0.00000E+00    0.00000E+00    0.00000E+00    0.00000E+00
