VERT
 15
 4
         z (m)       u (m/s)            wu
        0.0000        2.8660  -0.20265E+00
      285.6684        2.8660   0.47268E-02
      285.6684        0.0001   0.10000E-03
     3000.0000        0.0000   0.00000E+00
        0.0000        1.9842  -0.95080E-01
      275.1960        1.9842   0.71549E-02
      275.1960        0.0001   0.10000E-03
     3000.0000        0.0000   0.00000E+00
        0.0000        1.4932  -0.52758E-01
      269.3627        1.4932   0.96341E-02
      269.3627        0.0001   0.10000E-03
     3000.0000        0.0000   0.00000E+00
        0.0000        1.1669  -0.31602E-01
      270.6715        1.1669   0.13851E-01
      270.6715        0.0001   0.10000E-03
     3000.0000        0.0000   0.00000E+00
        0.0000        0.9055  -0.18682E-01
      288.3844        0.9055   0.25463E-01
      288.3844        0.0001   0.10000E-03
     3000.0000        0.0000   0.00000E+00
        0.0000        0.6454  -0.93248E-02
      352.5929        0.6454   0.45569E-01
      352.5929        0.0001   0.10000E-03
     3000.0000        0.0000   0.00000E+00
        0.0000        0.3999  -0.35215E-02
      521.6406        0.3999   0.51978E-01
      521.6406        0.0001   0.10000E-03
     3000.0000        0.0000   0.00000E+00
        0.0000        0.2777  -0.16703E-02
      707.9987        0.2777   0.30623E-01
      707.9987        0.0001   0.10000E-03
     3000.0000        0.0000   0.00000E+00
        0.0000        0.2241  -0.10714E-02
      833.5413        0.2241   0.14118E-01
      833.5413        0.0001   0.10000E-03
     3000.0000        0.0000   0.00000E+00
        0.0000        0.2029  -0.86526E-03
      876.8305        0.2029   0.84803E-02
      876.8305        0.0001   0.10000E-03
     3000.0000        0.0000   0.00000E+00
        0.0000        0.1890  -0.74039E-03
      896.8304        0.1890   0.65270E-02
      896.8304        0.0001   0.10000E-03
     3000.0000        0.0000   0.00000E+00
        0.0000        0.1782  -0.64969E-03
      906.1716        0.1782   0.53893E-02
      906.1716        0.0001   0.10000E-03
     3000.0000        0.0000   0.00000E+00
        0.0000        0.1693  -0.57922E-03
      908.5608        0.1693   0.45694E-02
      908.5608        0.0001   0.10000E-03
     3000.0000        0.0000   0.00000E+00
        0.0000        0.1618  -0.52268E-03
      905.5286        0.1618   0.39038E-02
      905.5286        0.0001   0.10000E-03
     3000.0000        0.0000   0.00000E+00
        0.0000        0.1554  -0.47662E-03
      897.7812        0.1554   0.33237E-02
      897.7812        0.0001   0.10000E-03
     3000.0000        0.0000   0.00000E+00
Time int. between profiles 1800s
