VERT
 15
 4
         z (m)       v (m/s)            wv
        0.0000        2.7386  -0.19364E+00
      285.6684        2.7386   0.45168E-02
      285.6684        0.0001   0.10000E-03
     3000.0000        0.0000   0.00000E+00
        0.0000        1.8115  -0.86807E-01
      275.1960        1.8115   0.65323E-02
      275.1960        0.0001   0.10000E-03
     3000.0000        0.0000   0.00000E+00
        0.0000        1.3022  -0.46013E-01
      269.3627        1.3022   0.84024E-02
      269.3627        0.0001   0.10000E-03
     3000.0000        0.0000   0.00000E+00
        0.0000        0.9719  -0.26322E-01
      270.6715        0.9719   0.11537E-01
      270.6715        0.0001   0.10000E-03
     3000.0000        0.0000   0.00000E+00
        0.0000        0.7200  -0.14855E-01
      288.3844        0.7200   0.20246E-01
      288.3844        0.0001   0.10000E-03
     3000.0000        0.0000   0.00000E+00
        0.0000        0.4896  -0.70744E-02
      352.5929        0.4896   0.34572E-01
      352.5929        0.0001   0.10000E-03
     3000.0000        0.0000   0.00000E+00
        0.0000        0.2893  -0.25476E-02
      521.6406        0.2893   0.37603E-01
      521.6406        0.0001   0.10000E-03
     3000.0000        0.0000   0.00000E+00
        0.0000        0.1914  -0.11515E-02
      707.9987        0.1914   0.21111E-01
      707.9987        0.0001   0.10000E-03
     3000.0000        0.0000   0.00000E+00
        0.0000        0.1471  -0.70320E-03
      833.5413        0.1471   0.92667E-02
      833.5413        0.0001   0.10000E-03
     3000.0000        0.0000   0.00000E+00
        0.0000        0.1267  -0.54019E-03
      876.8305        0.1267   0.52943E-02
      876.8305        0.0001   0.10000E-03
     3000.0000        0.0000   0.00000E+00
        0.0000        0.1121  -0.43917E-03
      896.8304        0.1121   0.38716E-02
      896.8304        0.0001   0.10000E-03
     3000.0000        0.0000   0.00000E+00
        0.0000        0.1003  -0.36568E-03
      906.1716        0.1003   0.30333E-02
      906.1716        0.0001   0.10000E-03
     3000.0000        0.0000   0.00000E+00
        0.0000        0.0903  -0.30889E-03
      908.5608        0.0903   0.24368E-02
      908.5608        0.0001   0.10000E-03
     3000.0000        0.0000   0.00000E+00
        0.0000        0.0816  -0.26366E-03
      905.5286        0.0816   0.19692E-02
      905.5286        0.0001   0.10000E-03
     3000.0000        0.0000   0.00000E+00
        0.0000        0.0740  -0.22699E-03
      897.7812        0.0740   0.15829E-02
      897.7812        0.0001   0.10000E-03
     3000.0000        0.0000   0.00000E+00
Time int. between profiles 1800s
