SATU
 50
         z (m)       p (kPa)         T (K)   Tparcel (K)      qt (g/g)      qs (g/g)
        0.0000      100.0000      288.6276      288.6276        0.0050        0.0111
       42.3037       99.5000      288.2146      288.2146        0.0050        0.0109
       84.7595       99.0000      287.8000      287.8000        0.0050        0.0107
      127.3687       98.5000      287.3840      287.3840        0.0050        0.0104
      170.1327       98.0000      286.9664      286.9664        0.0050        0.0102
      213.0528       97.5000      286.5473      286.5473        0.0050        0.0100
      256.1304       97.0000      286.1267      286.1267        0.0050        0.0097
      299.3670       96.5000      285.7045      285.7045        0.0050        0.0095
      342.7638       96.0000      285.2808      285.2808        0.0050        0.0093
      386.3224       95.5000      284.8554      284.8554        0.0050        0.0091
      430.0442       95.0000      284.4285      284.4285        0.0050        0.0089
      473.9307       94.5000      284.0000      284.0000        0.0050        0.0087
      517.9833       94.0000      283.5698      283.5698        0.0050        0.0085
      562.2037       93.5000      283.1381      283.1381        0.0050        0.0083
      606.5932       93.0000      282.7046      282.7046        0.0050        0.0081
      651.1536       92.5000      282.2695      282.2695        0.0050        0.0079
      695.8863       92.0000      281.8327      281.8327        0.0050        0.0077
      740.7931       91.5000      281.3942      281.3942        0.0050        0.0075
      785.8754       91.0000      280.9540      280.9540        0.0050        0.0073
      831.1350       90.5000      280.5121      280.5121        0.0050        0.0071
      876.5736       90.0000      280.0684      280.0684        0.0050        0.0070
      922.1929       89.5000      279.6230      279.6230        0.0050        0.0068
      967.9946       89.0000      279.1758      279.1758        0.0050        0.0066
     1013.9804       88.5000      278.7267      278.7267        0.0050        0.0065
     1060.1522       88.0000      278.2759      278.2759        0.0050        0.0063
     1106.5118       87.5000      277.8232      277.8232        0.0050        0.0061
     1153.0609       87.0000      277.3687      277.3687        0.0050        0.0060
     1199.8016       86.5000      276.9123      276.9123        0.0050        0.0058
     1246.7356       86.0000      276.4540      276.4540        0.0050        0.0057
     1293.8649       85.5000      275.9938      275.9938        0.0050        0.0055
     1341.1916       85.0000      275.5317      275.5317        0.0050        0.0054
     1388.7174       84.5000      275.0677      275.0677        0.0050        0.0052
     1436.4446       84.0000      274.6016      274.6016        0.0050        0.0051
     1484.3752       83.5000      274.1336      274.1336        0.0050        0.0049
     1532.5112       83.0000      273.6636      273.6636        0.0048        0.0048
     1580.8547       82.5000      273.1915      272.8975        0.0047        0.0047
     1629.4080       82.0000      272.7175      272.1233        0.0045        0.0045
     1678.1732       81.5000      272.2413      271.3411        0.0044        0.0044
     1727.1526       81.0000      271.7630      270.5506        0.0043        0.0043
     1776.3484       80.5000      271.2827      269.7518        0.0042        0.0042
     1825.7630       80.0000      270.8002      268.9445        0.0040        0.0040
     1875.3987       79.5000      270.3155      268.1286        0.0039        0.0039
     1925.2578       79.0000      269.8287      267.3041        0.0038        0.0038
     1975.3429       78.5000      269.3396      266.4707        0.0037        0.0037
     2025.6563       78.0000      268.8483      265.6285        0.0036        0.0036
     2076.2006       77.5000      268.3548      264.7773        0.0035        0.0035
     2126.9785       77.0000      267.8590      263.9170        0.0034        0.0034
     2177.9923       76.5000      267.3609      263.0475        0.0033        0.0033
     2229.2449       76.0000      266.8604      262.1687        0.0032        0.0032
     2280.7389       75.5000      266.3576      261.2805        0.0031        0.0031
     2332.4771       75.0000      265.8524      260.3829        0.0030        0.0030
LCL at  1532.5m reached after    4.75hou
