VERT
 24
 4
         z (m)     theta (K)        wtheta
        0.0000      283.6776   0.42797E-01
      104.2183      283.6776  -0.85595E-02
      104.2183      285.3128   0.10000E-03
    2000.00000     291.00000   0.00000E+00
        0.0000      284.8497   0.74772E-01
      131.0184      284.8497  -0.14954E-01
      131.0184      285.3932   0.10000E-03
    2000.00000     291.00000   0.00000E+00
        0.0000      285.8363   0.94548E-01
      363.8774      285.8363  -0.18910E-01
      363.8774      286.0917   0.10000E-03
    2000.00000     291.00000   0.00000E+00
        0.0000      286.3984   0.12371E+00
      592.0645      286.3984  -0.24742E-01
      592.0645      286.7763   0.10000E-03
    2000.00000     291.00000   0.00000E+00
        0.0000      286.8810   0.15043E+00
      790.5833      286.8810  -0.30085E-01
      790.5833      287.3719   0.10000E-03
    2000.00000     291.00000   0.00000E+00
        0.0000      287.3240   0.17217E+00
      973.5777      287.3240  -0.34435E-01
      973.5777      287.9208   0.10000E-03
    2000.00000     291.00000   0.00000E+00
        0.0000      287.7351   0.18804E+00
     1143.8869      287.7351  -0.37608E-01
     1143.8869      288.4318   0.10000E-03
    2000.00000     291.00000   0.00000E+00
        0.0000      288.1158   0.19750E+00
     1301.9218      288.1158  -0.39501E-01
     1301.9218      288.9059   0.10000E-03
    2000.00000     291.00000   0.00000E+00
        0.0000      288.4651   0.20031E+00
     1447.3249      288.4651  -0.40061E-01
     1447.3249      289.3421   0.10000E-03
    2000.00000     291.00000   0.00000E+00
        0.0000      288.7818   0.19643E+00
     1579.4726      288.7818  -0.39286E-01
     1579.4726      289.7385   0.10000E-03
    2000.00000     291.00000   0.00000E+00
        0.0000      289.0641   0.18612E+00
     1697.6842      289.0641  -0.37225E-01
     1697.6842      290.0932   0.10000E-03
    2000.00000     291.00000   0.00000E+00
        0.0000      289.3106   0.16989E+00
     1801.3301      289.3106  -0.33978E-01
     1801.3301      290.4041   0.10000E-03
    2000.00000     291.00000   0.00000E+00
        0.0000      289.5200   0.14849E+00
     1889.9000      289.5200  -0.29698E-01
     1889.9000      290.6698   0.10000E-03
    2000.00000     291.00000   0.00000E+00
        0.0000      289.6917   0.12291E+00
     1963.0518      289.6917  -0.24583E-01
     1963.0518      290.8893   0.10000E-03
    2000.00000     291.00000   0.00000E+00
        0.0000      289.8252   0.94354E-01
     2020.6537      289.8252  -0.18871E-01
     2020.6537      291.0621   0.10000E-03
    2000.00000     291.00000   0.00000E+00
        0.0000      289.9210   0.64211E-01
     2062.8312      289.9210  -0.12842E-01
     2062.8312      291.1886   0.10000E-03
    2000.00000     291.00000   0.00000E+00
        0.0000      289.9803   0.34181E-01
     2090.0465      289.9803  -0.68363E-02
     2090.0465      291.2702   0.10000E-03
    2000.00000     291.00000   0.00000E+00
        0.0000      290.0058   0.69037E-02
     2103.3212      290.0058  -0.13807E-02
     2103.3212      291.3101   0.10000E-03
    2000.00000     291.00000   0.00000E+00
        0.0000      290.0042   0.29109E-02
     2106.1113      290.0042  -0.58218E-03
     2106.1113      291.3184   0.10000E-03
    2000.00000     291.00000   0.00000E+00
        0.0000      289.9891  -0.24662E-02
     2106.6933      289.9891   0.49325E-03
     2106.6933      291.3202   0.10000E-03
    2000.00000     291.00000   0.00000E+00
        0.0000      289.9845  -0.84615E-02
     2106.6933      289.9845   0.16923E-02
     2106.6933      291.3202   0.10000E-03
    2000.00000     291.00000   0.00000E+00
        0.0000      289.9745  -0.14151E-01
     2106.6933      289.9745   0.28302E-02
     2106.6933      291.3202   0.10000E-03
    2000.00000     291.00000   0.00000E+00
        0.0000      289.9612  -0.16891E-01
     2106.6933      289.9612   0.33781E-02
     2106.6933      291.3202   0.10000E-03
    2000.00000     291.00000   0.00000E+00
        0.0000      289.9458  -0.19213E-01
     2106.6933      289.9458   0.38426E-02
     2106.6933      291.3202   0.10000E-03
    2000.00000     291.00000   0.00000E+00
Time int. between profiles 1800s
