VERT
 24
 4
         z (m)       u (m/s)            wu
        0.0000        0.2707  -0.23765E-01
      104.2183        0.2707  -0.10026E-01
      104.2183        2.0001   0.10000E-03
     2000.0000        2.0000   0.00000E+00
        0.0000        0.1895  -0.17029E-01
      131.0184        0.1895  -0.65291E-01
      131.0184        2.0001   0.10000E-03
     2000.0000        2.0000   0.00000E+00
        0.0000        0.9819  -0.75222E-01
      363.8774        0.9819  -0.14653E+00
      363.8774        2.0001   0.10000E-03
     2000.0000        2.0000   0.00000E+00
        0.0000        1.0429  -0.77043E-01
      592.0645        1.0429  -0.11106E+00
      592.0645        2.0001   0.10000E-03
     2000.0000        2.0000   0.00000E+00
        0.0000        1.0183  -0.75226E-01
      790.5833        1.0183  -0.10357E+00
      790.5833        2.0001   0.10000E-03
     2000.0000        2.0000   0.00000E+00
        0.0000        0.9817  -0.72905E-01
      973.5777        0.9817  -0.99835E-01
      973.5777        2.0001   0.10000E-03
     2000.0000        2.0000   0.00000E+00
        0.0000        0.9449  -0.70415E-01
     1143.8869        0.9449  -0.96245E-01
     1143.8869        2.0001   0.10000E-03
     2000.0000        2.0000   0.00000E+00
        0.0000        0.9113  -0.67856E-01
     1301.9218        0.9113  -0.91819E-01
     1301.9218        2.0001   0.10000E-03
     2000.0000        2.0000   0.00000E+00
        0.0000        0.8823  -0.65282E-01
     1447.3249        0.8823  -0.86241E-01
     1447.3249        2.0001   0.10000E-03
     2000.0000        2.0000   0.00000E+00
        0.0000        0.8586  -0.62726E-01
     1579.4726        0.8586  -0.79451E-01
     1579.4726        2.0001   0.10000E-03
     2000.0000        2.0000   0.00000E+00
        0.0000        0.8406  -0.60202E-01
     1697.6842        0.8406  -0.71516E-01
     1697.6842        2.0001   0.10000E-03
     2000.0000        2.0000   0.00000E+00
        0.0000        0.8287  -0.57708E-01
     1801.3301        0.8287  -0.62589E-01
     1801.3301        2.0001   0.10000E-03
     2000.0000        2.0000   0.00000E+00
        0.0000        0.8234  -0.55213E-01
     1889.9000        0.8234  -0.52886E-01
     1889.9000        2.0001   0.10000E-03
     2000.0000        2.0000   0.00000E+00
        0.0000        0.8253  -0.52651E-01
     1963.0518        0.8253  -0.42673E-01
     1963.0518        2.0001   0.10000E-03
     2000.0000        2.0000   0.00000E+00
        0.0000        0.8351  -0.49887E-01
     2020.6537        0.8351  -0.32264E-01
     2020.6537        2.0001   0.10000E-03
     2000.0000        2.0000   0.00000E+00
        0.0000        0.8540  -0.46659E-01
     2062.8312        0.8540  -0.22025E-01
     2062.8312        2.0001   0.10000E-03
     2000.0000        2.0000   0.00000E+00
        0.0000        0.8838  -0.42374E-01
     2090.0465        0.8838  -0.12410E-01
     2090.0465        2.0001   0.10000E-03
     2000.0000        2.0000   0.00000E+00
        0.0000        0.9280  -0.35260E-01
     2103.3212        0.9280  -0.41263E-02
     2103.3212        2.0001   0.10000E-03
     2000.0000        2.0000   0.00000E+00
        0.0000        0.9918  -0.25906E-02
     2106.1113        0.9918  -0.13826E-02
     2106.1113        2.0001   0.10000E-03
     2000.0000        2.0000   0.00000E+00
        0.0000        1.0770  -0.28182E-02
     2106.6933        1.0770  -0.00000E+00
     2106.6933        2.0001   0.10000E-03
     2000.0000        2.0000   0.00000E+00
        0.0000        1.2068  -0.33601E-02
     2106.6933        1.2068  -0.00000E+00
     2106.6933        2.0001   0.10000E-03
     2000.0000        2.0000   0.00000E+00
        0.0000        1.3598  -0.39980E-02
     2106.6933        1.3598  -0.00000E+00
     2106.6933        2.0001   0.10000E-03
     2000.0000        2.0000   0.00000E+00
        0.0000        1.5308  -0.47178E-02
     2106.6933        1.5308  -0.00000E+00
     2106.6933        2.0001   0.10000E-03
     2000.0000        2.0000   0.00000E+00
        0.0000        1.7144  -0.54983E-02
     2106.6933        1.7144  -0.00000E+00
     2106.6933        2.0001   0.10000E-03
     2000.0000        2.0000   0.00000E+00
Time int. between profiles 1800s
