VERT
 24
 4
         z (m)       v (m/s)            wv
        0.0000        0.4984  -0.43699E-01
      104.2183        0.4984  -0.87064E-02
      104.2183        2.0001   0.10000E-03
     2000.0000        2.0000   0.00000E+00
        0.0000        0.5234  -0.47108E-01
      131.0184        0.5234  -0.53254E-01
      131.0184        2.0001   0.10000E-03
     2000.0000        2.0000   0.00000E+00
        0.0000        1.2371  -0.94773E-01
      363.8774        1.2371  -0.10981E+00
      363.8774        2.0001   0.10000E-03
     2000.0000        2.0000   0.00000E+00
        0.0000        1.3715  -0.10131E+00
      592.0645        1.3715  -0.72943E-01
      592.0645        2.0001   0.10000E-03
     2000.0000        2.0000   0.00000E+00
        0.0000        1.4427  -0.10657E+00
      790.5833        1.4427  -0.58808E-01
      790.5833        2.0001   0.10000E-03
     2000.0000        2.0000   0.00000E+00
        0.0000        1.5060  -0.11183E+00
      973.5777        1.5060  -0.48439E-01
      973.5777        2.0001   0.10000E-03
     2000.0000        2.0000   0.00000E+00
        0.0000        1.5695  -0.11695E+00
     1143.8869        1.5695  -0.39277E-01
     1143.8869        2.0001   0.10000E-03
     2000.0000        2.0000   0.00000E+00
        0.0000        1.6350  -0.12173E+00
     1301.9218        1.6350  -0.30788E-01
     1301.9218        2.0001   0.10000E-03
     2000.0000        2.0000   0.00000E+00
        0.0000        1.7032  -0.12600E+00
     1447.3249        1.7032  -0.22911E-01
     1447.3249        2.0001   0.10000E-03
     2000.0000        2.0000   0.00000E+00
        0.0000        1.7739  -0.12958E+00
     1579.4726        1.7739  -0.15741E-01
     1579.4726        2.0001   0.10000E-03
     2000.0000        2.0000   0.00000E+00
        0.0000        1.8474  -0.13230E+00
     1697.6842        1.8474  -0.94187E-02
     1697.6842        2.0001   0.10000E-03
     2000.0000        2.0000   0.00000E+00
        0.0000        1.9235  -0.13393E+00
     1801.3301        1.9235  -0.40937E-02
     1801.3301        2.0001   0.10000E-03
     2000.0000        2.0000   0.00000E+00
        0.0000        2.0022  -0.13425E+00
     1889.9000        2.0022   0.96776E-04
     1889.9000        2.0001   0.10000E-03
     2000.0000        2.0000   0.00000E+00
        0.0000        2.0838  -0.13294E+00
     1963.0518        2.0838   0.30418E-02
     1963.0518        2.0001   0.10000E-03
     2000.0000        2.0000   0.00000E+00
        0.0000        2.1686  -0.12954E+00
     2020.6537        2.1686   0.46658E-02
     2020.6537        2.0001   0.10000E-03
     2000.0000        2.0000   0.00000E+00
        0.0000        2.2571  -0.12332E+00
     2062.8312        2.2571   0.49389E-02
     2062.8312        2.0001   0.10000E-03
     2000.0000        2.0000   0.00000E+00
        0.0000        2.3508  -0.11271E+00
     2090.0465        2.3508   0.38985E-02
     2090.0465        2.0001   0.10000E-03
     2000.0000        2.0000   0.00000E+00
        0.0000        2.4527  -0.93195E-01
     2103.3212        2.4527   0.17420E-02
     2103.3212        2.0001   0.10000E-03
     2000.0000        2.0000   0.00000E+00
        0.0000        2.5637  -0.66968E-02
     2106.1113        2.5637   0.77263E-03
     2106.1113        2.0001   0.10000E-03
     2000.0000        2.0000   0.00000E+00
        0.0000        2.6743  -0.69984E-02
     2106.6933        2.6743   0.00000E+00
     2106.6933        2.0001   0.10000E-03
     2000.0000        2.0000   0.00000E+00
        0.0000        2.8201  -0.78524E-02
     2106.6933        2.8201   0.00000E+00
     2106.6933        2.0001   0.10000E-03
     2000.0000        2.0000   0.00000E+00
        0.0000        2.9402  -0.86454E-02
     2106.6933        2.9402   0.00000E+00
     2106.6933        2.0001   0.10000E-03
     2000.0000        2.0000   0.00000E+00
        0.0000        3.0308  -0.93416E-02
     2106.6933        3.0308   0.00000E+00
     2106.6933        2.0001   0.10000E-03
     2000.0000        2.0000   0.00000E+00
        0.0000        3.0895  -0.99093E-02
     2106.6933        3.0895   0.00000E+00
     2106.6933        2.0001   0.10000E-03
     2000.0000        2.0000   0.00000E+00
Time int. between profiles 1800s
