Concentrations and fluxes of the C13 isotopologue
 720
    UTC(hours)     RT(hours)     c_BL(ppb)     c_FT(ppb) F_sf(ppb*m/s) F_en(ppb*m/s)
       12.0167        0.0167   0.42650E+04   0.41740E+04  -0.16479E+01   0.00000E+00
       12.0333        0.0333   0.42640E+04   0.41740E+04  -0.16557E+01   0.00000E+00
       12.0500        0.0500   0.42630E+04   0.41740E+04  -0.16641E+01   0.00000E+00
       12.0667        0.0667   0.42620E+04   0.41740E+04  -0.16732E+01   0.00000E+00
       12.0833        0.0833   0.42610E+04   0.41740E+04  -0.16830E+01   0.33725E-03
       12.1000        0.1000   0.42600E+04   0.41740E+04  -0.16939E+01   0.21911E-01
       12.1167        0.1167   0.42590E+04   0.41740E+04  -0.17052E+01   0.42075E-01
       12.1333        0.1333   0.42579E+04   0.41740E+04  -0.17170E+01   0.60988E-01
       12.1500        0.1500   0.42568E+04   0.41740E+04  -0.17294E+01   0.78813E-01
       12.1667        0.1667   0.42557E+04   0.41740E+04  -0.17422E+01   0.95690E-01
       12.1833        0.1833   0.42546E+04   0.41740E+04  -0.17554E+01   0.11174E+00
       12.2000        0.2000   0.42535E+04   0.41740E+04  -0.17689E+01   0.12705E+00
       12.2167        0.2167   0.42523E+04   0.41740E+04  -0.17827E+01   0.14171E+00
       12.2333        0.2333   0.42512E+04   0.41740E+04  -0.17968E+01   0.15578E+00
       12.2500        0.2500   0.42500E+04   0.41740E+04  -0.18112E+01   0.16932E+00
       12.2667        0.2667   0.42488E+04   0.41740E+04  -0.18257E+01   0.18238E+00
       12.2833        0.2833   0.42476E+04   0.41740E+04  -0.18404E+01   0.19500E+00
       12.3000        0.3000   0.42464E+04   0.41740E+04  -0.18553E+01   0.20721E+00
       12.3167        0.3167   0.42452E+04   0.41740E+04  -0.18703E+01   0.21904E+00
       12.3333        0.3333   0.42439E+04   0.41740E+04  -0.18854E+01   0.23052E+00
       12.3500        0.3500   0.42427E+04   0.41740E+04  -0.19007E+01   0.24167E+00
       12.3667        0.3667   0.42414E+04   0.41740E+04  -0.19162E+01   0.25251E+00
       12.3833        0.3833   0.42401E+04   0.41740E+04  -0.19317E+01   0.26306E+00
       12.4000        0.4000   0.42388E+04   0.41740E+04  -0.19474E+01   0.27333E+00
       12.4167        0.4167   0.42375E+04   0.41740E+04  -0.19632E+01   0.28334E+00
       12.4333        0.4333   0.42362E+04   0.41740E+04  -0.19791E+01   0.29311E+00
       12.4500        0.4500   0.42349E+04   0.41740E+04  -0.19951E+01   0.30264E+00
       12.4667        0.4667   0.42335E+04   0.41740E+04  -0.20111E+01   0.31194E+00
       12.4833        0.4833   0.42322E+04   0.41740E+04  -0.20273E+01   0.32103E+00
       12.5000        0.5000   0.42308E+04   0.41740E+04  -0.20436E+01   0.32990E+00
       12.5167        0.5167   0.42294E+04   0.41740E+04  -0.20600E+01   0.33858E+00
       12.5333        0.5333   0.42281E+04   0.41740E+04  -0.20765E+01   0.34706E+00
       12.5500        0.5500   0.42267E+04   0.41740E+04  -0.20930E+01   0.35536E+00
       12.5667        0.5667   0.42253E+04   0.41740E+04  -0.21096E+01   0.36347E+00
       12.5833        0.5833   0.42239E+04   0.41740E+04  -0.21263E+01   0.37140E+00
       12.6000        0.6000   0.42224E+04   0.41740E+04  -0.21431E+01   0.37915E+00
       12.6167        0.6167   0.42210E+04   0.41740E+04  -0.21599E+01   0.38674E+00
       12.6333        0.6333   0.42196E+04   0.41740E+04  -0.21768E+01   0.39416E+00
       12.6500        0.6500   0.42181E+04   0.41740E+04  -0.21937E+01   0.40141E+00
       12.6667        0.6667   0.42167E+04   0.41740E+04  -0.22106E+01   0.40849E+00
       12.6833        0.6833   0.42153E+04   0.41740E+04  -0.22276E+01   0.41541E+00
       12.7000        0.7000   0.42138E+04   0.41740E+04  -0.22446E+01   0.42216E+00
       12.7167        0.7167   0.42123E+04   0.41740E+04  -0.22616E+01   0.42875E+00
       12.7333        0.7333   0.42109E+04   0.41740E+04  -0.22787E+01   0.43516E+00
       12.7500        0.7500   0.42094E+04   0.41740E+04  -0.22957E+01   0.44140E+00
       12.7667        0.7667   0.42079E+04   0.41740E+04  -0.23128E+01   0.44746E+00
       12.7833        0.7833   0.42065E+04   0.41740E+04  -0.23299E+01   0.45332E+00
       12.8000        0.8000   0.42050E+04   0.41740E+04  -0.23469E+01   0.45897E+00
       12.8167        0.8167   0.42035E+04   0.41740E+04  -0.23640E+01   0.46440E+00
       12.8333        0.8333   0.42021E+04   0.41740E+04  -0.23810E+01   0.46959E+00
       12.8500        0.8500   0.42006E+04   0.41740E+04  -0.23980E+01   0.47450E+00
       12.8667        0.8667   0.41991E+04   0.41740E+04  -0.24150E+01   0.47910E+00
       12.8833        0.8833   0.41977E+04   0.41740E+04  -0.24320E+01   0.48334E+00
       12.9000        0.9000   0.41962E+04   0.41740E+04  -0.24489E+01   0.48716E+00
       12.9167        0.9167   0.41947E+04   0.41740E+04  -0.24658E+01   0.49048E+00
       12.9333        0.9333   0.41933E+04   0.41740E+04  -0.24826E+01   0.49319E+00
       12.9500        0.9500   0.41919E+04   0.41740E+04  -0.24993E+01   0.49516E+00
       12.9667        0.9667   0.41904E+04   0.41740E+04  -0.25160E+01   0.49620E+00
       12.9833        0.9833   0.41890E+04   0.41740E+04  -0.25327E+01   0.49606E+00
       13.0000        1.0000   0.41876E+04   0.41740E+04  -0.25493E+01   0.49442E+00
       13.0167        1.0167   0.41862E+04   0.41740E+04  -0.25657E+01   0.49083E+00
       13.0333        1.0333   0.41848E+04   0.41740E+04  -0.25821E+01   0.48467E+00
       13.0500        1.0500   0.41835E+04   0.41740E+04  -0.25985E+01   0.47511E+00
       13.0667        1.0667   0.41822E+04   0.41740E+04  -0.26147E+01   0.46099E+00
       13.0833        1.0833   0.41809E+04   0.41740E+04  -0.26308E+01   0.44071E+00
       13.1000        1.1000   0.41797E+04   0.41740E+04  -0.26468E+01   0.41214E+00
       13.1167        1.1167   0.41784E+04   0.41740E+04  -0.26627E+01   0.37249E+00
       13.1333        1.1333   0.41773E+04   0.41740E+04  -0.26784E+01   0.31836E+00
       13.1500        1.1500   0.41762E+04   0.41740E+04  -0.26940E+01   0.24618E+00
       13.1667        1.1667   0.41752E+04   0.41740E+04  -0.27093E+01   0.15322E+00
       13.1833        1.1833   0.41742E+04   0.41740E+04  -0.27245E+01   0.39398E-01
       13.2000        1.2000   0.41733E+04   0.41740E+04  -0.27394E+01  -0.91094E-01
       13.2167        1.2167   0.41725E+04   0.41740E+04  -0.27540E+01  -0.22980E+00
       13.2333        1.2333   0.41718E+04   0.41740E+04  -0.27683E+01  -0.36658E+00
       13.2500        1.2500   0.41711E+04   0.41740E+04  -0.27822E+01  -0.49321E+00
       13.2667        1.2667   0.41705E+04   0.41740E+04  -0.27959E+01  -0.60532E+00
       13.2833        1.2833   0.41700E+04   0.41740E+04  -0.28093E+01  -0.70207E+00
       13.3000        1.3000   0.41695E+04   0.41740E+04  -0.28225E+01  -0.78474E+00
       13.3167        1.3167   0.41690E+04   0.41740E+04  -0.28355E+01  -0.85544E+00
       13.3333        1.3333   0.41686E+04   0.41740E+04  -0.28484E+01  -0.91638E+00
       13.3500        1.3500   0.41681E+04   0.41740E+04  -0.28610E+01  -0.96947E+00
       13.3667        1.3667   0.41677E+04   0.41740E+04  -0.28736E+01  -0.10163E+01
       13.3833        1.3833   0.41674E+04   0.41740E+04  -0.28860E+01  -0.10581E+01
       13.4000        1.4000   0.41670E+04   0.41740E+04  -0.28984E+01  -0.10958E+01
       13.4167        1.4167   0.41667E+04   0.41740E+04  -0.29106E+01  -0.11302E+01
       13.4333        1.4333   0.41663E+04   0.41740E+04  -0.29228E+01  -0.11619E+01
       13.4500        1.4500   0.41660E+04   0.41740E+04  -0.29349E+01  -0.11914E+01
       13.4667        1.4667   0.41657E+04   0.41740E+04  -0.29470E+01  -0.12189E+01
       13.4833        1.4833   0.41654E+04   0.41740E+04  -0.29589E+01  -0.12448E+01
       13.5000        1.5000   0.41651E+04   0.41740E+04  -0.29708E+01  -0.12693E+01
       13.5167        1.5167   0.41649E+04   0.41740E+04  -0.29827E+01  -0.12926E+01
       13.5333        1.5333   0.41646E+04   0.41740E+04  -0.29945E+01  -0.13148E+01
       13.5500        1.5500   0.41643E+04   0.41740E+04  -0.30062E+01  -0.13361E+01
       13.5667        1.5667   0.41641E+04   0.41740E+04  -0.30179E+01  -0.13566E+01
       13.5833        1.5833   0.41638E+04   0.41740E+04  -0.30295E+01  -0.13763E+01
       13.6000        1.6000   0.41636E+04   0.41740E+04  -0.30410E+01  -0.13953E+01
       13.6167        1.6167   0.41634E+04   0.41740E+04  -0.30525E+01  -0.14138E+01
       13.6333        1.6333   0.41631E+04   0.41740E+04  -0.30640E+01  -0.14317E+01
       13.6500        1.6500   0.41629E+04   0.41740E+04  -0.30754E+01  -0.14490E+01
       13.6667        1.6667   0.41627E+04   0.41740E+04  -0.30867E+01  -0.14659E+01
       13.6833        1.6833   0.41625E+04   0.41740E+04  -0.30980E+01  -0.14824E+01
       13.7000        1.7000   0.41623E+04   0.41740E+04  -0.31093E+01  -0.14984E+01
       13.7167        1.7167   0.41621E+04   0.41740E+04  -0.31205E+01  -0.15141E+01
       13.7333        1.7333   0.41619E+04   0.41740E+04  -0.31316E+01  -0.15294E+01
       13.7500        1.7500   0.41617E+04   0.41740E+04  -0.31427E+01  -0.15444E+01
       13.7667        1.7667   0.41615E+04   0.41740E+04  -0.31537E+01  -0.15590E+01
       13.7833        1.7833   0.41613E+04   0.41740E+04  -0.31647E+01  -0.15734E+01
       13.8000        1.8000   0.41611E+04   0.41740E+04  -0.31756E+01  -0.15874E+01
       13.8167        1.8167   0.41609E+04   0.41740E+04  -0.31865E+01  -0.16012E+01
       13.8333        1.8333   0.41607E+04   0.41740E+04  -0.31974E+01  -0.16147E+01
       13.8500        1.8500   0.41605E+04   0.41740E+04  -0.32081E+01  -0.16280E+01
       13.8667        1.8667   0.41603E+04   0.41740E+04  -0.32189E+01  -0.16410E+01
       13.8833        1.8833   0.41602E+04   0.41740E+04  -0.32296E+01  -0.16538E+01
       13.9000        1.9000   0.41600E+04   0.41740E+04  -0.32402E+01  -0.16664E+01
       13.9167        1.9167   0.41598E+04   0.41740E+04  -0.32508E+01  -0.16788E+01
       13.9333        1.9333   0.41597E+04   0.41740E+04  -0.32613E+01  -0.16909E+01
       13.9500        1.9500   0.41595E+04   0.41740E+04  -0.32718E+01  -0.17029E+01
       13.9667        1.9667   0.41593E+04   0.41740E+04  -0.32822E+01  -0.17146E+01
       13.9833        1.9833   0.41592E+04   0.41740E+04  -0.32926E+01  -0.17262E+01
       14.0000        2.0000   0.41590E+04   0.41740E+04  -0.33029E+01  -0.17376E+01
       14.0167        2.0167   0.41588E+04   0.41740E+04  -0.33132E+01  -0.17488E+01
       14.0333        2.0333   0.41587E+04   0.41740E+04  -0.33234E+01  -0.17599E+01
       14.0500        2.0500   0.41585E+04   0.41740E+04  -0.33335E+01  -0.17707E+01
       14.0667        2.0667   0.41584E+04   0.41740E+04  -0.33437E+01  -0.17814E+01
       14.0833        2.0833   0.41582E+04   0.41740E+04  -0.33537E+01  -0.17920E+01
       14.1000        2.1000   0.41581E+04   0.41740E+04  -0.33638E+01  -0.18024E+01
       14.1167        2.1167   0.41579E+04   0.41740E+04  -0.33737E+01  -0.18126E+01
       14.1333        2.1333   0.41578E+04   0.41740E+04  -0.33836E+01  -0.18227E+01
       14.1500        2.1500   0.41577E+04   0.41740E+04  -0.33935E+01  -0.18327E+01
       14.1667        2.1667   0.41575E+04   0.41740E+04  -0.34033E+01  -0.18425E+01
       14.1833        2.1833   0.41574E+04   0.41740E+04  -0.34131E+01  -0.18521E+01
       14.2000        2.2000   0.41572E+04   0.41740E+04  -0.34228E+01  -0.18617E+01
       14.2167        2.2167   0.41571E+04   0.41740E+04  -0.34324E+01  -0.18710E+01
       14.2333        2.2333   0.41570E+04   0.41740E+04  -0.34420E+01  -0.18803E+01
       14.2500        2.2500   0.41568E+04   0.41740E+04  -0.34516E+01  -0.18894E+01
       14.2667        2.2667   0.41567E+04   0.41740E+04  -0.34611E+01  -0.18984E+01
       14.2833        2.2833   0.41565E+04   0.41740E+04  -0.34705E+01  -0.19073E+01
       14.3000        2.3000   0.41564E+04   0.41740E+04  -0.34799E+01  -0.19161E+01
       14.3167        2.3167   0.41563E+04   0.41740E+04  -0.34893E+01  -0.19247E+01
       14.3333        2.3333   0.41562E+04   0.41740E+04  -0.34986E+01  -0.19332E+01
       14.3500        2.3500   0.41560E+04   0.41740E+04  -0.35078E+01  -0.19416E+01
       14.3667        2.3667   0.41559E+04   0.41740E+04  -0.35170E+01  -0.19499E+01
       14.3833        2.3833   0.41558E+04   0.41740E+04  -0.35261E+01  -0.19581E+01
       14.4000        2.4000   0.41556E+04   0.41740E+04  -0.35352E+01  -0.19661E+01
       14.4167        2.4167   0.41555E+04   0.41740E+04  -0.35442E+01  -0.19741E+01
       14.4333        2.4333   0.41554E+04   0.41740E+04  -0.35532E+01  -0.19819E+01
       14.4500        2.4500   0.41553E+04   0.41740E+04  -0.35621E+01  -0.19896E+01
       14.4667        2.4667   0.41552E+04   0.41740E+04  -0.35710E+01  -0.19973E+01
       14.4833        2.4833   0.41550E+04   0.41740E+04  -0.35798E+01  -0.20048E+01
       14.5000        2.5000   0.41549E+04   0.41740E+04  -0.35886E+01  -0.20122E+01
       14.5167        2.5167   0.41548E+04   0.41740E+04  -0.35973E+01  -0.20195E+01
       14.5333        2.5333   0.41547E+04   0.41740E+04  -0.36060E+01  -0.20267E+01
       14.5500        2.5500   0.41546E+04   0.41740E+04  -0.36146E+01  -0.20338E+01
       14.5667        2.5667   0.41544E+04   0.41740E+04  -0.36231E+01  -0.20408E+01
       14.5833        2.5833   0.41543E+04   0.41740E+04  -0.36316E+01  -0.20477E+01
       14.6000        2.6000   0.41542E+04   0.41740E+04  -0.36401E+01  -0.20546E+01
       14.6167        2.6167   0.41541E+04   0.41740E+04  -0.36485E+01  -0.20613E+01
       14.6333        2.6333   0.41540E+04   0.41740E+04  -0.36568E+01  -0.20679E+01
       14.6500        2.6500   0.41539E+04   0.41740E+04  -0.36651E+01  -0.20744E+01
       14.6667        2.6667   0.41538E+04   0.41740E+04  -0.36733E+01  -0.20809E+01
       14.6833        2.6833   0.41536E+04   0.41740E+04  -0.36815E+01  -0.20872E+01
       14.7000        2.7000   0.41535E+04   0.41740E+04  -0.36896E+01  -0.20935E+01
       14.7167        2.7167   0.41534E+04   0.41740E+04  -0.36977E+01  -0.20997E+01
       14.7333        2.7333   0.41533E+04   0.41740E+04  -0.37057E+01  -0.21057E+01
       14.7500        2.7500   0.41532E+04   0.41740E+04  -0.37137E+01  -0.21117E+01
       14.7667        2.7667   0.41531E+04   0.41740E+04  -0.37216E+01  -0.21176E+01
       14.7833        2.7833   0.41530E+04   0.41740E+04  -0.37295E+01  -0.21234E+01
       14.8000        2.8000   0.41529E+04   0.41740E+04  -0.37373E+01  -0.21292E+01
       14.8167        2.8167   0.41528E+04   0.41740E+04  -0.37450E+01  -0.21348E+01
       14.8333        2.8333   0.41527E+04   0.41740E+04  -0.37527E+01  -0.21404E+01
       14.8500        2.8500   0.41526E+04   0.41740E+04  -0.37603E+01  -0.21458E+01
       14.8667        2.8667   0.41525E+04   0.41740E+04  -0.37679E+01  -0.21512E+01
       14.8833        2.8833   0.41524E+04   0.41740E+04  -0.37755E+01  -0.21565E+01
       14.9000        2.9000   0.41522E+04   0.41740E+04  -0.37829E+01  -0.21618E+01
       14.9167        2.9167   0.41521E+04   0.41740E+04  -0.37904E+01  -0.21669E+01
       14.9333        2.9333   0.41520E+04   0.41740E+04  -0.37977E+01  -0.21720E+01
       14.9500        2.9500   0.41519E+04   0.41740E+04  -0.38050E+01  -0.21769E+01
       14.9667        2.9667   0.41518E+04   0.41740E+04  -0.38123E+01  -0.21818E+01
       14.9833        2.9833   0.41517E+04   0.41740E+04  -0.38195E+01  -0.21867E+01
       15.0000        3.0000   0.41516E+04   0.41740E+04  -0.38266E+01  -0.21914E+01
       15.0167        3.0167   0.41515E+04   0.41740E+04  -0.38337E+01  -0.21961E+01
       15.0333        3.0333   0.41514E+04   0.41740E+04  -0.38408E+01  -0.22006E+01
       15.0500        3.0500   0.41513E+04   0.41740E+04  -0.38477E+01  -0.22052E+01
       15.0667        3.0667   0.41512E+04   0.41740E+04  -0.38547E+01  -0.22096E+01
       15.0833        3.0833   0.41511E+04   0.41740E+04  -0.38615E+01  -0.22139E+01
       15.1000        3.1000   0.41510E+04   0.41740E+04  -0.38683E+01  -0.22182E+01
       15.1167        3.1167   0.41509E+04   0.41740E+04  -0.38751E+01  -0.22224E+01
       15.1333        3.1333   0.41508E+04   0.41740E+04  -0.38818E+01  -0.22265E+01
       15.1500        3.1500   0.41507E+04   0.41740E+04  -0.38884E+01  -0.22306E+01
       15.1667        3.1667   0.41507E+04   0.41740E+04  -0.38950E+01  -0.22346E+01
       15.1833        3.1833   0.41506E+04   0.41740E+04  -0.39015E+01  -0.22385E+01
       15.2000        3.2000   0.41505E+04   0.41740E+04  -0.39080E+01  -0.22423E+01
       15.2167        3.2167   0.41504E+04   0.41740E+04  -0.39144E+01  -0.22460E+01
       15.2333        3.2333   0.41503E+04   0.41740E+04  -0.39208E+01  -0.22497E+01
       15.2500        3.2500   0.41502E+04   0.41740E+04  -0.39271E+01  -0.22533E+01
       15.2667        3.2667   0.41501E+04   0.41740E+04  -0.39333E+01  -0.22569E+01
       15.2833        3.2833   0.41500E+04   0.41740E+04  -0.39395E+01  -0.22603E+01
       15.3000        3.3000   0.41499E+04   0.41740E+04  -0.39457E+01  -0.22637E+01
       15.3167        3.3167   0.41498E+04   0.41740E+04  -0.39517E+01  -0.22670E+01
       15.3333        3.3333   0.41497E+04   0.41740E+04  -0.39578E+01  -0.22703E+01
       15.3500        3.3500   0.41496E+04   0.41740E+04  -0.39637E+01  -0.22734E+01
       15.3667        3.3667   0.41495E+04   0.41740E+04  -0.39696E+01  -0.22765E+01
       15.3833        3.3833   0.41494E+04   0.41740E+04  -0.39755E+01  -0.22796E+01
       15.4000        3.4000   0.41493E+04   0.41740E+04  -0.39813E+01  -0.22825E+01
       15.4167        3.4167   0.41492E+04   0.41740E+04  -0.39870E+01  -0.22854E+01
       15.4333        3.4333   0.41492E+04   0.41740E+04  -0.39927E+01  -0.22882E+01
       15.4500        3.4500   0.41491E+04   0.41740E+04  -0.39983E+01  -0.22910E+01
       15.4667        3.4667   0.41490E+04   0.41740E+04  -0.40038E+01  -0.22937E+01
       15.4833        3.4833   0.41489E+04   0.41740E+04  -0.40093E+01  -0.22963E+01
       15.5000        3.5000   0.41488E+04   0.41740E+04  -0.40148E+01  -0.22988E+01
       15.5167        3.5167   0.41487E+04   0.41740E+04  -0.40201E+01  -0.23013E+01
       15.5333        3.5333   0.41486E+04   0.41740E+04  -0.40255E+01  -0.23037E+01
       15.5500        3.5500   0.41485E+04   0.41740E+04  -0.40307E+01  -0.23061E+01
       15.5667        3.5667   0.41484E+04   0.41740E+04  -0.40359E+01  -0.23083E+01
       15.5833        3.5833   0.41483E+04   0.41740E+04  -0.40411E+01  -0.23105E+01
       15.6000        3.6000   0.41483E+04   0.41740E+04  -0.40462E+01  -0.23127E+01
       15.6167        3.6167   0.41482E+04   0.41740E+04  -0.40512E+01  -0.23147E+01
       15.6333        3.6333   0.41481E+04   0.41740E+04  -0.40562E+01  -0.23168E+01
       15.6500        3.6500   0.41480E+04   0.41740E+04  -0.40611E+01  -0.23187E+01
       15.6667        3.6667   0.41479E+04   0.41740E+04  -0.40659E+01  -0.23206E+01
       15.6833        3.6833   0.41478E+04   0.41740E+04  -0.40707E+01  -0.23224E+01
       15.7000        3.7000   0.41477E+04   0.41740E+04  -0.40755E+01  -0.23241E+01
       15.7167        3.7167   0.41476E+04   0.41740E+04  -0.40801E+01  -0.23258E+01
       15.7333        3.7333   0.41476E+04   0.41740E+04  -0.40847E+01  -0.23274E+01
       15.7500        3.7500   0.41475E+04   0.41740E+04  -0.40893E+01  -0.23289E+01
       15.7667        3.7667   0.41474E+04   0.41740E+04  -0.40938E+01  -0.23304E+01
       15.7833        3.7833   0.41473E+04   0.41740E+04  -0.40982E+01  -0.23318E+01
       15.8000        3.8000   0.41472E+04   0.41740E+04  -0.41026E+01  -0.23331E+01
       15.8167        3.8167   0.41471E+04   0.41740E+04  -0.41069E+01  -0.23344E+01
       15.8333        3.8333   0.41470E+04   0.41740E+04  -0.41112E+01  -0.23356E+01
       15.8500        3.8500   0.41470E+04   0.41740E+04  -0.41154E+01  -0.23367E+01
       15.8667        3.8667   0.41469E+04   0.41740E+04  -0.41195E+01  -0.23378E+01
       15.8833        3.8833   0.41468E+04   0.41740E+04  -0.41236E+01  -0.23388E+01
       15.9000        3.9000   0.41467E+04   0.41740E+04  -0.41276E+01  -0.23398E+01
       15.9167        3.9167   0.41466E+04   0.41740E+04  -0.41315E+01  -0.23407E+01
       15.9333        3.9333   0.41465E+04   0.41740E+04  -0.41354E+01  -0.23415E+01
       15.9500        3.9500   0.41464E+04   0.41740E+04  -0.41392E+01  -0.23422E+01
       15.9667        3.9667   0.41464E+04   0.41740E+04  -0.41430E+01  -0.23429E+01
       15.9833        3.9833   0.41463E+04   0.41740E+04  -0.41467E+01  -0.23436E+01
       16.0000        4.0000   0.41462E+04   0.41740E+04  -0.41504E+01  -0.23441E+01
       16.0167        4.0167   0.41461E+04   0.41740E+04  -0.41539E+01  -0.23446E+01
       16.0333        4.0333   0.41460E+04   0.41740E+04  -0.41575E+01  -0.23451E+01
       16.0500        4.0500   0.41459E+04   0.41740E+04  -0.41609E+01  -0.23454E+01
       16.0667        4.0667   0.41459E+04   0.41740E+04  -0.41643E+01  -0.23457E+01
       16.0833        4.0833   0.41458E+04   0.41740E+04  -0.41677E+01  -0.23460E+01
       16.1000        4.1000   0.41457E+04   0.41740E+04  -0.41709E+01  -0.23462E+01
       16.1167        4.1167   0.41456E+04   0.41740E+04  -0.41741E+01  -0.23463E+01
       16.1333        4.1333   0.41455E+04   0.41740E+04  -0.41773E+01  -0.23463E+01
       16.1500        4.1500   0.41455E+04   0.41740E+04  -0.41804E+01  -0.23463E+01
       16.1667        4.1667   0.41454E+04   0.41740E+04  -0.41834E+01  -0.23463E+01
       16.1833        4.1833   0.41453E+04   0.41740E+04  -0.41864E+01  -0.23461E+01
       16.2000        4.2000   0.41452E+04   0.41740E+04  -0.41893E+01  -0.23459E+01
       16.2167        4.2167   0.41451E+04   0.41740E+04  -0.41921E+01  -0.23457E+01
       16.2333        4.2333   0.41450E+04   0.41740E+04  -0.41949E+01  -0.23453E+01
       16.2500        4.2500   0.41450E+04   0.41740E+04  -0.41976E+01  -0.23450E+01
       16.2667        4.2667   0.41449E+04   0.41740E+04  -0.42002E+01  -0.23445E+01
       16.2833        4.2833   0.41448E+04   0.41740E+04  -0.42028E+01  -0.23440E+01
       16.3000        4.3000   0.41447E+04   0.41740E+04  -0.42054E+01  -0.23434E+01
       16.3167        4.3167   0.41446E+04   0.41740E+04  -0.42078E+01  -0.23428E+01
       16.3333        4.3333   0.41446E+04   0.41740E+04  -0.42102E+01  -0.23421E+01
       16.3500        4.3500   0.41445E+04   0.41740E+04  -0.42125E+01  -0.23414E+01
       16.3667        4.3667   0.41444E+04   0.41740E+04  -0.42148E+01  -0.23405E+01
       16.3833        4.3833   0.41443E+04   0.41740E+04  -0.42170E+01  -0.23397E+01
       16.4000        4.4000   0.41442E+04   0.41740E+04  -0.42192E+01  -0.23387E+01
       16.4167        4.4167   0.41442E+04   0.41740E+04  -0.42212E+01  -0.23377E+01
       16.4333        4.4333   0.41441E+04   0.41740E+04  -0.42233E+01  -0.23366E+01
       16.4500        4.4500   0.41440E+04   0.41740E+04  -0.42252E+01  -0.23355E+01
       16.4667        4.4667   0.41439E+04   0.41740E+04  -0.42271E+01  -0.23343E+01
       16.4833        4.4833   0.41439E+04   0.41740E+04  -0.42289E+01  -0.23331E+01
       16.5000        4.5000   0.41438E+04   0.41740E+04  -0.42307E+01  -0.23318E+01
       16.5167        4.5167   0.41437E+04   0.41740E+04  -0.42324E+01  -0.23304E+01
       16.5333        4.5333   0.41436E+04   0.41740E+04  -0.42340E+01  -0.23290E+01
       16.5500        4.5500   0.41435E+04   0.41740E+04  -0.42356E+01  -0.23275E+01
       16.5667        4.5667   0.41435E+04   0.41740E+04  -0.42371E+01  -0.23259E+01
       16.5833        4.5833   0.41434E+04   0.41740E+04  -0.42385E+01  -0.23243E+01
       16.6000        4.6000   0.41433E+04   0.41740E+04  -0.42399E+01  -0.23226E+01
       16.6167        4.6167   0.41432E+04   0.41740E+04  -0.42412E+01  -0.23209E+01
       16.6333        4.6333   0.41431E+04   0.41740E+04  -0.42424E+01  -0.23191E+01
       16.6500        4.6500   0.41431E+04   0.41740E+04  -0.42436E+01  -0.23172E+01
       16.6667        4.6667   0.41430E+04   0.41740E+04  -0.42447E+01  -0.23153E+01
       16.6833        4.6833   0.41429E+04   0.41740E+04  -0.42457E+01  -0.23133E+01
       16.7000        4.7000   0.41428E+04   0.41740E+04  -0.42467E+01  -0.23113E+01
       16.7167        4.7167   0.41428E+04   0.41740E+04  -0.42476E+01  -0.23092E+01
       16.7333        4.7333   0.41427E+04   0.41740E+04  -0.42485E+01  -0.23071E+01
       16.7500        4.7500   0.41426E+04   0.41740E+04  -0.42492E+01  -0.23048E+01
       16.7667        4.7667   0.41425E+04   0.41740E+04  -0.42499E+01  -0.23026E+01
       16.7833        4.7833   0.41425E+04   0.41740E+04  -0.42506E+01  -0.23002E+01
       16.8000        4.8000   0.41424E+04   0.41740E+04  -0.42512E+01  -0.22978E+01
       16.8167        4.8167   0.41423E+04   0.41740E+04  -0.42517E+01  -0.22954E+01
       16.8333        4.8333   0.41422E+04   0.41740E+04  -0.42521E+01  -0.22928E+01
       16.8500        4.8500   0.41421E+04   0.41740E+04  -0.42525E+01  -0.22903E+01
       16.8667        4.8667   0.41421E+04   0.41740E+04  -0.42528E+01  -0.22876E+01
       16.8833        4.8833   0.41420E+04   0.41740E+04  -0.42531E+01  -0.22849E+01
       16.9000        4.9000   0.41419E+04   0.41740E+04  -0.42533E+01  -0.22822E+01
       16.9167        4.9167   0.41418E+04   0.41740E+04  -0.42534E+01  -0.22794E+01
       16.9333        4.9333   0.41418E+04   0.41740E+04  -0.42534E+01  -0.22765E+01
       16.9500        4.9500   0.41417E+04   0.41740E+04  -0.42534E+01  -0.22736E+01
       16.9667        4.9667   0.41416E+04   0.41740E+04  -0.42533E+01  -0.22706E+01
       16.9833        4.9833   0.41415E+04   0.41740E+04  -0.42532E+01  -0.22675E+01
       17.0000        5.0000   0.41415E+04   0.41740E+04  -0.42530E+01  -0.22644E+01
       17.0167        5.0167   0.41414E+04   0.41740E+04  -0.42527E+01  -0.22612E+01
       17.0333        5.0333   0.41413E+04   0.41740E+04  -0.42523E+01  -0.22580E+01
       17.0500        5.0500   0.41412E+04   0.41740E+04  -0.42519E+01  -0.22547E+01
       17.0667        5.0667   0.41412E+04   0.41740E+04  -0.42514E+01  -0.22514E+01
       17.0833        5.0833   0.41411E+04   0.41740E+04  -0.42508E+01  -0.22480E+01
       17.1000        5.1000   0.41410E+04   0.41740E+04  -0.42502E+01  -0.22445E+01
       17.1167        5.1167   0.41409E+04   0.41740E+04  -0.42495E+01  -0.22410E+01
       17.1333        5.1333   0.41409E+04   0.41740E+04  -0.42488E+01  -0.22374E+01
       17.1500        5.1500   0.41408E+04   0.41740E+04  -0.42479E+01  -0.22338E+01
       17.1667        5.1667   0.41407E+04   0.41740E+04  -0.42470E+01  -0.22301E+01
       17.1833        5.1833   0.41406E+04   0.41740E+04  -0.42461E+01  -0.22263E+01
       17.2000        5.2000   0.41406E+04   0.41740E+04  -0.42450E+01  -0.22225E+01
       17.2167        5.2167   0.41405E+04   0.41740E+04  -0.42439E+01  -0.22187E+01
       17.2333        5.2333   0.41404E+04   0.41740E+04  -0.42427E+01  -0.22147E+01
       17.2500        5.2500   0.41403E+04   0.41740E+04  -0.42415E+01  -0.22107E+01
       17.2667        5.2667   0.41403E+04   0.41740E+04  -0.42402E+01  -0.22067E+01
       17.2833        5.2833   0.41402E+04   0.41740E+04  -0.42388E+01  -0.22026E+01
       17.3000        5.3000   0.41401E+04   0.41740E+04  -0.42374E+01  -0.21984E+01
       17.3167        5.3167   0.41400E+04   0.41740E+04  -0.42358E+01  -0.21942E+01
       17.3333        5.3333   0.41400E+04   0.41740E+04  -0.42343E+01  -0.21900E+01
       17.3500        5.3500   0.41399E+04   0.41740E+04  -0.42326E+01  -0.21856E+01
       17.3667        5.3667   0.41398E+04   0.41740E+04  -0.42309E+01  -0.21812E+01
       17.3833        5.3833   0.41397E+04   0.41740E+04  -0.42291E+01  -0.21768E+01
       17.4000        5.4000   0.41397E+04   0.41740E+04  -0.42272E+01  -0.21723E+01
       17.4167        5.4167   0.41396E+04   0.41740E+04  -0.42253E+01  -0.21677E+01
       17.4333        5.4333   0.41395E+04   0.41740E+04  -0.42233E+01  -0.21631E+01
       17.4500        5.4500   0.41395E+04   0.41740E+04  -0.42212E+01  -0.21585E+01
       17.4667        5.4667   0.41394E+04   0.41740E+04  -0.42191E+01  -0.21537E+01
       17.4833        5.4833   0.41393E+04   0.41740E+04  -0.42168E+01  -0.21489E+01
       17.5000        5.5000   0.41392E+04   0.41740E+04  -0.42146E+01  -0.21441E+01
       17.5167        5.5167   0.41392E+04   0.41740E+04  -0.42122E+01  -0.21392E+01
       17.5333        5.5333   0.41391E+04   0.41740E+04  -0.42098E+01  -0.21343E+01
       17.5500        5.5500   0.41390E+04   0.41740E+04  -0.42073E+01  -0.21292E+01
       17.5667        5.5667   0.41389E+04   0.41740E+04  -0.42047E+01  -0.21242E+01
       17.5833        5.5833   0.41389E+04   0.41740E+04  -0.42021E+01  -0.21191E+01
       17.6000        5.6000   0.41388E+04   0.41740E+04  -0.41994E+01  -0.21139E+01
       17.6167        5.6167   0.41387E+04   0.41740E+04  -0.41966E+01  -0.21087E+01
       17.6333        5.6333   0.41386E+04   0.41740E+04  -0.41937E+01  -0.21034E+01
       17.6500        5.6500   0.41386E+04   0.41740E+04  -0.41908E+01  -0.20980E+01
       17.6667        5.6667   0.41385E+04   0.41740E+04  -0.41878E+01  -0.20926E+01
       17.6833        5.6833   0.41384E+04   0.41740E+04  -0.41848E+01  -0.20872E+01
       17.7000        5.7000   0.41384E+04   0.41740E+04  -0.41816E+01  -0.20817E+01
       17.7167        5.7167   0.41383E+04   0.41740E+04  -0.41784E+01  -0.20761E+01
       17.7333        5.7333   0.41382E+04   0.41740E+04  -0.41751E+01  -0.20705E+01
       17.7500        5.7500   0.41381E+04   0.41740E+04  -0.41718E+01  -0.20648E+01
       17.7667        5.7667   0.41381E+04   0.41740E+04  -0.41684E+01  -0.20591E+01
       17.7833        5.7833   0.41380E+04   0.41740E+04  -0.41649E+01  -0.20533E+01
       17.8000        5.8000   0.41379E+04   0.41740E+04  -0.41613E+01  -0.20474E+01
       17.8167        5.8167   0.41379E+04   0.41740E+04  -0.41577E+01  -0.20416E+01
       17.8333        5.8333   0.41378E+04   0.41740E+04  -0.41540E+01  -0.20356E+01
       17.8500        5.8500   0.41377E+04   0.41740E+04  -0.41502E+01  -0.20296E+01
       17.8667        5.8667   0.41376E+04   0.41740E+04  -0.41463E+01  -0.20235E+01
       17.8833        5.8833   0.41376E+04   0.41740E+04  -0.41424E+01  -0.20174E+01
       17.9000        5.9000   0.41375E+04   0.41740E+04  -0.41384E+01  -0.20113E+01
       17.9167        5.9167   0.41374E+04   0.41740E+04  -0.41343E+01  -0.20051E+01
       17.9333        5.9333   0.41374E+04   0.41740E+04  -0.41302E+01  -0.19988E+01
       17.9500        5.9500   0.41373E+04   0.41740E+04  -0.41260E+01  -0.19925E+01
       17.9667        5.9667   0.41372E+04   0.41740E+04  -0.41217E+01  -0.19861E+01
       17.9833        5.9833   0.41371E+04   0.41740E+04  -0.41173E+01  -0.19797E+01
       18.0000        6.0000   0.41371E+04   0.41740E+04  -0.41129E+01  -0.19732E+01
       18.0167        6.0167   0.41370E+04   0.41740E+04  -0.41084E+01  -0.19666E+01
       18.0333        6.0333   0.41369E+04   0.41740E+04  -0.41038E+01  -0.19600E+01
       18.0500        6.0500   0.41369E+04   0.41740E+04  -0.40992E+01  -0.19534E+01
       18.0667        6.0667   0.41368E+04   0.41740E+04  -0.40944E+01  -0.19467E+01
       18.0833        6.0833   0.41367E+04   0.41740E+04  -0.40896E+01  -0.19400E+01
       18.1000        6.1000   0.41366E+04   0.41740E+04  -0.40847E+01  -0.19332E+01
       18.1167        6.1167   0.41366E+04   0.41740E+04  -0.40798E+01  -0.19263E+01
       18.1333        6.1333   0.41365E+04   0.41740E+04  -0.40748E+01  -0.19194E+01
       18.1500        6.1500   0.41364E+04   0.41740E+04  -0.40697E+01  -0.19125E+01
       18.1667        6.1667   0.41364E+04   0.41740E+04  -0.40645E+01  -0.19054E+01
       18.1833        6.1833   0.41363E+04   0.41740E+04  -0.40593E+01  -0.18984E+01
       18.2000        6.2000   0.41362E+04   0.41740E+04  -0.40539E+01  -0.18913E+01
       18.2167        6.2167   0.41361E+04   0.41740E+04  -0.40485E+01  -0.18841E+01
       18.2333        6.2333   0.41361E+04   0.41740E+04  -0.40431E+01  -0.18769E+01
       18.2500        6.2500   0.41360E+04   0.41740E+04  -0.40375E+01  -0.18696E+01
       18.2667        6.2667   0.41359E+04   0.41740E+04  -0.40319E+01  -0.18623E+01
       18.2833        6.2833   0.41359E+04   0.41740E+04  -0.40262E+01  -0.18550E+01
       18.3000        6.3000   0.41358E+04   0.41740E+04  -0.40204E+01  -0.18475E+01
       18.3167        6.3167   0.41357E+04   0.41740E+04  -0.40146E+01  -0.18401E+01
       18.3333        6.3333   0.41357E+04   0.41740E+04  -0.40087E+01  -0.18326E+01
       18.3500        6.3500   0.41356E+04   0.41740E+04  -0.40027E+01  -0.18250E+01
       18.3667        6.3667   0.41355E+04   0.41740E+04  -0.39966E+01  -0.18174E+01
       18.3833        6.3833   0.41354E+04   0.41740E+04  -0.39905E+01  -0.18097E+01
       18.4000        6.4000   0.41354E+04   0.41740E+04  -0.39842E+01  -0.18020E+01
       18.4167        6.4167   0.41353E+04   0.41740E+04  -0.39779E+01  -0.17942E+01
       18.4333        6.4333   0.41352E+04   0.41740E+04  -0.39716E+01  -0.17864E+01
       18.4500        6.4500   0.41352E+04   0.41740E+04  -0.39651E+01  -0.17786E+01
       18.4667        6.4667   0.41351E+04   0.41740E+04  -0.39586E+01  -0.17706E+01
       18.4833        6.4833   0.41350E+04   0.41740E+04  -0.39520E+01  -0.17627E+01
       18.5000        6.5000   0.41350E+04   0.41740E+04  -0.39453E+01  -0.17547E+01
       18.5167        6.5167   0.41349E+04   0.41740E+04  -0.39386E+01  -0.17466E+01
       18.5333        6.5333   0.41348E+04   0.41740E+04  -0.39317E+01  -0.17385E+01
       18.5500        6.5500   0.41347E+04   0.41740E+04  -0.39248E+01  -0.17304E+01
       18.5667        6.5667   0.41347E+04   0.41740E+04  -0.39178E+01  -0.17222E+01
       18.5833        6.5833   0.41346E+04   0.41740E+04  -0.39108E+01  -0.17139E+01
       18.6000        6.6000   0.41345E+04   0.41740E+04  -0.39036E+01  -0.17056E+01
       18.6167        6.6167   0.41345E+04   0.41740E+04  -0.38964E+01  -0.16973E+01
       18.6333        6.6333   0.41344E+04   0.41740E+04  -0.38891E+01  -0.16889E+01
       18.6500        6.6500   0.41343E+04   0.41740E+04  -0.38818E+01  -0.16804E+01
       18.6667        6.6667   0.41343E+04   0.41740E+04  -0.38743E+01  -0.16720E+01
       18.6833        6.6833   0.41342E+04   0.41740E+04  -0.38668E+01  -0.16634E+01
       18.7000        6.7000   0.41341E+04   0.41740E+04  -0.38592E+01  -0.16549E+01
       18.7167        6.7167   0.41341E+04   0.41740E+04  -0.38515E+01  -0.16462E+01
       18.7333        6.7333   0.41340E+04   0.41740E+04  -0.38437E+01  -0.16376E+01
       18.7500        6.7500   0.41339E+04   0.41740E+04  -0.38359E+01  -0.16289E+01
       18.7667        6.7667   0.41338E+04   0.41740E+04  -0.38280E+01  -0.16201E+01
       18.7833        6.7833   0.41338E+04   0.41740E+04  -0.38200E+01  -0.16113E+01
       18.8000        6.8000   0.41337E+04   0.41740E+04  -0.38119E+01  -0.16024E+01
       18.8167        6.8167   0.41336E+04   0.41740E+04  -0.38038E+01  -0.15936E+01
       18.8333        6.8333   0.41336E+04   0.41740E+04  -0.37955E+01  -0.15846E+01
       18.8500        6.8500   0.41335E+04   0.41740E+04  -0.37872E+01  -0.15756E+01
       18.8667        6.8667   0.41334E+04   0.41740E+04  -0.37788E+01  -0.15666E+01
       18.8833        6.8833   0.41334E+04   0.41740E+04  -0.37704E+01  -0.15575E+01
       18.9000        6.9000   0.41333E+04   0.41740E+04  -0.37618E+01  -0.15484E+01
       18.9167        6.9167   0.41332E+04   0.41740E+04  -0.37532E+01  -0.15393E+01
       18.9333        6.9333   0.41332E+04   0.41740E+04  -0.37445E+01  -0.15301E+01
       18.9500        6.9500   0.41331E+04   0.41740E+04  -0.37357E+01  -0.15208E+01
       18.9667        6.9667   0.41330E+04   0.41740E+04  -0.37268E+01  -0.15115E+01
       18.9833        6.9833   0.41330E+04   0.41740E+04  -0.37179E+01  -0.15022E+01
       19.0000        7.0000   0.41329E+04   0.41740E+04  -0.37089E+01  -0.14928E+01
       19.0167        7.0167   0.41328E+04   0.41740E+04  -0.36998E+01  -0.14834E+01
       19.0333        7.0333   0.41328E+04   0.41740E+04  -0.36906E+01  -0.14740E+01
       19.0500        7.0500   0.41327E+04   0.41740E+04  -0.36813E+01  -0.14645E+01
       19.0667        7.0667   0.41326E+04   0.41740E+04  -0.36720E+01  -0.14549E+01
       19.0833        7.0833   0.41326E+04   0.41740E+04  -0.36625E+01  -0.14454E+01
       19.1000        7.1000   0.41325E+04   0.41740E+04  -0.36530E+01  -0.14358E+01
       19.1167        7.1167   0.41324E+04   0.41740E+04  -0.36434E+01  -0.14261E+01
       19.1333        7.1333   0.41324E+04   0.41740E+04  -0.36337E+01  -0.14164E+01
       19.1500        7.1500   0.41323E+04   0.41740E+04  -0.36240E+01  -0.14067E+01
       19.1667        7.1667   0.41322E+04   0.41740E+04  -0.36142E+01  -0.13969E+01
       19.1833        7.1833   0.41322E+04   0.41740E+04  -0.36042E+01  -0.13871E+01
       19.2000        7.2000   0.41321E+04   0.41740E+04  -0.35942E+01  -0.13772E+01
       19.2167        7.2167   0.41320E+04   0.41740E+04  -0.35841E+01  -0.13673E+01
       19.2333        7.2333   0.41320E+04   0.41740E+04  -0.35740E+01  -0.13574E+01
       19.2500        7.2500   0.41319E+04   0.41740E+04  -0.35637E+01  -0.13474E+01
       19.2667        7.2667   0.41318E+04   0.41740E+04  -0.35534E+01  -0.13374E+01
       19.2833        7.2833   0.41318E+04   0.41740E+04  -0.35430E+01  -0.13274E+01
       19.3000        7.3000   0.41317E+04   0.41740E+04  -0.35325E+01  -0.13173E+01
       19.3167        7.3167   0.41316E+04   0.41740E+04  -0.35219E+01  -0.13072E+01
       19.3333        7.3333   0.41316E+04   0.41740E+04  -0.35112E+01  -0.12970E+01
       19.3500        7.3500   0.41315E+04   0.41740E+04  -0.35005E+01  -0.12868E+01
       19.3667        7.3667   0.41314E+04   0.41740E+04  -0.34896E+01  -0.12766E+01
       19.3833        7.3833   0.41314E+04   0.41740E+04  -0.34787E+01  -0.12663E+01
       19.4000        7.4000   0.41313E+04   0.41740E+04  -0.34677E+01  -0.12560E+01
       19.4167        7.4167   0.41312E+04   0.41740E+04  -0.34566E+01  -0.12457E+01
       19.4333        7.4333   0.41312E+04   0.41740E+04  -0.34454E+01  -0.12353E+01
       19.4500        7.4500   0.41311E+04   0.41740E+04  -0.34342E+01  -0.12249E+01
       19.4667        7.4667   0.41310E+04   0.41740E+04  -0.34228E+01  -0.12145E+01
       19.4833        7.4833   0.41310E+04   0.41740E+04  -0.34114E+01  -0.12040E+01
       19.5000        7.5000   0.41309E+04   0.41740E+04  -0.33999E+01  -0.11935E+01
       19.5167        7.5167   0.41308E+04   0.41740E+04  -0.33883E+01  -0.11830E+01
       19.5333        7.5333   0.41308E+04   0.41740E+04  -0.33766E+01  -0.11724E+01
       19.5500        7.5500   0.41307E+04   0.41740E+04  -0.33648E+01  -0.11618E+01
       19.5667        7.5667   0.41306E+04   0.41740E+04  -0.33530E+01  -0.11512E+01
       19.5833        7.5833   0.41306E+04   0.41740E+04  -0.33410E+01  -0.11405E+01
       19.6000        7.6000   0.41305E+04   0.41740E+04  -0.33290E+01  -0.11299E+01
       19.6167        7.6167   0.41304E+04   0.41740E+04  -0.33169E+01  -0.11191E+01
       19.6333        7.6333   0.41304E+04   0.41740E+04  -0.33046E+01  -0.11084E+01
       19.6500        7.6500   0.41303E+04   0.41740E+04  -0.32923E+01  -0.10976E+01
       19.6667        7.6667   0.41302E+04   0.41740E+04  -0.32800E+01  -0.10868E+01
       19.6833        7.6833   0.41302E+04   0.41740E+04  -0.32675E+01  -0.10759E+01
       19.7000        7.7000   0.41301E+04   0.41740E+04  -0.32549E+01  -0.10651E+01
       19.7167        7.7167   0.41300E+04   0.41740E+04  -0.32423E+01  -0.10542E+01
       19.7333        7.7333   0.41300E+04   0.41740E+04  -0.32295E+01  -0.10433E+01
       19.7500        7.7500   0.41299E+04   0.41740E+04  -0.32167E+01  -0.10323E+01
       19.7667        7.7667   0.41299E+04   0.41740E+04  -0.32038E+01  -0.10213E+01
       19.7833        7.7833   0.41298E+04   0.41740E+04  -0.31907E+01  -0.10103E+01
       19.8000        7.8000   0.41297E+04   0.41740E+04  -0.31776E+01  -0.99929E+00
       19.8167        7.8167   0.41297E+04   0.41740E+04  -0.31644E+01  -0.98823E+00
       19.8333        7.8333   0.41296E+04   0.41740E+04  -0.31512E+01  -0.97715E+00
       19.8500        7.8500   0.41295E+04   0.41740E+04  -0.31378E+01  -0.96605E+00
       19.8667        7.8667   0.41295E+04   0.41740E+04  -0.31243E+01  -0.95492E+00
       19.8833        7.8833   0.41294E+04   0.41740E+04  -0.31107E+01  -0.94377E+00
       19.9000        7.9000   0.41293E+04   0.41740E+04  -0.30971E+01  -0.93260E+00
       19.9167        7.9167   0.41293E+04   0.41740E+04  -0.30833E+01  -0.92140E+00
       19.9333        7.9333   0.41292E+04   0.41740E+04  -0.30695E+01  -0.91018E+00
       19.9500        7.9500   0.41292E+04   0.41740E+04  -0.30556E+01  -0.89894E+00
       19.9667        7.9667   0.41291E+04   0.41740E+04  -0.30415E+01  -0.88768E+00
       19.9833        7.9833   0.41290E+04   0.41740E+04  -0.30274E+01  -0.87640E+00
       20.0000        8.0000   0.41290E+04   0.41740E+04  -0.30132E+01  -0.86510E+00
       20.0167        8.0167   0.41289E+04   0.41740E+04  -0.29989E+01  -0.85379E+00
       20.0333        8.0333   0.41288E+04   0.41740E+04  -0.29845E+01  -0.84245E+00
       20.0500        8.0500   0.41288E+04   0.41740E+04  -0.29700E+01  -0.83110E+00
       20.0667        8.0667   0.41287E+04   0.41740E+04  -0.29554E+01  -0.81973E+00
       20.0833        8.0833   0.41287E+04   0.41740E+04  -0.29407E+01  -0.80834E+00
       20.1000        8.1000   0.41286E+04   0.41740E+04  -0.29259E+01  -0.79694E+00
       20.1167        8.1167   0.41285E+04   0.41740E+04  -0.29110E+01  -0.78552E+00
       20.1333        8.1333   0.41285E+04   0.41740E+04  -0.28960E+01  -0.77409E+00
       20.1500        8.1500   0.41284E+04   0.41740E+04  -0.28809E+01  -0.76264E+00
       20.1667        8.1667   0.41284E+04   0.41740E+04  -0.28657E+01  -0.75118E+00
       20.1833        8.1833   0.41283E+04   0.41740E+04  -0.28504E+01  -0.73971E+00
       20.2000        8.2000   0.41282E+04   0.41740E+04  -0.28350E+01  -0.72823E+00
       20.2167        8.2167   0.41282E+04   0.41740E+04  -0.28195E+01  -0.71673E+00
       20.2333        8.2333   0.41281E+04   0.41740E+04  -0.28039E+01  -0.70523E+00
       20.2500        8.2500   0.41280E+04   0.41740E+04  -0.27882E+01  -0.69372E+00
       20.2667        8.2667   0.41280E+04   0.41740E+04  -0.27724E+01  -0.68220E+00
       20.2833        8.2833   0.41279E+04   0.41740E+04  -0.27565E+01  -0.67067E+00
       20.3000        8.3000   0.41279E+04   0.41740E+04  -0.27405E+01  -0.65913E+00
       20.3167        8.3167   0.41278E+04   0.41740E+04  -0.27244E+01  -0.64759E+00
       20.3333        8.3333   0.41277E+04   0.41740E+04  -0.27081E+01  -0.63605E+00
       20.3500        8.3500   0.41277E+04   0.41740E+04  -0.26918E+01  -0.62450E+00
       20.3667        8.3667   0.41276E+04   0.41740E+04  -0.26754E+01  -0.61295E+00
       20.3833        8.3833   0.41276E+04   0.41740E+04  -0.26588E+01  -0.60139E+00
       20.4000        8.4000   0.41275E+04   0.41740E+04  -0.26422E+01  -0.58984E+00
       20.4167        8.4167   0.41275E+04   0.41740E+04  -0.26254E+01  -0.57828E+00
       20.4333        8.4333   0.41274E+04   0.41740E+04  -0.26085E+01  -0.56673E+00
       20.4500        8.4500   0.41273E+04   0.41740E+04  -0.25915E+01  -0.55518E+00
       20.4667        8.4667   0.41273E+04   0.41740E+04  -0.25744E+01  -0.54363E+00
       20.4833        8.4833   0.41272E+04   0.41740E+04  -0.25572E+01  -0.53209E+00
       20.5000        8.5000   0.41272E+04   0.41740E+04  -0.25399E+01  -0.52055E+00
       20.5167        8.5167   0.41271E+04   0.41740E+04  -0.25224E+01  -0.50902E+00
       20.5333        8.5333   0.41270E+04   0.41740E+04  -0.25049E+01  -0.49750E+00
       20.5500        8.5500   0.41270E+04   0.41740E+04  -0.24872E+01  -0.48599E+00
       20.5667        8.5667   0.41269E+04   0.41740E+04  -0.24694E+01  -0.47449E+00
       20.5833        8.5833   0.41269E+04   0.41740E+04  -0.24514E+01  -0.46300E+00
       20.6000        8.6000   0.41268E+04   0.41740E+04  -0.24334E+01  -0.45153E+00
       20.6167        8.6167   0.41268E+04   0.41740E+04  -0.24152E+01  -0.44008E+00
       20.6333        8.6333   0.41267E+04   0.41740E+04  -0.23969E+01  -0.42864E+00
       20.6500        8.6500   0.41266E+04   0.41740E+04  -0.23785E+01  -0.41722E+00
       20.6667        8.6667   0.41266E+04   0.41740E+04  -0.23599E+01  -0.40583E+00
       20.6833        8.6833   0.41265E+04   0.41740E+04  -0.23412E+01  -0.39445E+00
       20.7000        8.7000   0.41265E+04   0.41740E+04  -0.23224E+01  -0.38311E+00
       20.7167        8.7167   0.41264E+04   0.41740E+04  -0.23034E+01  -0.37179E+00
       20.7333        8.7333   0.41264E+04   0.41740E+04  -0.22843E+01  -0.36050E+00
       20.7500        8.7500   0.41263E+04   0.41740E+04  -0.22650E+01  -0.34924E+00
       20.7667        8.7667   0.41263E+04   0.41740E+04  -0.22456E+01  -0.33802E+00
       20.7833        8.7833   0.41262E+04   0.41740E+04  -0.22261E+01  -0.32683E+00
       20.8000        8.8000   0.41262E+04   0.41740E+04  -0.22064E+01  -0.31569E+00
       20.8167        8.8167   0.41261E+04   0.41740E+04  -0.21865E+01  -0.30459E+00
       20.8333        8.8333   0.41260E+04   0.41740E+04  -0.21665E+01  -0.29353E+00
       20.8500        8.8500   0.41260E+04   0.41740E+04  -0.21464E+01  -0.28253E+00
       20.8667        8.8667   0.41259E+04   0.41740E+04  -0.21260E+01  -0.27158E+00
       20.8833        8.8833   0.41259E+04   0.41740E+04  -0.21055E+01  -0.26068E+00
       20.9000        8.9000   0.41258E+04   0.41740E+04  -0.20848E+01  -0.24985E+00
       20.9167        8.9167   0.41258E+04   0.41740E+04  -0.20640E+01  -0.23908E+00
       20.9333        8.9333   0.41257E+04   0.41740E+04  -0.20429E+01  -0.22838E+00
       20.9500        8.9500   0.41257E+04   0.41740E+04  -0.20216E+01  -0.21776E+00
       20.9667        8.9667   0.41256E+04   0.41740E+04  -0.20002E+01  -0.20722E+00
       20.9833        8.9833   0.41256E+04   0.41740E+04  -0.19785E+01  -0.19676E+00
       21.0000        9.0000   0.41255E+04   0.41740E+04  -0.19566E+01  -0.18640E+00
       21.0167        9.0167   0.41255E+04   0.41740E+04  -0.19345E+01  -0.17614E+00
       21.0333        9.0333   0.41254E+04   0.41740E+04  -0.19121E+01  -0.16598E+00
       21.0500        9.0500   0.41254E+04   0.41740E+04  -0.18895E+01  -0.15594E+00
       21.0667        9.0667   0.41253E+04   0.41740E+04  -0.18666E+01  -0.14602E+00
       21.0833        9.0833   0.41253E+04   0.41740E+04  -0.18434E+01  -0.13624E+00
       21.1000        9.1000   0.41252E+04   0.41740E+04  -0.18199E+01  -0.12660E+00
       21.1167        9.1167   0.41252E+04   0.41740E+04  -0.17961E+01  -0.11712E+00
       21.1333        9.1333   0.41251E+04   0.41740E+04  -0.17720E+01  -0.10781E+00
       21.1500        9.1500   0.41251E+04   0.41740E+04  -0.17474E+01  -0.98679E-01
       21.1667        9.1667   0.41250E+04   0.41740E+04  -0.17225E+01  -0.89754E-01
       21.1833        9.1833   0.41250E+04   0.41740E+04  -0.16971E+01  -0.81049E-01
       21.2000        9.2000   0.41249E+04   0.41740E+04  -0.16712E+01  -0.72585E-01
       21.2167        9.2167   0.41249E+04   0.41740E+04  -0.16448E+01  -0.64385E-01
       21.2333        9.2333   0.41249E+04   0.41740E+04  -0.16178E+01  -0.56477E-01
       21.2500        9.2500   0.41248E+04   0.41740E+04  -0.15901E+01  -0.48889E-01
       21.2667        9.2667   0.41248E+04   0.41740E+04  -0.15617E+01  -0.41657E-01
       21.2833        9.2833   0.41247E+04   0.41740E+04  -0.15325E+01  -0.34818E-01
       21.3000        9.3000   0.41247E+04   0.41740E+04  -0.15023E+01  -0.28416E-01
       21.3167        9.3167   0.41246E+04   0.41740E+04  -0.14710E+01  -0.22499E-01
       21.3333        9.3333   0.41246E+04   0.41740E+04  -0.14385E+01  -0.17122E-01
       21.3500        9.3500   0.41246E+04   0.41740E+04  -0.14046E+01  -0.12342E-01
       21.3667        9.3667   0.41245E+04   0.41740E+04  -0.13690E+01  -0.82277E-02
       21.3833        9.3833   0.41245E+04   0.41740E+04  -0.13071E+01  -0.12074E-01
       21.4000        9.4000   0.41245E+04   0.41740E+04  -0.44332E-01  -0.92111E-01
       21.4167        9.4167   0.41244E+04   0.41740E+04   0.13119E-01  -0.87537E-01
       21.4333        9.4333   0.41244E+04   0.41740E+04   0.67078E-01  -0.83139E-01
       21.4500        9.4500   0.41244E+04   0.41740E+04   0.11717E+00  -0.78939E-01
       21.4667        9.4667   0.41244E+04   0.41740E+04   0.16383E+00  -0.74931E-01
       21.4833        9.4833   0.41243E+04   0.41740E+04   0.20742E+00  -0.71107E-01
       21.5000        9.5000   0.41243E+04   0.41740E+04   0.24823E+00  -0.67459E-01
       21.5167        9.5167   0.41243E+04   0.41740E+04   0.27662E+00  -0.64324E-01
       21.5333        9.5333   0.41243E+04   0.41740E+04   0.27936E+00  -0.62114E-01
       21.5500        9.5500   0.41243E+04   0.41740E+04   0.28211E+00  -0.59888E-01
       21.5667        9.5667   0.41243E+04   0.41740E+04   0.28489E+00  -0.57647E-01
       21.5833        9.5833   0.41242E+04   0.41740E+04   0.28770E+00  -0.55391E-01
       21.6000        9.6000   0.41242E+04   0.41740E+04   0.29053E+00  -0.53121E-01
       21.6167        9.6167   0.41242E+04   0.41740E+04   0.29339E+00  -0.50837E-01
       21.6333        9.6333   0.41242E+04   0.41740E+04   0.29629E+00  -0.48539E-01
       21.6500        9.6500   0.41242E+04   0.41740E+04   0.29923E+00  -0.46228E-01
       21.6667        9.6667   0.41242E+04   0.41740E+04   0.30220E+00  -0.43904E-01
       21.6833        9.6833   0.41242E+04   0.41740E+04   0.30522E+00  -0.41568E-01
       21.7000        9.7000   0.41241E+04   0.41740E+04   0.30829E+00  -0.39220E-01
       21.7167        9.7167   0.41241E+04   0.41740E+04   0.31142E+00  -0.36860E-01
       21.7333        9.7333   0.41241E+04   0.41740E+04   0.31459E+00  -0.34490E-01
       21.7500        9.7500   0.41241E+04   0.41740E+04   0.31783E+00  -0.32109E-01
       21.7667        9.7667   0.41241E+04   0.41740E+04   0.32114E+00  -0.29719E-01
       21.7833        9.7833   0.41241E+04   0.41740E+04   0.32452E+00  -0.27320E-01
       21.8000        9.8000   0.41241E+04   0.41740E+04   0.32798E+00  -0.24913E-01
       21.8167        9.8167   0.41241E+04   0.41740E+04   0.33152E+00  -0.22499E-01
       21.8333        9.8333   0.41241E+04   0.41740E+04   0.33516E+00  -0.20079E-01
       21.8500        9.8500   0.41240E+04   0.41740E+04   0.33891E+00  -0.17656E-01
       21.8667        9.8667   0.41240E+04   0.41740E+04   0.34278E+00  -0.15230E-01
       21.8833        9.8833   0.41240E+04   0.41740E+04   0.34678E+00  -0.12806E-01
       21.9000        9.9000   0.41240E+04   0.41740E+04   0.35096E+00  -0.10387E-01
       21.9167        9.9167   0.41240E+04   0.41740E+04   0.35534E+00  -0.79811E-02
       21.9333        9.9333   0.41240E+04   0.41740E+04   0.36001E+00  -0.55997E-02
       21.9500        9.9500   0.41240E+04   0.41740E+04   0.36513E+00  -0.32711E-02
       21.9667        9.9667   0.41240E+04   0.41740E+04   0.37145E+00  -0.11186E-02
       21.9833        9.9833   0.41240E+04   0.41740E+04   0.37632E+00  -0.00000E+00
       22.0000       10.0000   0.41240E+04   0.41740E+04   0.36625E+00  -0.00000E+00
       22.0167       10.0167   0.41240E+04   0.41740E+04   0.37117E+00  -0.00000E+00
       22.0333       10.0333   0.41240E+04   0.41740E+04   0.37643E+00  -0.00000E+00
       22.0500       10.0500   0.41240E+04   0.41740E+04   0.38177E+00  -0.00000E+00
       22.0667       10.0667   0.41241E+04   0.41740E+04   0.38718E+00  -0.00000E+00
       22.0833       10.0833   0.41241E+04   0.41740E+04   0.39267E+00  -0.00000E+00
       22.1000       10.1000   0.41241E+04   0.41740E+04   0.39826E+00  -0.00000E+00
       22.1167       10.1167   0.41241E+04   0.41740E+04   0.40394E+00  -0.00000E+00
       22.1333       10.1333   0.41241E+04   0.41740E+04   0.40971E+00  -0.00000E+00
       22.1500       10.1500   0.41241E+04   0.41740E+04   0.41559E+00  -0.00000E+00
       22.1667       10.1667   0.41241E+04   0.41740E+04   0.42158E+00  -0.00000E+00
       22.1833       10.1833   0.41241E+04   0.41740E+04   0.42769E+00  -0.00000E+00
       22.2000       10.2000   0.41241E+04   0.41740E+04   0.43392E+00  -0.00000E+00
       22.2167       10.2167   0.41242E+04   0.41740E+04   0.44028E+00  -0.00000E+00
       22.2333       10.2333   0.41242E+04   0.41740E+04   0.44678E+00  -0.00000E+00
       22.2500       10.2500   0.41242E+04   0.41740E+04   0.45342E+00  -0.00000E+00
       22.2667       10.2667   0.41242E+04   0.41740E+04   0.46022E+00  -0.00000E+00
       22.2833       10.2833   0.41242E+04   0.41740E+04   0.46717E+00  -0.00000E+00
       22.3000       10.3000   0.41242E+04   0.41740E+04   0.47430E+00  -0.00000E+00
       22.3167       10.3167   0.41242E+04   0.41740E+04   0.48160E+00  -0.00000E+00
       22.3333       10.3333   0.41242E+04   0.41740E+04   0.48909E+00  -0.00000E+00
       22.3500       10.3500   0.41243E+04   0.41740E+04   0.49678E+00  -0.00000E+00
       22.3667       10.3667   0.41243E+04   0.41740E+04   0.50468E+00  -0.00000E+00
       22.3833       10.3833   0.41243E+04   0.41740E+04   0.51280E+00  -0.00000E+00
       22.4000       10.4000   0.41243E+04   0.41740E+04   0.52115E+00  -0.00000E+00
       22.4167       10.4167   0.41243E+04   0.41740E+04   0.52975E+00  -0.00000E+00
       22.4333       10.4333   0.41243E+04   0.41740E+04   0.53861E+00  -0.00000E+00
       22.4500       10.4500   0.41244E+04   0.41740E+04   0.54774E+00  -0.00000E+00
       22.4667       10.4667   0.41244E+04   0.41740E+04   0.55717E+00  -0.00000E+00
       22.4833       10.4833   0.41244E+04   0.41740E+04   0.56690E+00  -0.00000E+00
       22.5000       10.5000   0.41244E+04   0.41740E+04   0.57696E+00  -0.00000E+00
       22.5167       10.5167   0.41244E+04   0.41740E+04   0.58736E+00  -0.00000E+00
       22.5333       10.5333   0.41244E+04   0.41740E+04   0.59812E+00  -0.00000E+00
       22.5500       10.5500   0.41245E+04   0.41740E+04   0.60928E+00  -0.00000E+00
       22.5667       10.5667   0.41245E+04   0.41740E+04   0.62084E+00  -0.00000E+00
       22.5833       10.5833   0.41245E+04   0.41740E+04   0.63284E+00  -0.00000E+00
       22.6000       10.6000   0.41245E+04   0.41740E+04   0.64530E+00  -0.00000E+00
       22.6167       10.6167   0.41245E+04   0.41740E+04   0.65825E+00  -0.00000E+00
       22.6333       10.6333   0.41245E+04   0.41740E+04   0.67173E+00  -0.00000E+00
       22.6500       10.6500   0.41246E+04   0.41740E+04   0.68577E+00  -0.00000E+00
       22.6667       10.6667   0.41246E+04   0.41740E+04   0.70040E+00  -0.00000E+00
       22.6833       10.6833   0.41246E+04   0.41740E+04   0.71567E+00  -0.00000E+00
       22.7000       10.7000   0.41246E+04   0.41740E+04   0.73162E+00  -0.00000E+00
       22.7167       10.7167   0.41246E+04   0.41740E+04   0.74830E+00  -0.00000E+00
       22.7333       10.7333   0.41247E+04   0.41740E+04   0.76576E+00  -0.00000E+00
       22.7500       10.7500   0.41247E+04   0.41740E+04   0.78406E+00  -0.00000E+00
       22.7667       10.7667   0.41247E+04   0.41740E+04   0.80327E+00  -0.00000E+00
       22.7833       10.7833   0.41247E+04   0.41740E+04   0.82345E+00  -0.00000E+00
       22.8000       10.8000   0.41248E+04   0.41740E+04   0.84467E+00  -0.00000E+00
       22.8167       10.8167   0.41248E+04   0.41740E+04   0.86703E+00  -0.00000E+00
       22.8333       10.8333   0.41248E+04   0.41740E+04   0.89062E+00  -0.00000E+00
       22.8500       10.8500   0.41248E+04   0.41740E+04   0.91554E+00  -0.00000E+00
       22.8667       10.8667   0.41249E+04   0.41740E+04   0.93161E+00  -0.00000E+00
       22.8833       10.8833   0.41249E+04   0.41740E+04   0.92823E+00  -0.00000E+00
       22.9000       10.9000   0.41249E+04   0.41740E+04   0.92487E+00  -0.00000E+00
       22.9167       10.9167   0.41249E+04   0.41740E+04   0.92156E+00  -0.00000E+00
       22.9333       10.9333   0.41250E+04   0.41740E+04   0.91828E+00  -0.00000E+00
       22.9500       10.9500   0.41250E+04   0.41740E+04   0.91503E+00  -0.00000E+00
       22.9667       10.9667   0.41250E+04   0.41740E+04   0.91183E+00  -0.00000E+00
       22.9833       10.9833   0.41250E+04   0.41740E+04   0.90865E+00  -0.00000E+00
       23.0000       11.0000   0.41251E+04   0.41740E+04   0.90551E+00  -0.00000E+00
       23.0167       11.0167   0.41251E+04   0.41740E+04   0.90240E+00  -0.00000E+00
       23.0333       11.0333   0.41251E+04   0.41740E+04   0.89933E+00  -0.00000E+00
       23.0500       11.0500   0.41251E+04   0.41740E+04   0.89629E+00  -0.00000E+00
       23.0667       11.0667   0.41252E+04   0.41740E+04   0.89328E+00  -0.00000E+00
       23.0833       11.0833   0.41252E+04   0.41740E+04   0.89030E+00  -0.00000E+00
       23.1000       11.1000   0.41252E+04   0.41740E+04   0.88736E+00  -0.00000E+00
       23.1167       11.1167   0.41252E+04   0.41740E+04   0.88444E+00  -0.00000E+00
       23.1333       11.1333   0.41253E+04   0.41740E+04   0.88156E+00  -0.00000E+00
       23.1500       11.1500   0.41253E+04   0.41740E+04   0.87871E+00  -0.00000E+00
       23.1667       11.1667   0.41253E+04   0.41740E+04   0.87589E+00  -0.00000E+00
       23.1833       11.1833   0.41253E+04   0.41740E+04   0.87309E+00  -0.00000E+00
       23.2000       11.2000   0.41254E+04   0.41740E+04   0.87033E+00  -0.00000E+00
       23.2167       11.2167   0.41254E+04   0.41740E+04   0.86760E+00  -0.00000E+00
       23.2333       11.2333   0.41254E+04   0.41740E+04   0.86489E+00  -0.00000E+00
       23.2500       11.2500   0.41254E+04   0.41740E+04   0.86221E+00  -0.00000E+00
       23.2667       11.2667   0.41255E+04   0.41740E+04   0.85956E+00  -0.00000E+00
       23.2833       11.2833   0.41255E+04   0.41740E+04   0.85694E+00  -0.00000E+00
       23.3000       11.3000   0.41255E+04   0.41740E+04   0.85435E+00  -0.00000E+00
       23.3167       11.3167   0.41255E+04   0.41740E+04   0.85178E+00  -0.00000E+00
       23.3333       11.3333   0.41256E+04   0.41740E+04   0.84924E+00  -0.00000E+00
       23.3500       11.3500   0.41256E+04   0.41740E+04   0.84673E+00  -0.00000E+00
       23.3667       11.3667   0.41256E+04   0.41740E+04   0.84424E+00  -0.00000E+00
       23.3833       11.3833   0.41256E+04   0.41740E+04   0.84178E+00  -0.00000E+00
       23.4000       11.4000   0.41257E+04   0.41740E+04   0.83934E+00  -0.00000E+00
       23.4167       11.4167   0.41257E+04   0.41740E+04   0.83693E+00  -0.00000E+00
       23.4333       11.4333   0.41257E+04   0.41740E+04   0.83454E+00  -0.00000E+00
       23.4500       11.4500   0.41257E+04   0.41740E+04   0.83218E+00  -0.00000E+00
       23.4667       11.4667   0.41258E+04   0.41740E+04   0.82984E+00  -0.00000E+00
       23.4833       11.4833   0.41258E+04   0.41740E+04   0.82753E+00  -0.00000E+00
       23.5000       11.5000   0.41258E+04   0.41740E+04   0.82524E+00  -0.00000E+00
       23.5167       11.5167   0.41258E+04   0.41740E+04   0.82297E+00  -0.00000E+00
       23.5333       11.5333   0.41259E+04   0.41740E+04   0.82073E+00  -0.00000E+00
       23.5500       11.5500   0.41259E+04   0.41740E+04   0.81851E+00  -0.00000E+00
       23.5667       11.5667   0.41259E+04   0.41740E+04   0.81631E+00  -0.00000E+00
       23.5833       11.5833   0.41259E+04   0.41740E+04   0.81413E+00  -0.00000E+00
       23.6000       11.6000   0.41259E+04   0.41740E+04   0.81198E+00  -0.00000E+00
       23.6167       11.6167   0.41260E+04   0.41740E+04   0.80985E+00  -0.00000E+00
       23.6333       11.6333   0.41260E+04   0.41740E+04   0.80774E+00  -0.00000E+00
       23.6500       11.6500   0.41260E+04   0.41740E+04   0.80565E+00  -0.00000E+00
       23.6667       11.6667   0.41260E+04   0.41740E+04   0.80359E+00  -0.00000E+00
       23.6833       11.6833   0.41261E+04   0.41740E+04   0.80154E+00  -0.00000E+00
       23.7000       11.7000   0.41261E+04   0.41740E+04   0.79952E+00  -0.00000E+00
       23.7167       11.7167   0.41261E+04   0.41740E+04   0.79751E+00  -0.00000E+00
       23.7333       11.7333   0.41261E+04   0.41740E+04   0.79553E+00  -0.00000E+00
       23.7500       11.7500   0.41262E+04   0.41740E+04   0.79356E+00  -0.00000E+00
       23.7667       11.7667   0.41262E+04   0.41740E+04   0.79162E+00  -0.00000E+00
       23.7833       11.7833   0.41262E+04   0.41740E+04   0.78969E+00  -0.00000E+00
       23.8000       11.8000   0.41262E+04   0.41740E+04   0.78779E+00  -0.00000E+00
       23.8167       11.8167   0.41262E+04   0.41740E+04   0.78590E+00  -0.00000E+00
       23.8333       11.8333   0.41263E+04   0.41740E+04   0.78403E+00  -0.00000E+00
       23.8500       11.8500   0.41263E+04   0.41740E+04   0.78218E+00  -0.00000E+00
       23.8667       11.8667   0.41263E+04   0.41740E+04   0.78035E+00  -0.00000E+00
       23.8833       11.8833   0.41263E+04   0.41740E+04   0.77854E+00  -0.00000E+00
       23.9000       11.9000   0.41264E+04   0.41740E+04   0.77675E+00  -0.00000E+00
       23.9167       11.9167   0.41264E+04   0.41740E+04   0.77497E+00  -0.00000E+00
       23.9333       11.9333   0.41264E+04   0.41740E+04   0.77321E+00  -0.00000E+00
       23.9500       11.9500   0.41264E+04   0.41740E+04   0.77147E+00  -0.00000E+00
       23.9667       11.9667   0.41264E+04   0.41740E+04   0.76975E+00  -0.00000E+00
       23.9833       11.9833   0.41265E+04   0.41740E+04   0.76804E+00  -0.00000E+00
       24.0000       12.0000   0.41265E+04   0.41740E+04   0.76635E+00  -0.00000E+00
