 FRACTIONING
 720
    UTC(hours)     RT(hours)       eps_k13       eps_k18        eps_kw      eps_ks18      delta_lw
       12.0167        0.0167   0.42699E+01   0.85399E+01   0.30513E+02   0.83454E+01  -0.10009E+01
       12.0333        0.0333   0.42572E+01   0.85144E+01   0.30370E+02   0.83059E+01  -0.11072E+01
       12.0500        0.0500   0.42449E+01   0.84898E+01   0.30233E+02   0.82687E+01  -0.11998E+01
       12.0667        0.0667   0.42332E+01   0.84665E+01   0.30103E+02   0.82344E+01  -0.12786E+01
       12.0833        0.0833   0.42224E+01   0.84449E+01   0.29983E+02   0.82034E+01  -0.13438E+01
       12.1000        0.1000   0.42131E+01   0.84261E+01   0.29879E+02   0.81777E+01  -0.13881E+01
       12.1167        0.1167   0.42042E+01   0.84083E+01   0.29780E+02   0.81538E+01  -0.14210E+01
       12.1333        0.1333   0.41960E+01   0.83920E+01   0.29691E+02   0.81328E+01  -0.14423E+01
       12.1500        0.1500   0.41886E+01   0.83773E+01   0.29609E+02   0.81144E+01  -0.14529E+01
       12.1667        0.1667   0.41820E+01   0.83639E+01   0.29536E+02   0.80986E+01  -0.14540E+01
       12.1833        0.1833   0.41760E+01   0.83519E+01   0.29470E+02   0.80850E+01  -0.14468E+01
       12.2000        0.2000   0.41706E+01   0.83412E+01   0.29411E+02   0.80735E+01  -0.14322E+01
       12.2167        0.2167   0.41657E+01   0.83315E+01   0.29358E+02   0.80638E+01  -0.14114E+01
       12.2333        0.2333   0.41614E+01   0.83228E+01   0.29311E+02   0.80556E+01  -0.13851E+01
       12.2500        0.2500   0.41575E+01   0.83149E+01   0.29268E+02   0.80488E+01  -0.13540E+01
       12.2667        0.2667   0.41539E+01   0.83078E+01   0.29229E+02   0.80433E+01  -0.13189E+01
       12.2833        0.2833   0.41507E+01   0.83014E+01   0.29194E+02   0.80387E+01  -0.12803E+01
       12.3000        0.3000   0.41478E+01   0.82956E+01   0.29163E+02   0.80351E+01  -0.12387E+01
       12.3167        0.3167   0.41452E+01   0.82903E+01   0.29134E+02   0.80322E+01  -0.11945E+01
       12.3333        0.3333   0.41427E+01   0.82855E+01   0.29108E+02   0.80301E+01  -0.11481E+01
       12.3500        0.3500   0.41405E+01   0.82811E+01   0.29084E+02   0.80285E+01  -0.10997E+01
       12.3667        0.3667   0.41385E+01   0.82771E+01   0.29062E+02   0.80275E+01  -0.10497E+01
       12.3833        0.3833   0.41367E+01   0.82734E+01   0.29042E+02   0.80270E+01  -0.99815E+00
       12.4000        0.4000   0.41350E+01   0.82700E+01   0.29024E+02   0.80269E+01  -0.94540E+00
       12.4167        0.4167   0.41334E+01   0.82669E+01   0.29007E+02   0.80271E+01  -0.89155E+00
       12.4333        0.4333   0.41320E+01   0.82640E+01   0.28991E+02   0.80276E+01  -0.83673E+00
       12.4500        0.4500   0.41306E+01   0.82613E+01   0.28977E+02   0.80284E+01  -0.78107E+00
       12.4667        0.4667   0.41294E+01   0.82587E+01   0.28963E+02   0.80294E+01  -0.72466E+00
       12.4833        0.4833   0.41282E+01   0.82563E+01   0.28950E+02   0.80306E+01  -0.66757E+00
       12.5000        0.5000   0.41270E+01   0.82541E+01   0.28938E+02   0.80320E+01  -0.60986E+00
       12.5167        0.5167   0.41260E+01   0.82519E+01   0.28926E+02   0.80334E+01  -0.55159E+00
       12.5333        0.5333   0.41249E+01   0.82498E+01   0.28915E+02   0.80350E+01  -0.49281E+00
       12.5500        0.5500   0.41239E+01   0.82478E+01   0.28904E+02   0.80366E+01  -0.43354E+00
       12.5667        0.5667   0.41229E+01   0.82459E+01   0.28893E+02   0.80383E+01  -0.37380E+00
       12.5833        0.5833   0.41220E+01   0.82440E+01   0.28883E+02   0.80399E+01  -0.31362E+00
       12.6000        0.6000   0.41210E+01   0.82421E+01   0.28873E+02   0.80416E+01  -0.25302E+00
       12.6167        0.6167   0.41201E+01   0.82402E+01   0.28863E+02   0.80433E+01  -0.19199E+00
       12.6333        0.6333   0.41192E+01   0.82383E+01   0.28853E+02   0.80449E+01  -0.13056E+00
       12.6500        0.6500   0.41182E+01   0.82364E+01   0.28842E+02   0.80465E+01  -0.68726E-01
       12.6667        0.6667   0.41173E+01   0.82345E+01   0.28832E+02   0.80481E+01  -0.64861E-02
       12.6833        0.6833   0.41163E+01   0.82326E+01   0.28821E+02   0.80496E+01   0.56155E-01
       12.7000        0.7000   0.41153E+01   0.82306E+01   0.28811E+02   0.80510E+01   0.11920E+00
       12.7167        0.7167   0.41143E+01   0.82285E+01   0.28800E+02   0.80523E+01   0.18265E+00
       12.7333        0.7333   0.41132E+01   0.82265E+01   0.28789E+02   0.80535E+01   0.24651E+00
       12.7500        0.7500   0.41122E+01   0.82243E+01   0.28777E+02   0.80546E+01   0.31079E+00
       12.7667        0.7667   0.41111E+01   0.82222E+01   0.28765E+02   0.80556E+01   0.37549E+00
       12.7833        0.7833   0.41099E+01   0.82199E+01   0.28753E+02   0.80565E+01   0.44063E+00
       12.8000        0.8000   0.41088E+01   0.82176E+01   0.28741E+02   0.80573E+01   0.50622E+00
       12.8167        0.8167   0.41076E+01   0.82152E+01   0.28728E+02   0.80579E+01   0.57228E+00
       12.8333        0.8333   0.41063E+01   0.82127E+01   0.28714E+02   0.80584E+01   0.63882E+00
       12.8500        0.8500   0.41051E+01   0.82101E+01   0.28701E+02   0.80588E+01   0.70587E+00
       12.8667        0.8667   0.41037E+01   0.82075E+01   0.28687E+02   0.80590E+01   0.77347E+00
       12.8833        0.8833   0.41024E+01   0.82048E+01   0.28672E+02   0.80591E+01   0.84163E+00
       12.9000        0.9000   0.41010E+01   0.82019E+01   0.28657E+02   0.80591E+01   0.91042E+00
       12.9167        0.9167   0.40995E+01   0.81990E+01   0.28641E+02   0.80589E+01   0.97988E+00
       12.9333        0.9333   0.40980E+01   0.81960E+01   0.28625E+02   0.80585E+01   0.10501E+01
       12.9500        0.9500   0.40964E+01   0.81929E+01   0.28608E+02   0.80580E+01   0.11211E+01
       12.9667        0.9667   0.40948E+01   0.81896E+01   0.28591E+02   0.80572E+01   0.11930E+01
       12.9833        0.9833   0.40931E+01   0.81863E+01   0.28573E+02   0.80563E+01   0.12659E+01
       13.0000        1.0000   0.40914E+01   0.81828E+01   0.28554E+02   0.80552E+01   0.13399E+01
       13.0167        1.0167   0.40896E+01   0.81792E+01   0.28535E+02   0.80539E+01   0.14153E+01
       13.0333        1.0333   0.40877E+01   0.81754E+01   0.28514E+02   0.80523E+01   0.14922E+01
       13.0500        1.0500   0.40857E+01   0.81715E+01   0.28493E+02   0.80505E+01   0.15707E+01
       13.0667        1.0667   0.40837E+01   0.81674E+01   0.28472E+02   0.80484E+01   0.16513E+01
       13.0833        1.0833   0.40816E+01   0.81631E+01   0.28449E+02   0.80460E+01   0.17342E+01
       13.1000        1.1000   0.40793E+01   0.81587E+01   0.28425E+02   0.80433E+01   0.18199E+01
       13.1167        1.1167   0.40770E+01   0.81540E+01   0.28400E+02   0.80402E+01   0.19086E+01
       13.1333        1.1333   0.40745E+01   0.81490E+01   0.28374E+02   0.80367E+01   0.20008E+01
       13.1500        1.1500   0.40719E+01   0.81438E+01   0.28346E+02   0.80328E+01   0.20969E+01
       13.1667        1.1667   0.40691E+01   0.81383E+01   0.28316E+02   0.80284E+01   0.21969E+01
       13.1833        1.1833   0.40662E+01   0.81325E+01   0.28285E+02   0.80235E+01   0.23006E+01
       13.2000        1.2000   0.40632E+01   0.81264E+01   0.28253E+02   0.80182E+01   0.24072E+01
       13.2167        1.2167   0.40601E+01   0.81201E+01   0.28220E+02   0.80126E+01   0.25156E+01
       13.2333        1.2333   0.40569E+01   0.81137E+01   0.28186E+02   0.80068E+01   0.26243E+01
       13.2500        1.2500   0.40537E+01   0.81073E+01   0.28152E+02   0.80009E+01   0.27321E+01
       13.2667        1.2667   0.40505E+01   0.81010E+01   0.28118E+02   0.79951E+01   0.28379E+01
       13.2833        1.2833   0.40474E+01   0.80947E+01   0.28085E+02   0.79896E+01   0.29414E+01
       13.3000        1.3000   0.40444E+01   0.80887E+01   0.28053E+02   0.79842E+01   0.30420E+01
       13.3167        1.3167   0.40415E+01   0.80830E+01   0.28023E+02   0.79792E+01   0.31400E+01
       13.3333        1.3333   0.40387E+01   0.80774E+01   0.27993E+02   0.79745E+01   0.32352E+01
       13.3500        1.3500   0.40361E+01   0.80721E+01   0.27965E+02   0.79701E+01   0.33280E+01
       13.3667        1.3667   0.40335E+01   0.80671E+01   0.27939E+02   0.79660E+01   0.34184E+01
       13.3833        1.3833   0.40311E+01   0.80622E+01   0.27913E+02   0.79622E+01   0.35067E+01
       13.4000        1.4000   0.40288E+01   0.80576E+01   0.27889E+02   0.79586E+01   0.35930E+01
       13.4167        1.4167   0.40266E+01   0.80532E+01   0.27866E+02   0.79553E+01   0.36775E+01
       13.4333        1.4333   0.40245E+01   0.80490E+01   0.27844E+02   0.79523E+01   0.37604E+01
       13.4500        1.4500   0.40225E+01   0.80450E+01   0.27822E+02   0.79495E+01   0.38418E+01
       13.4667        1.4667   0.40206E+01   0.80412E+01   0.27802E+02   0.79469E+01   0.39218E+01
       13.4833        1.4833   0.40188E+01   0.80375E+01   0.27783E+02   0.79444E+01   0.40004E+01
       13.5000        1.5000   0.40170E+01   0.80340E+01   0.27765E+02   0.79422E+01   0.40779E+01
       13.5167        1.5167   0.40153E+01   0.80306E+01   0.27747E+02   0.79401E+01   0.41542E+01
       13.5333        1.5333   0.40137E+01   0.80274E+01   0.27730E+02   0.79382E+01   0.42294E+01
       13.5500        1.5500   0.40121E+01   0.80243E+01   0.27713E+02   0.79364E+01   0.43037E+01
       13.5667        1.5667   0.40107E+01   0.80213E+01   0.27698E+02   0.79348E+01   0.43769E+01
       13.5833        1.5833   0.40092E+01   0.80184E+01   0.27683E+02   0.79333E+01   0.44493E+01
       13.6000        1.6000   0.40078E+01   0.80157E+01   0.27668E+02   0.79319E+01   0.45209E+01
       13.6167        1.6167   0.40065E+01   0.80130E+01   0.27654E+02   0.79306E+01   0.45916E+01
       13.6333        1.6333   0.40052E+01   0.80104E+01   0.27641E+02   0.79294E+01   0.46615E+01
       13.6500        1.6500   0.40040E+01   0.80079E+01   0.27628E+02   0.79283E+01   0.47307E+01
       13.6667        1.6667   0.40028E+01   0.80055E+01   0.27615E+02   0.79273E+01   0.47992E+01
       13.6833        1.6833   0.40016E+01   0.80032E+01   0.27603E+02   0.79263E+01   0.48670E+01
       13.7000        1.7000   0.40005E+01   0.80010E+01   0.27591E+02   0.79255E+01   0.49341E+01
       13.7167        1.7167   0.39994E+01   0.79988E+01   0.27580E+02   0.79247E+01   0.50006E+01
       13.7333        1.7333   0.39983E+01   0.79967E+01   0.27569E+02   0.79240E+01   0.50664E+01
       13.7500        1.7500   0.39973E+01   0.79946E+01   0.27558E+02   0.79234E+01   0.51317E+01
       13.7667        1.7667   0.39963E+01   0.79927E+01   0.27548E+02   0.79228E+01   0.51963E+01
       13.7833        1.7833   0.39954E+01   0.79907E+01   0.27538E+02   0.79222E+01   0.52604E+01
       13.8000        1.8000   0.39944E+01   0.79889E+01   0.27528E+02   0.79218E+01   0.53239E+01
       13.8167        1.8167   0.39935E+01   0.79871E+01   0.27519E+02   0.79213E+01   0.53869E+01
       13.8333        1.8333   0.39927E+01   0.79853E+01   0.27510E+02   0.79209E+01   0.54493E+01
       13.8500        1.8500   0.39918E+01   0.79836E+01   0.27501E+02   0.79206E+01   0.55112E+01
       13.8667        1.8667   0.39910E+01   0.79820E+01   0.27492E+02   0.79203E+01   0.55727E+01
       13.8833        1.8833   0.39902E+01   0.79803E+01   0.27484E+02   0.79201E+01   0.56336E+01
       13.9000        1.9000   0.39894E+01   0.79788E+01   0.27475E+02   0.79198E+01   0.56940E+01
       13.9167        1.9167   0.39886E+01   0.79773E+01   0.27467E+02   0.79197E+01   0.57540E+01
       13.9333        1.9333   0.39879E+01   0.79758E+01   0.27460E+02   0.79195E+01   0.58134E+01
       13.9500        1.9500   0.39872E+01   0.79743E+01   0.27452E+02   0.79194E+01   0.58725E+01
       13.9667        1.9667   0.39864E+01   0.79729E+01   0.27445E+02   0.79193E+01   0.59310E+01
       13.9833        1.9833   0.39858E+01   0.79715E+01   0.27437E+02   0.79192E+01   0.59892E+01
       14.0000        2.0000   0.39851E+01   0.79702E+01   0.27430E+02   0.79192E+01   0.60468E+01
       14.0167        2.0167   0.39844E+01   0.79689E+01   0.27424E+02   0.79192E+01   0.61041E+01
       14.0333        2.0333   0.39838E+01   0.79676E+01   0.27417E+02   0.79192E+01   0.61609E+01
       14.0500        2.0500   0.39832E+01   0.79663E+01   0.27410E+02   0.79192E+01   0.62173E+01
       14.0667        2.0667   0.39826E+01   0.79651E+01   0.27404E+02   0.79193E+01   0.62733E+01
       14.0833        2.0833   0.39820E+01   0.79639E+01   0.27398E+02   0.79194E+01   0.63289E+01
       14.1000        2.1000   0.39814E+01   0.79628E+01   0.27392E+02   0.79195E+01   0.63841E+01
       14.1167        2.1167   0.39808E+01   0.79616E+01   0.27386E+02   0.79196E+01   0.64389E+01
       14.1333        2.1333   0.39803E+01   0.79605E+01   0.27380E+02   0.79197E+01   0.64933E+01
       14.1500        2.1500   0.39797E+01   0.79594E+01   0.27374E+02   0.79198E+01   0.65473E+01
       14.1667        2.1667   0.39792E+01   0.79583E+01   0.27369E+02   0.79200E+01   0.66009E+01
       14.1833        2.1833   0.39787E+01   0.79573E+01   0.27363E+02   0.79202E+01   0.66542E+01
       14.2000        2.2000   0.39781E+01   0.79563E+01   0.27358E+02   0.79203E+01   0.67071E+01
       14.2167        2.2167   0.39776E+01   0.79553E+01   0.27353E+02   0.79205E+01   0.67596E+01
       14.2333        2.2333   0.39772E+01   0.79543E+01   0.27348E+02   0.79208E+01   0.68117E+01
       14.2500        2.2500   0.39767E+01   0.79534E+01   0.27343E+02   0.79210E+01   0.68635E+01
       14.2667        2.2667   0.39762E+01   0.79524E+01   0.27338E+02   0.79212E+01   0.69149E+01
       14.2833        2.2833   0.39758E+01   0.79515E+01   0.27333E+02   0.79214E+01   0.69660E+01
       14.3000        2.3000   0.39753E+01   0.79506E+01   0.27329E+02   0.79217E+01   0.70167E+01
       14.3167        2.3167   0.39749E+01   0.79497E+01   0.27324E+02   0.79220E+01   0.70671E+01
       14.3333        2.3333   0.39744E+01   0.79489E+01   0.27320E+02   0.79222E+01   0.71171E+01
       14.3500        2.3500   0.39740E+01   0.79480E+01   0.27315E+02   0.79225E+01   0.71668E+01
       14.3667        2.3667   0.39736E+01   0.79472E+01   0.27311E+02   0.79228E+01   0.72161E+01
       14.3833        2.3833   0.39732E+01   0.79464E+01   0.27307E+02   0.79231E+01   0.72652E+01
       14.4000        2.4000   0.39728E+01   0.79456E+01   0.27302E+02   0.79234E+01   0.73138E+01
       14.4167        2.4167   0.39724E+01   0.79448E+01   0.27298E+02   0.79237E+01   0.73622E+01
       14.4333        2.4333   0.39720E+01   0.79440E+01   0.27294E+02   0.79240E+01   0.74102E+01
       14.4500        2.4500   0.39716E+01   0.79433E+01   0.27290E+02   0.79243E+01   0.74579E+01
       14.4667        2.4667   0.39713E+01   0.79425E+01   0.27287E+02   0.79246E+01   0.75053E+01
       14.4833        2.4833   0.39709E+01   0.79418E+01   0.27283E+02   0.79249E+01   0.75524E+01
       14.5000        2.5000   0.39705E+01   0.79411E+01   0.27279E+02   0.79253E+01   0.75991E+01
       14.5167        2.5167   0.39702E+01   0.79404E+01   0.27275E+02   0.79256E+01   0.76456E+01
       14.5333        2.5333   0.39698E+01   0.79397E+01   0.27272E+02   0.79259E+01   0.76917E+01
       14.5500        2.5500   0.39695E+01   0.79390E+01   0.27268E+02   0.79263E+01   0.77375E+01
       14.5667        2.5667   0.39692E+01   0.79383E+01   0.27265E+02   0.79266E+01   0.77830E+01
       14.5833        2.5833   0.39688E+01   0.79377E+01   0.27261E+02   0.79269E+01   0.78283E+01
       14.6000        2.6000   0.39685E+01   0.79370E+01   0.27258E+02   0.79273E+01   0.78732E+01
       14.6167        2.6167   0.39682E+01   0.79364E+01   0.27255E+02   0.79276E+01   0.79178E+01
       14.6333        2.6333   0.39679E+01   0.79358E+01   0.27252E+02   0.79280E+01   0.79621E+01
       14.6500        2.6500   0.39676E+01   0.79352E+01   0.27248E+02   0.79283E+01   0.80061E+01
       14.6667        2.6667   0.39673E+01   0.79346E+01   0.27245E+02   0.79287E+01   0.80498E+01
       14.6833        2.6833   0.39670E+01   0.79340E+01   0.27242E+02   0.79290E+01   0.80933E+01
       14.7000        2.7000   0.39667E+01   0.79334E+01   0.27239E+02   0.79294E+01   0.81364E+01
       14.7167        2.7167   0.39664E+01   0.79328E+01   0.27236E+02   0.79297E+01   0.81793E+01
       14.7333        2.7333   0.39661E+01   0.79323E+01   0.27233E+02   0.79301E+01   0.82218E+01
       14.7500        2.7500   0.39658E+01   0.79317E+01   0.27230E+02   0.79304E+01   0.82641E+01
       14.7667        2.7667   0.39656E+01   0.79311E+01   0.27228E+02   0.79308E+01   0.83061E+01
       14.7833        2.7833   0.39653E+01   0.79306E+01   0.27225E+02   0.79311E+01   0.83479E+01
       14.8000        2.8000   0.39650E+01   0.79301E+01   0.27222E+02   0.79315E+01   0.83893E+01
       14.8167        2.8167   0.39648E+01   0.79296E+01   0.27219E+02   0.79319E+01   0.84305E+01
       14.8333        2.8333   0.39645E+01   0.79290E+01   0.27217E+02   0.79322E+01   0.84714E+01
       14.8500        2.8500   0.39643E+01   0.79285E+01   0.27214E+02   0.79326E+01   0.85120E+01
       14.8667        2.8667   0.39640E+01   0.79280E+01   0.27211E+02   0.79329E+01   0.85524E+01
       14.8833        2.8833   0.39638E+01   0.79275E+01   0.27209E+02   0.79333E+01   0.85924E+01
       14.9000        2.9000   0.39635E+01   0.79271E+01   0.27206E+02   0.79336E+01   0.86322E+01
       14.9167        2.9167   0.39633E+01   0.79266E+01   0.27204E+02   0.79340E+01   0.86718E+01
       14.9333        2.9333   0.39631E+01   0.79261E+01   0.27202E+02   0.79343E+01   0.87111E+01
       14.9500        2.9500   0.39628E+01   0.79257E+01   0.27199E+02   0.79347E+01   0.87501E+01
       14.9667        2.9667   0.39626E+01   0.79252E+01   0.27197E+02   0.79350E+01   0.87888E+01
       14.9833        2.9833   0.39624E+01   0.79247E+01   0.27194E+02   0.79354E+01   0.88273E+01
       15.0000        3.0000   0.39622E+01   0.79243E+01   0.27192E+02   0.79357E+01   0.88656E+01
       15.0167        3.0167   0.39619E+01   0.79239E+01   0.27190E+02   0.79361E+01   0.89035E+01
       15.0333        3.0333   0.39617E+01   0.79234E+01   0.27188E+02   0.79364E+01   0.89412E+01
       15.0500        3.0500   0.39615E+01   0.79230E+01   0.27185E+02   0.79367E+01   0.89787E+01
       15.0667        3.0667   0.39613E+01   0.79226E+01   0.27183E+02   0.79371E+01   0.90159E+01
       15.0833        3.0833   0.39611E+01   0.79222E+01   0.27181E+02   0.79374E+01   0.90529E+01
       15.1000        3.1000   0.39609E+01   0.79218E+01   0.27179E+02   0.79377E+01   0.90896E+01
       15.1167        3.1167   0.39607E+01   0.79213E+01   0.27177E+02   0.79381E+01   0.91260E+01
       15.1333        3.1333   0.39605E+01   0.79209E+01   0.27175E+02   0.79384E+01   0.91622E+01
       15.1500        3.1500   0.39603E+01   0.79206E+01   0.27173E+02   0.79387E+01   0.91982E+01
       15.1667        3.1667   0.39601E+01   0.79202E+01   0.27171E+02   0.79391E+01   0.92339E+01
       15.1833        3.1833   0.39599E+01   0.79198E+01   0.27169E+02   0.79394E+01   0.92693E+01
       15.2000        3.2000   0.39597E+01   0.79194E+01   0.27167E+02   0.79397E+01   0.93045E+01
       15.2167        3.2167   0.39595E+01   0.79190E+01   0.27165E+02   0.79400E+01   0.93395E+01
       15.2333        3.2333   0.39593E+01   0.79186E+01   0.27163E+02   0.79403E+01   0.93742E+01
       15.2500        3.2500   0.39591E+01   0.79183E+01   0.27161E+02   0.79406E+01   0.94087E+01
       15.2667        3.2667   0.39590E+01   0.79179E+01   0.27159E+02   0.79409E+01   0.94429E+01
       15.2833        3.2833   0.39588E+01   0.79176E+01   0.27157E+02   0.79413E+01   0.94769E+01
       15.3000        3.3000   0.39586E+01   0.79172E+01   0.27155E+02   0.79416E+01   0.95107E+01
       15.3167        3.3167   0.39584E+01   0.79169E+01   0.27154E+02   0.79419E+01   0.95442E+01
       15.3333        3.3333   0.39583E+01   0.79165E+01   0.27152E+02   0.79422E+01   0.95775E+01
       15.3500        3.3500   0.39581E+01   0.79162E+01   0.27150E+02   0.79424E+01   0.96106E+01
       15.3667        3.3667   0.39579E+01   0.79158E+01   0.27148E+02   0.79427E+01   0.96434E+01
       15.3833        3.3833   0.39577E+01   0.79155E+01   0.27146E+02   0.79430E+01   0.96760E+01
       15.4000        3.4000   0.39576E+01   0.79152E+01   0.27145E+02   0.79433E+01   0.97083E+01
       15.4167        3.4167   0.39574E+01   0.79148E+01   0.27143E+02   0.79436E+01   0.97405E+01
       15.4333        3.4333   0.39572E+01   0.79145E+01   0.27141E+02   0.79439E+01   0.97724E+01
       15.4500        3.4500   0.39571E+01   0.79142E+01   0.27140E+02   0.79441E+01   0.98040E+01
       15.4667        3.4667   0.39569E+01   0.79139E+01   0.27138E+02   0.79444E+01   0.98355E+01
       15.4833        3.4833   0.39568E+01   0.79135E+01   0.27136E+02   0.79447E+01   0.98667E+01
       15.5000        3.5000   0.39566E+01   0.79132E+01   0.27135E+02   0.79449E+01   0.98976E+01
       15.5167        3.5167   0.39565E+01   0.79129E+01   0.27133E+02   0.79452E+01   0.99284E+01
       15.5333        3.5333   0.39563E+01   0.79126E+01   0.27132E+02   0.79454E+01   0.99589E+01
       15.5500        3.5500   0.39561E+01   0.79123E+01   0.27130E+02   0.79457E+01   0.99892E+01
       15.5667        3.5667   0.39560E+01   0.79120E+01   0.27128E+02   0.79459E+01   0.10019E+02
       15.5833        3.5833   0.39558E+01   0.79117E+01   0.27127E+02   0.79462E+01   0.10049E+02
       15.6000        3.6000   0.39557E+01   0.79114E+01   0.27125E+02   0.79464E+01   0.10079E+02
       15.6167        3.6167   0.39556E+01   0.79111E+01   0.27124E+02   0.79467E+01   0.10108E+02
       15.6333        3.6333   0.39554E+01   0.79108E+01   0.27122E+02   0.79469E+01   0.10137E+02
       15.6500        3.6500   0.39553E+01   0.79105E+01   0.27121E+02   0.79471E+01   0.10166E+02
       15.6667        3.6667   0.39551E+01   0.79102E+01   0.27119E+02   0.79473E+01   0.10195E+02
       15.6833        3.6833   0.39550E+01   0.79100E+01   0.27118E+02   0.79476E+01   0.10224E+02
       15.7000        3.7000   0.39548E+01   0.79097E+01   0.27116E+02   0.79478E+01   0.10252E+02
       15.7167        3.7167   0.39547E+01   0.79094E+01   0.27115E+02   0.79480E+01   0.10280E+02
       15.7333        3.7333   0.39546E+01   0.79091E+01   0.27113E+02   0.79482E+01   0.10308E+02
       15.7500        3.7500   0.39544E+01   0.79088E+01   0.27112E+02   0.79484E+01   0.10336E+02
       15.7667        3.7667   0.39543E+01   0.79086E+01   0.27111E+02   0.79486E+01   0.10363E+02
       15.7833        3.7833   0.39541E+01   0.79083E+01   0.27109E+02   0.79488E+01   0.10390E+02
       15.8000        3.8000   0.39540E+01   0.79080E+01   0.27108E+02   0.79490E+01   0.10417E+02
       15.8167        3.8167   0.39539E+01   0.79077E+01   0.27106E+02   0.79492E+01   0.10444E+02
       15.8333        3.8333   0.39537E+01   0.79075E+01   0.27105E+02   0.79494E+01   0.10471E+02
       15.8500        3.8500   0.39536E+01   0.79072E+01   0.27104E+02   0.79496E+01   0.10497E+02
       15.8667        3.8667   0.39535E+01   0.79070E+01   0.27102E+02   0.79497E+01   0.10524E+02
       15.8833        3.8833   0.39533E+01   0.79067E+01   0.27101E+02   0.79499E+01   0.10549E+02
       15.9000        3.9000   0.39532E+01   0.79064E+01   0.27100E+02   0.79501E+01   0.10575E+02
       15.9167        3.9167   0.39531E+01   0.79062E+01   0.27098E+02   0.79502E+01   0.10601E+02
       15.9333        3.9333   0.39530E+01   0.79059E+01   0.27097E+02   0.79504E+01   0.10626E+02
       15.9500        3.9500   0.39528E+01   0.79057E+01   0.27096E+02   0.79505E+01   0.10651E+02
       15.9667        3.9667   0.39527E+01   0.79054E+01   0.27094E+02   0.79507E+01   0.10676E+02
       15.9833        3.9833   0.39526E+01   0.79051E+01   0.27093E+02   0.79508E+01   0.10701E+02
       16.0000        4.0000   0.39524E+01   0.79049E+01   0.27092E+02   0.79510E+01   0.10726E+02
       16.0167        4.0167   0.39523E+01   0.79046E+01   0.27090E+02   0.79511E+01   0.10750E+02
       16.0333        4.0333   0.39522E+01   0.79044E+01   0.27089E+02   0.79512E+01   0.10774E+02
       16.0500        4.0500   0.39521E+01   0.79041E+01   0.27088E+02   0.79514E+01   0.10798E+02
       16.0667        4.0667   0.39520E+01   0.79039E+01   0.27087E+02   0.79515E+01   0.10822E+02
       16.0833        4.0833   0.39518E+01   0.79037E+01   0.27085E+02   0.79516E+01   0.10845E+02
       16.1000        4.1000   0.39517E+01   0.79034E+01   0.27084E+02   0.79517E+01   0.10869E+02
       16.1167        4.1167   0.39516E+01   0.79032E+01   0.27083E+02   0.79518E+01   0.10892E+02
       16.1333        4.1333   0.39515E+01   0.79029E+01   0.27081E+02   0.79519E+01   0.10915E+02
       16.1500        4.1500   0.39513E+01   0.79027E+01   0.27080E+02   0.79520E+01   0.10937E+02
       16.1667        4.1667   0.39512E+01   0.79024E+01   0.27079E+02   0.79521E+01   0.10960E+02
       16.1833        4.1833   0.39511E+01   0.79022E+01   0.27078E+02   0.79522E+01   0.10982E+02
       16.2000        4.2000   0.39510E+01   0.79020E+01   0.27076E+02   0.79523E+01   0.11004E+02
       16.2167        4.2167   0.39509E+01   0.79017E+01   0.27075E+02   0.79523E+01   0.11026E+02
       16.2333        4.2333   0.39507E+01   0.79015E+01   0.27074E+02   0.79524E+01   0.11048E+02
       16.2500        4.2500   0.39506E+01   0.79012E+01   0.27073E+02   0.79525E+01   0.11070E+02
       16.2667        4.2667   0.39505E+01   0.79010E+01   0.27072E+02   0.79525E+01   0.11091E+02
       16.2833        4.2833   0.39504E+01   0.79008E+01   0.27070E+02   0.79526E+01   0.11112E+02
       16.3000        4.3000   0.39503E+01   0.79005E+01   0.27069E+02   0.79527E+01   0.11133E+02
       16.3167        4.3167   0.39501E+01   0.79003E+01   0.27068E+02   0.79527E+01   0.11154E+02
       16.3333        4.3333   0.39500E+01   0.79001E+01   0.27067E+02   0.79527E+01   0.11174E+02
       16.3500        4.3500   0.39499E+01   0.78998E+01   0.27066E+02   0.79528E+01   0.11195E+02
       16.3667        4.3667   0.39498E+01   0.78996E+01   0.27064E+02   0.79528E+01   0.11215E+02
       16.3833        4.3833   0.39497E+01   0.78994E+01   0.27063E+02   0.79528E+01   0.11235E+02
       16.4000        4.4000   0.39496E+01   0.78991E+01   0.27062E+02   0.79529E+01   0.11255E+02
       16.4167        4.4167   0.39494E+01   0.78989E+01   0.27061E+02   0.79529E+01   0.11274E+02
       16.4333        4.4333   0.39493E+01   0.78987E+01   0.27059E+02   0.79529E+01   0.11294E+02
       16.4500        4.4500   0.39492E+01   0.78984E+01   0.27058E+02   0.79529E+01   0.11313E+02
       16.4667        4.4667   0.39491E+01   0.78982E+01   0.27057E+02   0.79529E+01   0.11332E+02
       16.4833        4.4833   0.39490E+01   0.78980E+01   0.27056E+02   0.79529E+01   0.11351E+02
       16.5000        4.5000   0.39489E+01   0.78977E+01   0.27055E+02   0.79529E+01   0.11370E+02
       16.5167        4.5167   0.39488E+01   0.78975E+01   0.27054E+02   0.79529E+01   0.11388E+02
       16.5333        4.5333   0.39486E+01   0.78973E+01   0.27052E+02   0.79529E+01   0.11406E+02
       16.5500        4.5500   0.39485E+01   0.78971E+01   0.27051E+02   0.79528E+01   0.11425E+02
       16.5667        4.5667   0.39484E+01   0.78968E+01   0.27050E+02   0.79528E+01   0.11442E+02
       16.5833        4.5833   0.39483E+01   0.78966E+01   0.27049E+02   0.79528E+01   0.11460E+02
       16.6000        4.6000   0.39482E+01   0.78964E+01   0.27048E+02   0.79527E+01   0.11478E+02
       16.6167        4.6167   0.39481E+01   0.78961E+01   0.27046E+02   0.79527E+01   0.11495E+02
       16.6333        4.6333   0.39480E+01   0.78959E+01   0.27045E+02   0.79526E+01   0.11512E+02
       16.6500        4.6500   0.39478E+01   0.78957E+01   0.27044E+02   0.79526E+01   0.11529E+02
       16.6667        4.6667   0.39477E+01   0.78954E+01   0.27043E+02   0.79525E+01   0.11546E+02
       16.6833        4.6833   0.39476E+01   0.78952E+01   0.27042E+02   0.79524E+01   0.11563E+02
       16.7000        4.7000   0.39475E+01   0.78950E+01   0.27040E+02   0.79524E+01   0.11579E+02
       16.7167        4.7167   0.39474E+01   0.78948E+01   0.27039E+02   0.79523E+01   0.11595E+02
       16.7333        4.7333   0.39473E+01   0.78945E+01   0.27038E+02   0.79522E+01   0.11611E+02
       16.7500        4.7500   0.39471E+01   0.78943E+01   0.27037E+02   0.79521E+01   0.11627E+02
       16.7667        4.7667   0.39470E+01   0.78941E+01   0.27036E+02   0.79520E+01   0.11643E+02
       16.7833        4.7833   0.39469E+01   0.78938E+01   0.27035E+02   0.79519E+01   0.11659E+02
       16.8000        4.8000   0.39468E+01   0.78936E+01   0.27033E+02   0.79518E+01   0.11674E+02
       16.8167        4.8167   0.39467E+01   0.78934E+01   0.27032E+02   0.79517E+01   0.11689E+02
       16.8333        4.8333   0.39466E+01   0.78931E+01   0.27031E+02   0.79516E+01   0.11704E+02
       16.8500        4.8500   0.39465E+01   0.78929E+01   0.27030E+02   0.79514E+01   0.11719E+02
       16.8667        4.8667   0.39463E+01   0.78927E+01   0.27029E+02   0.79513E+01   0.11734E+02
       16.8833        4.8833   0.39462E+01   0.78924E+01   0.27027E+02   0.79512E+01   0.11748E+02
       16.9000        4.9000   0.39461E+01   0.78922E+01   0.27026E+02   0.79510E+01   0.11762E+02
       16.9167        4.9167   0.39460E+01   0.78920E+01   0.27025E+02   0.79509E+01   0.11776E+02
       16.9333        4.9333   0.39459E+01   0.78918E+01   0.27024E+02   0.79507E+01   0.11790E+02
       16.9500        4.9500   0.39458E+01   0.78915E+01   0.27023E+02   0.79506E+01   0.11804E+02
       16.9667        4.9667   0.39456E+01   0.78913E+01   0.27021E+02   0.79504E+01   0.11818E+02
       16.9833        4.9833   0.39455E+01   0.78911E+01   0.27020E+02   0.79502E+01   0.11831E+02
       17.0000        5.0000   0.39454E+01   0.78908E+01   0.27019E+02   0.79500E+01   0.11844E+02
       17.0167        5.0167   0.39453E+01   0.78906E+01   0.27018E+02   0.79498E+01   0.11857E+02
       17.0333        5.0333   0.39452E+01   0.78903E+01   0.27017E+02   0.79497E+01   0.11870E+02
       17.0500        5.0500   0.39451E+01   0.78901E+01   0.27015E+02   0.79495E+01   0.11883E+02
       17.0667        5.0667   0.39449E+01   0.78899E+01   0.27014E+02   0.79493E+01   0.11895E+02
       17.0833        5.0833   0.39448E+01   0.78896E+01   0.27013E+02   0.79490E+01   0.11908E+02
       17.1000        5.1000   0.39447E+01   0.78894E+01   0.27012E+02   0.79488E+01   0.11920E+02
       17.1167        5.1167   0.39446E+01   0.78892E+01   0.27010E+02   0.79486E+01   0.11932E+02
       17.1333        5.1333   0.39445E+01   0.78889E+01   0.27009E+02   0.79484E+01   0.11943E+02
       17.1500        5.1500   0.39443E+01   0.78887E+01   0.27008E+02   0.79481E+01   0.11955E+02
       17.1667        5.1667   0.39442E+01   0.78885E+01   0.27007E+02   0.79479E+01   0.11967E+02
       17.1833        5.1833   0.39441E+01   0.78882E+01   0.27006E+02   0.79476E+01   0.11978E+02
       17.2000        5.2000   0.39440E+01   0.78880E+01   0.27004E+02   0.79474E+01   0.11989E+02
       17.2167        5.2167   0.39439E+01   0.78877E+01   0.27003E+02   0.79471E+01   0.12000E+02
       17.2333        5.2333   0.39437E+01   0.78875E+01   0.27002E+02   0.79469E+01   0.12011E+02
       17.2500        5.2500   0.39436E+01   0.78873E+01   0.27001E+02   0.79466E+01   0.12021E+02
       17.2667        5.2667   0.39435E+01   0.78870E+01   0.26999E+02   0.79463E+01   0.12032E+02
       17.2833        5.2833   0.39434E+01   0.78868E+01   0.26998E+02   0.79460E+01   0.12042E+02
       17.3000        5.3000   0.39433E+01   0.78865E+01   0.26997E+02   0.79457E+01   0.12052E+02
       17.3167        5.3167   0.39431E+01   0.78863E+01   0.26996E+02   0.79454E+01   0.12062E+02
       17.3333        5.3333   0.39430E+01   0.78860E+01   0.26994E+02   0.79451E+01   0.12072E+02
       17.3500        5.3500   0.39429E+01   0.78858E+01   0.26993E+02   0.79448E+01   0.12081E+02
       17.3667        5.3667   0.39428E+01   0.78855E+01   0.26992E+02   0.79445E+01   0.12090E+02
       17.3833        5.3833   0.39426E+01   0.78853E+01   0.26991E+02   0.79441E+01   0.12100E+02
       17.4000        5.4000   0.39425E+01   0.78851E+01   0.26989E+02   0.79438E+01   0.12109E+02
       17.4167        5.4167   0.39424E+01   0.78848E+01   0.26988E+02   0.79435E+01   0.12118E+02
       17.4333        5.4333   0.39423E+01   0.78846E+01   0.26987E+02   0.79431E+01   0.12126E+02
       17.4500        5.4500   0.39422E+01   0.78843E+01   0.26985E+02   0.79427E+01   0.12135E+02
       17.4667        5.4667   0.39420E+01   0.78841E+01   0.26984E+02   0.79424E+01   0.12143E+02
       17.4833        5.4833   0.39419E+01   0.78838E+01   0.26983E+02   0.79420E+01   0.12151E+02
       17.5000        5.5000   0.39418E+01   0.78836E+01   0.26982E+02   0.79416E+01   0.12159E+02
       17.5167        5.5167   0.39416E+01   0.78833E+01   0.26980E+02   0.79412E+01   0.12167E+02
       17.5333        5.5333   0.39415E+01   0.78830E+01   0.26979E+02   0.79408E+01   0.12175E+02
       17.5500        5.5500   0.39414E+01   0.78828E+01   0.26978E+02   0.79404E+01   0.12182E+02
       17.5667        5.5667   0.39413E+01   0.78825E+01   0.26976E+02   0.79400E+01   0.12190E+02
       17.5833        5.5833   0.39411E+01   0.78823E+01   0.26975E+02   0.79396E+01   0.12197E+02
       17.6000        5.6000   0.39410E+01   0.78820E+01   0.26974E+02   0.79392E+01   0.12204E+02
       17.6167        5.6167   0.39409E+01   0.78818E+01   0.26972E+02   0.79388E+01   0.12211E+02
       17.6333        5.6333   0.39408E+01   0.78815E+01   0.26971E+02   0.79383E+01   0.12218E+02
       17.6500        5.6500   0.39406E+01   0.78812E+01   0.26970E+02   0.79379E+01   0.12224E+02
       17.6667        5.6667   0.39405E+01   0.78810E+01   0.26968E+02   0.79374E+01   0.12230E+02
       17.6833        5.6833   0.39404E+01   0.78807E+01   0.26967E+02   0.79370E+01   0.12237E+02
       17.7000        5.7000   0.39402E+01   0.78805E+01   0.26966E+02   0.79365E+01   0.12243E+02
       17.7167        5.7167   0.39401E+01   0.78802E+01   0.26964E+02   0.79360E+01   0.12248E+02
       17.7333        5.7333   0.39400E+01   0.78799E+01   0.26963E+02   0.79355E+01   0.12254E+02
       17.7500        5.7500   0.39398E+01   0.78797E+01   0.26962E+02   0.79350E+01   0.12260E+02
       17.7667        5.7667   0.39397E+01   0.78794E+01   0.26960E+02   0.79345E+01   0.12265E+02
       17.7833        5.7833   0.39396E+01   0.78791E+01   0.26959E+02   0.79340E+01   0.12270E+02
       17.8000        5.8000   0.39394E+01   0.78789E+01   0.26957E+02   0.79335E+01   0.12275E+02
       17.8167        5.8167   0.39393E+01   0.78786E+01   0.26956E+02   0.79330E+01   0.12280E+02
       17.8333        5.8333   0.39392E+01   0.78783E+01   0.26955E+02   0.79324E+01   0.12285E+02
       17.8500        5.8500   0.39390E+01   0.78781E+01   0.26953E+02   0.79319E+01   0.12289E+02
       17.8667        5.8667   0.39389E+01   0.78778E+01   0.26952E+02   0.79314E+01   0.12294E+02
       17.8833        5.8833   0.39388E+01   0.78775E+01   0.26950E+02   0.79308E+01   0.12298E+02
       17.9000        5.9000   0.39386E+01   0.78772E+01   0.26949E+02   0.79302E+01   0.12302E+02
       17.9167        5.9167   0.39385E+01   0.78770E+01   0.26948E+02   0.79297E+01   0.12306E+02
       17.9333        5.9333   0.39383E+01   0.78767E+01   0.26946E+02   0.79291E+01   0.12309E+02
       17.9500        5.9500   0.39382E+01   0.78764E+01   0.26945E+02   0.79285E+01   0.12313E+02
       17.9667        5.9667   0.39381E+01   0.78761E+01   0.26943E+02   0.79279E+01   0.12316E+02
       17.9833        5.9833   0.39379E+01   0.78759E+01   0.26942E+02   0.79273E+01   0.12320E+02
       18.0000        6.0000   0.39378E+01   0.78756E+01   0.26940E+02   0.79266E+01   0.12323E+02
       18.0167        6.0167   0.39376E+01   0.78753E+01   0.26939E+02   0.79260E+01   0.12326E+02
       18.0333        6.0333   0.39375E+01   0.78750E+01   0.26938E+02   0.79254E+01   0.12328E+02
       18.0500        6.0500   0.39374E+01   0.78747E+01   0.26936E+02   0.79247E+01   0.12331E+02
       18.0667        6.0667   0.39372E+01   0.78744E+01   0.26935E+02   0.79241E+01   0.12333E+02
       18.0833        6.0833   0.39371E+01   0.78742E+01   0.26933E+02   0.79234E+01   0.12335E+02
       18.1000        6.1000   0.39369E+01   0.78739E+01   0.26932E+02   0.79227E+01   0.12337E+02
       18.1167        6.1167   0.39368E+01   0.78736E+01   0.26930E+02   0.79220E+01   0.12339E+02
       18.1333        6.1333   0.39366E+01   0.78733E+01   0.26929E+02   0.79213E+01   0.12341E+02
       18.1500        6.1500   0.39365E+01   0.78730E+01   0.26927E+02   0.79206E+01   0.12343E+02
       18.1667        6.1667   0.39364E+01   0.78727E+01   0.26926E+02   0.79199E+01   0.12344E+02
       18.1833        6.1833   0.39362E+01   0.78724E+01   0.26924E+02   0.79192E+01   0.12345E+02
       18.2000        6.2000   0.39361E+01   0.78721E+01   0.26923E+02   0.79185E+01   0.12346E+02
       18.2167        6.2167   0.39359E+01   0.78718E+01   0.26921E+02   0.79177E+01   0.12347E+02
       18.2333        6.2333   0.39358E+01   0.78715E+01   0.26920E+02   0.79170E+01   0.12348E+02
       18.2500        6.2500   0.39356E+01   0.78712E+01   0.26918E+02   0.79162E+01   0.12349E+02
       18.2667        6.2667   0.39355E+01   0.78709E+01   0.26917E+02   0.79154E+01   0.12349E+02
       18.2833        6.2833   0.39353E+01   0.78706E+01   0.26915E+02   0.79147E+01   0.12349E+02
       18.3000        6.3000   0.39352E+01   0.78703E+01   0.26913E+02   0.79139E+01   0.12349E+02
       18.3167        6.3167   0.39350E+01   0.78700E+01   0.26912E+02   0.79131E+01   0.12349E+02
       18.3333        6.3333   0.39349E+01   0.78697E+01   0.26910E+02   0.79122E+01   0.12349E+02
       18.3500        6.3500   0.39347E+01   0.78694E+01   0.26909E+02   0.79114E+01   0.12349E+02
       18.3667        6.3667   0.39346E+01   0.78691E+01   0.26907E+02   0.79106E+01   0.12348E+02
       18.3833        6.3833   0.39344E+01   0.78688E+01   0.26906E+02   0.79097E+01   0.12347E+02
       18.4000        6.4000   0.39343E+01   0.78685E+01   0.26904E+02   0.79089E+01   0.12347E+02
       18.4167        6.4167   0.39341E+01   0.78682E+01   0.26902E+02   0.79080E+01   0.12346E+02
       18.4333        6.4333   0.39339E+01   0.78679E+01   0.26901E+02   0.79071E+01   0.12344E+02
       18.4500        6.4500   0.39338E+01   0.78676E+01   0.26899E+02   0.79062E+01   0.12343E+02
       18.4667        6.4667   0.39336E+01   0.78672E+01   0.26898E+02   0.79053E+01   0.12341E+02
       18.4833        6.4833   0.39335E+01   0.78669E+01   0.26896E+02   0.79044E+01   0.12340E+02
       18.5000        6.5000   0.39333E+01   0.78666E+01   0.26894E+02   0.79035E+01   0.12338E+02
       18.5167        6.5167   0.39331E+01   0.78663E+01   0.26893E+02   0.79026E+01   0.12336E+02
       18.5333        6.5333   0.39330E+01   0.78660E+01   0.26891E+02   0.79016E+01   0.12334E+02
       18.5500        6.5500   0.39328E+01   0.78657E+01   0.26889E+02   0.79006E+01   0.12331E+02
       18.5667        6.5667   0.39327E+01   0.78653E+01   0.26888E+02   0.78997E+01   0.12329E+02
       18.5833        6.5833   0.39325E+01   0.78650E+01   0.26886E+02   0.78987E+01   0.12326E+02
       18.6000        6.6000   0.39323E+01   0.78647E+01   0.26884E+02   0.78977E+01   0.12323E+02
       18.6167        6.6167   0.39322E+01   0.78643E+01   0.26883E+02   0.78967E+01   0.12320E+02
       18.6333        6.6333   0.39320E+01   0.78640E+01   0.26881E+02   0.78957E+01   0.12317E+02
       18.6500        6.6500   0.39318E+01   0.78637E+01   0.26879E+02   0.78946E+01   0.12314E+02
       18.6667        6.6667   0.39317E+01   0.78634E+01   0.26878E+02   0.78936E+01   0.12310E+02
       18.6833        6.6833   0.39315E+01   0.78630E+01   0.26876E+02   0.78925E+01   0.12307E+02
       18.7000        6.7000   0.39313E+01   0.78627E+01   0.26874E+02   0.78914E+01   0.12303E+02
       18.7167        6.7167   0.39312E+01   0.78623E+01   0.26872E+02   0.78903E+01   0.12299E+02
       18.7333        6.7333   0.39310E+01   0.78620E+01   0.26871E+02   0.78892E+01   0.12295E+02
       18.7500        6.7500   0.39308E+01   0.78617E+01   0.26869E+02   0.78881E+01   0.12290E+02
       18.7667        6.7667   0.39307E+01   0.78613E+01   0.26867E+02   0.78870E+01   0.12286E+02
       18.7833        6.7833   0.39305E+01   0.78610E+01   0.26865E+02   0.78859E+01   0.12281E+02
       18.8000        6.8000   0.39303E+01   0.78606E+01   0.26864E+02   0.78847E+01   0.12276E+02
       18.8167        6.8167   0.39301E+01   0.78603E+01   0.26862E+02   0.78835E+01   0.12271E+02
       18.8333        6.8333   0.39300E+01   0.78599E+01   0.26860E+02   0.78823E+01   0.12266E+02
       18.8500        6.8500   0.39298E+01   0.78596E+01   0.26858E+02   0.78811E+01   0.12261E+02
       18.8667        6.8667   0.39296E+01   0.78592E+01   0.26856E+02   0.78799E+01   0.12255E+02
       18.8833        6.8833   0.39294E+01   0.78589E+01   0.26854E+02   0.78787E+01   0.12250E+02
       18.9000        6.9000   0.39292E+01   0.78585E+01   0.26853E+02   0.78774E+01   0.12244E+02
       18.9167        6.9167   0.39291E+01   0.78581E+01   0.26851E+02   0.78762E+01   0.12238E+02
       18.9333        6.9333   0.39289E+01   0.78578E+01   0.26849E+02   0.78749E+01   0.12232E+02
       18.9500        6.9500   0.39287E+01   0.78574E+01   0.26847E+02   0.78736E+01   0.12225E+02
       18.9667        6.9667   0.39285E+01   0.78570E+01   0.26845E+02   0.78723E+01   0.12219E+02
       18.9833        6.9833   0.39283E+01   0.78567E+01   0.26843E+02   0.78710E+01   0.12212E+02
       19.0000        7.0000   0.39281E+01   0.78563E+01   0.26841E+02   0.78696E+01   0.12205E+02
       19.0167        7.0167   0.39280E+01   0.78559E+01   0.26839E+02   0.78683E+01   0.12198E+02
       19.0333        7.0333   0.39278E+01   0.78555E+01   0.26837E+02   0.78669E+01   0.12191E+02
       19.0500        7.0500   0.39276E+01   0.78552E+01   0.26835E+02   0.78655E+01   0.12183E+02
       19.0667        7.0667   0.39274E+01   0.78548E+01   0.26834E+02   0.78641E+01   0.12176E+02
       19.0833        7.0833   0.39272E+01   0.78544E+01   0.26832E+02   0.78627E+01   0.12168E+02
       19.1000        7.1000   0.39270E+01   0.78540E+01   0.26830E+02   0.78612E+01   0.12160E+02
       19.1167        7.1167   0.39268E+01   0.78536E+01   0.26828E+02   0.78598E+01   0.12152E+02
       19.1333        7.1333   0.39266E+01   0.78532E+01   0.26826E+02   0.78583E+01   0.12144E+02
       19.1500        7.1500   0.39264E+01   0.78528E+01   0.26823E+02   0.78568E+01   0.12136E+02
       19.1667        7.1667   0.39262E+01   0.78524E+01   0.26821E+02   0.78553E+01   0.12127E+02
       19.1833        7.1833   0.39260E+01   0.78520E+01   0.26819E+02   0.78538E+01   0.12118E+02
       19.2000        7.2000   0.39258E+01   0.78516E+01   0.26817E+02   0.78522E+01   0.12109E+02
       19.2167        7.2167   0.39256E+01   0.78512E+01   0.26815E+02   0.78506E+01   0.12100E+02
       19.2333        7.2333   0.39254E+01   0.78508E+01   0.26813E+02   0.78490E+01   0.12091E+02
       19.2500        7.2500   0.39252E+01   0.78504E+01   0.26811E+02   0.78474E+01   0.12081E+02
       19.2667        7.2667   0.39250E+01   0.78500E+01   0.26809E+02   0.78458E+01   0.12072E+02
       19.2833        7.2833   0.39248E+01   0.78495E+01   0.26807E+02   0.78441E+01   0.12062E+02
       19.3000        7.3000   0.39246E+01   0.78491E+01   0.26804E+02   0.78424E+01   0.12052E+02
       19.3167        7.3167   0.39243E+01   0.78487E+01   0.26802E+02   0.78407E+01   0.12041E+02
       19.3333        7.3333   0.39241E+01   0.78483E+01   0.26800E+02   0.78390E+01   0.12031E+02
       19.3500        7.3500   0.39239E+01   0.78478E+01   0.26798E+02   0.78373E+01   0.12020E+02
       19.3667        7.3667   0.39237E+01   0.78474E+01   0.26796E+02   0.78355E+01   0.12010E+02
       19.3833        7.3833   0.39235E+01   0.78469E+01   0.26793E+02   0.78337E+01   0.11999E+02
       19.4000        7.4000   0.39232E+01   0.78465E+01   0.26791E+02   0.78319E+01   0.11987E+02
       19.4167        7.4167   0.39230E+01   0.78460E+01   0.26789E+02   0.78301E+01   0.11976E+02
       19.4333        7.4333   0.39228E+01   0.78456E+01   0.26786E+02   0.78282E+01   0.11965E+02
       19.4500        7.4500   0.39226E+01   0.78451E+01   0.26784E+02   0.78264E+01   0.11953E+02
       19.4667        7.4667   0.39223E+01   0.78447E+01   0.26782E+02   0.78244E+01   0.11941E+02
       19.4833        7.4833   0.39221E+01   0.78442E+01   0.26779E+02   0.78225E+01   0.11929E+02
       19.5000        7.5000   0.39219E+01   0.78437E+01   0.26777E+02   0.78206E+01   0.11916E+02
       19.5167        7.5167   0.39216E+01   0.78432E+01   0.26774E+02   0.78186E+01   0.11904E+02
       19.5333        7.5333   0.39214E+01   0.78427E+01   0.26772E+02   0.78166E+01   0.11891E+02
       19.5500        7.5500   0.39211E+01   0.78422E+01   0.26769E+02   0.78145E+01   0.11878E+02
       19.5667        7.5667   0.39209E+01   0.78417E+01   0.26767E+02   0.78125E+01   0.11865E+02
       19.5833        7.5833   0.39206E+01   0.78412E+01   0.26764E+02   0.78104E+01   0.11852E+02
       19.6000        7.6000   0.39204E+01   0.78407E+01   0.26761E+02   0.78082E+01   0.11838E+02
       19.6167        7.6167   0.39201E+01   0.78402E+01   0.26759E+02   0.78061E+01   0.11825E+02
       19.6333        7.6333   0.39198E+01   0.78397E+01   0.26756E+02   0.78039E+01   0.11811E+02
       19.6500        7.6500   0.39196E+01   0.78392E+01   0.26753E+02   0.78017E+01   0.11796E+02
       19.6667        7.6667   0.39193E+01   0.78386E+01   0.26751E+02   0.77995E+01   0.11782E+02
       19.6833        7.6833   0.39190E+01   0.78381E+01   0.26748E+02   0.77972E+01   0.11768E+02
       19.7000        7.7000   0.39188E+01   0.78375E+01   0.26745E+02   0.77949E+01   0.11753E+02
       19.7167        7.7167   0.39185E+01   0.78370E+01   0.26742E+02   0.77926E+01   0.11738E+02
       19.7333        7.7333   0.39182E+01   0.78364E+01   0.26739E+02   0.77902E+01   0.11722E+02
       19.7500        7.7500   0.39179E+01   0.78358E+01   0.26736E+02   0.77878E+01   0.11707E+02
       19.7667        7.7667   0.39176E+01   0.78353E+01   0.26733E+02   0.77853E+01   0.11691E+02
       19.7833        7.7833   0.39173E+01   0.78347E+01   0.26730E+02   0.77829E+01   0.11675E+02
       19.8000        7.8000   0.39170E+01   0.78341E+01   0.26727E+02   0.77804E+01   0.11659E+02
       19.8167        7.8167   0.39167E+01   0.78335E+01   0.26724E+02   0.77778E+01   0.11643E+02
       19.8333        7.8333   0.39164E+01   0.78328E+01   0.26721E+02   0.77752E+01   0.11626E+02
       19.8500        7.8500   0.39161E+01   0.78322E+01   0.26718E+02   0.77726E+01   0.11609E+02
       19.8667        7.8667   0.39158E+01   0.78316E+01   0.26715E+02   0.77700E+01   0.11592E+02
       19.8833        7.8833   0.39155E+01   0.78309E+01   0.26711E+02   0.77673E+01   0.11575E+02
       19.9000        7.9000   0.39151E+01   0.78303E+01   0.26708E+02   0.77645E+01   0.11557E+02
       19.9167        7.9167   0.39148E+01   0.78296E+01   0.26704E+02   0.77617E+01   0.11539E+02
       19.9333        7.9333   0.39145E+01   0.78289E+01   0.26701E+02   0.77589E+01   0.11521E+02
       19.9500        7.9500   0.39141E+01   0.78282E+01   0.26697E+02   0.77560E+01   0.11503E+02
       19.9667        7.9667   0.39138E+01   0.78275E+01   0.26694E+02   0.77531E+01   0.11484E+02
       19.9833        7.9833   0.39134E+01   0.78268E+01   0.26690E+02   0.77501E+01   0.11465E+02
       20.0000        8.0000   0.39130E+01   0.78260E+01   0.26686E+02   0.77471E+01   0.11446E+02
       20.0167        8.0167   0.39126E+01   0.78253E+01   0.26682E+02   0.77441E+01   0.11427E+02
       20.0333        8.0333   0.39123E+01   0.78245E+01   0.26678E+02   0.77410E+01   0.11407E+02
       20.0500        8.0500   0.39119E+01   0.78238E+01   0.26675E+02   0.77378E+01   0.11387E+02
       20.0667        8.0667   0.39115E+01   0.78230E+01   0.26670E+02   0.77346E+01   0.11366E+02
       20.0833        8.0833   0.39111E+01   0.78221E+01   0.26666E+02   0.77313E+01   0.11346E+02
       20.1000        8.1000   0.39107E+01   0.78213E+01   0.26662E+02   0.77280E+01   0.11325E+02
       20.1167        8.1167   0.39102E+01   0.78205E+01   0.26658E+02   0.77247E+01   0.11304E+02
       20.1333        8.1333   0.39098E+01   0.78196E+01   0.26653E+02   0.77212E+01   0.11282E+02
       20.1500        8.1500   0.39094E+01   0.78187E+01   0.26649E+02   0.77177E+01   0.11260E+02
       20.1667        8.1667   0.39089E+01   0.78178E+01   0.26644E+02   0.77142E+01   0.11238E+02
       20.1833        8.1833   0.39084E+01   0.78169E+01   0.26639E+02   0.77106E+01   0.11215E+02
       20.2000        8.2000   0.39080E+01   0.78159E+01   0.26634E+02   0.77069E+01   0.11192E+02
       20.2167        8.2167   0.39075E+01   0.78150E+01   0.26630E+02   0.77031E+01   0.11169E+02
       20.2333        8.2333   0.39070E+01   0.78140E+01   0.26624E+02   0.76993E+01   0.11146E+02
       20.2500        8.2500   0.39065E+01   0.78129E+01   0.26619E+02   0.76954E+01   0.11122E+02
       20.2667        8.2667   0.39059E+01   0.78119E+01   0.26614E+02   0.76915E+01   0.11097E+02
       20.2833        8.2833   0.39054E+01   0.78108E+01   0.26608E+02   0.76875E+01   0.11073E+02
       20.3000        8.3000   0.39048E+01   0.78097E+01   0.26603E+02   0.76833E+01   0.11047E+02
       20.3167        8.3167   0.39043E+01   0.78086E+01   0.26597E+02   0.76792E+01   0.11022E+02
       20.3333        8.3333   0.39037E+01   0.78074E+01   0.26591E+02   0.76749E+01   0.10996E+02
       20.3500        8.3500   0.39031E+01   0.78062E+01   0.26585E+02   0.76705E+01   0.10969E+02
       20.3667        8.3667   0.39025E+01   0.78050E+01   0.26578E+02   0.76661E+01   0.10943E+02
       20.3833        8.3833   0.39018E+01   0.78037E+01   0.26572E+02   0.76616E+01   0.10915E+02
       20.4000        8.4000   0.39012E+01   0.78024E+01   0.26565E+02   0.76569E+01   0.10888E+02
       20.4167        8.4167   0.39005E+01   0.78010E+01   0.26558E+02   0.76522E+01   0.10859E+02
       20.4333        8.4333   0.38998E+01   0.77996E+01   0.26551E+02   0.76474E+01   0.10831E+02
       20.4500        8.4500   0.38991E+01   0.77982E+01   0.26544E+02   0.76425E+01   0.10801E+02
       20.4667        8.4667   0.38984E+01   0.77967E+01   0.26537E+02   0.76374E+01   0.10772E+02
       20.4833        8.4833   0.38976E+01   0.77952E+01   0.26529E+02   0.76323E+01   0.10741E+02
       20.5000        8.5000   0.38968E+01   0.77936E+01   0.26521E+02   0.76270E+01   0.10710E+02
       20.5167        8.5167   0.38960E+01   0.77920E+01   0.26512E+02   0.76216E+01   0.10679E+02
       20.5333        8.5333   0.38952E+01   0.77903E+01   0.26504E+02   0.76161E+01   0.10647E+02
       20.5500        8.5500   0.38943E+01   0.77886E+01   0.26495E+02   0.76105E+01   0.10614E+02
       20.5667        8.5667   0.38934E+01   0.77868E+01   0.26486E+02   0.76047E+01   0.10581E+02
       20.5833        8.5833   0.38924E+01   0.77849E+01   0.26476E+02   0.75988E+01   0.10546E+02
       20.6000        8.6000   0.38915E+01   0.77830E+01   0.26466E+02   0.75928E+01   0.10512E+02
       20.6167        8.6167   0.38905E+01   0.77809E+01   0.26456E+02   0.75866E+01   0.10476E+02
       20.6333        8.6333   0.38894E+01   0.77789E+01   0.26446E+02   0.75802E+01   0.10440E+02
       20.6500        8.6500   0.38883E+01   0.77767E+01   0.26434E+02   0.75736E+01   0.10403E+02
       20.6667        8.6667   0.38872E+01   0.77744E+01   0.26423E+02   0.75669E+01   0.10365E+02
       20.6833        8.6833   0.38860E+01   0.77721E+01   0.26411E+02   0.75600E+01   0.10326E+02
       20.7000        8.7000   0.38848E+01   0.77696E+01   0.26399E+02   0.75530E+01   0.10286E+02
       20.7167        8.7167   0.38836E+01   0.77671E+01   0.26386E+02   0.75457E+01   0.10246E+02
       20.7333        8.7333   0.38822E+01   0.77645E+01   0.26372E+02   0.75382E+01   0.10204E+02
       20.7500        8.7500   0.38808E+01   0.77617E+01   0.26358E+02   0.75305E+01   0.10161E+02
       20.7667        8.7667   0.38794E+01   0.77588E+01   0.26344E+02   0.75225E+01   0.10117E+02
       20.7833        8.7833   0.38779E+01   0.77558E+01   0.26328E+02   0.75143E+01   0.10072E+02
       20.8000        8.8000   0.38763E+01   0.77526E+01   0.26312E+02   0.75059E+01   0.10026E+02
       20.8167        8.8167   0.38747E+01   0.77493E+01   0.26296E+02   0.74971E+01   0.99783E+01
       20.8333        8.8333   0.38729E+01   0.77459E+01   0.26278E+02   0.74881E+01   0.99293E+01
       20.8500        8.8500   0.38711E+01   0.77422E+01   0.26260E+02   0.74788E+01   0.98789E+01
       20.8667        8.8667   0.38692E+01   0.77384E+01   0.26240E+02   0.74691E+01   0.98269E+01
       20.8833        8.8833   0.38672E+01   0.77344E+01   0.26220E+02   0.74591E+01   0.97733E+01
       20.9000        8.9000   0.38651E+01   0.77302E+01   0.26199E+02   0.74488E+01   0.97179E+01
       20.9167        8.9167   0.38629E+01   0.77257E+01   0.26176E+02   0.74380E+01   0.96606E+01
       20.9333        8.9333   0.38605E+01   0.77211E+01   0.26153E+02   0.74269E+01   0.96014E+01
       20.9500        8.9500   0.38581E+01   0.77161E+01   0.26128E+02   0.74153E+01   0.95399E+01
       20.9667        8.9667   0.38554E+01   0.77109E+01   0.26101E+02   0.74032E+01   0.94762E+01
       20.9833        8.9833   0.38527E+01   0.77053E+01   0.26073E+02   0.73906E+01   0.94101E+01
       21.0000        9.0000   0.38497E+01   0.76995E+01   0.26044E+02   0.73774E+01   0.93412E+01
       21.0167        9.0167   0.38466E+01   0.76932E+01   0.26013E+02   0.73636E+01   0.92695E+01
       21.0333        9.0333   0.38433E+01   0.76866E+01   0.25979E+02   0.73493E+01   0.91947E+01
       21.0500        9.0500   0.38398E+01   0.76796E+01   0.25944E+02   0.73342E+01   0.91165E+01
       21.0667        9.0667   0.38360E+01   0.76720E+01   0.25906E+02   0.73183E+01   0.90347E+01
       21.0833        9.0833   0.38320E+01   0.76640E+01   0.25865E+02   0.73016E+01   0.89488E+01
       21.1000        9.1000   0.38277E+01   0.76553E+01   0.25822E+02   0.72840E+01   0.88586E+01
       21.1167        9.1167   0.38230E+01   0.76460E+01   0.25776E+02   0.72655E+01   0.87635E+01
       21.1333        9.1333   0.38180E+01   0.76361E+01   0.25726E+02   0.72458E+01   0.86631E+01
       21.1500        9.1500   0.38126E+01   0.76253E+01   0.25672E+02   0.72249E+01   0.85568E+01
       21.1667        9.1667   0.38068E+01   0.76137E+01   0.25614E+02   0.72027E+01   0.84441E+01
       21.1833        9.1833   0.38005E+01   0.76010E+01   0.25551E+02   0.71790E+01   0.83240E+01
       21.2000        9.2000   0.37936E+01   0.75873E+01   0.25483E+02   0.71536E+01   0.81958E+01
       21.2167        9.2167   0.37861E+01   0.75723E+01   0.25409E+02   0.71264E+01   0.80585E+01
       21.2333        9.2333   0.37779E+01   0.75558E+01   0.25327E+02   0.70971E+01   0.79108E+01
       21.2500        9.2500   0.37689E+01   0.75377E+01   0.25238E+02   0.70654E+01   0.77514E+01
       21.2667        9.2667   0.37589E+01   0.75178E+01   0.25140E+02   0.70309E+01   0.75786E+01
       21.2833        9.2833   0.37478E+01   0.74957E+01   0.25031E+02   0.69934E+01   0.73905E+01
       21.3000        9.3000   0.37355E+01   0.74711E+01   0.24910E+02   0.69523E+01   0.71848E+01
       21.3167        9.3167   0.37218E+01   0.74435E+01   0.24776E+02   0.69070E+01   0.69587E+01
       21.3333        9.3333   0.37063E+01   0.74126E+01   0.24626E+02   0.68570E+01   0.67090E+01
       21.3500        9.3500   0.36889E+01   0.73777E+01   0.24456E+02   0.68015E+01   0.64318E+01
       21.3667        9.3667   0.36691E+01   0.73381E+01   0.24265E+02   0.67395E+01   0.61227E+01
       21.3833        9.3833   0.36140E+01   0.72280E+01   0.23739E+02   0.65865E+01   0.57797E+01
       21.4000        9.4000   0.19285E+01   0.38570E+01   0.10490E+02   0.29463E+01   0.37121E+01
       21.4167        9.4167   0.18652E+01   0.37303E+01   0.10080E+02   0.28184E+01   0.35018E+01
       21.4333        9.4333   0.18057E+01   0.36114E+01   0.97005E+01   0.26991E+01   0.32995E+01
       21.4500        9.4500   0.17507E+01   0.35014E+01   0.93533E+01   0.25892E+01   0.31100E+01
       21.4667        9.4667   0.16997E+01   0.33993E+01   0.90345E+01   0.24875E+01   0.29318E+01
       21.4833        9.4833   0.16522E+01   0.33044E+01   0.87407E+01   0.23932E+01   0.27637E+01
       21.5000        9.5000   0.16079E+01   0.32158E+01   0.84692E+01   0.23053E+01   0.26046E+01
       21.5167        9.5167   0.15808E+01   0.31615E+01   0.83041E+01   0.22468E+01   0.24950E+01
       21.5333        9.5333   0.15904E+01   0.31809E+01   0.83629E+01   0.22492E+01   0.24807E+01
       21.5500        9.5500   0.16003E+01   0.32006E+01   0.84228E+01   0.22517E+01   0.24657E+01
       21.5667        9.5667   0.16103E+01   0.32205E+01   0.84837E+01   0.22542E+01   0.24501E+01
       21.5833        9.5833   0.16204E+01   0.32409E+01   0.85458E+01   0.22567E+01   0.24337E+01
       21.6000        9.6000   0.16307E+01   0.32615E+01   0.86090E+01   0.22593E+01   0.24165E+01
       21.6167        9.6167   0.16412E+01   0.32824E+01   0.86733E+01   0.22618E+01   0.23983E+01
       21.6333        9.6333   0.16519E+01   0.33037E+01   0.87388E+01   0.22644E+01   0.23792E+01
       21.6500        9.6500   0.16627E+01   0.33254E+01   0.88055E+01   0.22670E+01   0.23588E+01
       21.6667        9.6667   0.16737E+01   0.33474E+01   0.88735E+01   0.22696E+01   0.23373E+01
       21.6833        9.6833   0.16849E+01   0.33698E+01   0.89427E+01   0.22722E+01   0.23142E+01
       21.7000        9.7000   0.16962E+01   0.33925E+01   0.90132E+01   0.22749E+01   0.22896E+01
       21.7167        9.7167   0.17078E+01   0.34156E+01   0.90851E+01   0.22776E+01   0.22630E+01
       21.7333        9.7333   0.17195E+01   0.34391E+01   0.91583E+01   0.22803E+01   0.22343E+01
       21.7500        9.7500   0.17315E+01   0.34630E+01   0.92329E+01   0.22831E+01   0.22030E+01
       21.7667        9.7667   0.17436E+01   0.34872E+01   0.93089E+01   0.22858E+01   0.21688E+01
       21.7833        9.7833   0.17559E+01   0.35119E+01   0.93863E+01   0.22886E+01   0.21310E+01
       21.8000        9.8000   0.17685E+01   0.35370E+01   0.94652E+01   0.22915E+01   0.20889E+01
       21.8167        9.8167   0.17812E+01   0.35624E+01   0.95456E+01   0.22943E+01   0.20415E+01
       21.8333        9.8333   0.17942E+01   0.35883E+01   0.96274E+01   0.22972E+01   0.19876E+01
       21.8500        9.8500   0.18073E+01   0.36146E+01   0.97108E+01   0.23002E+01   0.19253E+01
       21.8667        9.8667   0.18206E+01   0.36413E+01   0.97956E+01   0.23031E+01   0.18520E+01
       21.8833        9.8833   0.18342E+01   0.36684E+01   0.98820E+01   0.23062E+01   0.17636E+01
       21.9000        9.9000   0.18479E+01   0.36958E+01   0.99697E+01   0.23092E+01   0.16537E+01
       21.9167        9.9167   0.18618E+01   0.37236E+01   0.10059E+02   0.23124E+01   0.15107E+01
       21.9333        9.9333   0.18758E+01   0.37517E+01   0.10149E+02   0.23155E+01   0.13104E+01
       21.9500        9.9500   0.18900E+01   0.37800E+01   0.10240E+02   0.23188E+01   0.98717E+00
       21.9667        9.9667   0.19042E+01   0.38084E+01   0.10332E+02   0.23222E+01   0.16559E+00
       21.9833        9.9833   0.19187E+01   0.38375E+01   0.10427E+02   0.23258E+01  -0.19095E+01
       22.0000       10.0000   0.19509E+01   0.39018E+01   0.10636E+02   0.23295E+01  -0.73385E+01
       22.0167       10.0167   0.19668E+01   0.39336E+01   0.10740E+02   0.23333E+01  -0.73378E+01
       22.0333       10.0333   0.19827E+01   0.39653E+01   0.10845E+02   0.23370E+01  -0.72755E+01
       22.0500       10.0500   0.19989E+01   0.39978E+01   0.10952E+02   0.23408E+01  -0.72119E+01
       22.0667       10.0667   0.20154E+01   0.40308E+01   0.11061E+02   0.23445E+01  -0.71468E+01
       22.0833       10.0833   0.20323E+01   0.40646E+01   0.11173E+02   0.23482E+01  -0.70802E+01
       22.1000       10.1000   0.20495E+01   0.40991E+01   0.11288E+02   0.23520E+01  -0.70120E+01
       22.1167       10.1167   0.20671E+01   0.41343E+01   0.11405E+02   0.23557E+01  -0.69422E+01
       22.1333       10.1333   0.20851E+01   0.41702E+01   0.11526E+02   0.23593E+01  -0.68707E+01
       22.1500       10.1500   0.21035E+01   0.42069E+01   0.11650E+02   0.23630E+01  -0.67973E+01
       22.1667       10.1667   0.21222E+01   0.42445E+01   0.11777E+02   0.23667E+01  -0.67221E+01
       22.1833       10.1833   0.21414E+01   0.42829E+01   0.11907E+02   0.23703E+01  -0.66448E+01
       22.2000       10.2000   0.21611E+01   0.43221E+01   0.12041E+02   0.23740E+01  -0.65655E+01
       22.2167       10.2167   0.21812E+01   0.43623E+01   0.12178E+02   0.23776E+01  -0.64839E+01
       22.2333       10.2333   0.22017E+01   0.44035E+01   0.12320E+02   0.23812E+01  -0.64001E+01
       22.2500       10.2500   0.22228E+01   0.44456E+01   0.12465E+02   0.23848E+01  -0.63137E+01
       22.2667       10.2667   0.22444E+01   0.44887E+01   0.12615E+02   0.23884E+01  -0.62248E+01
       22.2833       10.2833   0.22665E+01   0.45330E+01   0.12769E+02   0.23920E+01  -0.61331E+01
       22.3000       10.3000   0.22892E+01   0.45783E+01   0.12927E+02   0.23956E+01  -0.60386E+01
       22.3167       10.3167   0.23124E+01   0.46248E+01   0.13091E+02   0.23991E+01  -0.59409E+01
       22.3333       10.3333   0.23363E+01   0.46726E+01   0.13260E+02   0.24027E+01  -0.58401E+01
       22.3500       10.3500   0.23608E+01   0.47216E+01   0.13434E+02   0.24062E+01  -0.57358E+01
       22.3667       10.3667   0.23860E+01   0.47719E+01   0.13614E+02   0.24097E+01  -0.56278E+01
       22.3833       10.3833   0.24118E+01   0.48237E+01   0.13799E+02   0.24132E+01  -0.55159E+01
       22.4000       10.4000   0.24384E+01   0.48769E+01   0.13992E+02   0.24167E+01  -0.53999E+01
       22.4167       10.4167   0.24658E+01   0.49316E+01   0.14190E+02   0.24202E+01  -0.52795E+01
       22.4333       10.4333   0.24940E+01   0.49879E+01   0.14396E+02   0.24237E+01  -0.51544E+01
       22.4500       10.4500   0.25229E+01   0.50459E+01   0.14609E+02   0.24272E+01  -0.50243E+01
       22.4667       10.4667   0.25528E+01   0.51057E+01   0.14830E+02   0.24306E+01  -0.48887E+01
       22.4833       10.4833   0.25836E+01   0.51673E+01   0.15060E+02   0.24340E+01  -0.47474E+01
       22.5000       10.5000   0.26154E+01   0.52308E+01   0.15298E+02   0.24375E+01  -0.45999E+01
       22.5167       10.5167   0.26482E+01   0.52964E+01   0.15546E+02   0.24409E+01  -0.44457E+01
       22.5333       10.5333   0.26821E+01   0.53642E+01   0.15804E+02   0.24443E+01  -0.42843E+01
       22.5500       10.5500   0.27171E+01   0.54342E+01   0.16072E+02   0.24476E+01  -0.41152E+01
       22.5667       10.5667   0.27533E+01   0.55067E+01   0.16352E+02   0.24510E+01  -0.39377E+01
       22.5833       10.5833   0.27908E+01   0.55817E+01   0.16645E+02   0.24544E+01  -0.37511E+01
       22.6000       10.6000   0.28297E+01   0.56593E+01   0.16950E+02   0.24577E+01  -0.35547E+01
       22.6167       10.6167   0.28699E+01   0.57398E+01   0.17269E+02   0.24610E+01  -0.33475E+01
       22.6333       10.6333   0.29117E+01   0.58234E+01   0.17603E+02   0.24644E+01  -0.31286E+01
       22.6500       10.6500   0.29551E+01   0.59101E+01   0.17954E+02   0.24677E+01  -0.28970E+01
       22.6667       10.6667   0.30001E+01   0.60003E+01   0.18322E+02   0.24710E+01  -0.26514E+01
       22.6833       10.6833   0.30470E+01   0.60940E+01   0.18708E+02   0.24742E+01  -0.23904E+01
       22.7000       10.7000   0.30958E+01   0.61917E+01   0.19116E+02   0.24775E+01  -0.21125E+01
       22.7167       10.7167   0.31467E+01   0.62934E+01   0.19545E+02   0.24808E+01  -0.18159E+01
       22.7333       10.7333   0.31998E+01   0.63996E+01   0.19998E+02   0.24840E+01  -0.14987E+01
       22.7500       10.7500   0.32552E+01   0.65105E+01   0.20478E+02   0.24872E+01  -0.11584E+01
       22.7667       10.7667   0.33132E+01   0.66264E+01   0.20986E+02   0.24904E+01  -0.79251E+00
       22.7833       10.7833   0.33739E+01   0.67478E+01   0.21526E+02   0.24936E+01  -0.39792E+00
       22.8000       10.8000   0.34375E+01   0.68750E+01   0.22100E+02   0.24968E+01   0.28898E-01
       22.8167       10.8167   0.35043E+01   0.70086E+01   0.22712E+02   0.25000E+01   0.49207E+00
       22.8333       10.8333   0.35745E+01   0.71489E+01   0.23366E+02   0.25032E+01   0.99643E+00
       22.8500       10.8500   0.36483E+01   0.72966E+01   0.24066E+02   0.25063E+01   0.15477E+01
       22.8667       10.8667   0.36994E+01   0.73988E+01   0.24559E+02   0.25094E+01   0.19769E+01
       22.8833       10.8833   0.37004E+01   0.74009E+01   0.24569E+02   0.25126E+01   0.19570E+01
       22.9000       10.9000   0.37015E+01   0.74029E+01   0.24579E+02   0.25157E+01   0.19373E+01
       22.9167       10.9167   0.37025E+01   0.74050E+01   0.24588E+02   0.25188E+01   0.19176E+01
       22.9333       10.9333   0.37035E+01   0.74070E+01   0.24598E+02   0.25218E+01   0.18980E+01
       22.9500       10.9500   0.37045E+01   0.74090E+01   0.24608E+02   0.25249E+01   0.18785E+01
       22.9667       10.9667   0.37055E+01   0.74110E+01   0.24618E+02   0.25280E+01   0.18591E+01
       22.9833       10.9833   0.37065E+01   0.74130E+01   0.24627E+02   0.25310E+01   0.18398E+01
       23.0000       11.0000   0.37075E+01   0.74149E+01   0.24637E+02   0.25340E+01   0.18206E+01
       23.0167       11.0167   0.37085E+01   0.74169E+01   0.24646E+02   0.25370E+01   0.18014E+01
       23.0333       11.0333   0.37094E+01   0.74189E+01   0.24656E+02   0.25400E+01   0.17824E+01
       23.0500       11.0500   0.37104E+01   0.74208E+01   0.24665E+02   0.25430E+01   0.17634E+01
       23.0667       11.0667   0.37114E+01   0.74227E+01   0.24675E+02   0.25460E+01   0.17445E+01
       23.0833       11.0833   0.37123E+01   0.74246E+01   0.24684E+02   0.25490E+01   0.17257E+01
       23.1000       11.1000   0.37133E+01   0.74265E+01   0.24693E+02   0.25519E+01   0.17070E+01
       23.1167       11.1167   0.37142E+01   0.74284E+01   0.24702E+02   0.25549E+01   0.16884E+01
       23.1333       11.1333   0.37151E+01   0.74303E+01   0.24711E+02   0.25578E+01   0.16699E+01
       23.1500       11.1500   0.37161E+01   0.74322E+01   0.24721E+02   0.25607E+01   0.16515E+01
       23.1667       11.1667   0.37170E+01   0.74340E+01   0.24730E+02   0.25636E+01   0.16331E+01
       23.1833       11.1833   0.37179E+01   0.74359E+01   0.24739E+02   0.25665E+01   0.16149E+01
       23.2000       11.2000   0.37188E+01   0.74377E+01   0.24747E+02   0.25693E+01   0.15967E+01
       23.2167       11.2167   0.37198E+01   0.74395E+01   0.24756E+02   0.25722E+01   0.15787E+01
       23.2333       11.2333   0.37207E+01   0.74413E+01   0.24765E+02   0.25750E+01   0.15607E+01
       23.2500       11.2500   0.37216E+01   0.74431E+01   0.24774E+02   0.25779E+01   0.15428E+01
       23.2667       11.2667   0.37225E+01   0.74449E+01   0.24783E+02   0.25807E+01   0.15250E+01
       23.2833       11.2833   0.37233E+01   0.74467E+01   0.24791E+02   0.25835E+01   0.15073E+01
       23.3000       11.3000   0.37242E+01   0.74484E+01   0.24800E+02   0.25863E+01   0.14897E+01
       23.3167       11.3167   0.37251E+01   0.74502E+01   0.24808E+02   0.25891E+01   0.14722E+01
       23.3333       11.3333   0.37260E+01   0.74519E+01   0.24817E+02   0.25918E+01   0.14547E+01
       23.3500       11.3500   0.37268E+01   0.74537E+01   0.24825E+02   0.25946E+01   0.14374E+01
       23.3667       11.3667   0.37277E+01   0.74554E+01   0.24834E+02   0.25973E+01   0.14202E+01
       23.3833       11.3833   0.37285E+01   0.74571E+01   0.24842E+02   0.26000E+01   0.14030E+01
       23.4000       11.4000   0.37294E+01   0.74588E+01   0.24850E+02   0.26027E+01   0.13859E+01
       23.4167       11.4167   0.37302E+01   0.74605E+01   0.24859E+02   0.26054E+01   0.13690E+01
       23.4333       11.4333   0.37311E+01   0.74621E+01   0.24867E+02   0.26081E+01   0.13521E+01
       23.4500       11.4500   0.37319E+01   0.74638E+01   0.24875E+02   0.26108E+01   0.13353E+01
       23.4667       11.4667   0.37327E+01   0.74655E+01   0.24883E+02   0.26134E+01   0.13186E+01
       23.4833       11.4833   0.37336E+01   0.74671E+01   0.24891E+02   0.26161E+01   0.13020E+01
       23.5000       11.5000   0.37344E+01   0.74687E+01   0.24899E+02   0.26187E+01   0.12855E+01
       23.5167       11.5167   0.37352E+01   0.74704E+01   0.24907E+02   0.26213E+01   0.12690E+01
       23.5333       11.5333   0.37360E+01   0.74720E+01   0.24915E+02   0.26239E+01   0.12527E+01
       23.5500       11.5500   0.37368E+01   0.74736E+01   0.24923E+02   0.26265E+01   0.12365E+01
       23.5667       11.5667   0.37376E+01   0.74752E+01   0.24930E+02   0.26291E+01   0.12203E+01
       23.5833       11.5833   0.37384E+01   0.74767E+01   0.24938E+02   0.26316E+01   0.12042E+01
       23.6000       11.6000   0.37392E+01   0.74783E+01   0.24946E+02   0.26342E+01   0.11883E+01
       23.6167       11.6167   0.37399E+01   0.74799E+01   0.24953E+02   0.26367E+01   0.11724E+01
       23.6333       11.6333   0.37407E+01   0.74814E+01   0.24961E+02   0.26392E+01   0.11566E+01
       23.6500       11.6500   0.37415E+01   0.74829E+01   0.24969E+02   0.26418E+01   0.11409E+01
       23.6667       11.6667   0.37422E+01   0.74845E+01   0.24976E+02   0.26442E+01   0.11253E+01
       23.6833       11.6833   0.37430E+01   0.74860E+01   0.24983E+02   0.26467E+01   0.11098E+01
       23.7000       11.7000   0.37437E+01   0.74875E+01   0.24991E+02   0.26492E+01   0.10943E+01
       23.7167       11.7167   0.37445E+01   0.74890E+01   0.24998E+02   0.26516E+01   0.10790E+01
       23.7333       11.7333   0.37452E+01   0.74905E+01   0.25005E+02   0.26541E+01   0.10637E+01
       23.7500       11.7500   0.37460E+01   0.74920E+01   0.25013E+02   0.26565E+01   0.10485E+01
       23.7667       11.7667   0.37467E+01   0.74934E+01   0.25020E+02   0.26589E+01   0.10335E+01
       23.7833       11.7833   0.37474E+01   0.74949E+01   0.25027E+02   0.26613E+01   0.10185E+01
       23.8000       11.8000   0.37482E+01   0.74963E+01   0.25034E+02   0.26637E+01   0.10036E+01
       23.8167       11.8167   0.37489E+01   0.74978E+01   0.25041E+02   0.26661E+01   0.98875E+00
       23.8333       11.8333   0.37496E+01   0.74992E+01   0.25048E+02   0.26684E+01   0.97402E+00
       23.8500       11.8500   0.37503E+01   0.75006E+01   0.25055E+02   0.26708E+01   0.95937E+00
       23.8667       11.8667   0.37510E+01   0.75020E+01   0.25062E+02   0.26731E+01   0.94482E+00
       23.8833       11.8833   0.37517E+01   0.75034E+01   0.25069E+02   0.26754E+01   0.93035E+00
       23.9000       11.9000   0.37524E+01   0.75048E+01   0.25076E+02   0.26777E+01   0.91596E+00
       23.9167       11.9167   0.37531E+01   0.75061E+01   0.25082E+02   0.26800E+01   0.90166E+00
       23.9333       11.9333   0.37538E+01   0.75075E+01   0.25089E+02   0.26822E+01   0.88745E+00
       23.9500       11.9500   0.37544E+01   0.75089E+01   0.25096E+02   0.26845E+01   0.87332E+00
       23.9667       11.9667   0.37551E+01   0.75102E+01   0.25102E+02   0.26868E+01   0.85928E+00
       23.9833       11.9833   0.37558E+01   0.75115E+01   0.25109E+02   0.26890E+01   0.84532E+00
       24.0000       12.0000   0.37564E+01   0.75129E+01   0.25115E+02   0.26912E+01   0.83145E+00
