Concentrations and fluxes of the HOO18 isotopologue
 720
    UTC(hours)     RT(hours)     c_BL(ppb)     c_FT(ppb) F_sf(ppb*m/s) F_en(ppb*m/s)
       12.0167        0.0167   0.18009E+05   0.17644E+05   0.43785E+02   0.00000E+00
       12.0333        0.0333   0.18035E+05   0.17644E+05   0.43728E+02   0.00000E+00
       12.0500        0.0500   0.18062E+05   0.17644E+05   0.43731E+02   0.00000E+00
       12.0667        0.0667   0.18088E+05   0.17644E+05   0.43790E+02   0.00000E+00
       12.0833        0.0833   0.18114E+05   0.17644E+05   0.43903E+02   0.18105E-02
       12.1000        0.1000   0.18141E+05   0.17644E+05   0.44074E+02   0.12574E+00
       12.1167        0.1167   0.18167E+05   0.17644E+05   0.44285E+02   0.25751E+00
       12.1333        0.1333   0.18193E+05   0.17644E+05   0.44534E+02   0.39729E+00
       12.1500        0.1500   0.18220E+05   0.17643E+05   0.44818E+02   0.54550E+00
       12.1667        0.1667   0.18247E+05   0.17643E+05   0.45133E+02   0.70263E+00
       12.1833        0.1833   0.18273E+05   0.17643E+05   0.45477E+02   0.86921E+00
       12.2000        0.2000   0.18300E+05   0.17642E+05   0.45845E+02   0.10458E+01
       12.2167        0.2167   0.18327E+05   0.17641E+05   0.46236E+02   0.12329E+01
       12.2333        0.2333   0.18354E+05   0.17641E+05   0.46647E+02   0.14312E+01
       12.2500        0.2500   0.18381E+05   0.17640E+05   0.47077E+02   0.16413E+01
       12.2667        0.2667   0.18408E+05   0.17639E+05   0.47524E+02   0.18638E+01
       12.2833        0.2833   0.18435E+05   0.17638E+05   0.47988E+02   0.20994E+01
       12.3000        0.3000   0.18462E+05   0.17637E+05   0.48467E+02   0.23490E+01
       12.3167        0.3167   0.18490E+05   0.17636E+05   0.48961E+02   0.26132E+01
       12.3333        0.3333   0.18517E+05   0.17635E+05   0.49468E+02   0.28929E+01
       12.3500        0.3500   0.18545E+05   0.17634E+05   0.49990E+02   0.31892E+01
       12.3667        0.3667   0.18573E+05   0.17633E+05   0.50525E+02   0.35029E+01
       12.3833        0.3833   0.18600E+05   0.17632E+05   0.51072E+02   0.38351E+01
       12.4000        0.4000   0.18628E+05   0.17630E+05   0.51633E+02   0.41870E+01
       12.4167        0.4167   0.18656E+05   0.17629E+05   0.52206E+02   0.45600E+01
       12.4333        0.4333   0.18684E+05   0.17627E+05   0.52792E+02   0.49553E+01
       12.4500        0.4500   0.18712E+05   0.17625E+05   0.53390E+02   0.53745E+01
       12.4667        0.4667   0.18740E+05   0.17624E+05   0.54000E+02   0.58192E+01
       12.4833        0.4833   0.18767E+05   0.17622E+05   0.54623E+02   0.62913E+01
       12.5000        0.5000   0.18795E+05   0.17620E+05   0.55258E+02   0.67928E+01
       12.5167        0.5167   0.18823E+05   0.17618E+05   0.55906E+02   0.73257E+01
       12.5333        0.5333   0.18851E+05   0.17616E+05   0.56565E+02   0.78927E+01
       12.5500        0.5500   0.18879E+05   0.17613E+05   0.57237E+02   0.84963E+01
       12.5667        0.5667   0.18907E+05   0.17611E+05   0.57921E+02   0.91394E+01
       12.5833        0.5833   0.18934E+05   0.17609E+05   0.58618E+02   0.98254E+01
       12.6000        0.6000   0.18962E+05   0.17606E+05   0.59326E+02   0.10558E+02
       12.6167        0.6167   0.18989E+05   0.17603E+05   0.60048E+02   0.11341E+02
       12.6333        0.6333   0.19016E+05   0.17600E+05   0.60782E+02   0.12179E+02
       12.6500        0.6500   0.19043E+05   0.17597E+05   0.61528E+02   0.13078E+02
       12.6667        0.6667   0.19070E+05   0.17594E+05   0.62287E+02   0.14042E+02
       12.6833        0.6833   0.19097E+05   0.17591E+05   0.63059E+02   0.15079E+02
       12.7000        0.7000   0.19123E+05   0.17587E+05   0.63844E+02   0.16196E+02
       12.7167        0.7167   0.19149E+05   0.17584E+05   0.64641E+02   0.17401E+02
       12.7333        0.7333   0.19174E+05   0.17580E+05   0.65452E+02   0.18703E+02
       12.7500        0.7500   0.19199E+05   0.17576E+05   0.66276E+02   0.20115E+02
       12.7667        0.7667   0.19223E+05   0.17571E+05   0.67114E+02   0.21648E+02
       12.7833        0.7833   0.19247E+05   0.17567E+05   0.67965E+02   0.23316E+02
       12.8000        0.8000   0.19270E+05   0.17562E+05   0.68830E+02   0.25138E+02
       12.8167        0.8167   0.19293E+05   0.17556E+05   0.69709E+02   0.27131E+02
       12.8333        0.8333   0.19315E+05   0.17551E+05   0.70603E+02   0.29320E+02
       12.8500        0.8500   0.19336E+05   0.17545E+05   0.71512E+02   0.31731E+02
       12.8667        0.8667   0.19355E+05   0.17539E+05   0.72436E+02   0.34397E+02
       12.8833        0.8833   0.19374E+05   0.17532E+05   0.73376E+02   0.37354E+02
       12.9000        0.9000   0.19391E+05   0.17525E+05   0.74333E+02   0.40650E+02
       12.9167        0.9167   0.19407E+05   0.17517E+05   0.75307E+02   0.44337E+02
       12.9333        0.9333   0.19421E+05   0.17509E+05   0.76298E+02   0.48484E+02
       12.9500        0.9500   0.19434E+05   0.17499E+05   0.77309E+02   0.53169E+02
       12.9667        0.9667   0.19444E+05   0.17490E+05   0.78340E+02   0.58492E+02
       12.9833        0.9833   0.19452E+05   0.17479E+05   0.79393E+02   0.64573E+02
       13.0000        1.0000   0.19458E+05   0.17467E+05   0.80469E+02   0.71562E+02
       13.0167        1.0167   0.19460E+05   0.17454E+05   0.81570E+02   0.79642E+02
       13.0333        1.0333   0.19459E+05   0.17440E+05   0.82699E+02   0.89039E+02
       13.0500        1.0500   0.19454E+05   0.17424E+05   0.83858E+02   0.10003E+03
       13.0667        1.0667   0.19444E+05   0.17406E+05   0.85051E+02   0.11294E+03
       13.0833        1.0833   0.19430E+05   0.17385E+05   0.86282E+02   0.12815E+03
       13.1000        1.1000   0.19409E+05   0.17362E+05   0.87553E+02   0.14606E+03
       13.1167        1.1167   0.19381E+05   0.17336E+05   0.88870E+02   0.16701E+03
       13.1333        1.1333   0.19347E+05   0.17306E+05   0.90235E+02   0.19116E+03
       13.1500        1.1500   0.19304E+05   0.17271E+05   0.91651E+02   0.21823E+03
       13.1667        1.1667   0.19254E+05   0.17232E+05   0.93117E+02   0.24716E+03
       13.1833        1.1833   0.19196E+05   0.17187E+05   0.94625E+02   0.27596E+03
       13.2000        1.2000   0.19133E+05   0.17138E+05   0.96164E+02   0.30195E+03
       13.2167        1.2167   0.19065E+05   0.17084E+05   0.97715E+02   0.32260E+03
       13.2333        1.2333   0.18996E+05   0.17026E+05   0.99260E+02   0.33659E+03
       13.2500        1.2500   0.18928E+05   0.16967E+05   0.10078E+03   0.34414E+03
       13.2667        1.2667   0.18863E+05   0.16907E+05   0.10227E+03   0.34658E+03
       13.2833        1.2833   0.18801E+05   0.16846E+05   0.10371E+03   0.34551E+03
       13.3000        1.3000   0.18742E+05   0.16786E+05   0.10512E+03   0.34237E+03
       13.3167        1.3167   0.18687E+05   0.16727E+05   0.10648E+03   0.33818E+03
       13.3333        1.3333   0.18635E+05   0.16668E+05   0.10781E+03   0.33360E+03
       13.3500        1.3500   0.18587E+05   0.16611E+05   0.10910E+03   0.32906E+03
       13.3667        1.3667   0.18541E+05   0.16554E+05   0.11036E+03   0.32476E+03
       13.3833        1.3833   0.18498E+05   0.16499E+05   0.11159E+03   0.32081E+03
       13.4000        1.4000   0.18458E+05   0.16444E+05   0.11280E+03   0.31727E+03
       13.4167        1.4167   0.18419E+05   0.16391E+05   0.11398E+03   0.31415E+03
       13.4333        1.4333   0.18382E+05   0.16338E+05   0.11515E+03   0.31142E+03
       13.4500        1.4500   0.18347E+05   0.16287E+05   0.11630E+03   0.30906E+03
       13.4667        1.4667   0.18314E+05   0.16236E+05   0.11743E+03   0.30705E+03
       13.4833        1.4833   0.18282E+05   0.16186E+05   0.11854E+03   0.30536E+03
       13.5000        1.5000   0.18251E+05   0.16136E+05   0.11965E+03   0.30395E+03
       13.5167        1.5167   0.18221E+05   0.16087E+05   0.12074E+03   0.30281E+03
       13.5333        1.5333   0.18192E+05   0.16039E+05   0.12182E+03   0.30190E+03
       13.5500        1.5500   0.18164E+05   0.15991E+05   0.12289E+03   0.30121E+03
       13.5667        1.5667   0.18137E+05   0.15944E+05   0.12395E+03   0.30071E+03
       13.5833        1.5833   0.18111E+05   0.15898E+05   0.12500E+03   0.30038E+03
       13.6000        1.6000   0.18085E+05   0.15851E+05   0.12604E+03   0.30021E+03
       13.6167        1.6167   0.18061E+05   0.15806E+05   0.12708E+03   0.30018E+03
       13.6333        1.6333   0.18036E+05   0.15760E+05   0.12811E+03   0.30028E+03
       13.6500        1.6500   0.18013E+05   0.15715E+05   0.12913E+03   0.30050E+03
       13.6667        1.6667   0.17989E+05   0.15671E+05   0.13014E+03   0.30083E+03
       13.6833        1.6833   0.17967E+05   0.15627E+05   0.13115E+03   0.30125E+03
       13.7000        1.7000   0.17944E+05   0.15583E+05   0.13215E+03   0.30177E+03
       13.7167        1.7167   0.17922E+05   0.15539E+05   0.13315E+03   0.30236E+03
       13.7333        1.7333   0.17901E+05   0.15496E+05   0.13414E+03   0.30303E+03
       13.7500        1.7500   0.17880E+05   0.15453E+05   0.13513E+03   0.30377E+03
       13.7667        1.7667   0.17859E+05   0.15410E+05   0.13611E+03   0.30457E+03
       13.7833        1.7833   0.17839E+05   0.15368E+05   0.13709E+03   0.30542E+03
       13.8000        1.8000   0.17819E+05   0.15326E+05   0.13806E+03   0.30633E+03
       13.8167        1.8167   0.17799E+05   0.15284E+05   0.13903E+03   0.30728E+03
       13.8333        1.8333   0.17779E+05   0.15242E+05   0.13999E+03   0.30828E+03
       13.8500        1.8500   0.17760E+05   0.15200E+05   0.14095E+03   0.30932E+03
       13.8667        1.8667   0.17741E+05   0.15159E+05   0.14190E+03   0.31039E+03
       13.8833        1.8833   0.17722E+05   0.15118E+05   0.14285E+03   0.31150E+03
       13.9000        1.9000   0.17704E+05   0.15077E+05   0.14380E+03   0.31264E+03
       13.9167        1.9167   0.17686E+05   0.15037E+05   0.14474E+03   0.31381E+03
       13.9333        1.9333   0.17667E+05   0.14996E+05   0.14568E+03   0.31500E+03
       13.9500        1.9500   0.17650E+05   0.14956E+05   0.14662E+03   0.31622E+03
       13.9667        1.9667   0.17632E+05   0.14916E+05   0.14755E+03   0.31746E+03
       13.9833        1.9833   0.17614E+05   0.14876E+05   0.14848E+03   0.31872E+03
       14.0000        2.0000   0.17597E+05   0.14836E+05   0.14941E+03   0.31999E+03
       14.0167        2.0167   0.17580E+05   0.14797E+05   0.15033E+03   0.32129E+03
       14.0333        2.0333   0.17563E+05   0.14757E+05   0.15125E+03   0.32260E+03
       14.0500        2.0500   0.17546E+05   0.14718E+05   0.15216E+03   0.32392E+03
       14.0667        2.0667   0.17529E+05   0.14679E+05   0.15307E+03   0.32525E+03
       14.0833        2.0833   0.17512E+05   0.14640E+05   0.15398E+03   0.32660E+03
       14.1000        2.1000   0.17496E+05   0.14601E+05   0.15489E+03   0.32795E+03
       14.1167        2.1167   0.17480E+05   0.14562E+05   0.15579E+03   0.32932E+03
       14.1333        2.1333   0.17463E+05   0.14524E+05   0.15669E+03   0.33069E+03
       14.1500        2.1500   0.17447E+05   0.14485E+05   0.15759E+03   0.33207E+03
       14.1667        2.1667   0.17431E+05   0.14447E+05   0.15848E+03   0.33345E+03
       14.1833        2.1833   0.17416E+05   0.14409E+05   0.15937E+03   0.33484E+03
       14.2000        2.2000   0.17400E+05   0.14371E+05   0.16025E+03   0.33624E+03
       14.2167        2.2167   0.17384E+05   0.14333E+05   0.16114E+03   0.33764E+03
       14.2333        2.2333   0.17369E+05   0.14295E+05   0.16202E+03   0.33904E+03
       14.2500        2.2500   0.17353E+05   0.14257E+05   0.16289E+03   0.34044E+03
       14.2667        2.2667   0.17338E+05   0.14220E+05   0.16377E+03   0.34184E+03
       14.2833        2.2833   0.17323E+05   0.14182E+05   0.16464E+03   0.34325E+03
       14.3000        2.3000   0.17308E+05   0.14145E+05   0.16551E+03   0.34465E+03
       14.3167        2.3167   0.17293E+05   0.14108E+05   0.16637E+03   0.34606E+03
       14.3333        2.3333   0.17278E+05   0.14071E+05   0.16723E+03   0.34746E+03
       14.3500        2.3500   0.17263E+05   0.14034E+05   0.16809E+03   0.34887E+03
       14.3667        2.3667   0.17248E+05   0.13997E+05   0.16895E+03   0.35027E+03
       14.3833        2.3833   0.17233E+05   0.13960E+05   0.16980E+03   0.35167E+03
       14.4000        2.4000   0.17219E+05   0.13923E+05   0.17065E+03   0.35307E+03
       14.4167        2.4167   0.17204E+05   0.13887E+05   0.17150E+03   0.35446E+03
       14.4333        2.4333   0.17190E+05   0.13850E+05   0.17234E+03   0.35586E+03
       14.4500        2.4500   0.17176E+05   0.13814E+05   0.17318E+03   0.35724E+03
       14.4667        2.4667   0.17161E+05   0.13777E+05   0.17402E+03   0.35863E+03
       14.4833        2.4833   0.17147E+05   0.13741E+05   0.17485E+03   0.36001E+03
       14.5000        2.5000   0.17133E+05   0.13705E+05   0.17568E+03   0.36139E+03
       14.5167        2.5167   0.17119E+05   0.13669E+05   0.17651E+03   0.36276E+03
       14.5333        2.5333   0.17105E+05   0.13633E+05   0.17733E+03   0.36412E+03
       14.5500        2.5500   0.17091E+05   0.13597E+05   0.17816E+03   0.36548E+03
       14.5667        2.5667   0.17077E+05   0.13561E+05   0.17897E+03   0.36684E+03
       14.5833        2.5833   0.17063E+05   0.13526E+05   0.17979E+03   0.36818E+03
       14.6000        2.6000   0.17050E+05   0.13490E+05   0.18060E+03   0.36953E+03
       14.6167        2.6167   0.17036E+05   0.13455E+05   0.18141E+03   0.37086E+03
       14.6333        2.6333   0.17022E+05   0.13419E+05   0.18222E+03   0.37219E+03
       14.6500        2.6500   0.17009E+05   0.13384E+05   0.18302E+03   0.37351E+03
       14.6667        2.6667   0.16995E+05   0.13349E+05   0.18382E+03   0.37483E+03
       14.6833        2.6833   0.16982E+05   0.13314E+05   0.18462E+03   0.37614E+03
       14.7000        2.7000   0.16969E+05   0.13279E+05   0.18541E+03   0.37744E+03
       14.7167        2.7167   0.16955E+05   0.13244E+05   0.18620E+03   0.37873E+03
       14.7333        2.7333   0.16942E+05   0.13209E+05   0.18699E+03   0.38002E+03
       14.7500        2.7500   0.16929E+05   0.13174E+05   0.18777E+03   0.38129E+03
       14.7667        2.7667   0.16916E+05   0.13139E+05   0.18855E+03   0.38256E+03
       14.7833        2.7833   0.16903E+05   0.13105E+05   0.18933E+03   0.38382E+03
       14.8000        2.8000   0.16890E+05   0.13070E+05   0.19010E+03   0.38507E+03
       14.8167        2.8167   0.16877E+05   0.13036E+05   0.19087E+03   0.38632E+03
       14.8333        2.8333   0.16864E+05   0.13001E+05   0.19164E+03   0.38755E+03
       14.8500        2.8500   0.16851E+05   0.12967E+05   0.19240E+03   0.38878E+03
       14.8667        2.8667   0.16838E+05   0.12933E+05   0.19317E+03   0.38999E+03
       14.8833        2.8833   0.16826E+05   0.12899E+05   0.19392E+03   0.39120E+03
       14.9000        2.9000   0.16813E+05   0.12865E+05   0.19468E+03   0.39240E+03
       14.9167        2.9167   0.16800E+05   0.12831E+05   0.19543E+03   0.39358E+03
       14.9333        2.9333   0.16788E+05   0.12797E+05   0.19618E+03   0.39476E+03
       14.9500        2.9500   0.16775E+05   0.12763E+05   0.19692E+03   0.39593E+03
       14.9667        2.9667   0.16763E+05   0.12729E+05   0.19766E+03   0.39709E+03
       14.9833        2.9833   0.16750E+05   0.12696E+05   0.19840E+03   0.39823E+03
       15.0000        3.0000   0.16738E+05   0.12662E+05   0.19913E+03   0.39937E+03
       15.0167        3.0167   0.16726E+05   0.12629E+05   0.19986E+03   0.40050E+03
       15.0333        3.0333   0.16713E+05   0.12595E+05   0.20059E+03   0.40162E+03
       15.0500        3.0500   0.16701E+05   0.12562E+05   0.20131E+03   0.40272E+03
       15.0667        3.0667   0.16689E+05   0.12529E+05   0.20203E+03   0.40382E+03
       15.0833        3.0833   0.16677E+05   0.12496E+05   0.20275E+03   0.40490E+03
       15.1000        3.1000   0.16665E+05   0.12462E+05   0.20346E+03   0.40598E+03
       15.1167        3.1167   0.16653E+05   0.12429E+05   0.20417E+03   0.40704E+03
       15.1333        3.1333   0.16641E+05   0.12396E+05   0.20488E+03   0.40810E+03
       15.1500        3.1500   0.16629E+05   0.12364E+05   0.20558E+03   0.40914E+03
       15.1667        3.1667   0.16617E+05   0.12331E+05   0.20628E+03   0.41017E+03
       15.1833        3.1833   0.16605E+05   0.12298E+05   0.20698E+03   0.41119E+03
       15.2000        3.2000   0.16593E+05   0.12266E+05   0.20767E+03   0.41219E+03
       15.2167        3.2167   0.16582E+05   0.12233E+05   0.20836E+03   0.41319E+03
       15.2333        3.2333   0.16570E+05   0.12201E+05   0.20904E+03   0.41417E+03
       15.2500        3.2500   0.16558E+05   0.12168E+05   0.20972E+03   0.41515E+03
       15.2667        3.2667   0.16547E+05   0.12136E+05   0.21040E+03   0.41611E+03
       15.2833        3.2833   0.16535E+05   0.12104E+05   0.21108E+03   0.41706E+03
       15.3000        3.3000   0.16524E+05   0.12071E+05   0.21175E+03   0.41800E+03
       15.3167        3.3167   0.16512E+05   0.12039E+05   0.21241E+03   0.41892E+03
       15.3333        3.3333   0.16501E+05   0.12007E+05   0.21308E+03   0.41984E+03
       15.3500        3.3500   0.16489E+05   0.11975E+05   0.21373E+03   0.42074E+03
       15.3667        3.3667   0.16478E+05   0.11944E+05   0.21439E+03   0.42163E+03
       15.3833        3.3833   0.16467E+05   0.11912E+05   0.21504E+03   0.42251E+03
       15.4000        3.4000   0.16456E+05   0.11880E+05   0.21569E+03   0.42337E+03
       15.4167        3.4167   0.16444E+05   0.11848E+05   0.21633E+03   0.42422E+03
       15.4333        3.4333   0.16433E+05   0.11817E+05   0.21697E+03   0.42507E+03
       15.4500        3.4500   0.16422E+05   0.11785E+05   0.21761E+03   0.42589E+03
       15.4667        3.4667   0.16411E+05   0.11754E+05   0.21824E+03   0.42671E+03
       15.4833        3.4833   0.16400E+05   0.11723E+05   0.21887E+03   0.42751E+03
       15.5000        3.5000   0.16389E+05   0.11692E+05   0.21950E+03   0.42830E+03
       15.5167        3.5167   0.16378E+05   0.11660E+05   0.22012E+03   0.42908E+03
       15.5333        3.5333   0.16367E+05   0.11629E+05   0.22074E+03   0.42985E+03
       15.5500        3.5500   0.16356E+05   0.11598E+05   0.22135E+03   0.43060E+03
       15.5667        3.5667   0.16346E+05   0.11567E+05   0.22196E+03   0.43134E+03
       15.5833        3.5833   0.16335E+05   0.11537E+05   0.22257E+03   0.43207E+03
       15.6000        3.6000   0.16324E+05   0.11506E+05   0.22317E+03   0.43278E+03
       15.6167        3.6167   0.16314E+05   0.11475E+05   0.22376E+03   0.43348E+03
       15.6333        3.6333   0.16303E+05   0.11444E+05   0.22436E+03   0.43417E+03
       15.6500        3.6500   0.16292E+05   0.11414E+05   0.22495E+03   0.43484E+03
       15.6667        3.6667   0.16282E+05   0.11384E+05   0.22553E+03   0.43550E+03
       15.6833        3.6833   0.16271E+05   0.11353E+05   0.22612E+03   0.43615E+03
       15.7000        3.7000   0.16261E+05   0.11323E+05   0.22669E+03   0.43679E+03
       15.7167        3.7167   0.16250E+05   0.11293E+05   0.22727E+03   0.43741E+03
       15.7333        3.7333   0.16240E+05   0.11262E+05   0.22784E+03   0.43802E+03
       15.7500        3.7500   0.16230E+05   0.11232E+05   0.22840E+03   0.43861E+03
       15.7667        3.7667   0.16219E+05   0.11202E+05   0.22896E+03   0.43920E+03
       15.7833        3.7833   0.16209E+05   0.11173E+05   0.22952E+03   0.43976E+03
       15.8000        3.8000   0.16199E+05   0.11143E+05   0.23007E+03   0.44032E+03
       15.8167        3.8167   0.16189E+05   0.11113E+05   0.23062E+03   0.44086E+03
       15.8333        3.8333   0.16179E+05   0.11083E+05   0.23117E+03   0.44139E+03
       15.8500        3.8500   0.16169E+05   0.11054E+05   0.23171E+03   0.44190E+03
       15.8667        3.8667   0.16159E+05   0.11024E+05   0.23225E+03   0.44240E+03
       15.8833        3.8833   0.16149E+05   0.10995E+05   0.23278E+03   0.44289E+03
       15.9000        3.9000   0.16139E+05   0.10965E+05   0.23331E+03   0.44336E+03
       15.9167        3.9167   0.16129E+05   0.10936E+05   0.23383E+03   0.44382E+03
       15.9333        3.9333   0.16119E+05   0.10907E+05   0.23435E+03   0.44427E+03
       15.9500        3.9500   0.16109E+05   0.10878E+05   0.23487E+03   0.44470E+03
       15.9667        3.9667   0.16099E+05   0.10849E+05   0.23538E+03   0.44512E+03
       15.9833        3.9833   0.16090E+05   0.10820E+05   0.23589E+03   0.44552E+03
       16.0000        4.0000   0.16080E+05   0.10791E+05   0.23639E+03   0.44591E+03
       16.0167        4.0167   0.16070E+05   0.10762E+05   0.23689E+03   0.44629E+03
       16.0333        4.0333   0.16061E+05   0.10733E+05   0.23738E+03   0.44665E+03
       16.0500        4.0500   0.16051E+05   0.10705E+05   0.23787E+03   0.44700E+03
       16.0667        4.0667   0.16042E+05   0.10676E+05   0.23836E+03   0.44734E+03
       16.0833        4.0833   0.16032E+05   0.10648E+05   0.23884E+03   0.44766E+03
       16.1000        4.1000   0.16023E+05   0.10619E+05   0.23931E+03   0.44796E+03
       16.1167        4.1167   0.16014E+05   0.10591E+05   0.23979E+03   0.44826E+03
       16.1333        4.1333   0.16004E+05   0.10563E+05   0.24025E+03   0.44854E+03
       16.1500        4.1500   0.15995E+05   0.10535E+05   0.24072E+03   0.44880E+03
       16.1667        4.1667   0.15986E+05   0.10507E+05   0.24118E+03   0.44905E+03
       16.1833        4.1833   0.15976E+05   0.10479E+05   0.24163E+03   0.44929E+03
       16.2000        4.2000   0.15967E+05   0.10451E+05   0.24208E+03   0.44951E+03
       16.2167        4.2167   0.15958E+05   0.10423E+05   0.24253E+03   0.44972E+03
       16.2333        4.2333   0.15949E+05   0.10395E+05   0.24297E+03   0.44991E+03
       16.2500        4.2500   0.15940E+05   0.10367E+05   0.24341E+03   0.45009E+03
       16.2667        4.2667   0.15931E+05   0.10340E+05   0.24384E+03   0.45025E+03
       16.2833        4.2833   0.15922E+05   0.10312E+05   0.24427E+03   0.45040E+03
       16.3000        4.3000   0.15913E+05   0.10285E+05   0.24469E+03   0.45054E+03
       16.3167        4.3167   0.15904E+05   0.10257E+05   0.24511E+03   0.45066E+03
       16.3333        4.3333   0.15896E+05   0.10230E+05   0.24552E+03   0.45077E+03
       16.3500        4.3500   0.15887E+05   0.10203E+05   0.24593E+03   0.45086E+03
       16.3667        4.3667   0.15878E+05   0.10176E+05   0.24634E+03   0.45094E+03
       16.3833        4.3833   0.15869E+05   0.10149E+05   0.24674E+03   0.45101E+03
       16.4000        4.4000   0.15861E+05   0.10122E+05   0.24713E+03   0.45106E+03
       16.4167        4.4167   0.15852E+05   0.10095E+05   0.24752E+03   0.45109E+03
       16.4333        4.4333   0.15844E+05   0.10068E+05   0.24791E+03   0.45112E+03
       16.4500        4.4500   0.15835E+05   0.10042E+05   0.24829E+03   0.45112E+03
       16.4667        4.4667   0.15827E+05   0.10015E+05   0.24867E+03   0.45112E+03
       16.4833        4.4833   0.15818E+05   0.99887E+04   0.24904E+03   0.45109E+03
       16.5000        4.5000   0.15810E+05   0.99622E+04   0.24941E+03   0.45106E+03
       16.5167        4.5167   0.15801E+05   0.99359E+04   0.24977E+03   0.45101E+03
       16.5333        4.5333   0.15793E+05   0.99096E+04   0.25013E+03   0.45094E+03
       16.5500        4.5500   0.15785E+05   0.98835E+04   0.25048E+03   0.45086E+03
       16.5667        4.5667   0.15777E+05   0.98574E+04   0.25083E+03   0.45077E+03
       16.5833        4.5833   0.15769E+05   0.98314E+04   0.25118E+03   0.45066E+03
       16.6000        4.6000   0.15760E+05   0.98054E+04   0.25152E+03   0.45054E+03
       16.6167        4.6167   0.15752E+05   0.97796E+04   0.25185E+03   0.45040E+03
       16.6333        4.6333   0.15744E+05   0.97538E+04   0.25218E+03   0.45025E+03
       16.6500        4.6500   0.15736E+05   0.97282E+04   0.25250E+03   0.45008E+03
       16.6667        4.6667   0.15728E+05   0.97026E+04   0.25282E+03   0.44990E+03
       16.6833        4.6833   0.15721E+05   0.96771E+04   0.25314E+03   0.44971E+03
       16.7000        4.7000   0.15713E+05   0.96517E+04   0.25345E+03   0.44950E+03
       16.7167        4.7167   0.15705E+05   0.96264E+04   0.25376E+03   0.44928E+03
       16.7333        4.7333   0.15697E+05   0.96011E+04   0.25406E+03   0.44904E+03
       16.7500        4.7500   0.15689E+05   0.95760E+04   0.25435E+03   0.44878E+03
       16.7667        4.7667   0.15682E+05   0.95509E+04   0.25464E+03   0.44852E+03
       16.7833        4.7833   0.15674E+05   0.95259E+04   0.25493E+03   0.44824E+03
       16.8000        4.8000   0.15666E+05   0.95010E+04   0.25521E+03   0.44794E+03
       16.8167        4.8167   0.15659E+05   0.94762E+04   0.25549E+03   0.44763E+03
       16.8333        4.8333   0.15651E+05   0.94515E+04   0.25576E+03   0.44730E+03
       16.8500        4.8500   0.15644E+05   0.94269E+04   0.25603E+03   0.44696E+03
       16.8667        4.8667   0.15637E+05   0.94023E+04   0.25629E+03   0.44661E+03
       16.8833        4.8833   0.15629E+05   0.93779E+04   0.25654E+03   0.44624E+03
       16.9000        4.9000   0.15622E+05   0.93535E+04   0.25680E+03   0.44586E+03
       16.9167        4.9167   0.15615E+05   0.93292E+04   0.25704E+03   0.44546E+03
       16.9333        4.9333   0.15607E+05   0.93050E+04   0.25729E+03   0.44505E+03
       16.9500        4.9500   0.15600E+05   0.92809E+04   0.25752E+03   0.44463E+03
       16.9667        4.9667   0.15593E+05   0.92569E+04   0.25775E+03   0.44418E+03
       16.9833        4.9833   0.15586E+05   0.92330E+04   0.25798E+03   0.44373E+03
       17.0000        5.0000   0.15579E+05   0.92091E+04   0.25820E+03   0.44326E+03
       17.0167        5.0167   0.15572E+05   0.91854E+04   0.25842E+03   0.44278E+03
       17.0333        5.0333   0.15565E+05   0.91617E+04   0.25863E+03   0.44228E+03
       17.0500        5.0500   0.15558E+05   0.91381E+04   0.25884E+03   0.44177E+03
       17.0667        5.0667   0.15551E+05   0.91146E+04   0.25904E+03   0.44124E+03
       17.0833        5.0833   0.15544E+05   0.90912E+04   0.25924E+03   0.44070E+03
       17.1000        5.1000   0.15538E+05   0.90679E+04   0.25943E+03   0.44015E+03
       17.1167        5.1167   0.15531E+05   0.90447E+04   0.25961E+03   0.43958E+03
       17.1333        5.1333   0.15524E+05   0.90215E+04   0.25979E+03   0.43900E+03
       17.1500        5.1500   0.15518E+05   0.89985E+04   0.25997E+03   0.43840E+03
       17.1667        5.1667   0.15511E+05   0.89755E+04   0.26014E+03   0.43779E+03
       17.1833        5.1833   0.15504E+05   0.89527E+04   0.26031E+03   0.43716E+03
       17.2000        5.2000   0.15498E+05   0.89299E+04   0.26047E+03   0.43652E+03
       17.2167        5.2167   0.15491E+05   0.89072E+04   0.26062E+03   0.43587E+03
       17.2333        5.2333   0.15485E+05   0.88846E+04   0.26077E+03   0.43520E+03
       17.2500        5.2500   0.15479E+05   0.88621E+04   0.26092E+03   0.43452E+03
       17.2667        5.2667   0.15472E+05   0.88397E+04   0.26106E+03   0.43382E+03
       17.2833        5.2833   0.15466E+05   0.88174E+04   0.26120E+03   0.43311E+03
       17.3000        5.3000   0.15460E+05   0.87951E+04   0.26133E+03   0.43239E+03
       17.3167        5.3167   0.15454E+05   0.87730E+04   0.26145E+03   0.43165E+03
       17.3333        5.3333   0.15447E+05   0.87509E+04   0.26157E+03   0.43090E+03
       17.3500        5.3500   0.15441E+05   0.87290E+04   0.26168E+03   0.43013E+03
       17.3667        5.3667   0.15435E+05   0.87071E+04   0.26179E+03   0.42935E+03
       17.3833        5.3833   0.15429E+05   0.86853E+04   0.26190E+03   0.42855E+03
       17.4000        5.4000   0.15423E+05   0.86636E+04   0.26200E+03   0.42775E+03
       17.4167        5.4167   0.15417E+05   0.86421E+04   0.26209E+03   0.42693E+03
       17.4333        5.4333   0.15412E+05   0.86205E+04   0.26218E+03   0.42609E+03
       17.4500        5.4500   0.15406E+05   0.85991E+04   0.26226E+03   0.42524E+03
       17.4667        5.4667   0.15400E+05   0.85778E+04   0.26234E+03   0.42438E+03
       17.4833        5.4833   0.15394E+05   0.85566E+04   0.26241E+03   0.42350E+03
       17.5000        5.5000   0.15389E+05   0.85354E+04   0.26248E+03   0.42261E+03
       17.5167        5.5167   0.15383E+05   0.85144E+04   0.26254E+03   0.42171E+03
       17.5333        5.5333   0.15377E+05   0.84935E+04   0.26260E+03   0.42079E+03
       17.5500        5.5500   0.15372E+05   0.84726E+04   0.26265E+03   0.41986E+03
       17.5667        5.5667   0.15366E+05   0.84518E+04   0.26269E+03   0.41891E+03
       17.5833        5.5833   0.15361E+05   0.84312E+04   0.26273E+03   0.41796E+03
       17.6000        5.6000   0.15355E+05   0.84106E+04   0.26277E+03   0.41698E+03
       17.6167        5.6167   0.15350E+05   0.83901E+04   0.26280E+03   0.41600E+03
       17.6333        5.6333   0.15345E+05   0.83697E+04   0.26282E+03   0.41500E+03
       17.6500        5.6500   0.15340E+05   0.83494E+04   0.26284E+03   0.41399E+03
       17.6667        5.6667   0.15334E+05   0.83292E+04   0.26286E+03   0.41296E+03
       17.6833        5.6833   0.15329E+05   0.83091E+04   0.26287E+03   0.41193E+03
       17.7000        5.7000   0.15324E+05   0.82890E+04   0.26287E+03   0.41087E+03
       17.7167        5.7167   0.15319E+05   0.82691E+04   0.26287E+03   0.40981E+03
       17.7333        5.7333   0.15314E+05   0.82493E+04   0.26286E+03   0.40873E+03
       17.7500        5.7500   0.15309E+05   0.82295E+04   0.26285E+03   0.40764E+03
       17.7667        5.7667   0.15304E+05   0.82099E+04   0.26283E+03   0.40654E+03
       17.7833        5.7833   0.15299E+05   0.81903E+04   0.26281E+03   0.40542E+03
       17.8000        5.8000   0.15294E+05   0.81709E+04   0.26278E+03   0.40429E+03
       17.8167        5.8167   0.15289E+05   0.81515E+04   0.26274E+03   0.40315E+03
       17.8333        5.8333   0.15285E+05   0.81323E+04   0.26270E+03   0.40199E+03
       17.8500        5.8500   0.15280E+05   0.81131E+04   0.26266E+03   0.40082E+03
       17.8667        5.8667   0.15275E+05   0.80940E+04   0.26261E+03   0.39964E+03
       17.8833        5.8833   0.15271E+05   0.80750E+04   0.26255E+03   0.39844E+03
       17.9000        5.9000   0.15266E+05   0.80561E+04   0.26249E+03   0.39724E+03
       17.9167        5.9167   0.15262E+05   0.80373E+04   0.26243E+03   0.39602E+03
       17.9333        5.9333   0.15257E+05   0.80186E+04   0.26236E+03   0.39478E+03
       17.9500        5.9500   0.15253E+05   0.80000E+04   0.26228E+03   0.39354E+03
       17.9667        5.9667   0.15248E+05   0.79815E+04   0.26220E+03   0.39228E+03
       17.9833        5.9833   0.15244E+05   0.79631E+04   0.26211E+03   0.39101E+03
       18.0000        6.0000   0.15240E+05   0.79448E+04   0.26201E+03   0.38973E+03
       18.0167        6.0167   0.15236E+05   0.79266E+04   0.26191E+03   0.38843E+03
       18.0333        6.0333   0.15231E+05   0.79085E+04   0.26181E+03   0.38713E+03
       18.0500        6.0500   0.15227E+05   0.78904E+04   0.26170E+03   0.38581E+03
       18.0667        6.0667   0.15223E+05   0.78725E+04   0.26159E+03   0.38447E+03
       18.0833        6.0833   0.15219E+05   0.78547E+04   0.26147E+03   0.38313E+03
       18.1000        6.1000   0.15215E+05   0.78369E+04   0.26134E+03   0.38177E+03
       18.1167        6.1167   0.15211E+05   0.78193E+04   0.26121E+03   0.38041E+03
       18.1333        6.1333   0.15207E+05   0.78017E+04   0.26107E+03   0.37903E+03
       18.1500        6.1500   0.15203E+05   0.77843E+04   0.26093E+03   0.37763E+03
       18.1667        6.1667   0.15200E+05   0.77669E+04   0.26078E+03   0.37623E+03
       18.1833        6.1833   0.15196E+05   0.77496E+04   0.26063E+03   0.37481E+03
       18.2000        6.2000   0.15192E+05   0.77325E+04   0.26047E+03   0.37339E+03
       18.2167        6.2167   0.15189E+05   0.77154E+04   0.26030E+03   0.37195E+03
       18.2333        6.2333   0.15185E+05   0.76984E+04   0.26013E+03   0.37050E+03
       18.2500        6.2500   0.15181E+05   0.76816E+04   0.25996E+03   0.36903E+03
       18.2667        6.2667   0.15178E+05   0.76648E+04   0.25978E+03   0.36756E+03
       18.2833        6.2833   0.15174E+05   0.76481E+04   0.25959E+03   0.36607E+03
       18.3000        6.3000   0.15171E+05   0.76315E+04   0.25940E+03   0.36458E+03
       18.3167        6.3167   0.15168E+05   0.76150E+04   0.25920E+03   0.36307E+03
       18.3333        6.3333   0.15164E+05   0.75986E+04   0.25900E+03   0.36155E+03
       18.3500        6.3500   0.15161E+05   0.75823E+04   0.25879E+03   0.36002E+03
       18.3667        6.3667   0.15158E+05   0.75662E+04   0.25858E+03   0.35847E+03
       18.3833        6.3833   0.15155E+05   0.75501E+04   0.25836E+03   0.35692E+03
       18.4000        6.4000   0.15151E+05   0.75341E+04   0.25814E+03   0.35536E+03
       18.4167        6.4167   0.15148E+05   0.75181E+04   0.25791E+03   0.35378E+03
       18.4333        6.4333   0.15145E+05   0.75023E+04   0.25767E+03   0.35219E+03
       18.4500        6.4500   0.15142E+05   0.74866E+04   0.25743E+03   0.35060E+03
       18.4667        6.4667   0.15139E+05   0.74710E+04   0.25719E+03   0.34899E+03
       18.4833        6.4833   0.15137E+05   0.74555E+04   0.25693E+03   0.34737E+03
       18.5000        6.5000   0.15134E+05   0.74401E+04   0.25668E+03   0.34574E+03
       18.5167        6.5167   0.15131E+05   0.74248E+04   0.25641E+03   0.34410E+03
       18.5333        6.5333   0.15128E+05   0.74096E+04   0.25615E+03   0.34245E+03
       18.5500        6.5500   0.15125E+05   0.73944E+04   0.25587E+03   0.34079E+03
       18.5667        6.5667   0.15123E+05   0.73794E+04   0.25559E+03   0.33912E+03
       18.5833        6.5833   0.15120E+05   0.73645E+04   0.25531E+03   0.33743E+03
       18.6000        6.6000   0.15118E+05   0.73497E+04   0.25502E+03   0.33574E+03
       18.6167        6.6167   0.15115E+05   0.73349E+04   0.25472E+03   0.33404E+03
       18.6333        6.6333   0.15113E+05   0.73203E+04   0.25442E+03   0.33233E+03
       18.6500        6.6500   0.15110E+05   0.73058E+04   0.25412E+03   0.33061E+03
       18.6667        6.6667   0.15108E+05   0.72913E+04   0.25380E+03   0.32887E+03
       18.6833        6.6833   0.15105E+05   0.72770E+04   0.25349E+03   0.32713E+03
       18.7000        6.7000   0.15103E+05   0.72627E+04   0.25316E+03   0.32538E+03
       18.7167        6.7167   0.15101E+05   0.72486E+04   0.25283E+03   0.32362E+03
       18.7333        6.7333   0.15099E+05   0.72346E+04   0.25250E+03   0.32185E+03
       18.7500        6.7500   0.15097E+05   0.72206E+04   0.25216E+03   0.32006E+03
       18.7667        6.7667   0.15095E+05   0.72068E+04   0.25182E+03   0.31827E+03
       18.7833        6.7833   0.15093E+05   0.71930E+04   0.25147E+03   0.31647E+03
       18.8000        6.8000   0.15091E+05   0.71794E+04   0.25111E+03   0.31466E+03
       18.8167        6.8167   0.15089E+05   0.71658E+04   0.25075E+03   0.31285E+03
       18.8333        6.8333   0.15087E+05   0.71524E+04   0.25038E+03   0.31102E+03
       18.8500        6.8500   0.15085E+05   0.71390E+04   0.25001E+03   0.30918E+03
       18.8667        6.8667   0.15083E+05   0.71258E+04   0.24963E+03   0.30734E+03
       18.8833        6.8833   0.15081E+05   0.71126E+04   0.24925E+03   0.30548E+03
       18.9000        6.9000   0.15080E+05   0.70995E+04   0.24886E+03   0.30362E+03
       18.9167        6.9167   0.15078E+05   0.70866E+04   0.24847E+03   0.30174E+03
       18.9333        6.9333   0.15076E+05   0.70737E+04   0.24807E+03   0.29986E+03
       18.9500        6.9500   0.15075E+05   0.70610E+04   0.24766E+03   0.29797E+03
       18.9667        6.9667   0.15073E+05   0.70483E+04   0.24725E+03   0.29607E+03
       18.9833        6.9833   0.15072E+05   0.70357E+04   0.24683E+03   0.29417E+03
       19.0000        7.0000   0.15070E+05   0.70233E+04   0.24641E+03   0.29225E+03
       19.0167        7.0167   0.15069E+05   0.70109E+04   0.24599E+03   0.29033E+03
       19.0333        7.0333   0.15068E+05   0.69986E+04   0.24555E+03   0.28840E+03
       19.0500        7.0500   0.15066E+05   0.69865E+04   0.24512E+03   0.28646E+03
       19.0667        7.0667   0.15065E+05   0.69744E+04   0.24467E+03   0.28451E+03
       19.0833        7.0833   0.15064E+05   0.69624E+04   0.24422E+03   0.28255E+03
       19.1000        7.1000   0.15063E+05   0.69505E+04   0.24377E+03   0.28059E+03
       19.1167        7.1167   0.15062E+05   0.69388E+04   0.24331E+03   0.27862E+03
       19.1333        7.1333   0.15061E+05   0.69271E+04   0.24285E+03   0.27664E+03
       19.1500        7.1500   0.15060E+05   0.69155E+04   0.24237E+03   0.27465E+03
       19.1667        7.1667   0.15059E+05   0.69040E+04   0.24190E+03   0.27265E+03
       19.1833        7.1833   0.15058E+05   0.68926E+04   0.24142E+03   0.27065E+03
       19.2000        7.2000   0.15057E+05   0.68814E+04   0.24093E+03   0.26864E+03
       19.2167        7.2167   0.15056E+05   0.68702E+04   0.24044E+03   0.26663E+03
       19.2333        7.2333   0.15055E+05   0.68591E+04   0.23994E+03   0.26460E+03
       19.2500        7.2500   0.15055E+05   0.68481E+04   0.23944E+03   0.26257E+03
       19.2667        7.2667   0.15054E+05   0.68372E+04   0.23893E+03   0.26053E+03
       19.2833        7.2833   0.15053E+05   0.68264E+04   0.23842E+03   0.25849E+03
       19.3000        7.3000   0.15053E+05   0.68157E+04   0.23790E+03   0.25644E+03
       19.3167        7.3167   0.15052E+05   0.68051E+04   0.23737E+03   0.25438E+03
       19.3333        7.3333   0.15052E+05   0.67946E+04   0.23684E+03   0.25232E+03
       19.3500        7.3500   0.15051E+05   0.67842E+04   0.23630E+03   0.25024E+03
       19.3667        7.3667   0.15051E+05   0.67739E+04   0.23576E+03   0.24817E+03
       19.3833        7.3833   0.15051E+05   0.67637E+04   0.23522E+03   0.24608E+03
       19.4000        7.4000   0.15050E+05   0.67536E+04   0.23467E+03   0.24399E+03
       19.4167        7.4167   0.15050E+05   0.67436E+04   0.23411E+03   0.24190E+03
       19.4333        7.4333   0.15050E+05   0.67337E+04   0.23355E+03   0.23979E+03
       19.4500        7.4500   0.15050E+05   0.67239E+04   0.23298E+03   0.23769E+03
       19.4667        7.4667   0.15050E+05   0.67142E+04   0.23240E+03   0.23557E+03
       19.4833        7.4833   0.15049E+05   0.67046E+04   0.23182E+03   0.23345E+03
       19.5000        7.5000   0.15049E+05   0.66951E+04   0.23124E+03   0.23133E+03
       19.5167        7.5167   0.15049E+05   0.66857E+04   0.23065E+03   0.22920E+03
       19.5333        7.5333   0.15050E+05   0.66763E+04   0.23006E+03   0.22706E+03
       19.5500        7.5500   0.15050E+05   0.66671E+04   0.22945E+03   0.22492E+03
       19.5667        7.5667   0.15050E+05   0.66580E+04   0.22885E+03   0.22277E+03
       19.5833        7.5833   0.15050E+05   0.66490E+04   0.22824E+03   0.22062E+03
       19.6000        7.6000   0.15050E+05   0.66400E+04   0.22762E+03   0.21846E+03
       19.6167        7.6167   0.15051E+05   0.66312E+04   0.22700E+03   0.21630E+03
       19.6333        7.6333   0.15051E+05   0.66225E+04   0.22637E+03   0.21414E+03
       19.6500        7.6500   0.15051E+05   0.66138E+04   0.22574E+03   0.21197E+03
       19.6667        7.6667   0.15052E+05   0.66053E+04   0.22510E+03   0.20979E+03
       19.6833        7.6833   0.15052E+05   0.65969E+04   0.22446E+03   0.20761E+03
       19.7000        7.7000   0.15053E+05   0.65885E+04   0.22381E+03   0.20543E+03
       19.7167        7.7167   0.15053E+05   0.65803E+04   0.22315E+03   0.20324E+03
       19.7333        7.7333   0.15054E+05   0.65721E+04   0.22249E+03   0.20105E+03
       19.7500        7.7500   0.15055E+05   0.65641E+04   0.22183E+03   0.19885E+03
       19.7667        7.7667   0.15055E+05   0.65561E+04   0.22116E+03   0.19665E+03
       19.7833        7.7833   0.15056E+05   0.65482E+04   0.22048E+03   0.19445E+03
       19.8000        7.8000   0.15057E+05   0.65405E+04   0.21980E+03   0.19224E+03
       19.8167        7.8167   0.15058E+05   0.65328E+04   0.21911E+03   0.19003E+03
       19.8333        7.8333   0.15058E+05   0.65252E+04   0.21842E+03   0.18782E+03
       19.8500        7.8500   0.15059E+05   0.65178E+04   0.21772E+03   0.18560E+03
       19.8667        7.8667   0.15060E+05   0.65104E+04   0.21702E+03   0.18338E+03
       19.8833        7.8833   0.15061E+05   0.65031E+04   0.21631E+03   0.18116E+03
       19.9000        7.9000   0.15062E+05   0.64959E+04   0.21560E+03   0.17893E+03
       19.9167        7.9167   0.15064E+05   0.64888E+04   0.21488E+03   0.17670E+03
       19.9333        7.9333   0.15065E+05   0.64818E+04   0.21415E+03   0.17447E+03
       19.9500        7.9500   0.15066E+05   0.64749E+04   0.21342E+03   0.17223E+03
       19.9667        7.9667   0.15067E+05   0.64681E+04   0.21269E+03   0.17000E+03
       19.9833        7.9833   0.15068E+05   0.64614E+04   0.21195E+03   0.16776E+03
       20.0000        8.0000   0.15070E+05   0.64548E+04   0.21120E+03   0.16552E+03
       20.0167        8.0167   0.15071E+05   0.64483E+04   0.21045E+03   0.16328E+03
       20.0333        8.0333   0.15072E+05   0.64418E+04   0.20969E+03   0.16103E+03
       20.0500        8.0500   0.15074E+05   0.64355E+04   0.20893E+03   0.15879E+03
       20.0667        8.0667   0.15075E+05   0.64293E+04   0.20816E+03   0.15654E+03
       20.0833        8.0833   0.15077E+05   0.64231E+04   0.20739E+03   0.15429E+03
       20.1000        8.1000   0.15078E+05   0.64171E+04   0.20661E+03   0.15204E+03
       20.1167        8.1167   0.15080E+05   0.64111E+04   0.20582E+03   0.14979E+03
       20.1333        8.1333   0.15082E+05   0.64053E+04   0.20503E+03   0.14754E+03
       20.1500        8.1500   0.15083E+05   0.63995E+04   0.20424E+03   0.14529E+03
       20.1667        8.1667   0.15085E+05   0.63939E+04   0.20344E+03   0.14303E+03
       20.1833        8.1833   0.15087E+05   0.63883E+04   0.20263E+03   0.14078E+03
       20.2000        8.2000   0.15089E+05   0.63828E+04   0.20182E+03   0.13853E+03
       20.2167        8.2167   0.15090E+05   0.63774E+04   0.20100E+03   0.13627E+03
       20.2333        8.2333   0.15092E+05   0.63721E+04   0.20018E+03   0.13402E+03
       20.2500        8.2500   0.15094E+05   0.63669E+04   0.19935E+03   0.13176E+03
       20.2667        8.2667   0.15096E+05   0.63618E+04   0.19851E+03   0.12951E+03
       20.2833        8.2833   0.15098E+05   0.63568E+04   0.19767E+03   0.12726E+03
       20.3000        8.3000   0.15100E+05   0.63518E+04   0.19683E+03   0.12501E+03
       20.3167        8.3167   0.15102E+05   0.63470E+04   0.19597E+03   0.12276E+03
       20.3333        8.3333   0.15105E+05   0.63423E+04   0.19512E+03   0.12051E+03
       20.3500        8.3500   0.15107E+05   0.63376E+04   0.19425E+03   0.11826E+03
       20.3667        8.3667   0.15109E+05   0.63330E+04   0.19338E+03   0.11601E+03
       20.3833        8.3833   0.15111E+05   0.63286E+04   0.19251E+03   0.11377E+03
       20.4000        8.4000   0.15113E+05   0.63242E+04   0.19163E+03   0.11152E+03
       20.4167        8.4167   0.15116E+05   0.63199E+04   0.19074E+03   0.10928E+03
       20.4333        8.4333   0.15118E+05   0.63157E+04   0.18985E+03   0.10704E+03
       20.4500        8.4500   0.15121E+05   0.63116E+04   0.18895E+03   0.10481E+03
       20.4667        8.4667   0.15123E+05   0.63076E+04   0.18805E+03   0.10257E+03
       20.4833        8.4833   0.15126E+05   0.63036E+04   0.18713E+03   0.10034E+03
       20.5000        8.5000   0.15128E+05   0.62998E+04   0.18622E+03   0.98117E+02
       20.5167        8.5167   0.15131E+05   0.62960E+04   0.18530E+03   0.95894E+02
       20.5333        8.5333   0.15133E+05   0.62924E+04   0.18437E+03   0.93674E+02
       20.5500        8.5500   0.15136E+05   0.62888E+04   0.18343E+03   0.91459E+02
       20.5667        8.5667   0.15138E+05   0.62853E+04   0.18249E+03   0.89248E+02
       20.5833        8.5833   0.15141E+05   0.62819E+04   0.18154E+03   0.87042E+02
       20.6000        8.6000   0.15144E+05   0.62786E+04   0.18059E+03   0.84841E+02
       20.6167        8.6167   0.15147E+05   0.62754E+04   0.17962E+03   0.82645E+02
       20.6333        8.6333   0.15149E+05   0.62722E+04   0.17866E+03   0.80455E+02
       20.6500        8.6500   0.15152E+05   0.62692E+04   0.17768E+03   0.78271E+02
       20.6667        8.6667   0.15155E+05   0.62662E+04   0.17670E+03   0.76093E+02
       20.6833        8.6833   0.15158E+05   0.62633E+04   0.17571E+03   0.73921E+02
       20.7000        8.7000   0.15161E+05   0.62605E+04   0.17471E+03   0.71757E+02
       20.7167        8.7167   0.15164E+05   0.62578E+04   0.17371E+03   0.69600E+02
       20.7333        8.7333   0.15167E+05   0.62552E+04   0.17270E+03   0.67451E+02
       20.7500        8.7500   0.15170E+05   0.62527E+04   0.17168E+03   0.65311E+02
       20.7667        8.7667   0.15173E+05   0.62502E+04   0.17066E+03   0.63179E+02
       20.7833        8.7833   0.15176E+05   0.62478E+04   0.16962E+03   0.61056E+02
       20.8000        8.8000   0.15179E+05   0.62455E+04   0.16858E+03   0.58943E+02
       20.8167        8.8167   0.15182E+05   0.62433E+04   0.16753E+03   0.56841E+02
       20.8333        8.8333   0.15186E+05   0.62412E+04   0.16647E+03   0.54749E+02
       20.8500        8.8500   0.15189E+05   0.62391E+04   0.16541E+03   0.52669E+02
       20.8667        8.8667   0.15192E+05   0.62372E+04   0.16433E+03   0.50601E+02
       20.8833        8.8833   0.15195E+05   0.62353E+04   0.16324E+03   0.48545E+02
       20.9000        8.9000   0.15199E+05   0.62335E+04   0.16215E+03   0.46504E+02
       20.9167        8.9167   0.15202E+05   0.62317E+04   0.16104E+03   0.44476E+02
       20.9333        8.9333   0.15205E+05   0.62301E+04   0.15993E+03   0.42464E+02
       20.9500        8.9500   0.15209E+05   0.62285E+04   0.15880E+03   0.40468E+02
       20.9667        8.9667   0.15212E+05   0.62270E+04   0.15766E+03   0.38489E+02
       20.9833        8.9833   0.15215E+05   0.62256E+04   0.15651E+03   0.36528E+02
       21.0000        9.0000   0.15219E+05   0.62242E+04   0.15535E+03   0.34586E+02
       21.0167        9.0167   0.15222E+05   0.62230E+04   0.15417E+03   0.32665E+02
       21.0333        9.0333   0.15226E+05   0.62218E+04   0.15298E+03   0.30766E+02
       21.0500        9.0500   0.15229E+05   0.62206E+04   0.15178E+03   0.28890E+02
       21.0667        9.0667   0.15233E+05   0.62196E+04   0.15056E+03   0.27039E+02
       21.0833        9.0833   0.15236E+05   0.62186E+04   0.14932E+03   0.25215E+02
       21.1000        9.1000   0.15240E+05   0.62177E+04   0.14807E+03   0.23419E+02
       21.1167        9.1167   0.15243E+05   0.62168E+04   0.14680E+03   0.21654E+02
       21.1333        9.1333   0.15247E+05   0.62160E+04   0.14550E+03   0.19923E+02
       21.1500        9.1500   0.15251E+05   0.62153E+04   0.14419E+03   0.18227E+02
       21.1667        9.1667   0.15254E+05   0.62147E+04   0.14285E+03   0.16571E+02
       21.1833        9.1833   0.15258E+05   0.62141E+04   0.14148E+03   0.14956E+02
       21.2000        9.2000   0.15261E+05   0.62135E+04   0.14009E+03   0.13388E+02
       21.2167        9.2167   0.15265E+05   0.62131E+04   0.13866E+03   0.11870E+02
       21.2333        9.2333   0.15269E+05   0.62126E+04   0.13720E+03   0.10407E+02
       21.2500        9.2500   0.15272E+05   0.62123E+04   0.13569E+03   0.90049E+01
       21.2667        9.2667   0.15276E+05   0.62120E+04   0.13415E+03   0.76693E+01
       21.2833        9.2833   0.15279E+05   0.62117E+04   0.13255E+03   0.64073E+01
       21.3000        9.3000   0.15283E+05   0.62115E+04   0.13089E+03   0.52269E+01
       21.3167        9.3167   0.15287E+05   0.62113E+04   0.12918E+03   0.41368E+01
       21.3333        9.3333   0.15290E+05   0.62112E+04   0.12738E+03   0.31467E+01
       21.3500        9.3500   0.15294E+05   0.62111E+04   0.12551E+03   0.22673E+01
       21.3667        9.3667   0.15297E+05   0.62110E+04   0.12353E+03   0.15109E+01
       21.3833        9.3833   0.15301E+05   0.62110E+04   0.12013E+03   0.22163E+01
       21.4000        9.4000   0.15303E+05   0.62107E+04   0.61213E+02   0.16904E+02
       21.4167        9.4167   0.15306E+05   0.62104E+04   0.58486E+02   0.16062E+02
       21.4333        9.4333   0.15308E+05   0.62101E+04   0.55924E+02   0.15253E+02
       21.4500        9.4500   0.15311E+05   0.62098E+04   0.53540E+02   0.14481E+02
       21.4667        9.4667   0.15313E+05   0.62095E+04   0.51315E+02   0.13744E+02
       21.4833        9.4833   0.15316E+05   0.62093E+04   0.49232E+02   0.13041E+02
       21.5000        9.5000   0.15318E+05   0.62090E+04   0.47278E+02   0.12371E+02
       21.5167        9.5167   0.15321E+05   0.62088E+04   0.45860E+02   0.11795E+02
       21.5333        9.5333   0.15323E+05   0.62086E+04   0.45535E+02   0.11389E+02
       21.5500        9.5500   0.15325E+05   0.62084E+04   0.45207E+02   0.10981E+02
       21.5667        9.5667   0.15328E+05   0.62082E+04   0.44878E+02   0.10569E+02
       21.5833        9.5833   0.15330E+05   0.62080E+04   0.44546E+02   0.10155E+02
       21.6000        9.6000   0.15332E+05   0.62078E+04   0.44213E+02   0.97385E+01
       21.6167        9.6167   0.15335E+05   0.62076E+04   0.43877E+02   0.93195E+01
       21.6333        9.6333   0.15337E+05   0.62075E+04   0.43540E+02   0.88980E+01
       21.6500        9.6500   0.15339E+05   0.62073E+04   0.43200E+02   0.84742E+01
       21.6667        9.6667   0.15342E+05   0.62071E+04   0.42859E+02   0.80481E+01
       21.6833        9.6833   0.15344E+05   0.62070E+04   0.42516E+02   0.76197E+01
       21.7000        9.7000   0.15346E+05   0.62069E+04   0.42172E+02   0.71893E+01
       21.7167        9.7167   0.15348E+05   0.62067E+04   0.41826E+02   0.67568E+01
       21.7333        9.7333   0.15351E+05   0.62066E+04   0.41478E+02   0.63223E+01
       21.7500        9.7500   0.15353E+05   0.62065E+04   0.41129E+02   0.58860E+01
       21.7667        9.7667   0.15355E+05   0.62064E+04   0.40779E+02   0.54480E+01
       21.7833        9.7833   0.15357E+05   0.62063E+04   0.40427E+02   0.50083E+01
       21.8000        9.8000   0.15359E+05   0.62062E+04   0.40074E+02   0.45672E+01
       21.8167        9.8167   0.15361E+05   0.62061E+04   0.39721E+02   0.41249E+01
       21.8333        9.8333   0.15363E+05   0.62061E+04   0.39366E+02   0.36814E+01
       21.8500        9.8500   0.15365E+05   0.62060E+04   0.39012E+02   0.32373E+01
       21.8667        9.8667   0.15367E+05   0.62059E+04   0.38657E+02   0.27928E+01
       21.8833        9.8833   0.15369E+05   0.62059E+04   0.38303E+02   0.23484E+01
       21.9000        9.9000   0.15371E+05   0.62059E+04   0.37950E+02   0.19050E+01
       21.9167        9.9167   0.15373E+05   0.62058E+04   0.37599E+02   0.14638E+01
       21.9333        9.9333   0.15375E+05   0.62058E+04   0.37253E+02   0.10271E+01
       21.9500        9.9500   0.15377E+05   0.62058E+04   0.36915E+02   0.60007E+00
       21.9667        9.9667   0.15379E+05   0.62058E+04   0.36603E+02   0.20523E+00
       21.9833        9.9833   0.15380E+05   0.62058E+04   0.36262E+02   0.00000E+00
       22.0000       10.0000   0.15382E+05   0.62058E+04   0.35463E+02   0.00000E+00
       22.0167       10.0167   0.15383E+05   0.62058E+04   0.35116E+02   0.00000E+00
       22.0333       10.0333   0.15384E+05   0.62058E+04   0.34774E+02   0.00000E+00
       22.0500       10.0500   0.15385E+05   0.62058E+04   0.34427E+02   0.00000E+00
       22.0667       10.0667   0.15386E+05   0.62058E+04   0.34077E+02   0.00000E+00
       22.0833       10.0833   0.15387E+05   0.62058E+04   0.33723E+02   0.00000E+00
       22.1000       10.1000   0.15387E+05   0.62058E+04   0.33364E+02   0.00000E+00
       22.1167       10.1167   0.15388E+05   0.62058E+04   0.33002E+02   0.00000E+00
       22.1333       10.1333   0.15389E+05   0.62058E+04   0.32636E+02   0.00000E+00
       22.1500       10.1500   0.15390E+05   0.62058E+04   0.32265E+02   0.00000E+00
       22.1667       10.1667   0.15391E+05   0.62058E+04   0.31891E+02   0.00000E+00
       22.1833       10.1833   0.15392E+05   0.62058E+04   0.31513E+02   0.00000E+00
       22.2000       10.2000   0.15393E+05   0.62058E+04   0.31130E+02   0.00000E+00
       22.2167       10.2167   0.15394E+05   0.62058E+04   0.30744E+02   0.00000E+00
       22.2333       10.2333   0.15395E+05   0.62058E+04   0.30353E+02   0.00000E+00
       22.2500       10.2500   0.15396E+05   0.62058E+04   0.29958E+02   0.00000E+00
       22.2667       10.2667   0.15396E+05   0.62058E+04   0.29559E+02   0.00000E+00
       22.2833       10.2833   0.15397E+05   0.62058E+04   0.29155E+02   0.00000E+00
       22.3000       10.3000   0.15398E+05   0.62058E+04   0.28748E+02   0.00000E+00
       22.3167       10.3167   0.15399E+05   0.62058E+04   0.28335E+02   0.00000E+00
       22.3333       10.3333   0.15400E+05   0.62058E+04   0.27919E+02   0.00000E+00
       22.3500       10.3500   0.15401E+05   0.62058E+04   0.27497E+02   0.00000E+00
       22.3667       10.3667   0.15401E+05   0.62058E+04   0.27072E+02   0.00000E+00
       22.3833       10.3833   0.15402E+05   0.62058E+04   0.26641E+02   0.00000E+00
       22.4000       10.4000   0.15403E+05   0.62058E+04   0.26206E+02   0.00000E+00
       22.4167       10.4167   0.15404E+05   0.62058E+04   0.25766E+02   0.00000E+00
       22.4333       10.4333   0.15404E+05   0.62058E+04   0.25320E+02   0.00000E+00
       22.4500       10.4500   0.15405E+05   0.62058E+04   0.24870E+02   0.00000E+00
       22.4667       10.4667   0.15406E+05   0.62058E+04   0.24414E+02   0.00000E+00
       22.4833       10.4833   0.15406E+05   0.62058E+04   0.23953E+02   0.00000E+00
       22.5000       10.5000   0.15407E+05   0.62058E+04   0.23486E+02   0.00000E+00
       22.5167       10.5167   0.15408E+05   0.62058E+04   0.23013E+02   0.00000E+00
       22.5333       10.5333   0.15408E+05   0.62058E+04   0.22534E+02   0.00000E+00
       22.5500       10.5500   0.15409E+05   0.62058E+04   0.22049E+02   0.00000E+00
       22.5667       10.5667   0.15410E+05   0.62058E+04   0.21558E+02   0.00000E+00
       22.5833       10.5833   0.15410E+05   0.62058E+04   0.21059E+02   0.00000E+00
       22.6000       10.6000   0.15411E+05   0.62058E+04   0.20554E+02   0.00000E+00
       22.6167       10.6167   0.15411E+05   0.62058E+04   0.20040E+02   0.00000E+00
       22.6333       10.6333   0.15412E+05   0.62058E+04   0.19519E+02   0.00000E+00
       22.6500       10.6500   0.15412E+05   0.62058E+04   0.18990E+02   0.00000E+00
       22.6667       10.6667   0.15413E+05   0.62058E+04   0.18451E+02   0.00000E+00
       22.6833       10.6833   0.15414E+05   0.62058E+04   0.17903E+02   0.00000E+00
       22.7000       10.7000   0.15414E+05   0.62058E+04   0.17345E+02   0.00000E+00
       22.7167       10.7167   0.15415E+05   0.62058E+04   0.16776E+02   0.00000E+00
       22.7333       10.7333   0.15415E+05   0.62058E+04   0.16196E+02   0.00000E+00
       22.7500       10.7500   0.15415E+05   0.62058E+04   0.15603E+02   0.00000E+00
       22.7667       10.7667   0.15416E+05   0.62058E+04   0.14996E+02   0.00000E+00
       22.7833       10.7833   0.15416E+05   0.62058E+04   0.14375E+02   0.00000E+00
       22.8000       10.8000   0.15417E+05   0.62058E+04   0.13737E+02   0.00000E+00
       22.8167       10.8167   0.15417E+05   0.62058E+04   0.13082E+02   0.00000E+00
       22.8333       10.8333   0.15417E+05   0.62058E+04   0.12407E+02   0.00000E+00
       22.8500       10.8500   0.15418E+05   0.62058E+04   0.11710E+02   0.00000E+00
       22.8667       10.8667   0.15418E+05   0.62058E+04   0.11216E+02   0.00000E+00
       22.8833       10.8833   0.15418E+05   0.62058E+04   0.11158E+02   0.00000E+00
       22.9000       10.9000   0.15419E+05   0.62058E+04   0.11101E+02   0.00000E+00
       22.9167       10.9167   0.15419E+05   0.62058E+04   0.11044E+02   0.00000E+00
       22.9333       10.9333   0.15419E+05   0.62058E+04   0.10988E+02   0.00000E+00
       22.9500       10.9500   0.15420E+05   0.62058E+04   0.10932E+02   0.00000E+00
       22.9667       10.9667   0.15420E+05   0.62058E+04   0.10877E+02   0.00000E+00
       22.9833       10.9833   0.15420E+05   0.62058E+04   0.10822E+02   0.00000E+00
       23.0000       11.0000   0.15421E+05   0.62058E+04   0.10767E+02   0.00000E+00
       23.0167       11.0167   0.15421E+05   0.62058E+04   0.10713E+02   0.00000E+00
       23.0333       11.0333   0.15421E+05   0.62058E+04   0.10659E+02   0.00000E+00
       23.0500       11.0500   0.15422E+05   0.62058E+04   0.10606E+02   0.00000E+00
       23.0667       11.0667   0.15422E+05   0.62058E+04   0.10553E+02   0.00000E+00
       23.0833       11.0833   0.15422E+05   0.62058E+04   0.10500E+02   0.00000E+00
       23.1000       11.1000   0.15422E+05   0.62058E+04   0.10448E+02   0.00000E+00
       23.1167       11.1167   0.15423E+05   0.62058E+04   0.10396E+02   0.00000E+00
       23.1333       11.1333   0.15423E+05   0.62058E+04   0.10345E+02   0.00000E+00
       23.1500       11.1500   0.15423E+05   0.62058E+04   0.10294E+02   0.00000E+00
       23.1667       11.1667   0.15424E+05   0.62058E+04   0.10243E+02   0.00000E+00
       23.1833       11.1833   0.15424E+05   0.62058E+04   0.10193E+02   0.00000E+00
       23.2000       11.2000   0.15424E+05   0.62058E+04   0.10143E+02   0.00000E+00
       23.2167       11.2167   0.15424E+05   0.62058E+04   0.10094E+02   0.00000E+00
       23.2333       11.2333   0.15425E+05   0.62058E+04   0.10045E+02   0.00000E+00
       23.2500       11.2500   0.15425E+05   0.62058E+04   0.99957E+01   0.00000E+00
       23.2667       11.2667   0.15425E+05   0.62058E+04   0.99473E+01   0.00000E+00
       23.2833       11.2833   0.15426E+05   0.62058E+04   0.98993E+01   0.00000E+00
       23.3000       11.3000   0.15426E+05   0.62058E+04   0.98516E+01   0.00000E+00
       23.3167       11.3167   0.15426E+05   0.62058E+04   0.98043E+01   0.00000E+00
       23.3333       11.3333   0.15426E+05   0.62058E+04   0.97573E+01   0.00000E+00
       23.3500       11.3500   0.15427E+05   0.62058E+04   0.97107E+01   0.00000E+00
       23.3667       11.3667   0.15427E+05   0.62058E+04   0.96645E+01   0.00000E+00
       23.3833       11.3833   0.15427E+05   0.62058E+04   0.96186E+01   0.00000E+00
       23.4000       11.4000   0.15428E+05   0.62058E+04   0.95731E+01   0.00000E+00
       23.4167       11.4167   0.15428E+05   0.62058E+04   0.95279E+01   0.00000E+00
       23.4333       11.4333   0.15428E+05   0.62058E+04   0.94830E+01   0.00000E+00
       23.4500       11.4500   0.15428E+05   0.62058E+04   0.94385E+01   0.00000E+00
       23.4667       11.4667   0.15429E+05   0.62058E+04   0.93943E+01   0.00000E+00
       23.4833       11.4833   0.15429E+05   0.62058E+04   0.93505E+01   0.00000E+00
       23.5000       11.5000   0.15429E+05   0.62058E+04   0.93070E+01   0.00000E+00
       23.5167       11.5167   0.15429E+05   0.62058E+04   0.92639E+01   0.00000E+00
       23.5333       11.5333   0.15430E+05   0.62058E+04   0.92210E+01   0.00000E+00
       23.5500       11.5500   0.15430E+05   0.62058E+04   0.91785E+01   0.00000E+00
       23.5667       11.5667   0.15430E+05   0.62058E+04   0.91364E+01   0.00000E+00
       23.5833       11.5833   0.15430E+05   0.62058E+04   0.90945E+01   0.00000E+00
       23.6000       11.6000   0.15431E+05   0.62058E+04   0.90530E+01   0.00000E+00
       23.6167       11.6167   0.15431E+05   0.62058E+04   0.90118E+01   0.00000E+00
       23.6333       11.6333   0.15431E+05   0.62058E+04   0.89709E+01   0.00000E+00
       23.6500       11.6500   0.15432E+05   0.62058E+04   0.89304E+01   0.00000E+00
       23.6667       11.6667   0.15432E+05   0.62058E+04   0.88901E+01   0.00000E+00
       23.6833       11.6833   0.15432E+05   0.62058E+04   0.88502E+01   0.00000E+00
       23.7000       11.7000   0.15432E+05   0.62058E+04   0.88105E+01   0.00000E+00
       23.7167       11.7167   0.15433E+05   0.62058E+04   0.87712E+01   0.00000E+00
       23.7333       11.7333   0.15433E+05   0.62058E+04   0.87322E+01   0.00000E+00
       23.7500       11.7500   0.15433E+05   0.62058E+04   0.86935E+01   0.00000E+00
       23.7667       11.7667   0.15433E+05   0.62058E+04   0.86551E+01   0.00000E+00
       23.7833       11.7833   0.15434E+05   0.62058E+04   0.86170E+01   0.00000E+00
       23.8000       11.8000   0.15434E+05   0.62058E+04   0.85791E+01   0.00000E+00
       23.8167       11.8167   0.15434E+05   0.62058E+04   0.85416E+01   0.00000E+00
       23.8333       11.8333   0.15434E+05   0.62058E+04   0.85044E+01   0.00000E+00
       23.8500       11.8500   0.15434E+05   0.62058E+04   0.84675E+01   0.00000E+00
       23.8667       11.8667   0.15435E+05   0.62058E+04   0.84308E+01   0.00000E+00
       23.8833       11.8833   0.15435E+05   0.62058E+04   0.83945E+01   0.00000E+00
       23.9000       11.9000   0.15435E+05   0.62058E+04   0.83584E+01   0.00000E+00
       23.9167       11.9167   0.15435E+05   0.62058E+04   0.83226E+01   0.00000E+00
       23.9333       11.9333   0.15436E+05   0.62058E+04   0.82871E+01   0.00000E+00
       23.9500       11.9500   0.15436E+05   0.62058E+04   0.82518E+01   0.00000E+00
       23.9667       11.9667   0.15436E+05   0.62058E+04   0.82169E+01   0.00000E+00
       23.9833       11.9833   0.15436E+05   0.62058E+04   0.81822E+01   0.00000E+00
       24.0000       12.0000   0.15437E+05   0.62058E+04   0.81478E+01   0.00000E+00
