TIME
 720
    UTC(hours)     RT(hours)   An(mgC/m2s) Resp(mgC/m2s)
      12.01667       0.01667      -0.39961       0.11836
      12.03333       0.03333      -0.40144       0.11887
      12.05000       0.05000      -0.40337       0.11937
      12.06667       0.06667      -0.40541       0.11986
      12.08333       0.08333      -0.40758       0.12035
      12.10000       0.10000      -0.40991       0.12083
      12.11667       0.11667      -0.41232       0.12131
      12.13333       0.13333      -0.41481       0.12179
      12.15000       0.15000      -0.41739       0.12226
      12.16667       0.16667      -0.42004       0.12274
      12.18333       0.18333      -0.42275       0.12321
      12.20000       0.20000      -0.42552       0.12367
      12.21667       0.21667      -0.42834       0.12414
      12.23333       0.23333      -0.43120       0.12460
      12.25000       0.25000      -0.43410       0.12506
      12.26667       0.26667      -0.43703       0.12552
      12.28333       0.28333      -0.43999       0.12598
      12.30000       0.30000      -0.44298       0.12643
      12.31667       0.31667      -0.44599       0.12689
      12.33333       0.33333      -0.44902       0.12734
      12.35000       0.35000      -0.45207       0.12779
      12.36667       0.36667      -0.45515       0.12824
      12.38333       0.38333      -0.45825       0.12870
      12.40000       0.40000      -0.46136       0.12915
      12.41667       0.41667      -0.46450       0.12960
      12.43333       0.43333      -0.46765       0.13004
      12.45000       0.45000      -0.47082       0.13049
      12.46667       0.46667      -0.47401       0.13094
      12.48333       0.48333      -0.47721       0.13139
      12.50000       0.50000      -0.48043       0.13184
      12.51667       0.51667      -0.48366       0.13229
      12.53333       0.53333      -0.48691       0.13274
      12.55000       0.55000      -0.49017       0.13318
      12.56667       0.56667      -0.49345       0.13363
      12.58333       0.58333      -0.49673       0.13408
      12.60000       0.60000      -0.50003       0.13453
      12.61667       0.61667      -0.50334       0.13498
      12.63333       0.63333      -0.50666       0.13543
      12.65000       0.65000      -0.50998       0.13588
      12.66667       0.66667      -0.51331       0.13633
      12.68333       0.68333      -0.51665       0.13678
      12.70000       0.70000      -0.52000       0.13724
      12.71667       0.71667      -0.52335       0.13769
      12.73333       0.73333      -0.52670       0.13815
      12.75000       0.75000      -0.53006       0.13860
      12.76667       0.76667      -0.53341       0.13906
      12.78333       0.78333      -0.53677       0.13952
      12.80000       0.80000      -0.54013       0.13998
      12.81667       0.81667      -0.54349       0.14044
      12.83333       0.83333      -0.54685       0.14090
      12.85000       0.85000      -0.55020       0.14136
      12.86667       0.86667      -0.55355       0.14182
      12.88333       0.88333      -0.55690       0.14229
      12.90000       0.90000      -0.56024       0.14276
      12.91667       0.91667      -0.56357       0.14322
      12.93333       0.93333      -0.56690       0.14369
      12.95000       0.95000      -0.57022       0.14416
      12.96667       0.96667      -0.57353       0.14464
      12.98333       0.98333      -0.57683       0.14511
      13.00000       1.00000      -0.58012       0.14558
      13.01667       1.01667      -0.58340       0.14606
      13.03333       1.03333      -0.58667       0.14654
      13.05000       1.05000      -0.58992       0.14702
      13.06667       1.06667      -0.59315       0.14750
      13.08333       1.08333      -0.59637       0.14798
      13.10000       1.10000      -0.59957       0.14847
      13.11667       1.11667      -0.60276       0.14895
      13.13333       1.13333      -0.60591       0.14944
      13.15000       1.15000      -0.60905       0.14992
      13.16667       1.16667      -0.61215       0.15041
      13.18333       1.18333      -0.61521       0.15090
      13.20000       1.20000      -0.61823       0.15139
      13.21667       1.21667      -0.62121       0.15189
      13.23333       1.23333      -0.62413       0.15238
      13.25000       1.25000      -0.62699       0.15287
      13.26667       1.26667      -0.62981       0.15336
      13.28333       1.28333      -0.63258       0.15386
      13.30000       1.30000      -0.63532       0.15435
      13.31667       1.31667      -0.63802       0.15485
      13.33333       1.33333      -0.64069       0.15534
      13.35000       1.35000      -0.64334       0.15583
      13.36667       1.36667      -0.64597       0.15633
      13.38333       1.38333      -0.64858       0.15682
      13.40000       1.40000      -0.65117       0.15732
      13.41667       1.41667      -0.65374       0.15781
      13.43333       1.43333      -0.65630       0.15830
      13.45000       1.45000      -0.65885       0.15879
      13.46667       1.46667      -0.66139       0.15928
      13.48333       1.48333      -0.66391       0.15977
      13.50000       1.50000      -0.66642       0.16026
      13.51667       1.51667      -0.66892       0.16075
      13.53333       1.53333      -0.67141       0.16124
      13.55000       1.55000      -0.67389       0.16172
      13.56667       1.56667      -0.67636       0.16221
      13.58333       1.58333      -0.67881       0.16270
      13.60000       1.60000      -0.68126       0.16318
      13.61667       1.61667      -0.68370       0.16366
      13.63333       1.63333      -0.68613       0.16414
      13.65000       1.65000      -0.68854       0.16462
      13.66667       1.66667      -0.69095       0.16510
      13.68333       1.68333      -0.69335       0.16558
      13.70000       1.70000      -0.69573       0.16606
      13.71667       1.71667      -0.69811       0.16654
      13.73333       1.73333      -0.70048       0.16701
      13.75000       1.75000      -0.70284       0.16749
      13.76667       1.76667      -0.70518       0.16796
      13.78333       1.78333      -0.70752       0.16843
      13.80000       1.80000      -0.70985       0.16890
      13.81667       1.81667      -0.71217       0.16937
      13.83333       1.83333      -0.71447       0.16984
      13.85000       1.85000      -0.71677       0.17030
      13.86667       1.86667      -0.71906       0.17077
      13.88333       1.88333      -0.72134       0.17123
      13.90000       1.90000      -0.72360       0.17169
      13.91667       1.91667      -0.72586       0.17216
      13.93333       1.93333      -0.72811       0.17262
      13.95000       1.95000      -0.73035       0.17308
      13.96667       1.96667      -0.73258       0.17353
      13.98333       1.98333      -0.73479       0.17399
      14.00000       2.00000      -0.73700       0.17444
      14.01667       2.01667      -0.73920       0.17490
      14.03333       2.03333      -0.74139       0.17535
      14.05000       2.05000      -0.74357       0.17580
      14.06667       2.06667      -0.74573       0.17625
      14.08333       2.08333      -0.74789       0.17670
      14.10000       2.10000      -0.75004       0.17715
      14.11667       2.11667      -0.75218       0.17759
      14.13333       2.13333      -0.75431       0.17804
      14.15000       2.15000      -0.75642       0.17848
      14.16667       2.16667      -0.75853       0.17892
      14.18333       2.18333      -0.76063       0.17936
      14.20000       2.20000      -0.76272       0.17980
      14.21667       2.21667      -0.76479       0.18024
      14.23333       2.23333      -0.76686       0.18068
      14.25000       2.25000      -0.76892       0.18111
      14.26667       2.26667      -0.77096       0.18155
      14.28333       2.28333      -0.77300       0.18198
      14.30000       2.30000      -0.77503       0.18241
      14.31667       2.31667      -0.77704       0.18284
      14.33333       2.33333      -0.77905       0.18327
      14.35000       2.35000      -0.78104       0.18370
      14.36667       2.36667      -0.78303       0.18412
      14.38333       2.38333      -0.78501       0.18455
      14.40000       2.40000      -0.78697       0.18497
      14.41667       2.41667      -0.78893       0.18539
      14.43333       2.43333      -0.79087       0.18581
      14.45000       2.45000      -0.79280       0.18623
      14.46667       2.46667      -0.79473       0.18665
      14.48333       2.48333      -0.79664       0.18707
      14.50000       2.50000      -0.79855       0.18748
      14.51667       2.51667      -0.80044       0.18790
      14.53333       2.53333      -0.80232       0.18831
      14.55000       2.55000      -0.80419       0.18872
      14.56667       2.56667      -0.80606       0.18913
      14.58333       2.58333      -0.80791       0.18954
      14.60000       2.60000      -0.80975       0.18995
      14.61667       2.61667      -0.81158       0.19036
      14.63333       2.63333      -0.81340       0.19076
      14.65000       2.65000      -0.81521       0.19116
      14.66667       2.66667      -0.81701       0.19157
      14.68333       2.68333      -0.81880       0.19197
      14.70000       2.70000      -0.82058       0.19237
      14.71667       2.71667      -0.82235       0.19277
      14.73333       2.73333      -0.82410       0.19316
      14.75000       2.75000      -0.82585       0.19356
      14.76667       2.76667      -0.82759       0.19395
      14.78333       2.78333      -0.82931       0.19435
      14.80000       2.80000      -0.83103       0.19474
      14.81667       2.81667      -0.83273       0.19513
      14.83333       2.83333      -0.83443       0.19552
      14.85000       2.85000      -0.83611       0.19591
      14.86667       2.86667      -0.83779       0.19629
      14.88333       2.88333      -0.83945       0.19668
      14.90000       2.90000      -0.84110       0.19706
      14.91667       2.91667      -0.84274       0.19744
      14.93333       2.93333      -0.84437       0.19783
      14.95000       2.95000      -0.84599       0.19821
      14.96667       2.96667      -0.84760       0.19858
      14.98333       2.98333      -0.84920       0.19896
      15.00000       3.00000      -0.85079       0.19934
      15.01667       3.01667      -0.85237       0.19971
      15.03333       3.03333      -0.85393       0.20009
      15.05000       3.05000      -0.85549       0.20046
      15.06667       3.06667      -0.85703       0.20083
      15.08333       3.08333      -0.85857       0.20120
      15.10000       3.10000      -0.86009       0.20157
      15.11667       3.11667      -0.86160       0.20193
      15.13333       3.13333      -0.86311       0.20230
      15.15000       3.15000      -0.86460       0.20267
      15.16667       3.16667      -0.86608       0.20303
      15.18333       3.18333      -0.86755       0.20339
      15.20000       3.20000      -0.86900       0.20375
      15.21667       3.21667      -0.87045       0.20411
      15.23333       3.23333      -0.87189       0.20447
      15.25000       3.25000      -0.87331       0.20482
      15.26667       3.26667      -0.87473       0.20518
      15.28333       3.28333      -0.87613       0.20553
      15.30000       3.30000      -0.87752       0.20589
      15.31667       3.31667      -0.87890       0.20624
      15.33333       3.33333      -0.88027       0.20659
      15.35000       3.35000      -0.88163       0.20694
      15.36667       3.36667      -0.88298       0.20728
      15.38333       3.38333      -0.88432       0.20763
      15.40000       3.40000      -0.88564       0.20798
      15.41667       3.41667      -0.88696       0.20832
      15.43333       3.43333      -0.88826       0.20866
      15.45000       3.45000      -0.88956       0.20900
      15.46667       3.46667      -0.89084       0.20934
      15.48333       3.48333      -0.89211       0.20968
      15.50000       3.50000      -0.89337       0.21002
      15.51667       3.51667      -0.89461       0.21035
      15.53333       3.53333      -0.89585       0.21069
      15.55000       3.55000      -0.89707       0.21102
      15.56667       3.56667      -0.89829       0.21135
      15.58333       3.58333      -0.89949       0.21168
      15.60000       3.60000      -0.90068       0.21201
      15.61667       3.61667      -0.90186       0.21234
      15.63333       3.63333      -0.90303       0.21266
      15.65000       3.65000      -0.90419       0.21299
      15.66667       3.66667      -0.90533       0.21331
      15.68333       3.68333      -0.90647       0.21364
      15.70000       3.70000      -0.90759       0.21396
      15.71667       3.71667      -0.90870       0.21428
      15.73333       3.73333      -0.90980       0.21459
      15.75000       3.75000      -0.91089       0.21491
      15.76667       3.76667      -0.91197       0.21523
      15.78333       3.78333      -0.91303       0.21554
      15.80000       3.80000      -0.91408       0.21585
      15.81667       3.81667      -0.91513       0.21617
      15.83333       3.83333      -0.91616       0.21648
      15.85000       3.85000      -0.91718       0.21678
      15.86667       3.86667      -0.91818       0.21709
      15.88333       3.88333      -0.91918       0.21740
      15.90000       3.90000      -0.92016       0.21770
      15.91667       3.91667      -0.92113       0.21801
      15.93333       3.93333      -0.92209       0.21831
      15.95000       3.95000      -0.92304       0.21861
      15.96667       3.96667      -0.92398       0.21891
      15.98333       3.98333      -0.92491       0.21921
      16.00000       4.00000      -0.92582       0.21950
      16.01667       4.01667      -0.92672       0.21980
      16.03333       4.03333      -0.92761       0.22009
      16.05000       4.05000      -0.92849       0.22038
      16.06667       4.06667      -0.92935       0.22068
      16.08333       4.08333      -0.93021       0.22096
      16.10000       4.10000      -0.93105       0.22125
      16.11667       4.11667      -0.93188       0.22154
      16.13333       4.13333      -0.93270       0.22183
      16.15000       4.15000      -0.93351       0.22211
      16.16667       4.16667      -0.93430       0.22239
      16.18333       4.18333      -0.93508       0.22267
      16.20000       4.20000      -0.93585       0.22295
      16.21667       4.21667      -0.93661       0.22323
      16.23333       4.23333      -0.93736       0.22351
      16.25000       4.25000      -0.93809       0.22378
      16.26667       4.26667      -0.93881       0.22406
      16.28333       4.28333      -0.93952       0.22433
      16.30000       4.30000      -0.94022       0.22460
      16.31667       4.31667      -0.94091       0.22487
      16.33333       4.33333      -0.94158       0.22514
      16.35000       4.35000      -0.94224       0.22541
      16.36667       4.36667      -0.94289       0.22568
      16.38333       4.38333      -0.94353       0.22594
      16.40000       4.40000      -0.94415       0.22620
      16.41667       4.41667      -0.94477       0.22646
      16.43333       4.43333      -0.94536       0.22672
      16.45000       4.45000      -0.94595       0.22698
      16.46667       4.46667      -0.94653       0.22724
      16.48333       4.48333      -0.94709       0.22750
      16.50000       4.50000      -0.94764       0.22775
      16.51667       4.51667      -0.94818       0.22800
      16.53333       4.53333      -0.94871       0.22825
      16.55000       4.55000      -0.94922       0.22850
      16.56667       4.56667      -0.94972       0.22875
      16.58333       4.58333      -0.95021       0.22900
      16.60000       4.60000      -0.95068       0.22924
      16.61667       4.61667      -0.95115       0.22949
      16.63333       4.63333      -0.95160       0.22973
      16.65000       4.65000      -0.95204       0.22997
      16.66667       4.66667      -0.95246       0.23021
      16.68333       4.68333      -0.95287       0.23045
      16.70000       4.70000      -0.95328       0.23069
      16.71667       4.71667      -0.95366       0.23092
      16.73333       4.73333      -0.95404       0.23115
      16.75000       4.75000      -0.95440       0.23139
      16.76667       4.76667      -0.95475       0.23162
      16.78333       4.78333      -0.95509       0.23185
      16.80000       4.80000      -0.95541       0.23207
      16.81667       4.81667      -0.95572       0.23230
      16.83333       4.83333      -0.95602       0.23253
      16.85000       4.85000      -0.95631       0.23275
      16.86667       4.86667      -0.95658       0.23297
      16.88333       4.88333      -0.95684       0.23319
      16.90000       4.90000      -0.95709       0.23341
      16.91667       4.91667      -0.95732       0.23363
      16.93333       4.93333      -0.95755       0.23384
      16.95000       4.95000      -0.95776       0.23406
      16.96667       4.96667      -0.95795       0.23427
      16.98333       4.98333      -0.95813       0.23448
      17.00000       5.00000      -0.95831       0.23469
      17.01667       5.01667      -0.95846       0.23490
      17.03333       5.03333      -0.95861       0.23510
      17.05000       5.05000      -0.95874       0.23531
      17.06667       5.06667      -0.95886       0.23551
      17.08333       5.08333      -0.95896       0.23571
      17.10000       5.10000      -0.95905       0.23591
      17.11667       5.11667      -0.95913       0.23611
      17.13333       5.13333      -0.95920       0.23631
      17.15000       5.15000      -0.95925       0.23650
      17.16667       5.16667      -0.95929       0.23670
      17.18333       5.18333      -0.95932       0.23689
      17.20000       5.20000      -0.95933       0.23708
      17.21667       5.21667      -0.95933       0.23727
      17.23333       5.23333      -0.95932       0.23746
      17.25000       5.25000      -0.95929       0.23764
      17.26667       5.26667      -0.95925       0.23783
      17.28333       5.28333      -0.95920       0.23801
      17.30000       5.30000      -0.95913       0.23819
      17.31667       5.31667      -0.95905       0.23837
      17.33333       5.33333      -0.95896       0.23855
      17.35000       5.35000      -0.95885       0.23873
      17.36667       5.36667      -0.95873       0.23890
      17.38333       5.38333      -0.95860       0.23908
      17.40000       5.40000      -0.95845       0.23925
      17.41667       5.41667      -0.95829       0.23942
      17.43333       5.43333      -0.95812       0.23959
      17.45000       5.45000      -0.95793       0.23976
      17.46667       5.46667      -0.95773       0.23992
      17.48333       5.48333      -0.95752       0.24008
      17.50000       5.50000      -0.95729       0.24025
      17.51667       5.51667      -0.95705       0.24041
      17.53333       5.53333      -0.95680       0.24057
      17.55000       5.55000      -0.95653       0.24072
      17.56667       5.56667      -0.95625       0.24088
      17.58333       5.58333      -0.95595       0.24103
      17.60000       5.60000      -0.95564       0.24119
      17.61667       5.61667      -0.95532       0.24134
      17.63333       5.63333      -0.95498       0.24149
      17.65000       5.65000      -0.95463       0.24164
      17.66667       5.66667      -0.95427       0.24178
      17.68333       5.68333      -0.95389       0.24193
      17.70000       5.70000      -0.95350       0.24207
      17.71667       5.71667      -0.95310       0.24221
      17.73333       5.73333      -0.95268       0.24235
      17.75000       5.75000      -0.95225       0.24249
      17.76667       5.76667      -0.95180       0.24262
      17.78333       5.78333      -0.95134       0.24276
      17.80000       5.80000      -0.95087       0.24289
      17.81667       5.81667      -0.95038       0.24302
      17.83333       5.83333      -0.94988       0.24315
      17.85000       5.85000      -0.94936       0.24328
      17.86667       5.86667      -0.94883       0.24341
      17.88333       5.88333      -0.94829       0.24353
      17.90000       5.90000      -0.94773       0.24366
      17.91667       5.91667      -0.94716       0.24378
      17.93333       5.93333      -0.94658       0.24390
      17.95000       5.95000      -0.94598       0.24402
      17.96667       5.96667      -0.94536       0.24413
      17.98333       5.98333      -0.94474       0.24425
      18.00000       6.00000      -0.94410       0.24436
      18.01667       6.01667      -0.94344       0.24447
      18.03333       6.03333      -0.94277       0.24458
      18.05000       6.05000      -0.94209       0.24469
      18.06667       6.06667      -0.94139       0.24480
      18.08333       6.08333      -0.94068       0.24490
      18.10000       6.10000      -0.93995       0.24501
      18.11667       6.11667      -0.93921       0.24511
      18.13333       6.13333      -0.93846       0.24521
      18.15000       6.15000      -0.93769       0.24531
      18.16667       6.16667      -0.93691       0.24540
      18.18333       6.18333      -0.93611       0.24550
      18.20000       6.20000      -0.93530       0.24559
      18.21667       6.21667      -0.93447       0.24568
      18.23333       6.23333      -0.93363       0.24577
      18.25000       6.25000      -0.93278       0.24586
      18.26667       6.26667      -0.93191       0.24595
      18.28333       6.28333      -0.93103       0.24603
      18.30000       6.30000      -0.93013       0.24612
      18.31667       6.31667      -0.92922       0.24620
      18.33333       6.33333      -0.92829       0.24628
      18.35000       6.35000      -0.92735       0.24636
      18.36667       6.36667      -0.92639       0.24643
      18.38333       6.38333      -0.92542       0.24651
      18.40000       6.40000      -0.92444       0.24658
      18.41667       6.41667      -0.92344       0.24665
      18.43333       6.43333      -0.92243       0.24672
      18.45000       6.45000      -0.92140       0.24679
      18.46667       6.46667      -0.92036       0.24686
      18.48333       6.48333      -0.91930       0.24692
      18.50000       6.50000      -0.91823       0.24699
      18.51667       6.51667      -0.91714       0.24705
      18.53333       6.53333      -0.91604       0.24711
      18.55000       6.55000      -0.91492       0.24717
      18.56667       6.56667      -0.91379       0.24722
      18.58333       6.58333      -0.91265       0.24728
      18.60000       6.60000      -0.91149       0.24733
      18.61667       6.61667      -0.91031       0.24738
      18.63333       6.63333      -0.90912       0.24743
      18.65000       6.65000      -0.90792       0.24748
      18.66667       6.66667      -0.90670       0.24753
      18.68333       6.68333      -0.90547       0.24757
      18.70000       6.70000      -0.90422       0.24762
      18.71667       6.71667      -0.90295       0.24766
      18.73333       6.73333      -0.90167       0.24770
      18.75000       6.75000      -0.90038       0.24774
      18.76667       6.76667      -0.89907       0.24777
      18.78333       6.78333      -0.89775       0.24781
      18.80000       6.80000      -0.89641       0.24784
      18.81667       6.81667      -0.89506       0.24787
      18.83333       6.83333      -0.89369       0.24790
      18.85000       6.85000      -0.89230       0.24793
      18.86667       6.86667      -0.89090       0.24796
      18.88333       6.88333      -0.88949       0.24798
      18.90000       6.90000      -0.88806       0.24801
      18.91667       6.91667      -0.88662       0.24803
      18.93333       6.93333      -0.88516       0.24805
      18.95000       6.95000      -0.88368       0.24807
      18.96667       6.96667      -0.88219       0.24808
      18.98333       6.98333      -0.88069       0.24810
      19.00000       7.00000      -0.87917       0.24811
      19.01667       7.01667      -0.87763       0.24812
      19.03333       7.03333      -0.87608       0.24813
      19.05000       7.05000      -0.87451       0.24814
      19.06667       7.06667      -0.87293       0.24815
      19.08333       7.08333      -0.87133       0.24815
      19.10000       7.10000      -0.86972       0.24816
      19.11667       7.11667      -0.86809       0.24816
      19.13333       7.13333      -0.86645       0.24816
      19.15000       7.15000      -0.86479       0.24816
      19.16667       7.16667      -0.86311       0.24815
      19.18333       7.18333      -0.86142       0.24815
      19.20000       7.20000      -0.85972       0.24814
      19.21667       7.21667      -0.85799       0.24813
      19.23333       7.23333      -0.85626       0.24813
      19.25000       7.25000      -0.85450       0.24811
      19.26667       7.26667      -0.85274       0.24810
      19.28333       7.28333      -0.85095       0.24809
      19.30000       7.30000      -0.84915       0.24807
      19.31667       7.31667      -0.84733       0.24805
      19.33333       7.33333      -0.84550       0.24803
      19.35000       7.35000      -0.84365       0.24801
      19.36667       7.36667      -0.84179       0.24799
      19.38333       7.38333      -0.83991       0.24796
      19.40000       7.40000      -0.83801       0.24794
      19.41667       7.41667      -0.83610       0.24791
      19.43333       7.43333      -0.83418       0.24788
      19.45000       7.45000      -0.83223       0.24785
      19.46667       7.46667      -0.83027       0.24782
      19.48333       7.48333      -0.82829       0.24778
      19.50000       7.50000      -0.82630       0.24775
      19.51667       7.51667      -0.82429       0.24771
      19.53333       7.53333      -0.82227       0.24767
      19.55000       7.55000      -0.82023       0.24763
      19.56667       7.56667      -0.81817       0.24759
      19.58333       7.58333      -0.81610       0.24755
      19.60000       7.60000      -0.81401       0.24750
      19.61667       7.61667      -0.81190       0.24746
      19.63333       7.63333      -0.80978       0.24741
      19.65000       7.65000      -0.80764       0.24736
      19.66667       7.66667      -0.80548       0.24731
      19.68333       7.68333      -0.80331       0.24725
      19.70000       7.70000      -0.80112       0.24720
      19.71667       7.71667      -0.79891       0.24714
      19.73333       7.73333      -0.79669       0.24708
      19.75000       7.75000      -0.79445       0.24702
      19.76667       7.76667      -0.79219       0.24696
      19.78333       7.78333      -0.78992       0.24690
      19.80000       7.80000      -0.78763       0.24684
      19.81667       7.81667      -0.78532       0.24677
      19.83333       7.83333      -0.78299       0.24670
      19.85000       7.85000      -0.78065       0.24663
      19.86667       7.86667      -0.77829       0.24656
      19.88333       7.88333      -0.77592       0.24649
      19.90000       7.90000      -0.77352       0.24642
      19.91667       7.91667      -0.77111       0.24634
      19.93333       7.93333      -0.76868       0.24627
      19.95000       7.95000      -0.76624       0.24619
      19.96667       7.96667      -0.76377       0.24611
      19.98333       7.98333      -0.76129       0.24603
      20.00000       8.00000      -0.75879       0.24595
      20.01667       8.01667      -0.75628       0.24586
      20.03333       8.03333      -0.75374       0.24578
      20.05000       8.05000      -0.75119       0.24569
      20.06667       8.06667      -0.74862       0.24560
      20.08333       8.08333      -0.74603       0.24551
      20.10000       8.10000      -0.74343       0.24542
      20.11667       8.11667      -0.74080       0.24532
      20.13333       8.13333      -0.73816       0.24523
      20.15000       8.15000      -0.73550       0.24513
      20.16667       8.16667      -0.73282       0.24503
      20.18333       8.18333      -0.73012       0.24493
      20.20000       8.20000      -0.72740       0.24483
      20.21667       8.21667      -0.72467       0.24473
      20.23333       8.23333      -0.72191       0.24463
      20.25000       8.25000      -0.71914       0.24452
      20.26667       8.26667      -0.71635       0.24441
      20.28333       8.28333      -0.71354       0.24431
      20.30000       8.30000      -0.71070       0.24420
      20.31667       8.31667      -0.70785       0.24408
      20.33333       8.33333      -0.70498       0.24397
      20.35000       8.35000      -0.70210       0.24386
      20.36667       8.36667      -0.69919       0.24374
      20.38333       8.38333      -0.69626       0.24362
      20.40000       8.40000      -0.69331       0.24350
      20.41667       8.41667      -0.69034       0.24338
      20.43333       8.43333      -0.68735       0.24326
      20.45000       8.45000      -0.68434       0.24314
      20.46667       8.46667      -0.68131       0.24301
      20.48333       8.48333      -0.67825       0.24289
      20.50000       8.50000      -0.67518       0.24276
      20.51667       8.51667      -0.67209       0.24263
      20.53333       8.53333      -0.66897       0.24250
      20.55000       8.55000      -0.66583       0.24237
      20.56667       8.56667      -0.66267       0.24223
      20.58333       8.58333      -0.65949       0.24210
      20.60000       8.60000      -0.65629       0.24196
      20.61667       8.61667      -0.65306       0.24182
      20.63333       8.63333      -0.64981       0.24168
      20.65000       8.65000      -0.64653       0.24154
      20.66667       8.66667      -0.64324       0.24140
      20.68333       8.68333      -0.63992       0.24126
      20.70000       8.70000      -0.63657       0.24111
      20.71667       8.71667      -0.63320       0.24096
      20.73333       8.73333      -0.62980       0.24082
      20.75000       8.75000      -0.62638       0.24067
      20.76667       8.76667      -0.62293       0.24051
      20.78333       8.78333      -0.61946       0.24036
      20.80000       8.80000      -0.61596       0.24021
      20.81667       8.81667      -0.61243       0.24005
      20.83333       8.83333      -0.60887       0.23989
      20.85000       8.85000      -0.60528       0.23974
      20.86667       8.86667      -0.60167       0.23958
      20.88333       8.88333      -0.59802       0.23941
      20.90000       8.90000      -0.59434       0.23925
      20.91667       8.91667      -0.59063       0.23909
      20.93333       8.93333      -0.58688       0.23892
      20.95000       8.95000      -0.58310       0.23875
      20.96667       8.96667      -0.57928       0.23858
      20.98333       8.98333      -0.57543       0.23841
      21.00000       9.00000      -0.57154       0.23824
      21.01667       9.01667      -0.56760       0.23807
      21.03333       9.03333      -0.56362       0.23789
      21.05000       9.05000      -0.55960       0.23771
      21.06667       9.06667      -0.55553       0.23754
      21.08333       9.08333      -0.55141       0.23736
      21.10000       9.10000      -0.54724       0.23718
      21.11667       9.11667      -0.54301       0.23699
      21.13333       9.13333      -0.53872       0.23681
      21.15000       9.15000      -0.53436       0.23662
      21.16667       9.16667      -0.52993       0.23644
      21.18333       9.18333      -0.52543       0.23625
      21.20000       9.20000      -0.52084       0.23606
      21.21667       9.21667      -0.51616       0.23586
      21.23333       9.23333      -0.51137       0.23567
      21.25000       9.25000      -0.50647       0.23548
      21.26667       9.26667      -0.50145       0.23528
      21.28333       9.28333      -0.49628       0.23508
      21.30000       9.30000      -0.49095       0.23488
      21.31667       9.31667      -0.48543       0.23468
      21.33333       9.33333      -0.47970       0.23448
      21.35000       9.35000      -0.47373       0.23428
      21.36667       9.36667      -0.46747       0.23407
      21.38333       9.38333      -0.45674       0.23387
      21.40000       9.40000      -0.24184       0.23375
      21.41667       9.41667      -0.23203       0.23371
      21.43333       9.43333      -0.22281       0.23367
      21.45000       9.45000      -0.21425       0.23362
      21.46667       9.46667      -0.20628       0.23358
      21.48333       9.48333      -0.19882       0.23353
      21.50000       9.50000      -0.19183       0.23348
      21.51667       9.51667      -0.18695       0.23343
      21.53333       9.53333      -0.18643       0.23337
      21.55000       9.55000      -0.18590       0.23331
      21.56667       9.56667      -0.18535       0.23323
      21.58333       9.58333      -0.18479       0.23314
      21.60000       9.60000      -0.18421       0.23305
      21.61667       9.61667      -0.18362       0.23295
      21.63333       9.63333      -0.18302       0.23284
      21.65000       9.65000      -0.18240       0.23272
      21.66667       9.66667      -0.18177       0.23259
      21.68333       9.68333      -0.18112       0.23245
      21.70000       9.70000      -0.18045       0.23231
      21.71667       9.71667      -0.17977       0.23215
      21.73333       9.73333      -0.17907       0.23199
      21.75000       9.75000      -0.17835       0.23182
      21.76667       9.76667      -0.17761       0.23164
      21.78333       9.78333      -0.17685       0.23145
      21.80000       9.80000      -0.17606       0.23126
      21.81667       9.81667      -0.17526       0.23105
      21.83333       9.83333      -0.17443       0.23084
      21.85000       9.85000      -0.17357       0.23062
      21.86667       9.86667      -0.17268       0.23039
      21.88333       9.88333      -0.17176       0.23015
      21.90000       9.90000      -0.17081       0.22990
      21.91667       9.91667      -0.16981       0.22964
      21.93333       9.93333      -0.16875       0.22938
      21.95000       9.95000      -0.16760       0.22910
      21.96667       9.96667      -0.16623       0.22880
      21.98333       9.98333      -0.16510       0.22849
      22.00000      10.00000      -0.16651       0.22820
      22.01667      10.01667      -0.16540       0.22793
      22.03333      10.03333      -0.16422       0.22765
      22.05000      10.05000      -0.16303       0.22736
      22.06667      10.06667      -0.16180       0.22705
      22.08333      10.08333      -0.16056       0.22674
      22.10000      10.10000      -0.15928       0.22641
      22.11667      10.11667      -0.15799       0.22608
      22.13333      10.13333      -0.15666       0.22573
      22.15000      10.15000      -0.15531       0.22538
      22.16667      10.16667      -0.15393       0.22502
      22.18333      10.18333      -0.15252       0.22465
      22.20000      10.20000      -0.15108       0.22426
      22.21667      10.21667      -0.14961       0.22387
      22.23333      10.23333      -0.14810       0.22347
      22.25000      10.25000      -0.14657       0.22307
      22.26667      10.26667      -0.14500       0.22265
      22.28333      10.28333      -0.14339       0.22222
      22.30000      10.30000      -0.14175       0.22179
      22.31667      10.31667      -0.14006       0.22135
      22.33333      10.33333      -0.13834       0.22090
      22.35000      10.35000      -0.13658       0.22044
      22.36667      10.36667      -0.13477       0.21998
      22.38333      10.38333      -0.13292       0.21951
      22.40000      10.40000      -0.13102       0.21903
      22.41667      10.41667      -0.12907       0.21854
      22.43333      10.43333      -0.12708       0.21805
      22.45000      10.45000      -0.12502       0.21755
      22.46667      10.46667      -0.12291       0.21704
      22.48333      10.48333      -0.12075       0.21653
      22.50000      10.50000      -0.11852       0.21601
      22.51667      10.51667      -0.11622       0.21549
      22.53333      10.53333      -0.11386       0.21496
      22.55000      10.55000      -0.11143       0.21442
      22.56667      10.56667      -0.10892       0.21388
      22.58333      10.58333      -0.10633       0.21333
      22.60000      10.60000      -0.10366       0.21278
      22.61667      10.61667      -0.10090       0.21222
      22.63333      10.63333      -0.09804       0.21165
      22.65000      10.65000      -0.09509       0.21109
      22.66667      10.66667      -0.09202       0.21051
      22.68333      10.68333      -0.08885       0.20994
      22.70000      10.70000      -0.08555       0.20935
      22.71667      10.71667      -0.08213       0.20877
      22.73333      10.73333      -0.07857       0.20818
      22.75000      10.75000      -0.07486       0.20758
      22.76667      10.76667      -0.07099       0.20699
      22.78333      10.78333      -0.06696       0.20639
      22.80000      10.80000      -0.06274       0.20578
      22.81667      10.81667      -0.05833       0.20517
      22.83333      10.83333      -0.05371       0.20456
      22.85000      10.85000      -0.04885       0.20395
      22.86667      10.86667      -0.04550       0.20334
      22.88333      10.88333      -0.04547       0.20272
      22.90000      10.90000      -0.04543       0.20212
      22.91667      10.91667      -0.04539       0.20152
      22.93333      10.93333      -0.04536       0.20093
      22.95000      10.95000      -0.04532       0.20035
      22.96667      10.96667      -0.04529       0.19977
      22.98333      10.98333      -0.04525       0.19919
      23.00000      11.00000      -0.04522       0.19863
      23.01667      11.01667      -0.04519       0.19807
      23.03333      11.03333      -0.04515       0.19751
      23.05000      11.05000      -0.04512       0.19696
      23.06667      11.06667      -0.04509       0.19642
      23.08333      11.08333      -0.04506       0.19589
      23.10000      11.10000      -0.04503       0.19535
      23.11667      11.11667      -0.04499       0.19483
      23.13333      11.13333      -0.04496       0.19431
      23.15000      11.15000      -0.04493       0.19379
      23.16667      11.16667      -0.04490       0.19328
      23.18333      11.18333      -0.04487       0.19278
      23.20000      11.20000      -0.04484       0.19228
      23.21667      11.21667      -0.04481       0.19179
      23.23333      11.23333      -0.04478       0.19130
      23.25000      11.25000      -0.04475       0.19082
      23.26667      11.26667      -0.04473       0.19034
      23.28333      11.28333      -0.04470       0.18987
      23.30000      11.30000      -0.04467       0.18940
      23.31667      11.31667      -0.04464       0.18894
      23.33333      11.33333      -0.04461       0.18848
      23.35000      11.35000      -0.04459       0.18802
      23.36667      11.36667      -0.04456       0.18758
      23.38333      11.38333      -0.04453       0.18713
      23.40000      11.40000      -0.04451       0.18669
      23.41667      11.41667      -0.04448       0.18626
      23.43333      11.43333      -0.04446       0.18583
      23.45000      11.45000      -0.04443       0.18540
      23.46667      11.46667      -0.04440       0.18498
      23.48333      11.48333      -0.04438       0.18456
      23.50000      11.50000      -0.04436       0.18415
      23.51667      11.51667      -0.04433       0.18374
      23.53333      11.53333      -0.04431       0.18333
      23.55000      11.55000      -0.04428       0.18293
      23.56667      11.56667      -0.04426       0.18254
      23.58333      11.58333      -0.04424       0.18215
      23.60000      11.60000      -0.04421       0.18176
      23.61667      11.61667      -0.04419       0.18137
      23.63333      11.63333      -0.04417       0.18099
      23.65000      11.65000      -0.04414       0.18062
      23.66667      11.66667      -0.04412       0.18024
      23.68333      11.68333      -0.04410       0.17987
      23.70000      11.70000      -0.04408       0.17951
      23.71667      11.71667      -0.04406       0.17915
      23.73333      11.73333      -0.04403       0.17879
      23.75000      11.75000      -0.04401       0.17843
      23.76667      11.76667      -0.04399       0.17808
      23.78333      11.78333      -0.04397       0.17774
      23.80000      11.80000      -0.04395       0.17739
      23.81667      11.81667      -0.04393       0.17705
      23.83333      11.83333      -0.04391       0.17671
      23.85000      11.85000      -0.04389       0.17638
      23.86667      11.86667      -0.04387       0.17605
      23.88333      11.88333      -0.04385       0.17572
      23.90000      11.90000      -0.04383       0.17540
      23.91667      11.91667      -0.04381       0.17508
      23.93333      11.93333      -0.04379       0.17476
      23.95000      11.95000      -0.04377       0.17445
      23.96667      11.96667      -0.04376       0.17414
      23.98333      11.98333      -0.04374       0.17383
      24.00000      12.00000      -0.04372       0.17352
