VERT
 24
 4
         z (m)       u (m/s)            wu
        0.0000        0.2693  -0.23730E-01
      104.2232        0.2693  -0.10017E-01
      104.2232        2.0001   0.10000E-03
     2000.0000        2.0000   0.00000E+00
        0.0000        0.1894  -0.16941E-01
      131.0398        0.1894  -0.65190E-01
      131.0398        2.0001   0.10000E-03
     2000.0000        2.0000   0.00000E+00
        0.0000        0.9844  -0.75363E-01
      364.5258        0.9844  -0.14621E+00
      364.5258        2.0001   0.10000E-03
     2000.0000        2.0000   0.00000E+00
        0.0000        1.0440  -0.77113E-01
      592.5894        1.0440  -0.11090E+00
      592.5894        2.0001   0.10000E-03
     2000.0000        2.0000   0.00000E+00
        0.0000        1.0189  -0.75271E-01
      791.0503        1.0189  -0.10348E+00
      791.0503        2.0001   0.10000E-03
     2000.0000        2.0000   0.00000E+00
        0.0000        0.9821  -0.72937E-01
      974.0088        0.9821  -0.99775E-01
      974.0088        2.0001   0.10000E-03
     2000.0000        2.0000   0.00000E+00
        0.0000        0.9452  -0.70439E-01
     1144.2902        0.9452  -0.96202E-01
     1144.2902        2.0001   0.10000E-03
     2000.0000        2.0000   0.00000E+00
        0.0000        0.9116  -0.67875E-01
     1302.3004        0.9116  -0.91788E-01
     1302.3004        2.0001   0.10000E-03
     2000.0000        2.0000   0.00000E+00
        0.0000        0.8825  -0.65296E-01
     1447.6798        0.8825  -0.86219E-01
     1447.6798        2.0001   0.10000E-03
     2000.0000        2.0000   0.00000E+00
        0.0000        0.8587  -0.62736E-01
     1579.8039        0.8587  -0.79434E-01
     1579.8039        2.0001   0.10000E-03
     2000.0000        2.0000   0.00000E+00
        0.0000        0.8407  -0.60210E-01
     1697.9917        0.8407  -0.71504E-01
     1697.9917        2.0001   0.10000E-03
     2000.0000        2.0000   0.00000E+00
        0.0000        0.8288  -0.57714E-01
     1801.6135        0.8288  -0.62581E-01
     1801.6135        2.0001   0.10000E-03
     2000.0000        2.0000   0.00000E+00
        0.0000        0.8235  -0.55218E-01
     1890.1591        0.8235  -0.52880E-01
     1890.1591        2.0001   0.10000E-03
     2000.0000        2.0000   0.00000E+00
        0.0000        0.8253  -0.52654E-01
     1963.2867        0.8253  -0.42669E-01
     1963.2867        2.0001   0.10000E-03
     2000.0000        2.0000   0.00000E+00
        0.0000        0.8351  -0.49890E-01
     2020.8647        0.8351  -0.32261E-01
     2020.8647        2.0001   0.10000E-03
     2000.0000        2.0000   0.00000E+00
        0.0000        0.8540  -0.46662E-01
     2063.0189        0.8540  -0.22023E-01
     2063.0189        2.0001   0.10000E-03
     2000.0000        2.0000   0.00000E+00
        0.0000        0.8838  -0.42379E-01
     2090.2120        0.8838  -0.12408E-01
     2090.2120        2.0001   0.10000E-03
     2000.0000        2.0000   0.00000E+00
        0.0000        0.9280  -0.35269E-01
     2103.4662        0.9280  -0.41231E-02
     2103.4662        2.0001   0.10000E-03
     2000.0000        2.0000   0.00000E+00
        0.0000        0.9927  -0.25694E-02
     2106.1331        0.9927  -0.13685E-02
     2106.1331        2.0001   0.10000E-03
     2000.0000        2.0000   0.00000E+00
        0.0000        1.0783  -0.28233E-02
     2106.7060        1.0783  -0.00000E+00
     2106.7060        2.0001   0.10000E-03
     2000.0000        2.0000   0.00000E+00
        0.0000        1.2086  -0.33664E-02
     2106.7060        1.2086  -0.00000E+00
     2106.7060        2.0001   0.10000E-03
     2000.0000        2.0000   0.00000E+00
        0.0000        1.3618  -0.40056E-02
     2106.7060        1.3618  -0.00000E+00
     2106.7060        2.0001   0.10000E-03
     2000.0000        2.0000   0.00000E+00
        0.0000        1.5331  -0.47265E-02
     2106.7060        1.5331  -0.00000E+00
     2106.7060        2.0001   0.10000E-03
     2000.0000        2.0000   0.00000E+00
        0.0000        1.7169  -0.55079E-02
     2106.7060        1.7169  -0.00000E+00
     2106.7060        2.0001   0.10000E-03
     2000.0000        2.0000   0.00000E+00
Time int. between profiles 1800s
