VERT
 24
 4
         z (m)       v (m/s)            wv
        0.0000        0.4974  -0.43651E-01
      104.2232        0.4974  -0.86997E-02
      104.2232        2.0001   0.10000E-03
     2000.0000        2.0000   0.00000E+00
        0.0000        0.5235  -0.47030E-01
      131.0398        0.5235  -0.53170E-01
      131.0398        2.0001   0.10000E-03
     2000.0000        2.0000   0.00000E+00
        0.0000        1.2390  -0.94862E-01
      364.5258        1.2390  -0.10960E+00
      364.5258        2.0001   0.10000E-03
     2000.0000        2.0000   0.00000E+00
        0.0000        1.3722  -0.10133E+00
      592.5894        1.3722  -0.72863E-01
      592.5894        2.0001   0.10000E-03
     2000.0000        2.0000   0.00000E+00
        0.0000        1.4431  -0.10657E+00
      791.0503        1.4431  -0.58776E-01
      791.0503        2.0001   0.10000E-03
     2000.0000        2.0000   0.00000E+00
        0.0000        1.5062  -0.11183E+00
      974.0088        1.5062  -0.48426E-01
      974.0088        2.0001   0.10000E-03
     2000.0000        2.0000   0.00000E+00
        0.0000        1.5696  -0.11694E+00
     1144.2902        1.5696  -0.39274E-01
     1144.2902        2.0001   0.10000E-03
     2000.0000        2.0000   0.00000E+00
        0.0000        1.6351  -0.12172E+00
     1302.3004        1.6351  -0.30789E-01
     1302.3004        2.0001   0.10000E-03
     2000.0000        2.0000   0.00000E+00
        0.0000        1.7032  -0.12599E+00
     1447.6798        1.7032  -0.22916E-01
     1447.6798        2.0001   0.10000E-03
     2000.0000        2.0000   0.00000E+00
        0.0000        1.7740  -0.12958E+00
     1579.8039        1.7740  -0.15746E-01
     1579.8039        2.0001   0.10000E-03
     2000.0000        2.0000   0.00000E+00
        0.0000        1.8475  -0.13229E+00
     1697.9917        1.8475  -0.94240E-02
     1697.9917        2.0001   0.10000E-03
     2000.0000        2.0000   0.00000E+00
        0.0000        1.9236  -0.13393E+00
     1801.6135        1.9236  -0.40987E-02
     1801.6135        2.0001   0.10000E-03
     2000.0000        2.0000   0.00000E+00
        0.0000        2.0023  -0.13425E+00
     1890.1591        2.0023   0.92305E-04
     1890.1591        2.0001   0.10000E-03
     2000.0000        2.0000   0.00000E+00
        0.0000        2.0839  -0.13294E+00
     1963.2867        2.0839   0.30380E-02
     1963.2867        2.0001   0.10000E-03
     2000.0000        2.0000   0.00000E+00
        0.0000        2.1687  -0.12955E+00
     2020.8647        2.1687   0.46626E-02
     2020.8647        2.0001   0.10000E-03
     2000.0000        2.0000   0.00000E+00
        0.0000        2.2572  -0.12333E+00
     2063.0189        2.2572   0.49364E-02
     2063.0189        2.0001   0.10000E-03
     2000.0000        2.0000   0.00000E+00
        0.0000        2.3509  -0.11273E+00
     2090.2120        2.3509   0.38964E-02
     2090.2120        2.0001   0.10000E-03
     2000.0000        2.0000   0.00000E+00
        0.0000        2.4529  -0.93229E-01
     2103.4662        2.4529   0.17401E-02
     2103.4662        2.0001   0.10000E-03
     2000.0000        2.0000   0.00000E+00
        0.0000        2.5661  -0.66429E-02
     2106.1331        2.5661   0.76805E-03
     2106.1331        2.0001   0.10000E-03
     2000.0000        2.0000   0.00000E+00
        0.0000        2.6767  -0.70094E-02
     2106.7060        2.6767   0.00000E+00
     2106.7060        2.0001   0.10000E-03
     2000.0000        2.0000   0.00000E+00
        0.0000        2.8223  -0.78633E-02
     2106.7060        2.8223   0.00000E+00
     2106.7060        2.0001   0.10000E-03
     2000.0000        2.0000   0.00000E+00
        0.0000        2.9420  -0.86559E-02
     2106.7060        2.9420   0.00000E+00
     2106.7060        2.0001   0.10000E-03
     2000.0000        2.0000   0.00000E+00
        0.0000        3.0323  -0.93513E-02
     2106.7060        3.0323   0.00000E+00
     2106.7060        2.0001   0.10000E-03
     2000.0000        2.0000   0.00000E+00
        0.0000        3.0906  -0.99177E-02
     2106.7060        3.0906   0.00000E+00
     2106.7060        2.0001   0.10000E-03
     2000.0000        2.0000   0.00000E+00
Time int. between profiles 1800s
