 UTC(hours) ustar  uws  vws  uwe  vwe  du   dv   dVe 
       12.0167        0.0167        0.2344       -0.0373       -0.0369        0.0015        0.0015       -0.9988       -0.9894        1.4059
       12.0333        0.0333        0.2351       -0.0376       -0.0369        0.0016        0.0016       -0.9976       -0.9789        1.3977
       12.0500        0.0500        0.2358       -0.0379       -0.0368        0.0017        0.0016       -0.9963       -0.9685        1.3894
       12.0667        0.0667        0.2364       -0.0382       -0.0368        0.0018        0.0017       -0.9948       -0.9580        1.3811
       12.0833        0.0833        0.2370       -0.0384       -0.0367        0.0019        0.0018       -0.9933       -0.9475        1.3727
       12.1000        0.1000        0.2375       -0.0387       -0.0366        0.0020        0.0019       -0.9916       -0.9371        1.3644
       12.1167        0.1167        0.2379       -0.0389       -0.0364        0.0021        0.0019       -0.9899       -0.9266        1.3559
       12.1333        0.1333        0.2383       -0.0391       -0.0363        0.0022        0.0020       -0.9881       -0.9162        1.3475
       12.1500        0.1500        0.2387       -0.0393       -0.0361        0.0023        0.0021       -0.9861       -0.9058        1.3390
       12.1667        0.1667        0.2390       -0.0395       -0.0359        0.0024        0.0022       -0.9841       -0.8954        1.3305
       12.1833        0.1833        0.2393       -0.0396       -0.0357        0.0025        0.0022       -0.9820       -0.8851        1.3220
       12.2000        0.2000        0.2396       -0.0398       -0.0355        0.0026        0.0023       -0.9798       -0.8747        1.3135
       12.2167        0.2167        0.2398       -0.0399       -0.0353        0.0027        0.0024       -0.9775       -0.8645        1.3049
       12.2333        0.2333        0.2400       -0.0400       -0.0351        0.0028        0.0024       -0.9751       -0.8542        1.2963
       12.2500        0.2500        0.2401       -0.0402       -0.0349        0.0029        0.0025       -0.9727       -0.8440        1.2878
       12.2667        0.2667        0.2403       -0.0403       -0.0346        0.0030        0.0025       -0.9701       -0.8338        1.2792
       12.2833        0.2833        0.2404       -0.0404       -0.0344        0.0030        0.0026       -0.9675       -0.8236        1.2706
       12.3000        0.3000        0.2405       -0.0404       -0.0341        0.0031        0.0026       -0.9648       -0.8135        1.2621
       12.3167        0.3167        0.2405       -0.0405       -0.0338        0.0032        0.0027       -0.9621       -0.8035        1.2535
       12.3333        0.3333        0.2406       -0.0406       -0.0336        0.0033        0.0028       -0.9593       -0.7935        1.2449
       12.3500        0.3500        0.2406       -0.0406       -0.0333        0.0034        0.0028       -0.9564       -0.7835        1.2363
       12.3667        0.3667        0.2406       -0.0407       -0.0330        0.0035        0.0029       -0.9534       -0.7736        1.2278
       12.3833        0.3833        0.2406       -0.0407       -0.0327        0.0036        0.0029       -0.9503       -0.7637        1.2192
       12.4000        0.4000        0.2406       -0.0407       -0.0324        0.0037        0.0029       -0.9473       -0.7539        1.2107
       12.4167        0.4167        0.2405       -0.0407       -0.0321        0.0038        0.0030       -0.9441       -0.7442        1.2021
       12.4333        0.4333        0.2404       -0.0407       -0.0318        0.0039        0.0030       -0.9409       -0.7345        1.1936
       12.4500        0.4500        0.2404       -0.0407       -0.0315        0.0040        0.0031       -0.9376       -0.7248        1.1851
       12.4667        0.4667        0.2403       -0.0407       -0.0312        0.0041        0.0031       -0.9342       -0.7152        1.1766
       12.4833        0.4833        0.2402       -0.0407       -0.0309        0.0041        0.0031       -0.9309       -0.7057        1.1681
       12.5000        0.5000        0.2401       -0.0407       -0.0306        0.0042        0.0032       -0.9274       -0.6962        1.1596
       12.5167        0.5167        0.2399       -0.0407       -0.0302        0.0043        0.0032       -0.9239       -0.6868        1.1512
       12.5333        0.5333        0.2398       -0.0406       -0.0299        0.0044        0.0033       -0.9203       -0.6774        1.1428
       12.5500        0.5500        0.2397       -0.0406       -0.0296        0.0045        0.0033       -0.9167       -0.6681        1.1344
       12.5667        0.5667        0.2395       -0.0405       -0.0293        0.0046        0.0033       -0.9131       -0.6589        1.1260
       12.5833        0.5833        0.2394       -0.0405       -0.0289        0.0047        0.0033       -0.9094       -0.6497        1.1176
       12.6000        0.6000        0.2392       -0.0404       -0.0286        0.0048        0.0034       -0.9056       -0.6406        1.1093
       12.6167        0.6167        0.2390       -0.0404       -0.0283        0.0049        0.0034       -0.9018       -0.6316        1.1010
       12.6333        0.6333        0.2388       -0.0403       -0.0279        0.0049        0.0034       -0.8980       -0.6226        1.0927
       12.6500        0.6500        0.2386       -0.0402       -0.0276        0.0050        0.0035       -0.8941       -0.6137        1.0845
       12.6667        0.6667        0.2384       -0.0402       -0.0273        0.0051        0.0035       -0.8902       -0.6048        1.0762
       12.6833        0.6833        0.2382       -0.0401       -0.0270        0.0052        0.0035       -0.8862       -0.5961        1.0680
       12.7000        0.7000        0.2380       -0.0400       -0.0266        0.0053        0.0035       -0.8822       -0.5873        1.0599
       12.7167        0.7167        0.2378       -0.0399       -0.0263        0.0054        0.0035       -0.8782       -0.5787        1.0517
       12.7333        0.7333        0.2376       -0.0398       -0.0260        0.0055        0.0036       -0.8741       -0.5701        1.0436
       12.7500        0.7500        0.2374       -0.0397       -0.0256        0.0055        0.0036       -0.8700       -0.5616        1.0355
       12.7667        0.7667        0.2372       -0.0396       -0.0253        0.0056        0.0036       -0.8659       -0.5532        1.0275
       12.7833        0.7833        0.2369       -0.0395       -0.0250        0.0057        0.0036       -0.8617       -0.5448        1.0195
       12.8000        0.8000        0.2367       -0.0393       -0.0246        0.0058        0.0036       -0.8575       -0.5365        1.0115
       12.8167        0.8167        0.2365       -0.0392       -0.0243        0.0059        0.0036       -0.8532       -0.5283        1.0035
       12.8333        0.8333        0.2362       -0.0391       -0.0240        0.0060        0.0037       -0.8490       -0.5201        0.9956
       12.8500        0.8500        0.2360       -0.0390       -0.0236        0.0060        0.0037       -0.8447       -0.5120        0.9877
       12.8667        0.8667        0.2357       -0.0388       -0.0233        0.0061        0.0037       -0.8404       -0.5040        0.9799
       12.8833        0.8833        0.2355       -0.0387       -0.0230        0.0062        0.0037       -0.8360       -0.4960        0.9721
       12.9000        0.9000        0.2353       -0.0386       -0.0226        0.0063        0.0037       -0.8316       -0.4881        0.9643
       12.9167        0.9167        0.2350       -0.0384       -0.0223        0.0064        0.0037       -0.8272       -0.4803        0.9566
       12.9333        0.9333        0.2348       -0.0383       -0.0220        0.0065        0.0037       -0.8228       -0.4726        0.9489
       12.9500        0.9500        0.2345       -0.0381       -0.0217        0.0066        0.0037       -0.8183       -0.4649        0.9412
       12.9667        0.9667        0.2343       -0.0380       -0.0214        0.0066        0.0037       -0.8139       -0.4573        0.9336
       12.9833        0.9833        0.2340       -0.0378       -0.0210        0.0067        0.0037       -0.8094       -0.4498        0.9260
       13.0000        1.0000        0.2338       -0.0377       -0.0207        0.0068        0.0037       -0.8049       -0.4423        0.9184
       13.0167        1.0167        0.2335       -0.0375       -0.0204        0.0069        0.0037       -0.8003       -0.4349        0.9109
       13.0333        1.0333        0.2332       -0.0374       -0.0201        0.0070        0.0037       -0.7958       -0.4276        0.9034
       13.0500        1.0500        0.2330       -0.0372       -0.0198        0.0071        0.0037       -0.7912       -0.4204        0.8959
       13.0667        1.0667        0.2327       -0.0370       -0.0195        0.0071        0.0038       -0.7866       -0.4132        0.8885
       13.0833        1.0833        0.2325       -0.0369       -0.0191        0.0072        0.0038       -0.7820       -0.4061        0.8812
       13.1000        1.1000        0.2322       -0.0367       -0.0188        0.0073        0.0038       -0.7774       -0.3990        0.8738
       13.1167        1.1167        0.2320       -0.0365       -0.0185        0.0074        0.0038       -0.7728       -0.3921        0.8665
       13.1333        1.1333        0.2317       -0.0363       -0.0182        0.0075        0.0037       -0.7681       -0.3852        0.8593
       13.1500        1.1500        0.2315       -0.0362       -0.0179        0.0076        0.0037       -0.7635       -0.3783        0.8521
       13.1667        1.1667        0.2313       -0.0360       -0.0176        0.0076        0.0037       -0.7588       -0.3716        0.8449
       13.1833        1.1833        0.2310       -0.0358       -0.0173        0.0077        0.0037       -0.7541       -0.3649        0.8378
       13.2000        1.2000        0.2308       -0.0356       -0.0170        0.0078        0.0037       -0.7494       -0.3583        0.8307
       13.2167        1.2167        0.2305       -0.0354       -0.0167        0.0079        0.0037       -0.7447       -0.3517        0.8236
       13.2333        1.2333        0.2303       -0.0352       -0.0164        0.0080        0.0037       -0.7400       -0.3452        0.8166
       13.2500        1.2500        0.2300       -0.0351       -0.0162        0.0081        0.0037       -0.7353       -0.3388        0.8096
       13.2667        1.2667        0.2298       -0.0349       -0.0159        0.0082        0.0037       -0.7306       -0.3325        0.8027
       13.2833        1.2833        0.2296       -0.0347       -0.0156        0.0083        0.0037       -0.7258       -0.3262        0.7958
       13.3000        1.3000        0.2293       -0.0345       -0.0153        0.0083        0.0037       -0.7211       -0.3200        0.7889
       13.3167        1.3167        0.2291       -0.0343       -0.0150        0.0084        0.0037       -0.7163       -0.3138        0.7821
       13.3333        1.3333        0.2289       -0.0341       -0.0147        0.0085        0.0037       -0.7116       -0.3078        0.7753
       13.3500        1.3500        0.2286       -0.0339       -0.0145        0.0086        0.0037       -0.7068       -0.3017        0.7685
       13.3667        1.3667        0.2284       -0.0337       -0.0142        0.0087        0.0037       -0.7021       -0.2958        0.7618
       13.3833        1.3833        0.2282       -0.0335       -0.0139        0.0088        0.0037       -0.6973       -0.2899        0.7552
       13.4000        1.4000        0.2280       -0.0333       -0.0137        0.0089        0.0036       -0.6925       -0.2841        0.7485
       13.4167        1.4167        0.2277       -0.0331       -0.0134        0.0090        0.0036       -0.6878       -0.2784        0.7420
       13.4333        1.4333        0.2275       -0.0329       -0.0131        0.0091        0.0036       -0.6830       -0.2727        0.7354
       13.4500        1.4500        0.2273       -0.0327       -0.0129        0.0092        0.0036       -0.6782       -0.2671        0.7289
       13.4667        1.4667        0.2271       -0.0325       -0.0126        0.0092        0.0036       -0.6734       -0.2616        0.7224
       13.4833        1.4833        0.2269       -0.0322       -0.0124        0.0093        0.0036       -0.6686       -0.2561        0.7160
       13.5000        1.5000        0.2267       -0.0320       -0.0121        0.0094        0.0036       -0.6639       -0.2507        0.7096
       13.5167        1.5167        0.2265       -0.0318       -0.0118        0.0095        0.0035       -0.6591       -0.2453        0.7032
       13.5333        1.5333        0.2263       -0.0316       -0.0116        0.0096        0.0035       -0.6543       -0.2400        0.6969
       13.5500        1.5500        0.2261       -0.0314       -0.0114        0.0097        0.0035       -0.6495       -0.2348        0.6906
       13.5667        1.5667        0.2259       -0.0312       -0.0111        0.0098        0.0035       -0.6447       -0.2296        0.6844
       13.5833        1.5833        0.2257       -0.0310       -0.0109        0.0099        0.0035       -0.6400       -0.2246        0.6782
       13.6000        1.6000        0.2255       -0.0308       -0.0106        0.0100        0.0035       -0.6352       -0.2195        0.6720
       13.6167        1.6167        0.2253       -0.0305       -0.0104        0.0101        0.0034       -0.6304       -0.2145        0.6659
       13.6333        1.6333        0.2251       -0.0303       -0.0102        0.0102        0.0034       -0.6256       -0.2096        0.6598
       13.6500        1.6500        0.2249       -0.0301       -0.0099        0.0103        0.0034       -0.6209       -0.2048        0.6538
       13.6667        1.6667        0.2247       -0.0299       -0.0097        0.0104        0.0034       -0.6161       -0.2000        0.6478
       13.6833        1.6833        0.2245       -0.0297       -0.0095        0.0105        0.0034       -0.6114       -0.1953        0.6418
       13.7000        1.7000        0.2244       -0.0295       -0.0093        0.0107        0.0033       -0.6066       -0.1906        0.6358
       13.7167        1.7167        0.2242       -0.0292       -0.0090        0.0108        0.0033       -0.6018       -0.1860        0.6299
       13.7333        1.7333        0.2240       -0.0290       -0.0088        0.0109        0.0033       -0.5971       -0.1815        0.6241
       13.7500        1.7500        0.2238       -0.0288       -0.0086        0.0110        0.0033       -0.5924       -0.1770        0.6182
       13.7667        1.7667        0.2237       -0.0286       -0.0084        0.0111        0.0033       -0.5876       -0.1725        0.6124
       13.7833        1.7833        0.2235       -0.0283       -0.0082        0.0112        0.0032       -0.5829       -0.1682        0.6067
       13.8000        1.8000        0.2233       -0.0281       -0.0080        0.0113        0.0032       -0.5782       -0.1639        0.6010
       13.8167        1.8167        0.2232       -0.0279       -0.0078        0.0114        0.0032       -0.5735       -0.1596        0.5953
       13.8333        1.8333        0.2230       -0.0277       -0.0076        0.0116        0.0032       -0.5688       -0.1554        0.5896
       13.8500        1.8500        0.2229       -0.0275       -0.0074        0.0117        0.0031       -0.5641       -0.1513        0.5840
       13.8667        1.8667        0.2227       -0.0272       -0.0072        0.0118        0.0031       -0.5594       -0.1472        0.5784
       13.8833        1.8833        0.2226       -0.0270       -0.0070        0.0119        0.0031       -0.5547       -0.1432        0.5729
       13.9000        1.9000        0.2224       -0.0268       -0.0068        0.0120        0.0030       -0.5500       -0.1392        0.5674
       13.9167        1.9167        0.2223       -0.0266       -0.0066        0.0122        0.0030       -0.5454       -0.1353        0.5619
       13.9333        1.9333        0.2221       -0.0263       -0.0064        0.0123        0.0030       -0.5407       -0.1314        0.5564
       13.9500        1.9500        0.2220       -0.0261       -0.0062        0.0124        0.0030       -0.5360       -0.1276        0.5510
       13.9667        1.9667        0.2218       -0.0259       -0.0060        0.0126        0.0029       -0.5314       -0.1239        0.5456
       13.9833        1.9833        0.2217       -0.0257       -0.0059        0.0127        0.0029       -0.5268       -0.1202        0.5403
       14.0000        2.0000        0.2216       -0.0254       -0.0057        0.0128        0.0029       -0.5221       -0.1165        0.5350
       14.0167        2.0167        0.2215       -0.0252       -0.0055        0.0130        0.0028       -0.5175       -0.1129        0.5297
       14.0333        2.0333        0.2215       -0.0250       -0.0053        0.0131        0.0028       -0.5129       -0.1094        0.5245
       14.0500        2.0500        0.2215       -0.0248       -0.0052        0.0133        0.0028       -0.5083       -0.1059        0.5192
       14.0667        2.0667        0.2217       -0.0246       -0.0050        0.0135        0.0027       -0.5037       -0.1025        0.5140
       14.0833        2.0833        0.2218       -0.0244       -0.0049        0.0137        0.0027       -0.4991       -0.0991        0.5089
       14.1000        2.1000        0.2221       -0.0242       -0.0047        0.0139        0.0027       -0.4945       -0.0958        0.5037
       14.1167        2.1167        0.2224       -0.0241       -0.0045        0.0142        0.0027       -0.4899       -0.0925        0.4985
       14.1333        2.1333        0.2227       -0.0239       -0.0044        0.0144        0.0027       -0.4853       -0.0892        0.4934
       14.1500        2.1500        0.2231       -0.0237       -0.0042        0.0147        0.0026       -0.4806       -0.0860        0.4883
       14.1667        2.1667        0.2235       -0.0235       -0.0041        0.0150        0.0026       -0.4760       -0.0829        0.4831
       14.1833        2.1833        0.2239       -0.0233       -0.0040        0.0153        0.0026       -0.4713       -0.0798        0.4780
       14.2000        2.2000        0.2243       -0.0232       -0.0038        0.0156        0.0026       -0.4667       -0.0767        0.4729
       14.2167        2.2167        0.2248       -0.0230       -0.0037        0.0159        0.0025       -0.4620       -0.0737        0.4678
       14.2333        2.2333        0.2253       -0.0228       -0.0035        0.0162        0.0025       -0.4573       -0.0708        0.4627
       14.2500        2.2500        0.2258       -0.0226       -0.0034        0.0166        0.0025       -0.4526       -0.0679        0.4576
       14.2667        2.2667        0.2263       -0.0224       -0.0033        0.0169        0.0025       -0.4479       -0.0650        0.4525
       14.2833        2.2833        0.2268       -0.0223       -0.0031        0.0173        0.0024       -0.4431       -0.0622        0.4475
       14.3000        2.3000        0.2273       -0.0221       -0.0030        0.0176        0.0024       -0.4384       -0.0594        0.4424
       14.3167        2.3167        0.2279       -0.0219       -0.0029        0.0180        0.0024       -0.4336       -0.0567        0.4373
       14.3333        2.3333        0.2284       -0.0217       -0.0027        0.0184        0.0023       -0.4288       -0.0540        0.4322
       14.3500        2.3500        0.2289       -0.0215       -0.0026        0.0188        0.0023       -0.4241       -0.0514        0.4272
       14.3667        2.3667        0.2295       -0.0213       -0.0025        0.0191        0.0022       -0.4193       -0.0488        0.4221
       14.3833        2.3833        0.2300       -0.0211       -0.0024        0.0195        0.0022       -0.4145       -0.0463        0.4170
       14.4000        2.4000        0.2306       -0.0209       -0.0022        0.0199        0.0021       -0.4097       -0.0438        0.4120
       14.4167        2.4167        0.2311       -0.0207       -0.0021        0.0204        0.0021       -0.4048       -0.0413        0.4069
       14.4333        2.4333        0.2317       -0.0205       -0.0020        0.0208        0.0020       -0.4000       -0.0389        0.4019
       14.4500        2.4500        0.2322       -0.0203       -0.0019        0.0212        0.0020       -0.3952       -0.0366        0.3968
       14.4667        2.4667        0.2327       -0.0201       -0.0018        0.0216        0.0019       -0.3903       -0.0343        0.3918
       14.4833        2.4833        0.2333       -0.0199       -0.0017        0.0220        0.0018       -0.3855       -0.0320        0.3868
       14.5000        2.5000        0.2338       -0.0196       -0.0015        0.0224        0.0018       -0.3806       -0.0298        0.3818
       14.5167        2.5167        0.2344       -0.0194       -0.0014        0.0228        0.0017       -0.3758       -0.0276        0.3768
       14.5333        2.5333        0.2349       -0.0192       -0.0013        0.0232        0.0016       -0.3709       -0.0255        0.3718
       14.5500        2.5500        0.2354       -0.0190       -0.0012        0.0237        0.0015       -0.3661       -0.0235        0.3668
       14.5667        2.5667        0.2359       -0.0187       -0.0011        0.0241        0.0014       -0.3612       -0.0214        0.3618
       14.5833        2.5833        0.2365       -0.0185       -0.0010        0.0244        0.0013       -0.3564       -0.0195        0.3569
       14.6000        2.6000        0.2370       -0.0183       -0.0009        0.0248        0.0012       -0.3515       -0.0175        0.3520
       14.6167        2.6167        0.2375       -0.0181       -0.0008        0.0252        0.0011       -0.3467       -0.0157        0.3471
       14.6333        2.6333        0.2380       -0.0178       -0.0007        0.0255        0.0010       -0.3419       -0.0138        0.3422
       14.6500        2.6500        0.2385       -0.0176       -0.0006        0.0259        0.0009       -0.3371       -0.0120        0.3374
       14.6667        2.6667        0.2390       -0.0174       -0.0005        0.0262        0.0008       -0.3324       -0.0103        0.3325
       14.6833        2.6833        0.2395       -0.0171       -0.0005        0.0265        0.0007       -0.3276       -0.0086        0.3277
       14.7000        2.7000        0.2400       -0.0169       -0.0004        0.0268        0.0006       -0.3229       -0.0070        0.3230
       14.7167        2.7167        0.2405       -0.0166       -0.0003        0.0270        0.0005       -0.3182       -0.0054        0.3183
       14.7333        2.7333        0.2410       -0.0164       -0.0002        0.0272        0.0003       -0.3136       -0.0038        0.3136
       14.7500        2.7500        0.2415       -0.0162       -0.0001        0.0274        0.0002       -0.3090       -0.0023        0.3090
       14.7667        2.7667        0.2420       -0.0159       -0.0000        0.0276        0.0001       -0.3044       -0.0008        0.3044
       14.7833        2.7833        0.2425       -0.0157        0.0000        0.0277       -0.0001       -0.2998        0.0006        0.2998
       14.8000        2.8000        0.2430       -0.0155        0.0001        0.0278       -0.0002       -0.2954        0.0020        0.2954
       14.8167        2.8167        0.2435       -0.0153        0.0002        0.0279       -0.0003       -0.2909        0.0033        0.2909
       14.8333        2.8333        0.2440       -0.0150        0.0002        0.0280       -0.0005       -0.2865        0.0046        0.2866
       14.8500        2.8500        0.2445       -0.0148        0.0003        0.0280       -0.0006       -0.2822        0.0059        0.2822
       14.8667        2.8667        0.2450       -0.0146        0.0004        0.0280       -0.0007       -0.2779        0.0071        0.2780
       14.8833        2.8833        0.2455       -0.0144        0.0004        0.0279       -0.0008       -0.2737        0.0083        0.2738
       14.9000        2.9000        0.2460       -0.0141        0.0005        0.0278       -0.0010       -0.2695        0.0095        0.2697
       14.9167        2.9167        0.2465       -0.0139        0.0006        0.0277       -0.0011       -0.2654        0.0106        0.2656
       14.9333        2.9333        0.2470       -0.0137        0.0006        0.0276       -0.0012       -0.2614        0.0116        0.2617
       14.9500        2.9500        0.2475       -0.0135        0.0007        0.0275       -0.0014       -0.2574        0.0127        0.2577
       14.9667        2.9667        0.2480       -0.0133        0.0007        0.0273       -0.0015       -0.2535        0.0137        0.2539
       14.9833        2.9833        0.2485       -0.0131        0.0008        0.0271       -0.0016       -0.2497        0.0147        0.2501
       15.0000        3.0000        0.2490       -0.0129        0.0008        0.0269       -0.0017       -0.2459        0.0156        0.2464
       15.0167        3.0167        0.2496       -0.0127        0.0009        0.0267       -0.0018       -0.2422        0.0165        0.2428
       15.0333        3.0333        0.2501       -0.0125        0.0009        0.0264       -0.0019       -0.2386        0.0174        0.2392
       15.0500        3.0500        0.2506       -0.0123        0.0010        0.0262       -0.0020       -0.2350        0.0183        0.2357
       15.0667        3.0667        0.2511       -0.0122        0.0010        0.0259       -0.0021       -0.2315        0.0191        0.2323
       15.0833        3.0833        0.2516       -0.0120        0.0010        0.0256       -0.0022       -0.2281        0.0199        0.2290
       15.1000        3.1000        0.2522       -0.0118        0.0011        0.0253       -0.0023       -0.2248        0.0207        0.2257
       15.1167        3.1167        0.2527       -0.0116        0.0011        0.0250       -0.0024       -0.2215        0.0214        0.2225
       15.1333        3.1333        0.2532       -0.0115        0.0012        0.0247       -0.0025       -0.2183        0.0221        0.2194
       15.1500        3.1500        0.2537       -0.0113        0.0012        0.0244       -0.0026       -0.2151        0.0228        0.2163
       15.1667        3.1667        0.2543       -0.0111        0.0012        0.0241       -0.0027       -0.2120        0.0235        0.2133
       15.1833        3.1833        0.2548       -0.0110        0.0013        0.0238       -0.0028       -0.2090        0.0242        0.2104
       15.2000        3.2000        0.2553       -0.0108        0.0013        0.0235       -0.0028       -0.2060        0.0248        0.2075
       15.2167        3.2167        0.2559       -0.0107        0.0013        0.0232       -0.0029       -0.2031        0.0254        0.2047
       15.2333        3.2333        0.2564       -0.0105        0.0014        0.0228       -0.0030       -0.2002        0.0260        0.2019
       15.2500        3.2500        0.2569       -0.0104        0.0014        0.0225       -0.0030       -0.1975        0.0266        0.1992
       15.2667        3.2667        0.2575       -0.0102        0.0014        0.0222       -0.0031       -0.1947        0.0272        0.1966
       15.2833        3.2833        0.2580       -0.0101        0.0015        0.0219       -0.0032       -0.1920        0.0278        0.1940
       15.3000        3.3000        0.2586       -0.0100        0.0015        0.0216       -0.0032       -0.1894        0.0283        0.1915
       15.3167        3.3167        0.2591       -0.0098        0.0015        0.0213       -0.0033       -0.1868        0.0288        0.1890
       15.3333        3.3333        0.2596       -0.0097        0.0015        0.0210       -0.0033       -0.1843        0.0293        0.1866
       15.3500        3.3500        0.2602       -0.0096        0.0016        0.0207       -0.0034       -0.1819        0.0298        0.1843
       15.3667        3.3667        0.2607       -0.0095        0.0016        0.0204       -0.0034       -0.1794        0.0303        0.1820
       15.3833        3.3833        0.2612       -0.0093        0.0016        0.0201       -0.0035       -0.1771        0.0307        0.1797
       15.4000        3.4000        0.2618       -0.0092        0.0016        0.0198       -0.0035       -0.1747        0.0312        0.1775
       15.4167        3.4167        0.2623       -0.0091        0.0017        0.0195       -0.0036       -0.1725        0.0316        0.1753
       15.4333        3.4333        0.2628       -0.0090        0.0017        0.0192       -0.0036       -0.1702        0.0320        0.1732
       15.4500        3.4500        0.2634       -0.0089        0.0017        0.0189       -0.0036       -0.1680        0.0324        0.1711
       15.4667        3.4667        0.2639       -0.0088        0.0017        0.0186       -0.0037       -0.1659        0.0328        0.1691
       15.4833        3.4833        0.2644       -0.0087        0.0018        0.0184       -0.0037       -0.1638        0.0332        0.1671
       15.5000        3.5000        0.2650       -0.0085        0.0018        0.0181       -0.0038       -0.1617        0.0336        0.1651
       15.5167        3.5167        0.2655       -0.0084        0.0018        0.0178       -0.0038       -0.1597        0.0340        0.1632
       15.5333        3.5333        0.2660       -0.0083        0.0018        0.0176       -0.0038       -0.1577        0.0343        0.1614
       15.5500        3.5500        0.2666       -0.0082        0.0018        0.0173       -0.0039       -0.1557        0.0346        0.1595
       15.5667        3.5667        0.2671       -0.0081        0.0019        0.0171       -0.0039       -0.1538        0.0350        0.1577
       15.5833        3.5833        0.2676       -0.0080        0.0019        0.0168       -0.0039       -0.1519        0.0353        0.1559
       15.6000        3.6000        0.2681       -0.0079        0.0019        0.0166       -0.0039       -0.1500        0.0356        0.1542
       15.6167        3.6167        0.2687       -0.0079        0.0019        0.0163       -0.0040       -0.1482        0.0359        0.1525
       15.6333        3.6333        0.2692       -0.0078        0.0019        0.0161       -0.0040       -0.1464        0.0362        0.1509
       15.6500        3.6500        0.2697       -0.0077        0.0019        0.0159       -0.0040       -0.1447        0.0365        0.1492
       15.6667        3.6667        0.2702       -0.0076        0.0020        0.0156       -0.0040       -0.1430        0.0368        0.1476
       15.6833        3.6833        0.2707       -0.0075        0.0020        0.0154       -0.0040       -0.1413        0.0371        0.1460
       15.7000        3.7000        0.2712       -0.0074        0.0020        0.0152       -0.0041       -0.1396        0.0373        0.1445
       15.7167        3.7167        0.2717       -0.0073        0.0020        0.0150       -0.0041       -0.1379        0.0376        0.1430
       15.7333        3.7333        0.2722       -0.0072        0.0020        0.0148       -0.0041       -0.1363        0.0379        0.1415
       15.7500        3.7500        0.2727       -0.0072        0.0020        0.0146       -0.0041       -0.1348        0.0381        0.1400
       15.7667        3.7667        0.2732       -0.0071        0.0020        0.0144       -0.0041       -0.1332        0.0383        0.1386
       15.7833        3.7833        0.2737       -0.0070        0.0021        0.0142       -0.0041       -0.1317        0.0386        0.1372
       15.8000        3.8000        0.2742       -0.0069        0.0021        0.0140       -0.0042       -0.1301        0.0388        0.1358
       15.8167        3.8167        0.2747       -0.0069        0.0021        0.0138       -0.0042       -0.1287        0.0390        0.1344
       15.8333        3.8333        0.2752       -0.0068        0.0021        0.0136       -0.0042       -0.1272        0.0392        0.1331
       15.8500        3.8500        0.2757       -0.0067        0.0021        0.0134       -0.0042       -0.1258        0.0394        0.1318
       15.8667        3.8667        0.2762       -0.0066        0.0021        0.0132       -0.0042       -0.1244        0.0396        0.1305
       15.8833        3.8833        0.2766       -0.0066        0.0021        0.0130       -0.0042       -0.1230        0.0398        0.1292
       15.9000        3.9000        0.2771       -0.0065        0.0021        0.0128       -0.0042       -0.1216        0.0400        0.1280
       15.9167        3.9167        0.2776       -0.0064        0.0021        0.0127       -0.0042       -0.1202        0.0402        0.1268
       15.9333        3.9333        0.2780       -0.0064        0.0022        0.0125       -0.0042       -0.1189        0.0404        0.1256
       15.9500        3.9500        0.2785       -0.0063        0.0022        0.0123       -0.0043       -0.1176        0.0406        0.1244
       15.9667        3.9667        0.2790       -0.0062        0.0022        0.0122       -0.0043       -0.1163        0.0407        0.1232
       15.9833        3.9833        0.2794       -0.0062        0.0022        0.0120       -0.0043       -0.1150        0.0409        0.1221
       16.0000        4.0000        0.2799       -0.0061        0.0022        0.0118       -0.0043       -0.1138        0.0411        0.1210
       16.0167        4.0167        0.2803       -0.0060        0.0022        0.0117       -0.0043       -0.1125        0.0412        0.1198
       16.0333        4.0333        0.2808       -0.0060        0.0022        0.0115       -0.0043       -0.1113        0.0414        0.1188
       16.0500        4.0500        0.2812       -0.0059        0.0022        0.0114       -0.0043       -0.1101        0.0415        0.1177
       16.0667        4.0667        0.2816       -0.0058        0.0022        0.0112       -0.0043       -0.1089        0.0416        0.1166
       16.0833        4.0833        0.2820       -0.0058        0.0022        0.0111       -0.0043       -0.1078        0.0418        0.1156
       16.1000        4.1000        0.2824       -0.0057        0.0022        0.0109       -0.0043       -0.1066        0.0419        0.1146
       16.1167        4.1167        0.2828       -0.0057        0.0023        0.0108       -0.0043       -0.1055        0.0420        0.1136
       16.1333        4.1333        0.2832       -0.0056        0.0023        0.0106       -0.0043       -0.1044        0.0422        0.1126
       16.1500        4.1500        0.2836       -0.0055        0.0023        0.0105       -0.0043       -0.1033        0.0423        0.1116
       16.1667        4.1667        0.2839       -0.0055        0.0023        0.0094       -0.0039       -0.1022        0.0424        0.1107
       16.1833        4.1833        0.2843       -0.0054        0.0023        0.0086       -0.0036       -0.1012        0.0426        0.1098
       16.2000        4.2000        0.2847       -0.0054        0.0023        0.0080       -0.0034       -0.1002        0.0427        0.1090
       16.2167        4.2167        0.2851       -0.0053        0.0023        0.0075       -0.0032       -0.0993        0.0429        0.1082
       16.2333        4.2333        0.2855       -0.0053        0.0023        0.0070       -0.0031       -0.0984        0.0431        0.1074
       16.2500        4.2500        0.2859       -0.0052        0.0023        0.0067       -0.0030       -0.0976        0.0432        0.1067
       16.2667        4.2667        0.2862       -0.0052        0.0023        0.0064       -0.0029       -0.0967        0.0434        0.1060
       16.2833        4.2833        0.2866       -0.0052        0.0023        0.0061       -0.0028       -0.0959        0.0436        0.1053
       16.3000        4.3000        0.2870       -0.0051        0.0024        0.0058       -0.0027       -0.0951        0.0437        0.1047
       16.3167        4.3167        0.2874       -0.0051        0.0024        0.0056       -0.0026       -0.0943        0.0439        0.1040
       16.3333        4.3333        0.2877       -0.0050        0.0024        0.0054       -0.0026       -0.0935        0.0441        0.1034
       16.3500        4.3500        0.2881       -0.0050        0.0024        0.0053       -0.0025       -0.0928        0.0443        0.1028
       16.3667        4.3667        0.2884       -0.0050        0.0024        0.0051       -0.0025       -0.0920        0.0444        0.1022
       16.3833        4.3833        0.2888       -0.0049        0.0024        0.0049       -0.0024       -0.0913        0.0446        0.1016
       16.4000        4.4000        0.2891       -0.0049        0.0024        0.0048       -0.0024       -0.0905        0.0448        0.1010
       16.4167        4.4167        0.2895       -0.0049        0.0024        0.0047       -0.0023       -0.0898        0.0450        0.1004
       16.4333        4.4333        0.2898       -0.0048        0.0024        0.0046       -0.0023       -0.0891        0.0451        0.0999
       16.4500        4.4500        0.2902       -0.0048        0.0025        0.0044       -0.0023       -0.0884        0.0453        0.0993
       16.4667        4.4667        0.2905       -0.0048        0.0025        0.0043       -0.0023       -0.0877        0.0455        0.0988
       16.4833        4.4833        0.2908       -0.0047        0.0025        0.0042       -0.0022       -0.0870        0.0456        0.0982
       16.5000        4.5000        0.2911       -0.0047        0.0025        0.0042       -0.0022       -0.0863        0.0458        0.0977
       16.5167        4.5167        0.2915       -0.0047        0.0025        0.0041       -0.0022       -0.0856        0.0459        0.0972
       16.5333        4.5333        0.2918       -0.0046        0.0025        0.0040       -0.0022       -0.0850        0.0461        0.0967
       16.5500        4.5500        0.2921       -0.0046        0.0025        0.0039       -0.0021       -0.0843        0.0463        0.0962
       16.5667        4.5667        0.2924       -0.0046        0.0025        0.0038       -0.0021       -0.0836        0.0464        0.0957
       16.5833        4.5833        0.2927       -0.0045        0.0025        0.0037       -0.0021       -0.0830        0.0466        0.0952
       16.6000        4.6000        0.2930       -0.0045        0.0025        0.0037       -0.0021       -0.0823        0.0467        0.0947
       16.6167        4.6167        0.2933       -0.0045        0.0026        0.0036       -0.0021       -0.0817        0.0469        0.0942
       16.6333        4.6333        0.2935       -0.0044        0.0026        0.0035       -0.0021       -0.0811        0.0470        0.0937
       16.6500        4.6500        0.2938       -0.0044        0.0026        0.0035       -0.0020       -0.0804        0.0471        0.0932
       16.6667        4.6667        0.2941       -0.0044        0.0026        0.0034       -0.0020       -0.0798        0.0473        0.0928
       16.6833        4.6833        0.2944       -0.0043        0.0026        0.0034       -0.0020       -0.0792        0.0474        0.0923
       16.7000        4.7000        0.2946       -0.0043        0.0026        0.0033       -0.0020       -0.0786        0.0476        0.0918
       16.7167        4.7167        0.2949       -0.0043        0.0026        0.0033       -0.0020       -0.0779        0.0477        0.0914
       16.7333        4.7333        0.2951       -0.0042        0.0026        0.0032       -0.0020       -0.0773        0.0478        0.0909
       16.7500        4.7500        0.2954       -0.0042        0.0026        0.0032       -0.0020       -0.0767        0.0479        0.0905
       16.7667        4.7667        0.2956       -0.0042        0.0026        0.0031       -0.0020       -0.0761        0.0481        0.0900
       16.7833        4.7833        0.2959       -0.0041        0.0026        0.0031       -0.0020       -0.0755        0.0482        0.0896
       16.8000        4.8000        0.2961       -0.0041        0.0027        0.0030       -0.0019       -0.0749        0.0483        0.0892
       16.8167        4.8167        0.2963       -0.0041        0.0027        0.0030       -0.0019       -0.0744        0.0484        0.0887
       16.8333        4.8333        0.2965       -0.0041        0.0027        0.0029       -0.0019       -0.0738        0.0485        0.0883
       16.8500        4.8500        0.2968       -0.0040        0.0027        0.0029       -0.0019       -0.0732        0.0487        0.0879
       16.8667        4.8667        0.2970       -0.0040        0.0027        0.0028       -0.0019       -0.0726        0.0488        0.0875
       16.8833        4.8833        0.2972       -0.0040        0.0027        0.0028       -0.0019       -0.0720        0.0489        0.0870
       16.9000        4.9000        0.2974       -0.0039        0.0027        0.0028       -0.0019       -0.0715        0.0490        0.0866
       16.9167        4.9167        0.2976       -0.0039        0.0027        0.0027       -0.0019       -0.0709        0.0491        0.0862
       16.9333        4.9333        0.2978       -0.0039        0.0027        0.0027       -0.0019       -0.0703        0.0492        0.0858
       16.9500        4.9500        0.2980       -0.0038        0.0027        0.0026       -0.0019       -0.0698        0.0493        0.0854
       16.9667        4.9667        0.2981       -0.0038        0.0027        0.0026       -0.0019       -0.0692        0.0494        0.0850
       16.9833        4.9833        0.2983       -0.0038        0.0027        0.0026       -0.0019       -0.0687        0.0495        0.0846
       17.0000        5.0000        0.2985       -0.0038        0.0027        0.0025       -0.0018       -0.0681        0.0496        0.0842
       17.0167        5.0167        0.2987       -0.0037        0.0027        0.0025       -0.0018       -0.0676        0.0497        0.0839
       17.0333        5.0333        0.2988       -0.0037        0.0027        0.0025       -0.0018       -0.0670        0.0498        0.0835
       17.0500        5.0500        0.2990       -0.0037        0.0027        0.0024       -0.0018       -0.0665        0.0498        0.0831
       17.0667        5.0667        0.2991       -0.0036        0.0028        0.0024       -0.0018       -0.0659        0.0499        0.0827
       17.0833        5.0833        0.2993       -0.0036        0.0028        0.0024       -0.0018       -0.0654        0.0500        0.0823
       17.1000        5.1000        0.2994       -0.0036        0.0028        0.0023       -0.0018       -0.0649        0.0501        0.0820
       17.1167        5.1167        0.2995       -0.0036        0.0028        0.0023       -0.0018       -0.0643        0.0502        0.0816
       17.1333        5.1333        0.2997       -0.0035        0.0028        0.0023       -0.0018       -0.0638        0.0502        0.0812
       17.1500        5.1500        0.2998       -0.0035        0.0028        0.0022       -0.0018       -0.0633        0.0503        0.0809
       17.1667        5.1667        0.2999       -0.0035        0.0028        0.0022       -0.0018       -0.0628        0.0504        0.0805
       17.1833        5.1833        0.3000       -0.0034        0.0028        0.0022       -0.0018       -0.0623        0.0505        0.0801
       17.2000        5.2000        0.3001       -0.0034        0.0028        0.0022       -0.0018       -0.0617        0.0505        0.0798
       17.2167        5.2167        0.3002       -0.0034        0.0028        0.0021       -0.0018       -0.0612        0.0506        0.0794
       17.2333        5.2333        0.3003       -0.0034        0.0028        0.0021       -0.0018       -0.0607        0.0506        0.0791
       17.2500        5.2500        0.3004       -0.0033        0.0028        0.0021       -0.0017       -0.0602        0.0507        0.0787
       17.2667        5.2667        0.3005       -0.0033        0.0028        0.0020       -0.0017       -0.0597        0.0508        0.0784
       17.2833        5.2833        0.3006       -0.0033        0.0028        0.0020       -0.0017       -0.0592        0.0508        0.0780
       17.3000        5.3000        0.3007       -0.0032        0.0028        0.0020       -0.0017       -0.0587        0.0509        0.0777
       17.3167        5.3167        0.3007       -0.0032        0.0028        0.0020       -0.0017       -0.0582        0.0509        0.0774
       17.3333        5.3333        0.3008       -0.0032        0.0028        0.0019       -0.0017       -0.0577        0.0510        0.0770
       17.3500        5.3500        0.3009       -0.0032        0.0028        0.0019       -0.0017       -0.0572        0.0510        0.0767
       17.3667        5.3667        0.3009       -0.0031        0.0028        0.0019       -0.0017       -0.0567        0.0511        0.0764
       17.3833        5.3833        0.3010       -0.0031        0.0028        0.0019       -0.0017       -0.0563        0.0511        0.0760
       17.4000        5.4000        0.3010       -0.0031        0.0028        0.0018       -0.0017       -0.0558        0.0512        0.0757
       17.4167        5.4167        0.3010       -0.0031        0.0028        0.0018       -0.0017       -0.0553        0.0512        0.0754
       17.4333        5.4333        0.3011       -0.0030        0.0028        0.0018       -0.0017       -0.0548        0.0513        0.0750
       17.4500        5.4500        0.3011       -0.0030        0.0028        0.0018       -0.0017       -0.0543        0.0513        0.0747
       17.4667        5.4667        0.3011       -0.0030        0.0028        0.0017       -0.0017       -0.0539        0.0513        0.0744
       17.4833        5.4833        0.3011       -0.0029        0.0028        0.0017       -0.0017       -0.0534        0.0514        0.0741
       17.5000        5.5000        0.3012       -0.0029        0.0028        0.0017       -0.0017       -0.0529        0.0514        0.0738
       17.5167        5.5167        0.3012       -0.0029        0.0028        0.0017       -0.0016       -0.0525        0.0514        0.0735
       17.5333        5.5333        0.3012       -0.0029        0.0028        0.0017       -0.0016       -0.0520        0.0515        0.0732
       17.5500        5.5500        0.3012       -0.0028        0.0028        0.0016       -0.0016       -0.0516        0.0515        0.0729
       17.5667        5.5667        0.3011       -0.0028        0.0028        0.0016       -0.0016       -0.0511        0.0515        0.0726
       17.5833        5.5833        0.3011       -0.0028        0.0028        0.0016       -0.0016       -0.0506        0.0515        0.0722
       17.6000        5.6000        0.3011       -0.0028        0.0028        0.0016       -0.0016       -0.0502        0.0516        0.0719
       17.6167        5.6167        0.3011       -0.0027        0.0028        0.0015       -0.0016       -0.0497        0.0516        0.0717
       17.6333        5.6333        0.3010       -0.0027        0.0028        0.0015       -0.0016       -0.0493        0.0516        0.0714
       17.6500        5.6500        0.3010       -0.0027        0.0028        0.0015       -0.0016       -0.0488        0.0516        0.0711
       17.6667        5.6667        0.3010       -0.0027        0.0028        0.0015       -0.0016       -0.0484        0.0516        0.0708
       17.6833        5.6833        0.3009       -0.0026        0.0028        0.0015       -0.0016       -0.0480        0.0516        0.0705
       17.7000        5.7000        0.3009       -0.0026        0.0028        0.0014       -0.0016       -0.0475        0.0517        0.0702
       17.7167        5.7167        0.3008       -0.0026        0.0028        0.0014       -0.0016       -0.0471        0.0517        0.0699
       17.7333        5.7333        0.3007       -0.0026        0.0028        0.0014       -0.0016       -0.0466        0.0517        0.0696
       17.7500        5.7500        0.3007       -0.0025        0.0028        0.0014       -0.0016       -0.0462        0.0517        0.0693
       17.7667        5.7667        0.3006       -0.0025        0.0028        0.0014       -0.0015       -0.0458        0.0517        0.0691
       17.7833        5.7833        0.3005       -0.0025        0.0028        0.0014       -0.0015       -0.0454        0.0517        0.0688
       17.8000        5.8000        0.3004       -0.0025        0.0028        0.0013       -0.0015       -0.0449        0.0517        0.0685
       17.8167        5.8167        0.3003       -0.0024        0.0028        0.0013       -0.0015       -0.0445        0.0517        0.0682
       17.8333        5.8333        0.3002       -0.0024        0.0028        0.0013       -0.0015       -0.0441        0.0517        0.0680
       17.8500        5.8500        0.3001       -0.0024        0.0028        0.0013       -0.0015       -0.0437        0.0517        0.0677
       17.8667        5.8667        0.3000       -0.0024        0.0028        0.0013       -0.0015       -0.0432        0.0517        0.0674
       17.8833        5.8833        0.2999       -0.0023        0.0028        0.0012       -0.0015       -0.0428        0.0517        0.0671
       17.9000        5.9000        0.2998       -0.0023        0.0028        0.0012       -0.0015       -0.0424        0.0517        0.0669
       17.9167        5.9167        0.2996       -0.0023        0.0028        0.0012       -0.0015       -0.0420        0.0517        0.0666
       17.9333        5.9333        0.2995       -0.0023        0.0028        0.0012       -0.0015       -0.0416        0.0517        0.0664
       17.9500        5.9500        0.2994       -0.0022        0.0028        0.0012       -0.0015       -0.0412        0.0517        0.0661
       17.9667        5.9667        0.2992       -0.0022        0.0028        0.0012       -0.0015       -0.0408        0.0517        0.0658
       17.9833        5.9833        0.2991       -0.0022        0.0028        0.0011       -0.0015       -0.0404        0.0517        0.0656
       18.0000        6.0000        0.2989       -0.0022        0.0028        0.0011       -0.0014       -0.0400        0.0517        0.0653
       18.0167        6.0167        0.2987       -0.0022        0.0028        0.0011       -0.0014       -0.0396        0.0516        0.0651
       18.0333        6.0333        0.2986       -0.0021        0.0028        0.0011       -0.0014       -0.0392        0.0516        0.0648
       18.0500        6.0500        0.2984       -0.0021        0.0028        0.0011       -0.0014       -0.0388        0.0516        0.0646
       18.0667        6.0667        0.2982       -0.0021        0.0028        0.0011       -0.0014       -0.0384        0.0516        0.0643
       18.0833        6.0833        0.2980       -0.0021        0.0028        0.0010       -0.0014       -0.0380        0.0516        0.0641
       18.1000        6.1000        0.2978       -0.0020        0.0028        0.0010       -0.0014       -0.0376        0.0516        0.0638
       18.1167        6.1167        0.2976       -0.0020        0.0028        0.0010       -0.0014       -0.0372        0.0515        0.0636
       18.1333        6.1333        0.2974       -0.0020        0.0028        0.0010       -0.0014       -0.0369        0.0515        0.0633
       18.1500        6.1500        0.2972       -0.0020        0.0028        0.0010       -0.0014       -0.0365        0.0515        0.0631
       18.1667        6.1667        0.2970       -0.0020        0.0028        0.0010       -0.0014       -0.0361        0.0515        0.0629
       18.1833        6.1833        0.2968       -0.0019        0.0028        0.0009       -0.0014       -0.0357        0.0514        0.0626
       18.2000        6.2000        0.2966       -0.0019        0.0028        0.0009       -0.0014       -0.0353        0.0514        0.0624
       18.2167        6.2167        0.2963       -0.0019        0.0028        0.0009       -0.0014       -0.0350        0.0514        0.0622
       18.2333        6.2333        0.2961       -0.0019        0.0028        0.0009       -0.0013       -0.0346        0.0514        0.0619
       18.2500        6.2500        0.2959       -0.0018        0.0028        0.0009       -0.0013       -0.0342        0.0513        0.0617
       18.2667        6.2667        0.2956       -0.0018        0.0028        0.0009       -0.0013       -0.0339        0.0513        0.0615
       18.2833        6.2833        0.2954       -0.0018        0.0028        0.0009       -0.0013       -0.0335        0.0513        0.0612
       18.3000        6.3000        0.2951       -0.0018        0.0027        0.0008       -0.0013       -0.0331        0.0512        0.0610
       18.3167        6.3167        0.2948       -0.0018        0.0027        0.0008       -0.0013       -0.0328        0.0512        0.0608
       18.3333        6.3333        0.2946       -0.0017        0.0027        0.0008       -0.0013       -0.0324        0.0512        0.0606
       18.3500        6.3500        0.2943       -0.0017        0.0027        0.0008       -0.0013       -0.0320        0.0511        0.0604
       18.3667        6.3667        0.2940       -0.0017        0.0027        0.0008       -0.0013       -0.0317        0.0511        0.0601
       18.3833        6.3833        0.2937       -0.0017        0.0027        0.0008       -0.0013       -0.0313        0.0511        0.0599
       18.4000        6.4000        0.2934       -0.0017        0.0027        0.0008       -0.0013       -0.0310        0.0510        0.0597
       18.4167        6.4167        0.2931       -0.0016        0.0027        0.0008       -0.0013       -0.0306        0.0510        0.0595
       18.4333        6.4333        0.2928       -0.0016        0.0027        0.0007       -0.0013       -0.0303        0.0510        0.0593
       18.4500        6.4500        0.2925       -0.0016        0.0027        0.0007       -0.0012       -0.0299        0.0509        0.0591
       18.4667        6.4667        0.2922       -0.0016        0.0027        0.0007       -0.0012       -0.0296        0.0509        0.0588
       18.4833        6.4833        0.2918       -0.0015        0.0027        0.0007       -0.0012       -0.0292        0.0508        0.0586
       18.5000        6.5000        0.2915       -0.0015        0.0027        0.0007       -0.0012       -0.0289        0.0508        0.0584
       18.5167        6.5167        0.2911       -0.0015        0.0027        0.0007       -0.0012       -0.0286        0.0507        0.0582
       18.5333        6.5333        0.2908       -0.0015        0.0027        0.0007       -0.0012       -0.0282        0.0507        0.0580
       18.5500        6.5500        0.2905       -0.0015        0.0027        0.0007       -0.0012       -0.0279        0.0506        0.0578
       18.5667        6.5667        0.2901       -0.0014        0.0027        0.0006       -0.0012       -0.0275        0.0506        0.0576
       18.5833        6.5833        0.2897       -0.0014        0.0027        0.0006       -0.0012       -0.0272        0.0505        0.0574
       18.6000        6.6000        0.2894       -0.0014        0.0026        0.0006       -0.0012       -0.0269        0.0505        0.0572
       18.6167        6.6167        0.2890       -0.0014        0.0026        0.0006       -0.0012       -0.0265        0.0505        0.0570
       18.6333        6.6333        0.2886       -0.0014        0.0026        0.0006       -0.0012       -0.0262        0.0504        0.0568
       18.6500        6.6500        0.2882       -0.0014        0.0026        0.0006       -0.0011       -0.0259        0.0503        0.0566
       18.6667        6.6667        0.2878       -0.0013        0.0026        0.0006       -0.0011       -0.0256        0.0503        0.0564
       18.6833        6.6833        0.2874       -0.0013        0.0026        0.0006       -0.0011       -0.0252        0.0502        0.0562
       18.7000        6.7000        0.2870       -0.0013        0.0026        0.0006       -0.0011       -0.0249        0.0502        0.0560
       18.7167        6.7167        0.2866       -0.0013        0.0026        0.0005       -0.0011       -0.0246        0.0501        0.0558
       18.7333        6.7333        0.2862       -0.0013        0.0026        0.0005       -0.0011       -0.0243        0.0501        0.0557
       18.7500        6.7500        0.2857       -0.0012        0.0026        0.0005       -0.0011       -0.0240        0.0500        0.0555
       18.7667        6.7667        0.2853       -0.0012        0.0026        0.0005       -0.0011       -0.0236        0.0500        0.0553
       18.7833        6.7833        0.2849       -0.0012        0.0026        0.0005       -0.0011       -0.0233        0.0499        0.0551
       18.8000        6.8000        0.2844       -0.0012        0.0026        0.0005       -0.0011       -0.0230        0.0499        0.0549
       18.8167        6.8167        0.2840       -0.0012        0.0026        0.0005       -0.0011       -0.0227        0.0498        0.0547
       18.8333        6.8333        0.2835       -0.0011        0.0026        0.0005       -0.0011       -0.0224        0.0497        0.0545
       18.8500        6.8500        0.2830       -0.0011        0.0025        0.0005       -0.0010       -0.0221        0.0497        0.0544
       18.8667        6.8667        0.2826       -0.0011        0.0025        0.0005       -0.0010       -0.0218        0.0496        0.0542
       18.8833        6.8833        0.2821       -0.0011        0.0025        0.0004       -0.0010       -0.0215        0.0496        0.0540
       18.9000        6.9000        0.2816       -0.0011        0.0025        0.0004       -0.0010       -0.0212        0.0495        0.0538
       18.9167        6.9167        0.2811       -0.0011        0.0025        0.0004       -0.0010       -0.0209        0.0494        0.0537
       18.9333        6.9333        0.2806       -0.0010        0.0025        0.0004       -0.0010       -0.0206        0.0494        0.0535
       18.9500        6.9500        0.2801       -0.0010        0.0025        0.0004       -0.0010       -0.0203        0.0493        0.0533
       18.9667        6.9667        0.2796       -0.0010        0.0025        0.0004       -0.0010       -0.0200        0.0492        0.0531
       18.9833        6.9833        0.2791       -0.0010        0.0025        0.0004       -0.0010       -0.0197        0.0492        0.0530
       19.0000        7.0000        0.2786       -0.0010        0.0025        0.0004       -0.0010       -0.0194        0.0491        0.0528
       19.0167        7.0167        0.2780       -0.0010        0.0025        0.0004       -0.0010       -0.0191        0.0490        0.0526
       19.0333        7.0333        0.2775       -0.0009        0.0025        0.0004       -0.0010       -0.0188        0.0490        0.0525
       19.0500        7.0500        0.2770       -0.0009        0.0025        0.0004       -0.0009       -0.0185        0.0489        0.0523
       19.0667        7.0667        0.2764       -0.0009        0.0024        0.0003       -0.0009       -0.0182        0.0488        0.0521
       19.0833        7.0833        0.2759       -0.0009        0.0024        0.0003       -0.0009       -0.0179        0.0488        0.0520
       19.1000        7.1000        0.2753       -0.0009        0.0024        0.0003       -0.0009       -0.0176        0.0487        0.0518
       19.1167        7.1167        0.2747       -0.0009        0.0024        0.0003       -0.0009       -0.0174        0.0486        0.0516
       19.1333        7.1333        0.2741       -0.0008        0.0024        0.0003       -0.0009       -0.0171        0.0486        0.0515
       19.1500        7.1500        0.2736       -0.0008        0.0024        0.0003       -0.0009       -0.0168        0.0485        0.0513
       19.1667        7.1667        0.2730       -0.0008        0.0024        0.0003       -0.0009       -0.0165        0.0484        0.0512
       19.1833        7.1833        0.2724       -0.0008        0.0024        0.0003       -0.0009       -0.0162        0.0484        0.0510
       19.2000        7.2000        0.2718       -0.0008        0.0024        0.0003       -0.0009       -0.0160        0.0483        0.0509
       19.2167        7.2167        0.2712       -0.0008        0.0024        0.0003       -0.0009       -0.0157        0.0482        0.0507
       19.2333        7.2333        0.2705       -0.0008        0.0024        0.0003       -0.0009       -0.0154        0.0481        0.0505
       19.2500        7.2500        0.2699       -0.0007        0.0023        0.0003       -0.0008       -0.0151        0.0481        0.0504
       19.2667        7.2667        0.2693       -0.0007        0.0023        0.0003       -0.0008       -0.0149        0.0480        0.0502
       19.2833        7.2833        0.2686       -0.0007        0.0023        0.0003       -0.0008       -0.0146        0.0479        0.0501
       19.3000        7.3000        0.2680       -0.0007        0.0023        0.0002       -0.0008       -0.0143        0.0478        0.0499
       19.3167        7.3167        0.2673       -0.0007        0.0023        0.0002       -0.0008       -0.0141        0.0478        0.0498
       19.3333        7.3333        0.2667       -0.0007        0.0023        0.0002       -0.0008       -0.0138        0.0477        0.0497
       19.3500        7.3500        0.2660       -0.0007        0.0023        0.0002       -0.0008       -0.0135        0.0476        0.0495
       19.3667        7.3667        0.2653       -0.0006        0.0023        0.0002       -0.0008       -0.0133        0.0475        0.0494
       19.3833        7.3833        0.2647       -0.0006        0.0023        0.0002       -0.0008       -0.0130        0.0475        0.0492
       19.4000        7.4000        0.2640       -0.0006        0.0023        0.0002       -0.0008       -0.0127        0.0474        0.0491
       19.4167        7.4167        0.2633       -0.0006        0.0023        0.0002       -0.0008       -0.0125        0.0473        0.0489
       19.4333        7.4333        0.2626       -0.0006        0.0022        0.0002       -0.0008       -0.0122        0.0472        0.0488
       19.4500        7.4500        0.2619       -0.0006        0.0022        0.0002       -0.0007       -0.0120        0.0472        0.0487
       19.4667        7.4667        0.2612       -0.0006        0.0022        0.0002       -0.0007       -0.0117        0.0471        0.0485
       19.4833        7.4833        0.2604       -0.0005        0.0022        0.0002       -0.0007       -0.0115        0.0470        0.0484
       19.5000        7.5000        0.2597       -0.0005        0.0022        0.0002       -0.0007       -0.0112        0.0469        0.0482
       19.5167        7.5167        0.2590       -0.0005        0.0022        0.0002       -0.0007       -0.0110        0.0468        0.0481
       19.5333        7.5333        0.2582       -0.0005        0.0022        0.0002       -0.0007       -0.0107        0.0468        0.0480
       19.5500        7.5500        0.2575       -0.0005        0.0022        0.0002       -0.0007       -0.0105        0.0467        0.0478
       19.5667        7.5667        0.2567       -0.0005        0.0022        0.0002       -0.0007       -0.0102        0.0466        0.0477
       19.5833        7.5833        0.2559       -0.0005        0.0022        0.0001       -0.0007       -0.0100        0.0465        0.0476
       19.6000        7.6000        0.2552       -0.0004        0.0021        0.0001       -0.0007       -0.0097        0.0464        0.0474
       19.6167        7.6167        0.2544       -0.0004        0.0021        0.0001       -0.0007       -0.0095        0.0464        0.0473
       19.6333        7.6333        0.2536       -0.0004        0.0021        0.0001       -0.0007       -0.0092        0.0463        0.0472
       19.6500        7.6500        0.2528       -0.0004        0.0021        0.0001       -0.0006       -0.0090        0.0462        0.0471
       19.6667        7.6667        0.2520       -0.0004        0.0021        0.0001       -0.0006       -0.0087        0.0461        0.0469
       19.6833        7.6833        0.2512       -0.0004        0.0021        0.0001       -0.0006       -0.0085        0.0460        0.0468
       19.7000        7.7000        0.2503       -0.0004        0.0021        0.0001       -0.0006       -0.0083        0.0459        0.0467
       19.7167        7.7167        0.2495       -0.0004        0.0021        0.0001       -0.0006       -0.0080        0.0459        0.0466
       19.7333        7.7333        0.2487       -0.0003        0.0021        0.0001       -0.0006       -0.0078        0.0458        0.0464
       19.7500        7.7500        0.2478       -0.0003        0.0020        0.0001       -0.0006       -0.0075        0.0457        0.0463
       19.7667        7.7667        0.2470       -0.0003        0.0020        0.0001       -0.0006       -0.0073        0.0456        0.0462
       19.7833        7.7833        0.2461       -0.0003        0.0020        0.0001       -0.0006       -0.0071        0.0455        0.0461
       19.8000        7.8000        0.2452       -0.0003        0.0020        0.0001       -0.0006       -0.0068        0.0454        0.0460
       19.8167        7.8167        0.2444       -0.0003        0.0020        0.0001       -0.0006       -0.0066        0.0454        0.0458
       19.8333        7.8333        0.2435       -0.0003        0.0020        0.0001       -0.0006       -0.0064        0.0453        0.0457
       19.8500        7.8500        0.2426       -0.0003        0.0020        0.0001       -0.0006       -0.0062        0.0452        0.0456
       19.8667        7.8667        0.2417       -0.0003        0.0020        0.0001       -0.0005       -0.0059        0.0451        0.0455
       19.8833        7.8833        0.2408       -0.0002        0.0020        0.0001       -0.0005       -0.0057        0.0450        0.0454
       19.9000        7.9000        0.2399       -0.0002        0.0019        0.0001       -0.0005       -0.0055        0.0449        0.0453
       19.9167        7.9167        0.2389       -0.0002        0.0019        0.0001       -0.0005       -0.0053        0.0448        0.0452
       19.9333        7.9333        0.2380       -0.0002        0.0019        0.0001       -0.0005       -0.0050        0.0448        0.0450
       19.9500        7.9500        0.2370       -0.0002        0.0019        0.0001       -0.0005       -0.0048        0.0447        0.0449
       19.9667        7.9667        0.2361       -0.0002        0.0019        0.0001       -0.0005       -0.0046        0.0446        0.0448
       19.9833        7.9833        0.2351       -0.0002        0.0019        0.0000       -0.0005       -0.0044        0.0445        0.0447
       20.0000        8.0000        0.2342       -0.0002        0.0019        0.0000       -0.0005       -0.0041        0.0444        0.0446
       20.0167        8.0167        0.2332       -0.0002        0.0019        0.0000       -0.0005       -0.0039        0.0443        0.0445
       20.0333        8.0333        0.2322       -0.0002        0.0019        0.0000       -0.0005       -0.0037        0.0442        0.0444
       20.0500        8.0500        0.2312       -0.0001        0.0018        0.0000       -0.0005       -0.0035        0.0442        0.0443
       20.0667        8.0667        0.2302       -0.0001        0.0018        0.0000       -0.0005       -0.0033        0.0441        0.0442
       20.0833        8.0833        0.2292       -0.0001        0.0018        0.0000       -0.0004       -0.0031        0.0440        0.0441
       20.1000        8.1000        0.2282       -0.0001        0.0018        0.0000       -0.0004       -0.0028        0.0439        0.0440
       20.1167        8.1167        0.2272       -0.0001        0.0018        0.0000       -0.0004       -0.0026        0.0438        0.0439
       20.1333        8.1333        0.2261       -0.0001        0.0018        0.0000       -0.0004       -0.0024        0.0437        0.0438
       20.1500        8.1500        0.2251       -0.0001        0.0018        0.0000       -0.0004       -0.0022        0.0436        0.0437
       20.1667        8.1667        0.2240       -0.0001        0.0018        0.0000       -0.0004       -0.0020        0.0435        0.0436
       20.1833        8.1833        0.2230       -0.0001        0.0018        0.0000       -0.0004       -0.0018        0.0434        0.0435
       20.2000        8.2000        0.2219       -0.0001        0.0017        0.0000       -0.0004       -0.0016        0.0434        0.0434
       20.2167        8.2167        0.2208       -0.0001        0.0017        0.0000       -0.0004       -0.0014        0.0433        0.0433
       20.2333        8.2333        0.2197       -0.0000        0.0017        0.0000       -0.0004       -0.0012        0.0432        0.0432
       20.2500        8.2500        0.2186       -0.0000        0.0017        0.0000       -0.0004       -0.0010        0.0431        0.0431
       20.2667        8.2667        0.2175       -0.0000        0.0017        0.0000       -0.0004       -0.0008        0.0430        0.0430
       20.2833        8.2833        0.2164       -0.0000        0.0017        0.0000       -0.0004       -0.0006        0.0429        0.0429
       20.3000        8.3000        0.2152       -0.0000        0.0017        0.0000       -0.0004       -0.0003        0.0428        0.0428
       20.3167        8.3167        0.2141       -0.0000        0.0017        0.0000       -0.0004       -0.0001        0.0427        0.0427
       20.3333        8.3333        0.2130        0.0000        0.0016       -0.0000       -0.0003        0.0001        0.0426        0.0426
       20.3500        8.3500        0.2118        0.0000        0.0016       -0.0000       -0.0003        0.0003        0.0425        0.0425
       20.3667        8.3667        0.2106        0.0000        0.0016       -0.0000       -0.0003        0.0005        0.0425        0.0425
       20.3833        8.3833        0.2095        0.0000        0.0016       -0.0000       -0.0003        0.0007        0.0424        0.0424
       20.4000        8.4000        0.2083        0.0000        0.0016       -0.0000       -0.0003        0.0009        0.0423        0.0423
       20.4167        8.4167        0.2071        0.0000        0.0016       -0.0000       -0.0003        0.0011        0.0422        0.0422
       20.4333        8.4333        0.2059        0.0000        0.0016       -0.0000       -0.0003        0.0012        0.0421        0.0421
       20.4500        8.4500        0.2047        0.0001        0.0016       -0.0000       -0.0003        0.0014        0.0420        0.0420
       20.4667        8.4667        0.2034        0.0001        0.0015       -0.0000       -0.0003        0.0016        0.0419        0.0419
       20.4833        8.4833        0.2022        0.0001        0.0015       -0.0000       -0.0003        0.0018        0.0418        0.0419
       20.5000        8.5000        0.2009        0.0001        0.0015       -0.0000       -0.0003        0.0020        0.0417        0.0418
       20.5167        8.5167        0.1997        0.0001        0.0015       -0.0000       -0.0003        0.0022        0.0416        0.0417
       20.5333        8.5333        0.1984        0.0001        0.0015       -0.0000       -0.0003        0.0024        0.0415        0.0416
       20.5500        8.5500        0.1971        0.0001        0.0015       -0.0000       -0.0003        0.0026        0.0415        0.0415
       20.5667        8.5667        0.1959        0.0001        0.0015       -0.0000       -0.0003        0.0028        0.0414        0.0415
       20.5833        8.5833        0.1946        0.0001        0.0015       -0.0000       -0.0003        0.0030        0.0413        0.0414
       20.6000        8.6000        0.1933        0.0001        0.0014       -0.0000       -0.0002        0.0032        0.0412        0.0413
       20.6167        8.6167        0.1919        0.0001        0.0014       -0.0000       -0.0002        0.0034        0.0411        0.0412
       20.6333        8.6333        0.1906        0.0001        0.0014       -0.0000       -0.0002        0.0035        0.0410        0.0412
       20.6500        8.6500        0.1893        0.0001        0.0014       -0.0000       -0.0002        0.0037        0.0409        0.0411
       20.6667        8.6667        0.1879        0.0001        0.0014       -0.0000       -0.0002        0.0039        0.0408        0.0410
       20.6833        8.6833        0.1866        0.0001        0.0014       -0.0000       -0.0002        0.0041        0.0407        0.0409
       20.7000        8.7000        0.1852        0.0001        0.0014       -0.0000       -0.0002        0.0043        0.0406        0.0409
       20.7167        8.7167        0.1838        0.0001        0.0014       -0.0000       -0.0002        0.0045        0.0405        0.0408
       20.7333        8.7333        0.1824        0.0002        0.0013       -0.0000       -0.0002        0.0047        0.0404        0.0407
       20.7500        8.7500        0.1810        0.0002        0.0013       -0.0000       -0.0002        0.0048        0.0404        0.0406
       20.7667        8.7667        0.1796        0.0002        0.0013       -0.0000       -0.0002        0.0050        0.0403        0.0406
       20.7833        8.7833        0.1782        0.0002        0.0013       -0.0000       -0.0002        0.0052        0.0402        0.0405
       20.8000        8.8000        0.1767        0.0002        0.0013       -0.0000       -0.0002        0.0054        0.0401        0.0404
       20.8167        8.8167        0.1753        0.0002        0.0013       -0.0000       -0.0002        0.0056        0.0400        0.0404
       20.8333        8.8333        0.1738        0.0002        0.0013       -0.0000       -0.0002        0.0057        0.0399        0.0403
       20.8500        8.8500        0.1723        0.0002        0.0012       -0.0000       -0.0002        0.0059        0.0398        0.0402
       20.8667        8.8667        0.1709        0.0002        0.0012       -0.0000       -0.0002        0.0061        0.0397        0.0402
       20.8833        8.8833        0.1694        0.0002        0.0012       -0.0000       -0.0002        0.0063        0.0396        0.0401
       20.9000        8.9000        0.1679        0.0002        0.0012       -0.0000       -0.0002        0.0064        0.0395        0.0400
       20.9167        8.9167        0.1663        0.0002        0.0012       -0.0000       -0.0001        0.0066        0.0394        0.0400
       20.9333        8.9333        0.1648        0.0002        0.0012       -0.0000       -0.0001        0.0068        0.0393        0.0399
       20.9500        8.9500        0.1633        0.0002        0.0012       -0.0000       -0.0001        0.0070        0.0392        0.0399
       20.9667        8.9667        0.1617        0.0002        0.0012       -0.0000       -0.0001        0.0071        0.0392        0.0398
