VERT
 21
 4
         z (m)       c (ppm)            wc
        0.0000      389.9917  -0.36000E+00
      398.8467      389.9917   0.12793E+00
      398.8467      362.0001   0.10000E-03
     3000.0000      362.0000   0.00000E+00
        0.0000      387.6055  -0.36000E+00
      403.9047      387.6055   0.21641E+00
      403.9047      362.0001   0.10000E-03
     3000.0000      362.0000   0.00000E+00
        0.0000      384.8478  -0.36000E+00
      417.2479      384.8478   0.32481E+00
      417.2479      362.0001   0.10000E-03
     3000.0000      362.0000   0.00000E+00
        0.0000      381.6709  -0.36000E+00
      444.1663      381.6709   0.48277E+00
      444.1663      362.0001   0.10000E-03
     3000.0000      362.0000   0.00000E+00
        0.0000      377.7343  -0.36000E+00
      505.5101      377.7343   0.92702E+00
      505.5101      362.0001   0.10000E-03
     3000.0000      362.0000   0.00000E+00
        0.0000      372.9986  -0.36000E+00
      653.0683      372.9986   0.12031E+01
      653.0683      362.0001   0.10000E-03
     3000.0000      362.0000   0.00000E+00
        0.0000      369.6093  -0.36000E+00
      844.2648      369.6093   0.85126E+00
      844.2648      362.0001   0.10000E-03
     3000.0000      362.0000   0.00000E+00
        0.0000      367.5474  -0.36000E+00
     1023.5494      367.5474   0.57746E+00
     1023.5494      362.0001   0.10000E-03
     3000.0000      362.0000   0.00000E+00
        0.0000      366.3335  -0.36000E+00
     1140.8695      366.3335   0.20841E+00
     1140.8695      362.0001   0.10000E-03
     3000.0000      362.0000   0.00000E+00
        0.0000      365.5276  -0.36000E+00
     1196.7616      365.5276   0.13116E+00
     1196.7616      362.0001   0.10000E-03
     3000.0000      362.0000   0.00000E+00
        0.0000      364.8336  -0.36000E+00
     1239.0735      364.8336   0.90997E-01
     1239.0735      362.0001   0.10000E-03
     3000.0000      362.0000   0.00000E+00
        0.0000      364.2092  -0.36000E+00
     1272.7994      364.2092   0.61942E-01
     1272.7994      362.0001   0.10000E-03
     3000.0000      362.0000   0.00000E+00
        0.0000      363.6353  -0.36000E+00
     1298.8047      363.6353   0.39244E-01
     1298.8047      362.0001   0.10000E-03
     3000.0000      362.0000   0.00000E+00
        0.0000      363.0987  -0.36000E+00
     1317.0136      363.0987   0.21714E-01
     1317.0136      362.0001   0.10000E-03
     3000.0000      362.0000   0.00000E+00
        0.0000      362.5884  -0.36000E+00
     1327.1972      362.5884   0.90363E-02
     1327.1972      362.0001   0.10000E-03
     3000.0000      362.0000   0.00000E+00
        0.0000      362.0945  -0.36000E+00
     1329.3018      362.0945   0.10354E-02
     1329.3018      362.0001   0.10000E-03
     3000.0000      362.0000   0.00000E+00
        0.0000      361.6077  -0.36000E+00
     1323.6549      361.6077  -0.26492E-02
     1323.6549      362.0001   0.10000E-03
     3000.0000      362.0000   0.00000E+00
