VERT
 21
 4
         z (m)      q (g/kg)            wq
        0.0000       17.1127   0.21410E-01
      398.8467       17.1127   0.94573E-02
      398.8467       15.0433   0.10000E-03
     3000.0000        1.8251   0.00000E+00
        0.0000       17.4467   0.34717E-01
      403.9047       17.4467   0.18530E-01
      403.9047       15.2541   0.10000E-03
     3000.0000        1.8462   0.00000E+00
        0.0000       17.7893   0.49184E-01
      417.2479       17.7893   0.33681E-01
      417.2479       15.4200   0.10000E-03
     3000.0000        1.8631   0.00000E+00
        0.0000       18.1011   0.64243E-01
      444.1663       18.1011   0.63571E-01
      444.1663       15.5106   0.10000E-03
     3000.0000        1.8759   0.00000E+00
        0.0000       18.2449   0.76776E-01
      505.5101       18.2449   0.16704E+00
      505.5101       15.4093   0.10000E-03
     3000.0000        1.8846   0.00000E+00
        0.0000       17.9639   0.89564E-01
      653.0683       17.9639   0.34365E+00
      653.0683       14.8214   0.10000E-03
     3000.0000        1.8889   0.00000E+00
        0.0000       17.5507   0.10155E+00
      844.2648       17.5507   0.40139E+00
      844.2648       13.9619   0.10000E-03
     3000.0000        1.8889   0.00000E+00
        0.0000       17.2270   0.11120E+00
     1023.5494       17.2270   0.42596E+00
     1023.5494       13.1342   0.10000E-03
     3000.0000        1.8845   0.00000E+00
        0.0000       16.9675   0.11853E+00
     1140.8695       16.9675   0.21742E+00
     1140.8695       12.4459   0.10000E-03
     3000.0000        1.6911   0.00000E+00
        0.0000       16.8583   0.12316E+00
     1196.7616       16.8583   0.18011E+00
     1196.7616       12.0137   0.10000E-03
     3000.0000        1.4119   0.00000E+00
        0.0000       16.7884   0.12579E+00
     1239.0735       16.7884   0.16511E+00
     1239.0735       11.6462   0.10000E-03
     3000.0000        1.1241   0.00000E+00
        0.0000       16.7421   0.12653E+00
     1272.7994       16.7421   0.15199E+00
     1272.7994       11.3205   0.10000E-03
     3000.0000        0.8313   0.00000E+00
        0.0000       16.7164   0.12540E+00
     1298.8047       16.7164   0.13635E+00
     1298.8047       11.0337   0.10000E-03
     3000.0000        0.5338   0.00000E+00
        0.0000       16.7123   0.12236E+00
     1317.0136       16.7123   0.11704E+00
     1317.0136       10.7886   0.10000E-03
     3000.0000        0.2314   0.00000E+00
        0.0000       16.7314   0.11729E+00
     1327.1972       16.7314   0.94291E-01
     1327.1972       10.5887   0.10000E-03
     3000.0000       -0.0759   0.00000E+00
        0.0000       16.7747   0.10997E+00
     1329.3018       16.7747   0.69258E-01
     1329.3018       10.4369   0.10000E-03
     3000.0000       -0.3883   0.00000E+00
        0.0000       16.8408   0.10006E+00
     1323.6549       16.8408   0.43980E-01
     1323.6549       10.3334   0.10000E-03
     3000.0000       -0.7058   0.00000E+00
