SVOC
 630
     UTC(hours)      RT(hours)              1              2              1              2              1              2              1              2
   0.12017E+002   0.16667E-001   0.11273E-003   0.14600E-003   0.12415E-002   0.00000E+000   0.25165E-003   0.43707E-003   0.27714E-002   0.43416E-003
   0.12033E+002   0.33333E-001   0.40129E-003   0.51971E-003   0.25140E-002   0.00000E+000   0.89578E-003   0.15558E-002   0.56118E-002   0.88074E-003
   0.12050E+002   0.50000E-001   0.81081E-003   0.10501E-002   0.37735E-002   0.00000E+000   0.18099E-002   0.31435E-002   0.84233E-002   0.13009E-002
   0.12067E+002   0.66667E-001   0.13008E-002   0.16846E-002   0.50194E-002   0.00000E+000   0.29037E-002   0.50432E-002   0.11204E-001   0.17013E-002
   0.12083E+002   0.83333E-001   0.18443E-002   0.23885E-002   0.62515E-002   0.00000E+000   0.41170E-002   0.71505E-002   0.13955E-001   0.20862E-002
   0.12100E+002   0.10000E+000   0.24253E-002   0.31410E-002   0.74696E-002   0.00000E+000   0.54140E-002   0.94032E-002   0.16674E-001   0.24582E-002
   0.12117E+002   0.11667E+000   0.30350E-002   0.39306E-002   0.86737E-002   0.00000E+000   0.67750E-002   0.11767E-001   0.19362E-001   0.28187E-002
   0.12133E+002   0.13333E+000   0.36688E-002   0.47514E-002   0.98638E-002   0.00000E+000   0.81896E-002   0.14224E-001   0.22018E-001   0.31688E-002
   0.12150E+002   0.15000E+000   0.43242E-002   0.56001E-002   0.11040E-001   0.00000E+000   0.96526E-002   0.16765E-001   0.24644E-001   0.35092E-002
   0.12167E+002   0.16667E+000   0.50001E-002   0.64755E-002   0.12202E-001   0.00000E+000   0.11161E-001   0.19386E-001   0.27238E-001   0.38404E-002
   0.12183E+002   0.18333E+000   0.56959E-002   0.73767E-002   0.13351E-001   0.00000E+000   0.12715E-001   0.22083E-001   0.29802E-001   0.41626E-002
   0.12200E+002   0.20000E+000   0.64115E-002   0.83034E-002   0.14485E-001   0.00000E+000   0.14312E-001   0.24858E-001   0.32335E-001   0.44764E-002
   0.12217E+002   0.21667E+000   0.71466E-002   0.92554E-002   0.15606E-001   0.00000E+000   0.15953E-001   0.27708E-001   0.34837E-001   0.47820E-002
   0.12233E+002   0.23333E+000   0.79011E-002   0.10233E-001   0.16714E-001   0.00000E+000   0.17637E-001   0.30633E-001   0.37309E-001   0.50796E-002
   0.12250E+002   0.25000E+000   0.86750E-002   0.11235E-001   0.17808E-001   0.00000E+000   0.19365E-001   0.33633E-001   0.39751E-001   0.53695E-002
   0.12267E+002   0.26667E+000   0.94681E-002   0.12262E-001   0.18888E-001   0.00000E+000   0.21135E-001   0.36708E-001   0.42162E-001   0.56519E-002
   0.12283E+002   0.28333E+000   0.10280E-001   0.13314E-001   0.19955E-001   0.00000E+000   0.22948E-001   0.39857E-001   0.44544E-001   0.59271E-002
   0.12300E+002   0.30000E+000   0.11112E-001   0.14390E-001   0.21009E-001   0.00000E+000   0.24804E-001   0.43080E-001   0.46896E-001   0.61953E-002
   0.12317E+002   0.31667E+000   0.11962E-001   0.15491E-001   0.22049E-001   0.00000E+000   0.26701E-001   0.46376E-001   0.49219E-001   0.64566E-002
   0.12333E+002   0.33333E+000   0.12830E-001   0.16616E-001   0.23076E-001   0.00000E+000   0.28640E-001   0.49744E-001   0.51512E-001   0.67114E-002
   0.12350E+002   0.35000E+000   0.13718E-001   0.17765E-001   0.24090E-001   0.00000E+000   0.30621E-001   0.53184E-001   0.53775E-001   0.69597E-002
   0.12367E+002   0.36667E+000   0.14623E-001   0.18938E-001   0.25091E-001   0.00000E+000   0.32643E-001   0.56695E-001   0.56010E-001   0.72018E-002
   0.12383E+002   0.38333E+000   0.15547E-001   0.20135E-001   0.26080E-001   0.00000E+000   0.34705E-001   0.60276E-001   0.58216E-001   0.74378E-002
   0.12400E+002   0.40000E+000   0.16489E-001   0.21354E-001   0.27055E-001   0.00000E+000   0.36806E-001   0.63927E-001   0.60393E-001   0.76680E-002
   0.12417E+002   0.41667E+000   0.17448E-001   0.22596E-001   0.28017E-001   0.00000E+000   0.38948E-001   0.67646E-001   0.62541E-001   0.78924E-002
   0.12433E+002   0.43333E+000   0.18424E-001   0.23861E-001   0.28967E-001   0.00000E+000   0.41128E-001   0.71432E-001   0.64661E-001   0.81113E-002
   0.12450E+002   0.45000E+000   0.19418E-001   0.25148E-001   0.29904E-001   0.00000E+000   0.43346E-001   0.75285E-001   0.66753E-001   0.83248E-002
   0.12467E+002   0.46667E+000   0.20429E-001   0.26457E-001   0.30828E-001   0.00000E+000   0.45602E-001   0.79203E-001   0.68816E-001   0.85330E-002
   0.12483E+002   0.48333E+000   0.21456E-001   0.27787E-001   0.31740E-001   0.00000E+000   0.47895E-001   0.83185E-001   0.70852E-001   0.87361E-002
   0.12500E+002   0.50000E+000   0.22499E-001   0.29138E-001   0.32640E-001   0.00000E+000   0.50224E-001   0.87231E-001   0.72859E-001   0.89343E-002
   0.12517E+002   0.51667E+000   0.23559E-001   0.30510E-001   0.33527E-001   0.00000E+000   0.52588E-001   0.91338E-001   0.74839E-001   0.91276E-002
   0.12533E+002   0.53333E+000   0.24633E-001   0.31902E-001   0.34401E-001   0.00000E+000   0.54988E-001   0.95505E-001   0.76792E-001   0.93163E-002
   0.12550E+002   0.55000E+000   0.25724E-001   0.33314E-001   0.35264E-001   0.00000E+000   0.57421E-001   0.99732E-001   0.78717E-001   0.95003E-002
   0.12567E+002   0.56667E+000   0.26829E-001   0.34745E-001   0.36114E-001   0.00000E+000   0.59888E-001   0.10402E+000   0.80616E-001   0.96799E-002
   0.12583E+002   0.58333E+000   0.27948E-001   0.36195E-001   0.36953E-001   0.00000E+000   0.62387E-001   0.10836E+000   0.82487E-001   0.98552E-002
   0.12600E+002   0.60000E+000   0.29082E-001   0.37664E-001   0.37779E-001   0.00000E+000   0.64918E-001   0.11275E+000   0.84331E-001   0.10026E-001
   0.12617E+002   0.61667E+000   0.30230E-001   0.39150E-001   0.38593E-001   0.00000E+000   0.67480E-001   0.11720E+000   0.86149E-001   0.10193E-001
   0.12633E+002   0.63333E+000   0.31390E-001   0.40653E-001   0.39396E-001   0.00000E+000   0.70071E-001   0.12170E+000   0.87941E-001   0.10356E-001
   0.12650E+002   0.65000E+000   0.32564E-001   0.42173E-001   0.40186E-001   0.00000E+000   0.72691E-001   0.12625E+000   0.89706E-001   0.10515E-001
   0.12667E+002   0.66667E+000   0.33751E-001   0.43710E-001   0.40966E-001   0.00000E+000   0.75340E-001   0.13085E+000   0.91445E-001   0.10671E-001
   0.12683E+002   0.68333E+000   0.34949E-001   0.45262E-001   0.41733E-001   0.00000E+000   0.78015E-001   0.13550E+000   0.93158E-001   0.10822E-001
   0.12700E+002   0.70000E+000   0.36159E-001   0.46829E-001   0.42489E-001   0.00000E+000   0.80716E-001   0.14019E+000   0.94845E-001   0.10970E-001
   0.12717E+002   0.71667E+000   0.37381E-001   0.48411E-001   0.43233E-001   0.00000E+000   0.83443E-001   0.14493E+000   0.96507E-001   0.11115E-001
   0.12733E+002   0.73333E+000   0.38613E-001   0.50007E-001   0.43966E-001   0.00000E+000   0.86193E-001   0.14970E+000   0.98144E-001   0.11256E-001
   0.12750E+002   0.75000E+000   0.39855E-001   0.51616E-001   0.44688E-001   0.00000E+000   0.88967E-001   0.15452E+000   0.99755E-001   0.11393E-001
   0.12767E+002   0.76667E+000   0.41108E-001   0.53238E-001   0.45399E-001   0.00000E+000   0.91762E-001   0.15938E+000   0.10134E+000   0.11528E-001
   0.12783E+002   0.78333E+000   0.42369E-001   0.54871E-001   0.46098E-001   0.00000E+000   0.94578E-001   0.16427E+000   0.10290E+000   0.11659E-001
   0.12800E+002   0.80000E+000   0.43640E-001   0.56517E-001   0.46786E-001   0.00000E+000   0.97414E-001   0.16919E+000   0.10444E+000   0.11787E-001
   0.12817E+002   0.81667E+000   0.44918E-001   0.58173E-001   0.47464E-001   0.00000E+000   0.10027E+000   0.17415E+000   0.10595E+000   0.11913E-001
   0.12833E+002   0.83333E+000   0.46205E-001   0.59839E-001   0.48130E-001   0.00000E+000   0.10314E+000   0.17914E+000   0.10744E+000   0.12035E-001
   0.12850E+002   0.85000E+000   0.47499E-001   0.61515E-001   0.48786E-001   0.00000E+000   0.10603E+000   0.18416E+000   0.10890E+000   0.12154E-001
   0.12867E+002   0.86667E+000   0.48800E-001   0.63200E-001   0.49431E-001   0.00000E+000   0.10893E+000   0.18920E+000   0.11034E+000   0.12271E-001
   0.12883E+002   0.88333E+000   0.50107E-001   0.64893E-001   0.50065E-001   0.00000E+000   0.11185E+000   0.19427E+000   0.11176E+000   0.12385E-001
   0.12900E+002   0.90000E+000   0.51420E-001   0.66593E-001   0.50689E-001   0.00000E+000   0.11478E+000   0.19936E+000   0.11315E+000   0.12496E-001
   0.12917E+002   0.91667E+000   0.52738E-001   0.68300E-001   0.51302E-001   0.00000E+000   0.11772E+000   0.20447E+000   0.11452E+000   0.12604E-001
   0.12933E+002   0.93333E+000   0.54061E-001   0.70013E-001   0.51904E-001   0.00000E+000   0.12068E+000   0.20960E+000   0.11586E+000   0.12710E-001
   0.12950E+002   0.95000E+000   0.55388E-001   0.71732E-001   0.52497E-001   0.00000E+000   0.12364E+000   0.21474E+000   0.11719E+000   0.12814E-001
   0.12967E+002   0.96667E+000   0.56718E-001   0.73455E-001   0.53079E-001   0.00000E+000   0.12661E+000   0.21990E+000   0.11848E+000   0.12915E-001
   0.12983E+002   0.98333E+000   0.58052E-001   0.75182E-001   0.53651E-001   0.00000E+000   0.12959E+000   0.22507E+000   0.11976E+000   0.13014E-001
   0.13000E+002   0.10000E+001   0.59388E-001   0.76913E-001   0.54213E-001   0.00000E+000   0.13257E+000   0.23025E+000   0.12102E+000   0.13110E-001
   0.13017E+002   0.10167E+001   0.60726E-001   0.78645E-001   0.54764E-001   0.00000E+000   0.13556E+000   0.23544E+000   0.12225E+000   0.13204E-001
   0.13033E+002   0.10333E+001   0.62066E-001   0.80380E-001   0.55306E-001   0.00000E+000   0.13855E+000   0.24063E+000   0.12346E+000   0.13296E-001
   0.13050E+002   0.10500E+001   0.63406E-001   0.82116E-001   0.55838E-001   0.00000E+000   0.14154E+000   0.24583E+000   0.12464E+000   0.13386E-001
   0.13067E+002   0.10667E+001   0.64746E-001   0.83852E-001   0.56361E-001   0.00000E+000   0.14453E+000   0.25102E+000   0.12581E+000   0.13474E-001
   0.13083E+002   0.10833E+001   0.66087E-001   0.85588E-001   0.56873E-001   0.00000E+000   0.14752E+000   0.25622E+000   0.12695E+000   0.13559E-001
   0.13100E+002   0.11000E+001   0.67426E-001   0.87322E-001   0.57376E-001   0.00000E+000   0.15051E+000   0.26141E+000   0.12808E+000   0.13643E-001
   0.13117E+002   0.11167E+001   0.68764E-001   0.89055E-001   0.57870E-001   0.00000E+000   0.15350E+000   0.26660E+000   0.12918E+000   0.13724E-001
   0.13133E+002   0.11333E+001   0.70099E-001   0.90784E-001   0.58354E-001   0.00000E+000   0.15648E+000   0.27178E+000   0.13026E+000   0.13804E-001
   0.13150E+002   0.11500E+001   0.71433E-001   0.92511E-001   0.58829E-001   0.00000E+000   0.15945E+000   0.27695E+000   0.13132E+000   0.13882E-001
   0.13167E+002   0.11667E+001   0.72763E-001   0.94234E-001   0.59294E-001   0.00000E+000   0.16242E+000   0.28210E+000   0.13236E+000   0.13958E-001
   0.13183E+002   0.11833E+001   0.74089E-001   0.95951E-001   0.59750E-001   0.00000E+000   0.16538E+000   0.28725E+000   0.13338E+000   0.14032E-001
   0.13200E+002   0.12000E+001   0.75411E-001   0.97663E-001   0.60197E-001   0.00000E+000   0.16834E+000   0.29237E+000   0.13437E+000   0.14104E-001
   0.13217E+002   0.12167E+001   0.76728E-001   0.99369E-001   0.60635E-001   0.00000E+000   0.17128E+000   0.29748E+000   0.13535E+000   0.14174E-001
   0.13233E+002   0.12333E+001   0.78040E-001   0.10107E+000   0.61065E-001   0.00000E+000   0.17420E+000   0.30256E+000   0.13631E+000   0.14243E-001
   0.13250E+002   0.12500E+001   0.79345E-001   0.10276E+000   0.61485E-001   0.00000E+000   0.17712E+000   0.30763E+000   0.13725E+000   0.14310E-001
   0.13267E+002   0.12667E+001   0.80645E-001   0.10444E+000   0.61896E-001   0.00000E+000   0.18002E+000   0.31266E+000   0.13817E+000   0.14376E-001
   0.13283E+002   0.12833E+001   0.81937E-001   0.10611E+000   0.62299E-001   0.00000E+000   0.18290E+000   0.31767E+000   0.13907E+000   0.14440E-001
   0.13300E+002   0.13000E+001   0.83221E-001   0.10778E+000   0.62693E-001   0.00000E+000   0.18577E+000   0.32265E+000   0.13995E+000   0.14502E-001
   0.13317E+002   0.13167E+001   0.84498E-001   0.10943E+000   0.63079E-001   0.00000E+000   0.18862E+000   0.32760E+000   0.14081E+000   0.14563E-001
   0.13333E+002   0.13333E+001   0.85765E-001   0.11107E+000   0.63456E-001   0.00000E+000   0.19145E+000   0.33252E+000   0.14165E+000   0.14622E-001
   0.13350E+002   0.13500E+001   0.87024E-001   0.11270E+000   0.63825E-001   0.00000E+000   0.19426E+000   0.33740E+000   0.14247E+000   0.14680E-001
   0.13367E+002   0.13667E+001   0.88273E-001   0.11432E+000   0.64185E-001   0.00000E+000   0.19705E+000   0.34224E+000   0.14328E+000   0.14736E-001
   0.13383E+002   0.13833E+001   0.89511E-001   0.11592E+000   0.64538E-001   0.00000E+000   0.19981E+000   0.34704E+000   0.14406E+000   0.14791E-001
   0.13400E+002   0.14000E+001   0.90739E-001   0.11751E+000   0.64882E-001   0.00000E+000   0.20255E+000   0.35180E+000   0.14483E+000   0.14845E-001
   0.13417E+002   0.14167E+001   0.91955E-001   0.11909E+000   0.65218E-001   0.00000E+000   0.20527E+000   0.35652E+000   0.14558E+000   0.14897E-001
   0.13433E+002   0.14333E+001   0.93160E-001   0.12065E+000   0.65546E-001   0.00000E+000   0.20796E+000   0.36119E+000   0.14631E+000   0.14947E-001
   0.13450E+002   0.14500E+001   0.94353E-001   0.12219E+000   0.65866E-001   0.00000E+000   0.21062E+000   0.36581E+000   0.14703E+000   0.14997E-001
   0.13467E+002   0.14667E+001   0.95533E-001   0.12372E+000   0.66178E-001   0.00000E+000   0.21325E+000   0.37039E+000   0.14773E+000   0.15045E-001
   0.13483E+002   0.14833E+001   0.96700E-001   0.12523E+000   0.66482E-001   0.00000E+000   0.21586E+000   0.37491E+000   0.14840E+000   0.15092E-001
   0.13500E+002   0.15000E+001   0.97853E-001   0.12673E+000   0.66779E-001   0.00000E+000   0.21843E+000   0.37938E+000   0.14907E+000   0.15137E-001
   0.13517E+002   0.15167E+001   0.98992E-001   0.12820E+000   0.67068E-001   0.00000E+000   0.22098E+000   0.38380E+000   0.14971E+000   0.15181E-001
   0.13533E+002   0.15333E+001   0.10012E+000   0.12966E+000   0.67350E-001   0.00000E+000   0.22349E+000   0.38816E+000   0.15034E+000   0.15224E-001
   0.13550E+002   0.15500E+001   0.10123E+000   0.13110E+000   0.67624E-001   0.00000E+000   0.22596E+000   0.39246E+000   0.15095E+000   0.15266E-001
   0.13567E+002   0.15667E+001   0.10232E+000   0.13252E+000   0.67891E-001   0.00000E+000   0.22841E+000   0.39671E+000   0.15155E+000   0.15307E-001
   0.13583E+002   0.15833E+001   0.10340E+000   0.13391E+000   0.68150E-001   0.00000E+000   0.23082E+000   0.40089E+000   0.15213E+000   0.15346E-001
   0.13600E+002   0.16000E+001   0.10446E+000   0.13529E+000   0.68402E-001   0.00000E+000   0.23319E+000   0.40501E+000   0.15269E+000   0.15384E-001
   0.13617E+002   0.16167E+001   0.10551E+000   0.13665E+000   0.68647E-001   0.00000E+000   0.23553E+000   0.40907E+000   0.15324E+000   0.15421E-001
   0.13633E+002   0.16333E+001   0.10654E+000   0.13798E+000   0.68885E-001   0.00000E+000   0.23783E+000   0.41307E+000   0.15377E+000   0.15457E-001
   0.13650E+002   0.16500E+001   0.10755E+000   0.13929E+000   0.69115E-001   0.00000E+000   0.24009E+000   0.41699E+000   0.15428E+000   0.15492E-001
   0.13667E+002   0.16667E+001   0.10855E+000   0.14058E+000   0.69339E-001   0.00000E+000   0.24231E+000   0.42085E+000   0.15478E+000   0.15526E-001
   0.13683E+002   0.16833E+001   0.10953E+000   0.14185E+000   0.69556E-001   0.00000E+000   0.24449E+000   0.42464E+000   0.15527E+000   0.15558E-001
   0.13700E+002   0.17000E+001   0.11049E+000   0.14309E+000   0.69766E-001   0.00000E+000   0.24663E+000   0.42836E+000   0.15573E+000   0.15590E-001
   0.13717E+002   0.17167E+001   0.11143E+000   0.14431E+000   0.69969E-001   0.00000E+000   0.24873E+000   0.43201E+000   0.15619E+000   0.15620E-001
   0.13733E+002   0.17333E+001   0.11235E+000   0.14550E+000   0.70165E-001   0.00000E+000   0.25079E+000   0.43559E+000   0.15662E+000   0.15649E-001
   0.13750E+002   0.17500E+001   0.11325E+000   0.14667E+000   0.70354E-001   0.00000E+000   0.25281E+000   0.43909E+000   0.15705E+000   0.15678E-001
   0.13767E+002   0.17667E+001   0.11414E+000   0.14782E+000   0.70537E-001   0.00000E+000   0.25479E+000   0.44252E+000   0.15746E+000   0.15705E-001
   0.13783E+002   0.17833E+001   0.11500E+000   0.14894E+000   0.70714E-001   0.00000E+000   0.25672E+000   0.44588E+000   0.15785E+000   0.15731E-001
   0.13800E+002   0.18000E+001   0.11585E+000   0.15004E+000   0.70883E-001   0.00000E+000   0.25861E+000   0.44916E+000   0.15823E+000   0.15756E-001
   0.13817E+002   0.18167E+001   0.11668E+000   0.15111E+000   0.71047E-001   0.00000E+000   0.26045E+000   0.45236E+000   0.15859E+000   0.15781E-001
   0.13833E+002   0.18333E+001   0.11748E+000   0.15215E+000   0.71204E-001   0.00000E+000   0.26225E+000   0.45548E+000   0.15894E+000   0.15804E-001
   0.13850E+002   0.18500E+001   0.11827E+000   0.15317E+000   0.71354E-001   0.00000E+000   0.26400E+000   0.45853E+000   0.15928E+000   0.15826E-001
   0.13867E+002   0.18667E+001   0.11903E+000   0.15416E+000   0.71498E-001   0.00000E+000   0.26571E+000   0.46149E+000   0.15960E+000   0.15847E-001
   0.13883E+002   0.18833E+001   0.11978E+000   0.15512E+000   0.71636E-001   0.00000E+000   0.26737E+000   0.46438E+000   0.15991E+000   0.15867E-001
   0.13900E+002   0.19000E+001   0.12050E+000   0.15606E+000   0.71768E-001   0.00000E+000   0.26899E+000   0.46719E+000   0.16020E+000   0.15886E-001
   0.13917E+002   0.19167E+001   0.12120E+000   0.15697E+000   0.71893E-001   0.00000E+000   0.27055E+000   0.46991E+000   0.16048E+000   0.15905E-001
   0.13933E+002   0.19333E+001   0.12188E+000   0.15785E+000   0.72012E-001   0.00000E+000   0.27208E+000   0.47255E+000   0.16075E+000   0.15922E-001
   0.13950E+002   0.19500E+001   0.12254E+000   0.15871E+000   0.72126E-001   0.00000E+000   0.27355E+000   0.47511E+000   0.16100E+000   0.15938E-001
   0.13967E+002   0.19667E+001   0.12318E+000   0.15953E+000   0.72233E-001   0.00000E+000   0.27498E+000   0.47759E+000   0.16124E+000   0.15953E-001
   0.13983E+002   0.19833E+001   0.12380E+000   0.16033E+000   0.72334E-001   0.00000E+000   0.27635E+000   0.47998E+000   0.16147E+000   0.15968E-001
   0.14000E+002   0.20000E+001   0.12440E+000   0.16111E+000   0.72429E-001   0.00000E+000   0.27769E+000   0.48230E+000   0.16168E+000   0.15981E-001
   0.14017E+002   0.20167E+001   0.12497E+000   0.16185E+000   0.72518E-001   0.00000E+000   0.27897E+000   0.48453E+000   0.16188E+000   0.15993E-001
   0.14033E+002   0.20333E+001   0.12553E+000   0.16257E+000   0.72602E-001   0.00000E+000   0.28021E+000   0.48667E+000   0.16207E+000   0.16005E-001
   0.14050E+002   0.20500E+001   0.12606E+000   0.16326E+000   0.72680E-001   0.00000E+000   0.28139E+000   0.48874E+000   0.16224E+000   0.16015E-001
   0.14067E+002   0.20667E+001   0.12657E+000   0.16392E+000   0.72752E-001   0.00000E+000   0.28253E+000   0.49071E+000   0.16240E+000   0.16025E-001
   0.14083E+002   0.20833E+001   0.12706E+000   0.16455E+000   0.72817E-001   0.00000E+000   0.28362E+000   0.49260E+000   0.16255E+000   0.16033E-001
   0.14100E+002   0.21000E+001   0.12752E+000   0.16515E+000   0.72876E-001   0.00000E+000   0.28465E+000   0.49440E+000   0.16268E+000   0.16040E-001
   0.14117E+002   0.21167E+001   0.12796E+000   0.16572E+000   0.72927E-001   0.00000E+000   0.28563E+000   0.49610E+000   0.16279E+000   0.16046E-001
   0.14133E+002   0.21333E+001   0.12837E+000   0.16625E+000   0.72971E-001   0.00000E+000   0.28656E+000   0.49771E+000   0.16289E+000   0.16051E-001
   0.14150E+002   0.21500E+001   0.12876E+000   0.16676E+000   0.73007E-001   0.00000E+000   0.28743E+000   0.49921E+000   0.16297E+000   0.16054E-001
   0.14167E+002   0.21667E+001   0.12912E+000   0.16723E+000   0.73036E-001   0.00000E+000   0.28824E+000   0.50062E+000   0.16303E+000   0.16056E-001
   0.14183E+002   0.21833E+001   0.12946E+000   0.16766E+000   0.73057E-001   0.00000E+000   0.28899E+000   0.50193E+000   0.16308E+000   0.16056E-001
   0.14200E+002   0.22000E+001   0.12977E+000   0.16807E+000   0.73069E-001   0.00000E+000   0.28968E+000   0.50314E+000   0.16311E+000   0.16054E-001
   0.14217E+002   0.22167E+001   0.13006E+000   0.16843E+000   0.73073E-001   0.00000E+000   0.29032E+000   0.50424E+000   0.16312E+000   0.16051E-001
   0.14233E+002   0.22333E+001   0.13031E+000   0.16877E+000   0.73069E-001   0.00000E+000   0.29089E+000   0.50523E+000   0.16311E+000   0.16047E-001
   0.14250E+002   0.22500E+001   0.13054E+000   0.16906E+000   0.73056E-001   0.00000E+000   0.29140E+000   0.50612E+000   0.16308E+000   0.16040E-001
   0.14267E+002   0.22667E+001   0.13074E+000   0.16932E+000   0.73034E-001   0.00000E+000   0.29185E+000   0.50689E+000   0.16303E+000   0.16032E-001
   0.14283E+002   0.22833E+001   0.13091E+000   0.16954E+000   0.73003E-001   0.00000E+000   0.29223E+000   0.50756E+000   0.16296E+000   0.16022E-001
   0.14300E+002   0.23000E+001   0.13106E+000   0.16973E+000   0.72963E-001   0.00000E+000   0.29255E+000   0.50812E+000   0.16287E+000   0.16011E-001
   0.14317E+002   0.23167E+001   0.13117E+000   0.16988E+000   0.72913E-001   0.00000E+000   0.29281E+000   0.50856E+000   0.16276E+000   0.15997E-001
   0.14333E+002   0.23333E+001   0.13126E+000   0.16999E+000   0.72854E-001   0.00000E+000   0.29300E+000   0.50889E+000   0.16263E+000   0.15982E-001
   0.14350E+002   0.23500E+001   0.13131E+000   0.17006E+000   0.72785E-001   0.00000E+000   0.29312E+000   0.50911E+000   0.16247E+000   0.15965E-001
   0.14367E+002   0.23667E+001   0.13134E+000   0.17009E+000   0.72707E-001   0.00000E+000   0.29318E+000   0.50921E+000   0.16230E+000   0.15945E-001
   0.14383E+002   0.23833E+001   0.13133E+000   0.17009E+000   0.72618E-001   0.00000E+000   0.29317E+000   0.50919E+000   0.16210E+000   0.15924E-001
   0.14400E+002   0.24000E+001   0.13130E+000   0.17005E+000   0.72520E-001   0.00000E+000   0.29310E+000   0.50906E+000   0.16188E+000   0.15901E-001
   0.14417E+002   0.24167E+001   0.13124E+000   0.16996E+000   0.72412E-001   0.00000E+000   0.29295E+000   0.50881E+000   0.16164E+000   0.15876E-001
   0.14433E+002   0.24333E+001   0.13114E+000   0.16984E+000   0.72293E-001   0.00000E+000   0.29274E+000   0.50845E+000   0.16138E+000   0.15849E-001
   0.14450E+002   0.24500E+001   0.13102E+000   0.16968E+000   0.72164E-001   0.00000E+000   0.29247E+000   0.50797E+000   0.16109E+000   0.15820E-001
   0.14467E+002   0.24667E+001   0.13087E+000   0.16948E+000   0.72026E-001   0.00000E+000   0.29212E+000   0.50737E+000   0.16078E+000   0.15789E-001
   0.14483E+002   0.24833E+001   0.13068E+000   0.16924E+000   0.71877E-001   0.00000E+000   0.29171E+000   0.50666E+000   0.16045E+000   0.15756E-001
   0.14500E+002   0.25000E+001   0.13047E+000   0.16897E+000   0.71718E-001   0.00000E+000   0.29124E+000   0.50583E+000   0.16009E+000   0.15721E-001
   0.14517E+002   0.25167E+001   0.13023E+000   0.16865E+000   0.71548E-001   0.00000E+000   0.29070E+000   0.50489E+000   0.15971E+000   0.15683E-001
   0.14533E+002   0.25333E+001   0.12995E+000   0.16830E+000   0.71369E-001   0.00000E+000   0.29009E+000   0.50384E+000   0.15931E+000   0.15644E-001
   0.14550E+002   0.25500E+001   0.12965E+000   0.16791E+000   0.71180E-001   0.00000E+000   0.28942E+000   0.50268E+000   0.15889E+000   0.15603E-001
   0.14567E+002   0.25667E+001   0.12933E+000   0.16749E+000   0.70981E-001   0.00000E+000   0.28869E+000   0.50140E+000   0.15845E+000   0.15560E-001
   0.14583E+002   0.25833E+001   0.12897E+000   0.16703E+000   0.70773E-001   0.00000E+000   0.28789E+000   0.50002E+000   0.15798E+000   0.15515E-001
   0.14600E+002   0.26000E+001   0.12859E+000   0.16653E+000   0.70555E-001   0.00000E+000   0.28704E+000   0.49854E+000   0.15750E+000   0.15468E-001
   0.14617E+002   0.26167E+001   0.12818E+000   0.16600E+000   0.70329E-001   0.00000E+000   0.28613E+000   0.49696E+000   0.15699E+000   0.15420E-001
   0.14633E+002   0.26333E+001   0.12775E+000   0.16544E+000   0.70093E-001   0.00000E+000   0.28516E+000   0.49527E+000   0.15647E+000   0.15370E-001
   0.14650E+002   0.26500E+001   0.12729E+000   0.16485E+000   0.69850E-001   0.00000E+000   0.28414E+000   0.49350E+000   0.15592E+000   0.15318E-001
   0.14667E+002   0.26667E+001   0.12681E+000   0.16422E+000   0.69598E-001   0.00000E+000   0.28306E+000   0.49163E+000   0.15536E+000   0.15264E-001
   0.14683E+002   0.26833E+001   0.12630E+000   0.16357E+000   0.69339E-001   0.00000E+000   0.28194E+000   0.48968E+000   0.15478E+000   0.15209E-001
   0.14700E+002   0.27000E+001   0.12578E+000   0.16289E+000   0.69073E-001   0.00000E+000   0.28077E+000   0.48765E+000   0.15419E+000   0.15153E-001
   0.14717E+002   0.27167E+001   0.12523E+000   0.16219E+000   0.68801E-001   0.00000E+000   0.27955E+000   0.48554E+000   0.15358E+000   0.15095E-001
   0.14733E+002   0.27333E+001   0.12467E+000   0.16146E+000   0.68523E-001   0.00000E+000   0.27830E+000   0.48336E+000   0.15296E+000   0.15037E-001
   0.14750E+002   0.27500E+001   0.12410E+000   0.16071E+000   0.68239E-001   0.00000E+000   0.27701E+000   0.48112E+000   0.15233E+000   0.14977E-001
   0.14767E+002   0.27667E+001   0.12350E+000   0.15994E+000   0.67951E-001   0.00000E+000   0.27569E+000   0.47882E+000   0.15168E+000   0.14917E-001
   0.14783E+002   0.27833E+001   0.12289E+000   0.15916E+000   0.67659E-001   0.00000E+000   0.27433E+000   0.47647E+000   0.15103E+000   0.14855E-001
   0.14800E+002   0.28000E+001   0.12228E+000   0.15836E+000   0.67364E-001   0.00000E+000   0.27295E+000   0.47407E+000   0.15037E+000   0.14793E-001
   0.14817E+002   0.28167E+001   0.12165E+000   0.15754E+000   0.67065E-001   0.00000E+000   0.27154E+000   0.47163E+000   0.14971E+000   0.14731E-001
   0.14833E+002   0.28333E+001   0.12101E+000   0.15671E+000   0.66765E-001   0.00000E+000   0.27012E+000   0.46915E+000   0.14904E+000   0.14668E-001
   0.14850E+002   0.28500E+001   0.12036E+000   0.15588E+000   0.66463E-001   0.00000E+000   0.26867E+000   0.46664E+000   0.14836E+000   0.14605E-001
   0.14867E+002   0.28667E+001   0.11971E+000   0.15503E+000   0.66161E-001   0.00000E+000   0.26722E+000   0.46412E+000   0.14769E+000   0.14543E-001
   0.14883E+002   0.28833E+001   0.11905E+000   0.15418E+000   0.65858E-001   0.00000E+000   0.26575E+000   0.46157E+000   0.14701E+000   0.14480E-001
   0.14900E+002   0.29000E+001   0.11839E+000   0.15333E+000   0.65556E-001   0.00000E+000   0.26428E+000   0.45901E+000   0.14634E+000   0.14417E-001
   0.14917E+002   0.29167E+001   0.11773E+000   0.15247E+000   0.65255E-001   0.00000E+000   0.26280E+000   0.45645E+000   0.14567E+000   0.14354E-001
   0.14933E+002   0.29333E+001   0.11707E+000   0.15162E+000   0.64956E-001   0.00000E+000   0.26133E+000   0.45389E+000   0.14500E+000   0.14292E-001
   0.14950E+002   0.29500E+001   0.11641E+000   0.15076E+000   0.64658E-001   0.00000E+000   0.25985E+000   0.45132E+000   0.14433E+000   0.14231E-001
   0.14967E+002   0.29667E+001   0.11575E+000   0.14991E+000   0.64364E-001   0.00000E+000   0.25838E+000   0.44877E+000   0.14367E+000   0.14170E-001
   0.14983E+002   0.29833E+001   0.11510E+000   0.14906E+000   0.64072E-001   0.00000E+000   0.25692E+000   0.44623E+000   0.14302E+000   0.14109E-001
   0.15000E+002   0.30000E+001   0.11444E+000   0.14821E+000   0.63783E-001   0.00000E+000   0.25547E+000   0.44370E+000   0.14238E+000   0.14050E-001
   0.15017E+002   0.30167E+001   0.11380E+000   0.14738E+000   0.63498E-001   0.00000E+000   0.25402E+000   0.44120E+000   0.14174E+000   0.13991E-001
   0.15033E+002   0.30333E+001   0.11316E+000   0.14655E+000   0.63217E-001   0.00000E+000   0.25259E+000   0.43871E+000   0.14112E+000   0.13933E-001
   0.15050E+002   0.30500E+001   0.11252E+000   0.14572E+000   0.62941E-001   0.00000E+000   0.25117E+000   0.43625E+000   0.14050E+000   0.13876E-001
   0.15067E+002   0.30667E+001   0.11189E+000   0.14491E+000   0.62668E-001   0.00000E+000   0.24977E+000   0.43382E+000   0.13989E+000   0.13820E-001
   0.15083E+002   0.30833E+001   0.11127E+000   0.14411E+000   0.62401E-001   0.00000E+000   0.24839E+000   0.43141E+000   0.13929E+000   0.13765E-001
   0.15100E+002   0.31000E+001   0.11066E+000   0.14332E+000   0.62138E-001   0.00000E+000   0.24702E+000   0.42904E+000   0.13871E+000   0.13711E-001
   0.15117E+002   0.31167E+001   0.11006E+000   0.14253E+000   0.61881E-001   0.00000E+000   0.24568E+000   0.42670E+000   0.13813E+000   0.13658E-001
   0.15133E+002   0.31333E+001   0.10946E+000   0.14176E+000   0.61628E-001   0.00000E+000   0.24435E+000   0.42439E+000   0.13757E+000   0.13607E-001
   0.15150E+002   0.31500E+001   0.10888E+000   0.14101E+000   0.61380E-001   0.00000E+000   0.24304E+000   0.42212E+000   0.13702E+000   0.13556E-001
   0.15167E+002   0.31667E+001   0.10830E+000   0.14026E+000   0.61138E-001   0.00000E+000   0.24175E+000   0.41989E+000   0.13647E+000   0.13506E-001
   0.15183E+002   0.31833E+001   0.10773E+000   0.13952E+000   0.60901E-001   0.00000E+000   0.24049E+000   0.41769E+000   0.13595E+000   0.13458E-001
   0.15200E+002   0.32000E+001   0.10718E+000   0.13880E+000   0.60669E-001   0.00000E+000   0.23924E+000   0.41553E+000   0.13543E+000   0.13410E-001
   0.15217E+002   0.32167E+001   0.10663E+000   0.13809E+000   0.60442E-001   0.00000E+000   0.23802E+000   0.41340E+000   0.13492E+000   0.13364E-001
   0.15233E+002   0.32333E+001   0.10609E+000   0.13739E+000   0.60220E-001   0.00000E+000   0.23682E+000   0.41131E+000   0.13443E+000   0.13318E-001
   0.15250E+002   0.32500E+001   0.10556E+000   0.13671E+000   0.60004E-001   0.00000E+000   0.23564E+000   0.40926E+000   0.13394E+000   0.13274E-001
   0.15267E+002   0.32667E+001   0.10504E+000   0.13604E+000   0.59793E-001   0.00000E+000   0.23448E+000   0.40725E+000   0.13347E+000   0.13230E-001
   0.15283E+002   0.32833E+001   0.10453E+000   0.13538E+000   0.59586E-001   0.00000E+000   0.23334E+000   0.40528E+000   0.13301E+000   0.13188E-001
   0.15300E+002   0.33000E+001   0.10403E+000   0.13473E+000   0.59385E-001   0.00000E+000   0.23223E+000   0.40334E+000   0.13256E+000   0.13147E-001
   0.15317E+002   0.33167E+001   0.10354E+000   0.13410E+000   0.59188E-001   0.00000E+000   0.23113E+000   0.40144E+000   0.13212E+000   0.13106E-001
   0.15333E+002   0.33333E+001   0.10306E+000   0.13347E+000   0.58996E-001   0.00000E+000   0.23006E+000   0.39957E+000   0.13169E+000   0.13067E-001
   0.15350E+002   0.33500E+001   0.10259E+000   0.13286E+000   0.58809E-001   0.00000E+000   0.22900E+000   0.39775E+000   0.13128E+000   0.13028E-001
   0.15367E+002   0.33667E+001   0.10213E+000   0.13226E+000   0.58626E-001   0.00000E+000   0.22797E+000   0.39595E+000   0.13087E+000   0.12991E-001
   0.15383E+002   0.33833E+001   0.10167E+000   0.13168E+000   0.58448E-001   0.00000E+000   0.22696E+000   0.39419E+000   0.13047E+000   0.12954E-001
   0.15400E+002   0.34000E+001   0.10123E+000   0.13110E+000   0.58274E-001   0.00000E+000   0.22597E+000   0.39247E+000   0.13008E+000   0.12918E-001
   0.15417E+002   0.34167E+001   0.10079E+000   0.13053E+000   0.58105E-001   0.00000E+000   0.22499E+000   0.39078E+000   0.12970E+000   0.12883E-001
   0.15433E+002   0.34333E+001   0.10037E+000   0.12998E+000   0.57939E-001   0.00000E+000   0.22404E+000   0.38912E+000   0.12933E+000   0.12849E-001
   0.15450E+002   0.34500E+001   0.99946E-001   0.12944E+000   0.57778E-001   0.00000E+000   0.22310E+000   0.38750E+000   0.12897E+000   0.12816E-001
   0.15467E+002   0.34667E+001   0.99536E-001   0.12891E+000   0.57621E-001   0.00000E+000   0.22219E+000   0.38590E+000   0.12862E+000   0.12783E-001
   0.15483E+002   0.34833E+001   0.99133E-001   0.12839E+000   0.57468E-001   0.00000E+000   0.22129E+000   0.38434E+000   0.12828E+000   0.12751E-001
   0.15500E+002   0.35000E+001   0.98738E-001   0.12787E+000   0.57318E-001   0.00000E+000   0.22041E+000   0.38281E+000   0.12795E+000   0.12720E-001
   0.15517E+002   0.35167E+001   0.98351E-001   0.12737E+000   0.57173E-001   0.00000E+000   0.21954E+000   0.38131E+000   0.12762E+000   0.12689E-001
   0.15533E+002   0.35333E+001   0.97972E-001   0.12688E+000   0.57031E-001   0.00000E+000   0.21870E+000   0.37984E+000   0.12731E+000   0.12660E-001
   0.15550E+002   0.35500E+001   0.97600E-001   0.12640E+000   0.56892E-001   0.00000E+000   0.21787E+000   0.37840E+000   0.12700E+000   0.12631E-001
   0.15567E+002   0.35667E+001   0.97235E-001   0.12593E+000   0.56757E-001   0.00000E+000   0.21705E+000   0.37699E+000   0.12669E+000   0.12602E-001
   0.15583E+002   0.35833E+001   0.96878E-001   0.12546E+000   0.56625E-001   0.00000E+000   0.21625E+000   0.37560E+000   0.12640E+000   0.12574E-001
   0.15600E+002   0.36000E+001   0.96527E-001   0.12501E+000   0.56497E-001   0.00000E+000   0.21547E+000   0.37424E+000   0.12611E+000   0.12547E-001
   0.15617E+002   0.36167E+001   0.96184E-001   0.12457E+000   0.56371E-001   0.00000E+000   0.21471E+000   0.37291E+000   0.12583E+000   0.12520E-001
   0.15633E+002   0.36333E+001   0.95847E-001   0.12413E+000   0.56249E-001   0.00000E+000   0.21395E+000   0.37160E+000   0.12556E+000   0.12494E-001
   0.15650E+002   0.36500E+001   0.95516E-001   0.12370E+000   0.56130E-001   0.00000E+000   0.21322E+000   0.37032E+000   0.12530E+000   0.12469E-001
   0.15667E+002   0.36667E+001   0.95192E-001   0.12328E+000   0.56014E-001   0.00000E+000   0.21249E+000   0.36906E+000   0.12504E+000   0.12443E-001
   0.15683E+002   0.36833E+001   0.94874E-001   0.12287E+000   0.55900E-001   0.00000E+000   0.21178E+000   0.36783E+000   0.12478E+000   0.12419E-001
   0.15700E+002   0.37000E+001   0.94563E-001   0.12247E+000   0.55790E-001   0.00000E+000   0.21109E+000   0.36662E+000   0.12454E+000   0.12395E-001
   0.15717E+002   0.37167E+001   0.94257E-001   0.12207E+000   0.55682E-001   0.00000E+000   0.21040E+000   0.36544E+000   0.12430E+000   0.12371E-001
   0.15733E+002   0.37333E+001   0.93957E-001   0.12168E+000   0.55577E-001   0.00000E+000   0.20973E+000   0.36428E+000   0.12406E+000   0.12348E-001
   0.15750E+002   0.37500E+001   0.93663E-001   0.12130E+000   0.55475E-001   0.00000E+000   0.20908E+000   0.36313E+000   0.12383E+000   0.12326E-001
   0.15767E+002   0.37667E+001   0.93374E-001   0.12093E+000   0.55375E-001   0.00000E+000   0.20843E+000   0.36202E+000   0.12361E+000   0.12304E-001
   0.15783E+002   0.37833E+001   0.93091E-001   0.12056E+000   0.55278E-001   0.00000E+000   0.20780E+000   0.36092E+000   0.12339E+000   0.12282E-001
   0.15800E+002   0.38000E+001   0.92813E-001   0.12020E+000   0.55183E-001   0.00000E+000   0.20718E+000   0.35984E+000   0.12318E+000   0.12261E-001
   0.15817E+002   0.38167E+001   0.92541E-001   0.11985E+000   0.55090E-001   0.00000E+000   0.20657E+000   0.35878E+000   0.12297E+000   0.12240E-001
   0.15833E+002   0.38333E+001   0.92273E-001   0.11950E+000   0.55000E-001   0.00000E+000   0.20598E+000   0.35775E+000   0.12277E+000   0.12219E-001
   0.15850E+002   0.38500E+001   0.92011E-001   0.11916E+000   0.54912E-001   0.00000E+000   0.20539E+000   0.35673E+000   0.12258E+000   0.12199E-001
   0.15867E+002   0.38667E+001   0.91753E-001   0.11883E+000   0.54826E-001   0.00000E+000   0.20482E+000   0.35573E+000   0.12239E+000   0.12180E-001
   0.15883E+002   0.38833E+001   0.91501E-001   0.11850E+000   0.54743E-001   0.00000E+000   0.20425E+000   0.35475E+000   0.12220E+000   0.12160E-001
   0.15900E+002   0.39000E+001   0.91253E-001   0.11818E+000   0.54661E-001   0.00000E+000   0.20370E+000   0.35379E+000   0.12202E+000   0.12141E-001
   0.15917E+002   0.39167E+001   0.91009E-001   0.11786E+000   0.54582E-001   0.00000E+000   0.20315E+000   0.35285E+000   0.12184E+000   0.12123E-001
   0.15933E+002   0.39333E+001   0.90771E-001   0.11756E+000   0.54504E-001   0.00000E+000   0.20262E+000   0.35192E+000   0.12167E+000   0.12104E-001
   0.15950E+002   0.39500E+001   0.90536E-001   0.11725E+000   0.54429E-001   0.00000E+000   0.20210E+000   0.35101E+000   0.12150E+000   0.12086E-001
   0.15967E+002   0.39667E+001   0.90306E-001   0.11695E+000   0.54356E-001   0.00000E+000   0.20159E+000   0.35012E+000   0.12134E+000   0.12069E-001
   0.15983E+002   0.39833E+001   0.90080E-001   0.11666E+000   0.54284E-001   0.00000E+000   0.20108E+000   0.34925E+000   0.12118E+000   0.12052E-001
   0.16000E+002   0.40000E+001   0.89859E-001   0.11637E+000   0.54215E-001   0.00000E+000   0.20059E+000   0.34839E+000   0.12102E+000   0.12035E-001
   0.16017E+002   0.40167E+001   0.89641E-001   0.11609E+000   0.54147E-001   0.00000E+000   0.20010E+000   0.34754E+000   0.12087E+000   0.12018E-001
   0.16033E+002   0.40333E+001   0.89428E-001   0.11582E+000   0.54081E-001   0.00000E+000   0.19962E+000   0.34672E+000   0.12072E+000   0.12002E-001
   0.16050E+002   0.40500E+001   0.89218E-001   0.11554E+000   0.54017E-001   0.00000E+000   0.19916E+000   0.34590E+000   0.12058E+000   0.11985E-001
   0.16067E+002   0.40667E+001   0.89013E-001   0.11528E+000   0.53955E-001   0.00000E+000   0.19870E+000   0.34511E+000   0.12044E+000   0.11970E-001
   0.16083E+002   0.40833E+001   0.88811E-001   0.11502E+000   0.53895E-001   0.00000E+000   0.19825E+000   0.34432E+000   0.12031E+000   0.11954E-001
   0.16100E+002   0.41000E+001   0.88613E-001   0.11476E+000   0.53836E-001   0.00000E+000   0.19781E+000   0.34356E+000   0.12017E+000   0.11939E-001
   0.16117E+002   0.41167E+001   0.88419E-001   0.11451E+000   0.53779E-001   0.00000E+000   0.19737E+000   0.34280E+000   0.12005E+000   0.11924E-001
   0.16133E+002   0.41333E+001   0.88228E-001   0.11426E+000   0.53724E-001   0.00000E+000   0.19695E+000   0.34207E+000   0.11992E+000   0.11909E-001
   0.16150E+002   0.41500E+001   0.88042E-001   0.11402E+000   0.53670E-001   0.00000E+000   0.19653E+000   0.34134E+000   0.11981E+000   0.11895E-001
   0.16167E+002   0.41667E+001   0.87879E-001   0.11381E+000   0.53631E-001   0.00000E+000   0.19617E+000   0.34071E+000   0.11972E+000   0.11884E-001
   0.16183E+002   0.41833E+001   0.87758E-001   0.11365E+000   0.53617E-001   0.00000E+000   0.19590E+000   0.34024E+000   0.11969E+000   0.11878E-001
   0.16200E+002   0.42000E+001   0.87669E-001   0.11354E+000   0.53622E-001   0.00000E+000   0.19570E+000   0.33990E+000   0.11970E+000   0.11876E-001
   0.16217E+002   0.42167E+001   0.87603E-001   0.11345E+000   0.53641E-001   0.00000E+000   0.19555E+000   0.33964E+000   0.11974E+000   0.11877E-001
   0.16233E+002   0.42333E+001   0.87556E-001   0.11339E+000   0.53671E-001   0.00000E+000   0.19545E+000   0.33946E+000   0.11981E+000   0.11881E-001
   0.16250E+002   0.42500E+001   0.87525E-001   0.11335E+000   0.53711E-001   0.00000E+000   0.19538E+000   0.33934E+000   0.11990E+000   0.11887E-001
   0.16267E+002   0.42667E+001   0.87507E-001   0.11333E+000   0.53759E-001   0.00000E+000   0.19534E+000   0.33927E+000   0.12000E+000   0.11894E-001
   0.16283E+002   0.42833E+001   0.87500E-001   0.11332E+000   0.53813E-001   0.00000E+000   0.19532E+000   0.33924E+000   0.12012E+000   0.11902E-001
   0.16300E+002   0.43000E+001   0.87503E-001   0.11332E+000   0.53873E-001   0.00000E+000   0.19533E+000   0.33925E+000   0.12026E+000   0.11912E-001
   0.16317E+002   0.43167E+001   0.87513E-001   0.11334E+000   0.53938E-001   0.00000E+000   0.19535E+000   0.33929E+000   0.12040E+000   0.11922E-001
   0.16333E+002   0.43333E+001   0.87531E-001   0.11336E+000   0.54007E-001   0.00000E+000   0.19539E+000   0.33936E+000   0.12056E+000   0.11934E-001
   0.16350E+002   0.43500E+001   0.87555E-001   0.11339E+000   0.54080E-001   0.00000E+000   0.19544E+000   0.33945E+000   0.12072E+000   0.11946E-001
   0.16367E+002   0.43667E+001   0.87584E-001   0.11343E+000   0.54157E-001   0.00000E+000   0.19551E+000   0.33957E+000   0.12089E+000   0.11959E-001
   0.16383E+002   0.43833E+001   0.87618E-001   0.11347E+000   0.54236E-001   0.00000E+000   0.19558E+000   0.33970E+000   0.12107E+000   0.11972E-001
   0.16400E+002   0.44000E+001   0.87656E-001   0.11352E+000   0.54318E-001   0.00000E+000   0.19567E+000   0.33985E+000   0.12125E+000   0.11986E-001
   0.16417E+002   0.44167E+001   0.87698E-001   0.11358E+000   0.54403E-001   0.00000E+000   0.19576E+000   0.34001E+000   0.12144E+000   0.12000E-001
   0.16433E+002   0.44333E+001   0.87744E-001   0.11364E+000   0.54489E-001   0.00000E+000   0.19587E+000   0.34019E+000   0.12163E+000   0.12014E-001
   0.16450E+002   0.44500E+001   0.87793E-001   0.11370E+000   0.54578E-001   0.00000E+000   0.19597E+000   0.34038E+000   0.12183E+000   0.12029E-001
   0.16467E+002   0.44667E+001   0.87845E-001   0.11377E+000   0.54669E-001   0.00000E+000   0.19609E+000   0.34058E+000   0.12203E+000   0.12044E-001
   0.16483E+002   0.44833E+001   0.87899E-001   0.11384E+000   0.54761E-001   0.00000E+000   0.19621E+000   0.34079E+000   0.12224E+000   0.12059E-001
   0.16500E+002   0.45000E+001   0.87955E-001   0.11391E+000   0.54854E-001   0.00000E+000   0.19634E+000   0.34101E+000   0.12245E+000   0.12075E-001
   0.16517E+002   0.45167E+001   0.88014E-001   0.11399E+000   0.54950E-001   0.00000E+000   0.19647E+000   0.34123E+000   0.12266E+000   0.12091E-001
   0.16533E+002   0.45333E+001   0.88075E-001   0.11406E+000   0.55046E-001   0.00000E+000   0.19660E+000   0.34147E+000   0.12288E+000   0.12106E-001
   0.16550E+002   0.45500E+001   0.88137E-001   0.11414E+000   0.55144E-001   0.00000E+000   0.19674E+000   0.34171E+000   0.12309E+000   0.12122E-001
   0.16567E+002   0.45667E+001   0.88201E-001   0.11423E+000   0.55243E-001   0.00000E+000   0.19689E+000   0.34196E+000   0.12332E+000   0.12138E-001
   0.16583E+002   0.45833E+001   0.88266E-001   0.11431E+000   0.55343E-001   0.00000E+000   0.19703E+000   0.34221E+000   0.12354E+000   0.12155E-001
   0.16600E+002   0.46000E+001   0.88333E-001   0.11440E+000   0.55444E-001   0.00000E+000   0.19718E+000   0.34247E+000   0.12376E+000   0.12171E-001
   0.16617E+002   0.46167E+001   0.88401E-001   0.11449E+000   0.55546E-001   0.00000E+000   0.19733E+000   0.34274E+000   0.12399E+000   0.12187E-001
   0.16633E+002   0.46333E+001   0.88471E-001   0.11458E+000   0.55649E-001   0.00000E+000   0.19749E+000   0.34300E+000   0.12422E+000   0.12204E-001
   0.16650E+002   0.46500E+001   0.88541E-001   0.11467E+000   0.55753E-001   0.00000E+000   0.19764E+000   0.34328E+000   0.12445E+000   0.12220E-001
   0.16667E+002   0.46667E+001   0.88612E-001   0.11476E+000   0.55857E-001   0.00000E+000   0.19780E+000   0.34355E+000   0.12469E+000   0.12237E-001
   0.16683E+002   0.46833E+001   0.88684E-001   0.11485E+000   0.55963E-001   0.00000E+000   0.19796E+000   0.34383E+000   0.12492E+000   0.12253E-001
   0.16700E+002   0.47000E+001   0.88757E-001   0.11495E+000   0.56069E-001   0.00000E+000   0.19813E+000   0.34412E+000   0.12516E+000   0.12270E-001
   0.16717E+002   0.47167E+001   0.88831E-001   0.11504E+000   0.56176E-001   0.00000E+000   0.19829E+000   0.34440E+000   0.12540E+000   0.12286E-001
   0.16733E+002   0.47333E+001   0.88905E-001   0.11514E+000   0.56283E-001   0.00000E+000   0.19846E+000   0.34469E+000   0.12564E+000   0.12303E-001
   0.16750E+002   0.47500E+001   0.88980E-001   0.11524E+000   0.56391E-001   0.00000E+000   0.19863E+000   0.34498E+000   0.12588E+000   0.12320E-001
   0.16767E+002   0.47667E+001   0.89056E-001   0.11533E+000   0.56500E-001   0.00000E+000   0.19879E+000   0.34527E+000   0.12612E+000   0.12336E-001
   0.16783E+002   0.47833E+001   0.89132E-001   0.11543E+000   0.56609E-001   0.00000E+000   0.19896E+000   0.34557E+000   0.12637E+000   0.12353E-001
   0.16800E+002   0.48000E+001   0.89209E-001   0.11553E+000   0.56719E-001   0.00000E+000   0.19914E+000   0.34587E+000   0.12661E+000   0.12369E-001
   0.16817E+002   0.48167E+001   0.89286E-001   0.11563E+000   0.56830E-001   0.00000E+000   0.19931E+000   0.34617E+000   0.12686E+000   0.12386E-001
   0.16833E+002   0.48333E+001   0.89364E-001   0.11573E+000   0.56941E-001   0.00000E+000   0.19948E+000   0.34647E+000   0.12711E+000   0.12403E-001
   0.16850E+002   0.48500E+001   0.89442E-001   0.11583E+000   0.57053E-001   0.00000E+000   0.19966E+000   0.34677E+000   0.12736E+000   0.12419E-001
   0.16867E+002   0.48667E+001   0.89520E-001   0.11594E+000   0.57165E-001   0.00000E+000   0.19983E+000   0.34707E+000   0.12761E+000   0.12436E-001
   0.16883E+002   0.48833E+001   0.89599E-001   0.11604E+000   0.57278E-001   0.00000E+000   0.20001E+000   0.34738E+000   0.12786E+000   0.12452E-001
   0.16900E+002   0.49000E+001   0.89678E-001   0.11614E+000   0.57391E-001   0.00000E+000   0.20018E+000   0.34768E+000   0.12811E+000   0.12469E-001
   0.16917E+002   0.49167E+001   0.89757E-001   0.11624E+000   0.57504E-001   0.00000E+000   0.20036E+000   0.34799E+000   0.12836E+000   0.12485E-001
   0.16933E+002   0.49333E+001   0.89836E-001   0.11635E+000   0.57619E-001   0.00000E+000   0.20054E+000   0.34830E+000   0.12862E+000   0.12502E-001
   0.16950E+002   0.49500E+001   0.89916E-001   0.11645E+000   0.57733E-001   0.00000E+000   0.20071E+000   0.34861E+000   0.12887E+000   0.12518E-001
   0.16967E+002   0.49667E+001   0.89996E-001   0.11655E+000   0.57848E-001   0.00000E+000   0.20089E+000   0.34892E+000   0.12913E+000   0.12535E-001
   0.16983E+002   0.49833E+001   0.90076E-001   0.11666E+000   0.57964E-001   0.00000E+000   0.20107E+000   0.34923E+000   0.12939E+000   0.12551E-001
   0.17000E+002   0.50000E+001   0.90157E-001   0.11676E+000   0.58080E-001   0.00000E+000   0.20125E+000   0.34954E+000   0.12965E+000   0.12568E-001
   0.17017E+002   0.50167E+001   0.90237E-001   0.11686E+000   0.58196E-001   0.00000E+000   0.20143E+000   0.34985E+000   0.12991E+000   0.12584E-001
   0.17033E+002   0.50333E+001   0.90318E-001   0.11697E+000   0.58313E-001   0.00000E+000   0.20161E+000   0.35017E+000   0.13017E+000   0.12600E-001
   0.17050E+002   0.50500E+001   0.90398E-001   0.11707E+000   0.58431E-001   0.00000E+000   0.20179E+000   0.35048E+000   0.13043E+000   0.12616E-001
   0.17067E+002   0.50667E+001   0.90479E-001   0.11718E+000   0.58548E-001   0.00000E+000   0.20197E+000   0.35079E+000   0.13069E+000   0.12633E-001
   0.17083E+002   0.50833E+001   0.90560E-001   0.11728E+000   0.58666E-001   0.00000E+000   0.20215E+000   0.35111E+000   0.13096E+000   0.12649E-001
   0.17100E+002   0.51000E+001   0.90641E-001   0.11739E+000   0.58785E-001   0.00000E+000   0.20233E+000   0.35142E+000   0.13122E+000   0.12665E-001
   0.17117E+002   0.51167E+001   0.90722E-001   0.11749E+000   0.58904E-001   0.00000E+000   0.20251E+000   0.35174E+000   0.13149E+000   0.12681E-001
   0.17133E+002   0.51333E+001   0.90804E-001   0.11760E+000   0.59024E-001   0.00000E+000   0.20270E+000   0.35205E+000   0.13176E+000   0.12697E-001
   0.17150E+002   0.51500E+001   0.90885E-001   0.11770E+000   0.59144E-001   0.00000E+000   0.20288E+000   0.35237E+000   0.13202E+000   0.12713E-001
   0.17167E+002   0.51667E+001   0.90966E-001   0.11781E+000   0.59264E-001   0.00000E+000   0.20306E+000   0.35268E+000   0.13229E+000   0.12729E-001
   0.17183E+002   0.51833E+001   0.91047E-001   0.11791E+000   0.59385E-001   0.00000E+000   0.20324E+000   0.35300E+000   0.13256E+000   0.12745E-001
   0.17200E+002   0.52000E+001   0.91129E-001   0.11802E+000   0.59506E-001   0.00000E+000   0.20342E+000   0.35331E+000   0.13283E+000   0.12761E-001
   0.17217E+002   0.52167E+001   0.91210E-001   0.11812E+000   0.59627E-001   0.00000E+000   0.20360E+000   0.35363E+000   0.13310E+000   0.12777E-001
   0.17233E+002   0.52333E+001   0.91291E-001   0.11823E+000   0.59749E-001   0.00000E+000   0.20378E+000   0.35394E+000   0.13338E+000   0.12793E-001
   0.17250E+002   0.52500E+001   0.91373E-001   0.11834E+000   0.59872E-001   0.00000E+000   0.20397E+000   0.35426E+000   0.13365E+000   0.12809E-001
   0.17267E+002   0.52667E+001   0.91454E-001   0.11844E+000   0.59995E-001   0.00000E+000   0.20415E+000   0.35457E+000   0.13392E+000   0.12824E-001
   0.17283E+002   0.52833E+001   0.91536E-001   0.11855E+000   0.60118E-001   0.00000E+000   0.20433E+000   0.35489E+000   0.13420E+000   0.12840E-001
   0.17300E+002   0.53000E+001   0.91617E-001   0.11865E+000   0.60242E-001   0.00000E+000   0.20451E+000   0.35520E+000   0.13447E+000   0.12856E-001
   0.17317E+002   0.53167E+001   0.91698E-001   0.11876E+000   0.60366E-001   0.00000E+000   0.20469E+000   0.35552E+000   0.13475E+000   0.12871E-001
   0.17333E+002   0.53333E+001   0.91779E-001   0.11886E+000   0.60490E-001   0.00000E+000   0.20487E+000   0.35583E+000   0.13503E+000   0.12887E-001
   0.17350E+002   0.53500E+001   0.91861E-001   0.11897E+000   0.60615E-001   0.00000E+000   0.20506E+000   0.35615E+000   0.13531E+000   0.12903E-001
   0.17367E+002   0.53667E+001   0.91942E-001   0.11907E+000   0.60740E-001   0.00000E+000   0.20524E+000   0.35646E+000   0.13559E+000   0.12918E-001
   0.17383E+002   0.53833E+001   0.92023E-001   0.11918E+000   0.60866E-001   0.00000E+000   0.20542E+000   0.35678E+000   0.13587E+000   0.12934E-001
   0.17400E+002   0.54000E+001   0.92104E-001   0.11928E+000   0.60992E-001   0.00000E+000   0.20560E+000   0.35709E+000   0.13615E+000   0.12949E-001
   0.17417E+002   0.54167E+001   0.92185E-001   0.11939E+000   0.61119E-001   0.00000E+000   0.20578E+000   0.35741E+000   0.13643E+000   0.12964E-001
   0.17433E+002   0.54333E+001   0.92266E-001   0.11949E+000   0.61246E-001   0.00000E+000   0.20596E+000   0.35772E+000   0.13672E+000   0.12980E-001
   0.17450E+002   0.54500E+001   0.92347E-001   0.11960E+000   0.61373E-001   0.00000E+000   0.20614E+000   0.35803E+000   0.13700E+000   0.12995E-001
   0.17467E+002   0.54667E+001   0.92428E-001   0.11970E+000   0.61501E-001   0.00000E+000   0.20632E+000   0.35835E+000   0.13728E+000   0.13011E-001
   0.17483E+002   0.54833E+001   0.92509E-001   0.11981E+000   0.61629E-001   0.00000E+000   0.20650E+000   0.35866E+000   0.13757E+000   0.13026E-001
   0.17500E+002   0.55000E+001   0.92589E-001   0.11991E+000   0.61758E-001   0.00000E+000   0.20668E+000   0.35897E+000   0.13786E+000   0.13041E-001
   0.17517E+002   0.55167E+001   0.92670E-001   0.12002E+000   0.61887E-001   0.00000E+000   0.20686E+000   0.35929E+000   0.13815E+000   0.13056E-001
   0.17533E+002   0.55333E+001   0.92750E-001   0.12012E+000   0.62017E-001   0.00000E+000   0.20704E+000   0.35960E+000   0.13844E+000   0.13071E-001
   0.17550E+002   0.55500E+001   0.92831E-001   0.12022E+000   0.62146E-001   0.00000E+000   0.20722E+000   0.35991E+000   0.13873E+000   0.13087E-001
   0.17567E+002   0.55667E+001   0.92911E-001   0.12033E+000   0.62277E-001   0.00000E+000   0.20740E+000   0.36022E+000   0.13902E+000   0.13102E-001
   0.17583E+002   0.55833E+001   0.92992E-001   0.12043E+000   0.62408E-001   0.00000E+000   0.20758E+000   0.36053E+000   0.13931E+000   0.13117E-001
   0.17600E+002   0.56000E+001   0.93072E-001   0.12054E+000   0.62539E-001   0.00000E+000   0.20776E+000   0.36084E+000   0.13960E+000   0.13132E-001
   0.17617E+002   0.56167E+001   0.93152E-001   0.12064E+000   0.62671E-001   0.00000E+000   0.20794E+000   0.36115E+000   0.13990E+000   0.13147E-001
   0.17633E+002   0.56333E+001   0.93232E-001   0.12074E+000   0.62803E-001   0.00000E+000   0.20812E+000   0.36146E+000   0.14019E+000   0.13162E-001
   0.17650E+002   0.56500E+001   0.93312E-001   0.12085E+000   0.62935E-001   0.00000E+000   0.20829E+000   0.36177E+000   0.14049E+000   0.13177E-001
   0.17667E+002   0.56667E+001   0.93391E-001   0.12095E+000   0.63068E-001   0.00000E+000   0.20847E+000   0.36208E+000   0.14078E+000   0.13192E-001
   0.17683E+002   0.56833E+001   0.93471E-001   0.12105E+000   0.63202E-001   0.00000E+000   0.20865E+000   0.36239E+000   0.14108E+000   0.13207E-001
   0.17700E+002   0.57000E+001   0.93551E-001   0.12116E+000   0.63336E-001   0.00000E+000   0.20883E+000   0.36270E+000   0.14138E+000   0.13222E-001
   0.17717E+002   0.57167E+001   0.93630E-001   0.12126E+000   0.63470E-001   0.00000E+000   0.20901E+000   0.36301E+000   0.14168E+000   0.13236E-001
   0.17733E+002   0.57333E+001   0.93710E-001   0.12136E+000   0.63605E-001   0.00000E+000   0.20918E+000   0.36332E+000   0.14198E+000   0.13251E-001
   0.17750E+002   0.57500E+001   0.93789E-001   0.12146E+000   0.63740E-001   0.00000E+000   0.20936E+000   0.36362E+000   0.14228E+000   0.13266E-001
   0.17767E+002   0.57667E+001   0.93868E-001   0.12157E+000   0.63875E-001   0.00000E+000   0.20954E+000   0.36393E+000   0.14259E+000   0.13281E-001
   0.17783E+002   0.57833E+001   0.93947E-001   0.12167E+000   0.64012E-001   0.00000E+000   0.20971E+000   0.36424E+000   0.14289E+000   0.13295E-001
   0.17800E+002   0.58000E+001   0.94026E-001   0.12177E+000   0.64148E-001   0.00000E+000   0.20989E+000   0.36454E+000   0.14319E+000   0.13310E-001
   0.17817E+002   0.58167E+001   0.94105E-001   0.12187E+000   0.64285E-001   0.00000E+000   0.21006E+000   0.36485E+000   0.14350E+000   0.13325E-001
   0.17833E+002   0.58333E+001   0.94183E-001   0.12198E+000   0.64423E-001   0.00000E+000   0.21024E+000   0.36515E+000   0.14381E+000   0.13340E-001
   0.17850E+002   0.58500E+001   0.94262E-001   0.12208E+000   0.64561E-001   0.00000E+000   0.21041E+000   0.36546E+000   0.14411E+000   0.13354E-001
   0.17867E+002   0.58667E+001   0.94340E-001   0.12218E+000   0.64699E-001   0.00000E+000   0.21059E+000   0.36576E+000   0.14442E+000   0.13369E-001
   0.17883E+002   0.58833E+001   0.94418E-001   0.12228E+000   0.64838E-001   0.00000E+000   0.21076E+000   0.36606E+000   0.14473E+000   0.13383E-001
   0.17900E+002   0.59000E+001   0.94497E-001   0.12238E+000   0.64977E-001   0.00000E+000   0.21094E+000   0.36637E+000   0.14504E+000   0.13398E-001
   0.17917E+002   0.59167E+001   0.94575E-001   0.12248E+000   0.65117E-001   0.00000E+000   0.21111E+000   0.36667E+000   0.14536E+000   0.13413E-001
   0.17933E+002   0.59333E+001   0.94652E-001   0.12258E+000   0.65257E-001   0.00000E+000   0.21129E+000   0.36697E+000   0.14567E+000   0.13427E-001
   0.17950E+002   0.59500E+001   0.94730E-001   0.12268E+000   0.65398E-001   0.00000E+000   0.21146E+000   0.36727E+000   0.14598E+000   0.13442E-001
   0.17967E+002   0.59667E+001   0.94808E-001   0.12278E+000   0.65539E-001   0.00000E+000   0.21163E+000   0.36757E+000   0.14630E+000   0.13456E-001
   0.17983E+002   0.59833E+001   0.94885E-001   0.12288E+000   0.65680E-001   0.00000E+000   0.21181E+000   0.36787E+000   0.14661E+000   0.13471E-001
   0.18000E+002   0.60000E+001   0.94963E-001   0.12298E+000   0.65823E-001   0.00000E+000   0.21198E+000   0.36817E+000   0.14693E+000   0.13485E-001
   0.18017E+002   0.60167E+001   0.95040E-001   0.12308E+000   0.65965E-001   0.00000E+000   0.21215E+000   0.36847E+000   0.14725E+000   0.13499E-001
   0.18033E+002   0.60333E+001   0.95117E-001   0.12318E+000   0.66108E-001   0.00000E+000   0.21232E+000   0.36877E+000   0.14757E+000   0.13514E-001
   0.18050E+002   0.60500E+001   0.95194E-001   0.12328E+000   0.66252E-001   0.00000E+000   0.21250E+000   0.36907E+000   0.14789E+000   0.13528E-001
   0.18067E+002   0.60667E+001   0.95271E-001   0.12338E+000   0.66396E-001   0.00000E+000   0.21267E+000   0.36937E+000   0.14821E+000   0.13543E-001
   0.18083E+002   0.60833E+001   0.95347E-001   0.12348E+000   0.66540E-001   0.00000E+000   0.21284E+000   0.36967E+000   0.14853E+000   0.13557E-001
   0.18100E+002   0.61000E+001   0.95424E-001   0.12358E+000   0.66685E-001   0.00000E+000   0.21301E+000   0.36996E+000   0.14886E+000   0.13571E-001
   0.18117E+002   0.61167E+001   0.95500E-001   0.12368E+000   0.66831E-001   0.00000E+000   0.21318E+000   0.37026E+000   0.14918E+000   0.13586E-001
   0.18133E+002   0.61333E+001   0.95576E-001   0.12378E+000   0.66977E-001   0.00000E+000   0.21335E+000   0.37055E+000   0.14951E+000   0.13600E-001
   0.18150E+002   0.61500E+001   0.95652E-001   0.12388E+000   0.67123E-001   0.00000E+000   0.21352E+000   0.37085E+000   0.14983E+000   0.13614E-001
   0.18167E+002   0.61667E+001   0.95728E-001   0.12398E+000   0.67270E-001   0.00000E+000   0.21369E+000   0.37114E+000   0.15016E+000   0.13629E-001
   0.18183E+002   0.61833E+001   0.95804E-001   0.12407E+000   0.67417E-001   0.00000E+000   0.21386E+000   0.37144E+000   0.15049E+000   0.13643E-001
   0.18200E+002   0.62000E+001   0.95880E-001   0.12417E+000   0.67565E-001   0.00000E+000   0.21403E+000   0.37173E+000   0.15082E+000   0.13657E-001
   0.18217E+002   0.62167E+001   0.95955E-001   0.12427E+000   0.67714E-001   0.00000E+000   0.21419E+000   0.37202E+000   0.15115E+000   0.13671E-001
   0.18233E+002   0.62333E+001   0.96030E-001   0.12437E+000   0.67863E-001   0.00000E+000   0.21436E+000   0.37231E+000   0.15149E+000   0.13686E-001
   0.18250E+002   0.62500E+001   0.96105E-001   0.12446E+000   0.68012E-001   0.00000E+000   0.21453E+000   0.37261E+000   0.15182E+000   0.13700E-001
   0.18267E+002   0.62667E+001   0.96180E-001   0.12456E+000   0.68162E-001   0.00000E+000   0.21470E+000   0.37290E+000   0.15215E+000   0.13714E-001
   0.18283E+002   0.62833E+001   0.96255E-001   0.12466E+000   0.68312E-001   0.00000E+000   0.21486E+000   0.37319E+000   0.15249E+000   0.13728E-001
   0.18300E+002   0.63000E+001   0.96330E-001   0.12476E+000   0.68463E-001   0.00000E+000   0.21503E+000   0.37348E+000   0.15283E+000   0.13743E-001
   0.18317E+002   0.63167E+001   0.96404E-001   0.12485E+000   0.68615E-001   0.00000E+000   0.21520E+000   0.37376E+000   0.15316E+000   0.13757E-001
   0.18333E+002   0.63333E+001   0.96479E-001   0.12495E+000   0.68766E-001   0.00000E+000   0.21536E+000   0.37405E+000   0.15350E+000   0.13771E-001
   0.18350E+002   0.63500E+001   0.96553E-001   0.12504E+000   0.68919E-001   0.00000E+000   0.21553E+000   0.37434E+000   0.15384E+000   0.13785E-001
   0.18367E+002   0.63667E+001   0.96627E-001   0.12514E+000   0.69072E-001   0.00000E+000   0.21569E+000   0.37463E+000   0.15418E+000   0.13799E-001
   0.18383E+002   0.63833E+001   0.96701E-001   0.12524E+000   0.69225E-001   0.00000E+000   0.21586E+000   0.37491E+000   0.15453E+000   0.13814E-001
   0.18400E+002   0.64000E+001   0.96774E-001   0.12533E+000   0.69379E-001   0.00000E+000   0.21602E+000   0.37520E+000   0.15487E+000   0.13828E-001
   0.18417E+002   0.64167E+001   0.96848E-001   0.12543E+000   0.69534E-001   0.00000E+000   0.21619E+000   0.37548E+000   0.15522E+000   0.13842E-001
   0.18433E+002   0.64333E+001   0.96921E-001   0.12552E+000   0.69689E-001   0.00000E+000   0.21635E+000   0.37577E+000   0.15556E+000   0.13856E-001
   0.18450E+002   0.64500E+001   0.96994E-001   0.12562E+000   0.69844E-001   0.00000E+000   0.21651E+000   0.37605E+000   0.15591E+000   0.13870E-001
   0.18467E+002   0.64667E+001   0.97067E-001   0.12571E+000   0.70000E-001   0.00000E+000   0.21668E+000   0.37634E+000   0.15626E+000   0.13885E-001
   0.18483E+002   0.64833E+001   0.97140E-001   0.12580E+000   0.70157E-001   0.00000E+000   0.21684E+000   0.37662E+000   0.15661E+000   0.13899E-001
   0.18500E+002   0.65000E+001   0.97213E-001   0.12590E+000   0.70314E-001   0.00000E+000   0.21700E+000   0.37690E+000   0.15696E+000   0.13913E-001
   0.18517E+002   0.65167E+001   0.97285E-001   0.12599E+000   0.70471E-001   0.00000E+000   0.21716E+000   0.37718E+000   0.15731E+000   0.13927E-001
   0.18533E+002   0.65333E+001   0.97358E-001   0.12609E+000   0.70629E-001   0.00000E+000   0.21733E+000   0.37746E+000   0.15766E+000   0.13941E-001
   0.18550E+002   0.65500E+001   0.97430E-001   0.12618E+000   0.70788E-001   0.00000E+000   0.21749E+000   0.37774E+000   0.15802E+000   0.13955E-001
   0.18567E+002   0.65667E+001   0.97502E-001   0.12627E+000   0.70947E-001   0.00000E+000   0.21765E+000   0.37802E+000   0.15837E+000   0.13970E-001
   0.18583E+002   0.65833E+001   0.97574E-001   0.12637E+000   0.71107E-001   0.00000E+000   0.21781E+000   0.37830E+000   0.15873E+000   0.13984E-001
   0.18600E+002   0.66000E+001   0.97645E-001   0.12646E+000   0.71267E-001   0.00000E+000   0.21797E+000   0.37857E+000   0.15908E+000   0.13998E-001
   0.18617E+002   0.66167E+001   0.97717E-001   0.12655E+000   0.71427E-001   0.00000E+000   0.21813E+000   0.37885E+000   0.15944E+000   0.14012E-001
   0.18633E+002   0.66333E+001   0.97788E-001   0.12664E+000   0.71589E-001   0.00000E+000   0.21829E+000   0.37913E+000   0.15980E+000   0.14026E-001
   0.18650E+002   0.66500E+001   0.97859E-001   0.12674E+000   0.71751E-001   0.00000E+000   0.21844E+000   0.37940E+000   0.16016E+000   0.14040E-001
   0.18667E+002   0.66667E+001   0.97930E-001   0.12683E+000   0.71913E-001   0.00000E+000   0.21860E+000   0.37968E+000   0.16053E+000   0.14055E-001
   0.18683E+002   0.66833E+001   0.98000E-001   0.12692E+000   0.72076E-001   0.00000E+000   0.21876E+000   0.37995E+000   0.16089E+000   0.14069E-001
   0.18700E+002   0.67000E+001   0.98071E-001   0.12701E+000   0.72239E-001   0.00000E+000   0.21892E+000   0.38023E+000   0.16125E+000   0.14083E-001
   0.18717E+002   0.67167E+001   0.98141E-001   0.12710E+000   0.72403E-001   0.00000E+000   0.21907E+000   0.38050E+000   0.16162E+000   0.14097E-001
   0.18733E+002   0.67333E+001   0.98211E-001   0.12719E+000   0.72567E-001   0.00000E+000   0.21923E+000   0.38077E+000   0.16199E+000   0.14111E-001
   0.18750E+002   0.67500E+001   0.98281E-001   0.12728E+000   0.72732E-001   0.00000E+000   0.21939E+000   0.38104E+000   0.16236E+000   0.14125E-001
   0.18767E+002   0.67667E+001   0.98351E-001   0.12737E+000   0.72898E-001   0.00000E+000   0.21954E+000   0.38131E+000   0.16273E+000   0.14140E-001
   0.18783E+002   0.67833E+001   0.98420E-001   0.12746E+000   0.73064E-001   0.00000E+000   0.21970E+000   0.38158E+000   0.16310E+000   0.14154E-001
   0.18800E+002   0.68000E+001   0.98490E-001   0.12755E+000   0.73231E-001   0.00000E+000   0.21985E+000   0.38185E+000   0.16347E+000   0.14168E-001
   0.18817E+002   0.68167E+001   0.98559E-001   0.12764E+000   0.73398E-001   0.00000E+000   0.22001E+000   0.38212E+000   0.16384E+000   0.14182E-001
   0.18833E+002   0.68333E+001   0.98628E-001   0.12773E+000   0.73566E-001   0.00000E+000   0.22016E+000   0.38238E+000   0.16422E+000   0.14197E-001
   0.18850E+002   0.68500E+001   0.98696E-001   0.12782E+000   0.73734E-001   0.00000E+000   0.22031E+000   0.38265E+000   0.16459E+000   0.14211E-001
   0.18867E+002   0.68667E+001   0.98765E-001   0.12791E+000   0.73903E-001   0.00000E+000   0.22047E+000   0.38292E+000   0.16497E+000   0.14225E-001
   0.18883E+002   0.68833E+001   0.98833E-001   0.12800E+000   0.74072E-001   0.00000E+000   0.22062E+000   0.38318E+000   0.16535E+000   0.14239E-001
   0.18900E+002   0.69000E+001   0.98901E-001   0.12809E+000   0.74242E-001   0.00000E+000   0.22077E+000   0.38344E+000   0.16573E+000   0.14254E-001
   0.18917E+002   0.69167E+001   0.98969E-001   0.12817E+000   0.74413E-001   0.00000E+000   0.22092E+000   0.38371E+000   0.16611E+000   0.14268E-001
   0.18933E+002   0.69333E+001   0.99037E-001   0.12826E+000   0.74584E-001   0.00000E+000   0.22107E+000   0.38397E+000   0.16649E+000   0.14282E-001
   0.18950E+002   0.69500E+001   0.99104E-001   0.12835E+000   0.74755E-001   0.00000E+000   0.22122E+000   0.38423E+000   0.16687E+000   0.14296E-001
   0.18967E+002   0.69667E+001   0.99171E-001   0.12844E+000   0.74927E-001   0.00000E+000   0.22137E+000   0.38449E+000   0.16726E+000   0.14311E-001
   0.18983E+002   0.69833E+001   0.99238E-001   0.12852E+000   0.75100E-001   0.00000E+000   0.22152E+000   0.38475E+000   0.16764E+000   0.14325E-001
   0.19000E+002   0.70000E+001   0.99305E-001   0.12861E+000   0.75273E-001   0.00000E+000   0.22167E+000   0.38501E+000   0.16803E+000   0.14339E-001
   0.19017E+002   0.70167E+001   0.99372E-001   0.12869E+000   0.75447E-001   0.00000E+000   0.22182E+000   0.38527E+000   0.16842E+000   0.14354E-001
   0.19033E+002   0.70333E+001   0.99438E-001   0.12878E+000   0.75621E-001   0.00000E+000   0.22197E+000   0.38553E+000   0.16881E+000   0.14368E-001
   0.19050E+002   0.70500E+001   0.99504E-001   0.12887E+000   0.75796E-001   0.00000E+000   0.22212E+000   0.38578E+000   0.16920E+000   0.14383E-001
   0.19067E+002   0.70667E+001   0.99570E-001   0.12895E+000   0.75972E-001   0.00000E+000   0.22227E+000   0.38604E+000   0.16959E+000   0.14397E-001
   0.19083E+002   0.70833E+001   0.99636E-001   0.12904E+000   0.76148E-001   0.00000E+000   0.22241E+000   0.38629E+000   0.16998E+000   0.14411E-001
   0.19100E+002   0.71000E+001   0.99702E-001   0.12912E+000   0.76325E-001   0.00000E+000   0.22256E+000   0.38655E+000   0.17037E+000   0.14426E-001
   0.19117E+002   0.71167E+001   0.99767E-001   0.12921E+000   0.76502E-001   0.00000E+000   0.22270E+000   0.38680E+000   0.17077E+000   0.14440E-001
   0.19133E+002   0.71333E+001   0.99832E-001   0.12929E+000   0.76680E-001   0.00000E+000   0.22285E+000   0.38705E+000   0.17117E+000   0.14455E-001
   0.19150E+002   0.71500E+001   0.99897E-001   0.12937E+000   0.76858E-001   0.00000E+000   0.22299E+000   0.38730E+000   0.17157E+000   0.14469E-001
   0.19167E+002   0.71667E+001   0.99961E-001   0.12946E+000   0.77037E-001   0.00000E+000   0.22314E+000   0.38755E+000   0.17196E+000   0.14484E-001
   0.19183E+002   0.71833E+001   0.10003E+000   0.12954E+000   0.77216E-001   0.00000E+000   0.22328E+000   0.38780E+000   0.17237E+000   0.14498E-001
   0.19200E+002   0.72000E+001   0.10009E+000   0.12962E+000   0.77396E-001   0.00000E+000   0.22342E+000   0.38805E+000   0.17277E+000   0.14513E-001
   0.19217E+002   0.72167E+001   0.10015E+000   0.12971E+000   0.77577E-001   0.00000E+000   0.22357E+000   0.38830E+000   0.17317E+000   0.14527E-001
   0.19233E+002   0.72333E+001   0.10022E+000   0.12979E+000   0.77758E-001   0.00000E+000   0.22371E+000   0.38855E+000   0.17357E+000   0.14542E-001
   0.19250E+002   0.72500E+001   0.10028E+000   0.12987E+000   0.77940E-001   0.00000E+000   0.22385E+000   0.38879E+000   0.17398E+000   0.14556E-001
   0.19267E+002   0.72667E+001   0.10034E+000   0.12995E+000   0.78122E-001   0.00000E+000   0.22399E+000   0.38904E+000   0.17439E+000   0.14571E-001
   0.19283E+002   0.72833E+001   0.10041E+000   0.13003E+000   0.78305E-001   0.00000E+000   0.22413E+000   0.38928E+000   0.17480E+000   0.14586E-001
   0.19300E+002   0.73000E+001   0.10047E+000   0.13012E+000   0.78489E-001   0.00000E+000   0.22427E+000   0.38952E+000   0.17521E+000   0.14600E-001
   0.19317E+002   0.73167E+001   0.10053E+000   0.13020E+000   0.78673E-001   0.00000E+000   0.22441E+000   0.38976E+000   0.17562E+000   0.14615E-001
   0.19333E+002   0.73333E+001   0.10059E+000   0.13028E+000   0.78857E-001   0.00000E+000   0.22455E+000   0.39001E+000   0.17603E+000   0.14630E-001
   0.19350E+002   0.73500E+001   0.10066E+000   0.13036E+000   0.79043E-001   0.00000E+000   0.22469E+000   0.39025E+000   0.17644E+000   0.14644E-001
   0.19367E+002   0.73667E+001   0.10072E+000   0.13044E+000   0.79228E-001   0.00000E+000   0.22482E+000   0.39048E+000   0.17686E+000   0.14659E-001
   0.19383E+002   0.73833E+001   0.10078E+000   0.13052E+000   0.79415E-001   0.00000E+000   0.22496E+000   0.39072E+000   0.17727E+000   0.14674E-001
   0.19400E+002   0.74000E+001   0.10084E+000   0.13059E+000   0.79602E-001   0.00000E+000   0.22510E+000   0.39096E+000   0.17769E+000   0.14689E-001
   0.19417E+002   0.74167E+001   0.10090E+000   0.13067E+000   0.79789E-001   0.00000E+000   0.22523E+000   0.39119E+000   0.17811E+000   0.14704E-001
   0.19433E+002   0.74333E+001   0.10096E+000   0.13075E+000   0.79977E-001   0.00000E+000   0.22537E+000   0.39143E+000   0.17853E+000   0.14718E-001
   0.19450E+002   0.74500E+001   0.10102E+000   0.13083E+000   0.80166E-001   0.00000E+000   0.22550E+000   0.39166E+000   0.17895E+000   0.14733E-001
   0.19467E+002   0.74667E+001   0.10108E+000   0.13091E+000   0.80355E-001   0.00000E+000   0.22564E+000   0.39189E+000   0.17937E+000   0.14748E-001
   0.19483E+002   0.74833E+001   0.10114E+000   0.13098E+000   0.80545E-001   0.00000E+000   0.22577E+000   0.39213E+000   0.17980E+000   0.14763E-001
   0.19500E+002   0.75000E+001   0.10120E+000   0.13106E+000   0.80736E-001   0.00000E+000   0.22590E+000   0.39236E+000   0.18022E+000   0.14778E-001
   0.19517E+002   0.75167E+001   0.10126E+000   0.13114E+000   0.80927E-001   0.00000E+000   0.22603E+000   0.39259E+000   0.18065E+000   0.14793E-001
   0.19533E+002   0.75333E+001   0.10132E+000   0.13121E+000   0.81118E-001   0.00000E+000   0.22617E+000   0.39281E+000   0.18108E+000   0.14808E-001
   0.19550E+002   0.75500E+001   0.10138E+000   0.13129E+000   0.81310E-001   0.00000E+000   0.22630E+000   0.39304E+000   0.18150E+000   0.14823E-001
   0.19567E+002   0.75667E+001   0.10143E+000   0.13137E+000   0.81503E-001   0.00000E+000   0.22643E+000   0.39327E+000   0.18193E+000   0.14838E-001
   0.19583E+002   0.75833E+001   0.10149E+000   0.13144E+000   0.81697E-001   0.00000E+000   0.22656E+000   0.39349E+000   0.18237E+000   0.14853E-001
   0.19600E+002   0.76000E+001   0.10155E+000   0.13152E+000   0.81891E-001   0.00000E+000   0.22668E+000   0.39371E+000   0.18280E+000   0.14868E-001
   0.19617E+002   0.76167E+001   0.10161E+000   0.13159E+000   0.82085E-001   0.00000E+000   0.22681E+000   0.39394E+000   0.18323E+000   0.14883E-001
   0.19633E+002   0.76333E+001   0.10166E+000   0.13166E+000   0.82280E-001   0.00000E+000   0.22694E+000   0.39416E+000   0.18367E+000   0.14898E-001
   0.19650E+002   0.76500E+001   0.10172E+000   0.13174E+000   0.82476E-001   0.00000E+000   0.22707E+000   0.39438E+000   0.18411E+000   0.14913E-001
   0.19667E+002   0.76667E+001   0.10178E+000   0.13181E+000   0.82672E-001   0.00000E+000   0.22719E+000   0.39460E+000   0.18454E+000   0.14929E-001
   0.19683E+002   0.76833E+001   0.10183E+000   0.13188E+000   0.82869E-001   0.00000E+000   0.22732E+000   0.39482E+000   0.18498E+000   0.14944E-001
   0.19700E+002   0.77000E+001   0.10189E+000   0.13196E+000   0.83067E-001   0.00000E+000   0.22744E+000   0.39503E+000   0.18542E+000   0.14959E-001
   0.19717E+002   0.77167E+001   0.10195E+000   0.13203E+000   0.83265E-001   0.00000E+000   0.22757E+000   0.39525E+000   0.18587E+000   0.14974E-001
   0.19733E+002   0.77333E+001   0.10200E+000   0.13210E+000   0.83463E-001   0.00000E+000   0.22769E+000   0.39546E+000   0.18631E+000   0.14990E-001
   0.19750E+002   0.77500E+001   0.10206E+000   0.13217E+000   0.83663E-001   0.00000E+000   0.22781E+000   0.39567E+000   0.18676E+000   0.15005E-001
   0.19767E+002   0.77667E+001   0.10211E+000   0.13224E+000   0.83863E-001   0.00000E+000   0.22793E+000   0.39589E+000   0.18720E+000   0.15020E-001
   0.19783E+002   0.77833E+001   0.10216E+000   0.13231E+000   0.84063E-001   0.00000E+000   0.22806E+000   0.39610E+000   0.18765E+000   0.15036E-001
   0.19800E+002   0.78000E+001   0.10222E+000   0.13238E+000   0.84264E-001   0.00000E+000   0.22818E+000   0.39630E+000   0.18810E+000   0.15051E-001
   0.19817E+002   0.78167E+001   0.10227E+000   0.13245E+000   0.84466E-001   0.00000E+000   0.22829E+000   0.39651E+000   0.18855E+000   0.15067E-001
   0.19833E+002   0.78333E+001   0.10232E+000   0.13252E+000   0.84668E-001   0.00000E+000   0.22841E+000   0.39672E+000   0.18900E+000   0.15082E-001
   0.19850E+002   0.78500E+001   0.10238E+000   0.13259E+000   0.84871E-001   0.00000E+000   0.22853E+000   0.39692E+000   0.18945E+000   0.15098E-001
   0.19867E+002   0.78667E+001   0.10243E+000   0.13266E+000   0.85074E-001   0.00000E+000   0.22865E+000   0.39713E+000   0.18991E+000   0.15113E-001
   0.19883E+002   0.78833E+001   0.10248E+000   0.13272E+000   0.85278E-001   0.00000E+000   0.22877E+000   0.39733E+000   0.19036E+000   0.15129E-001
   0.19900E+002   0.79000E+001   0.10253E+000   0.13279E+000   0.85483E-001   0.00000E+000   0.22888E+000   0.39753E+000   0.19082E+000   0.15144E-001
   0.19917E+002   0.79167E+001   0.10259E+000   0.13286E+000   0.85688E-001   0.00000E+000   0.22900E+000   0.39773E+000   0.19128E+000   0.15160E-001
   0.19933E+002   0.79333E+001   0.10264E+000   0.13292E+000   0.85893E-001   0.00000E+000   0.22911E+000   0.39793E+000   0.19173E+000   0.15176E-001
   0.19950E+002   0.79500E+001   0.10269E+000   0.13299E+000   0.86100E-001   0.00000E+000   0.22922E+000   0.39813E+000   0.19220E+000   0.15191E-001
   0.19967E+002   0.79667E+001   0.10274E+000   0.13305E+000   0.86307E-001   0.00000E+000   0.22934E+000   0.39832E+000   0.19266E+000   0.15207E-001
   0.19983E+002   0.79833E+001   0.10279E+000   0.13312E+000   0.86514E-001   0.00000E+000   0.22945E+000   0.39851E+000   0.19312E+000   0.15223E-001
   0.20000E+002   0.80000E+001   0.10284E+000   0.13318E+000   0.86722E-001   0.00000E+000   0.22956E+000   0.39871E+000   0.19359E+000   0.15239E-001
   0.20017E+002   0.80167E+001   0.10289E+000   0.13325E+000   0.86931E-001   0.00000E+000   0.22967E+000   0.39890E+000   0.19405E+000   0.15255E-001
   0.20033E+002   0.80333E+001   0.10294E+000   0.13331E+000   0.87140E-001   0.00000E+000   0.22978E+000   0.39909E+000   0.19452E+000   0.15270E-001
   0.20050E+002   0.80500E+001   0.10298E+000   0.13337E+000   0.87350E-001   0.00000E+000   0.22989E+000   0.39928E+000   0.19499E+000   0.15286E-001
   0.20067E+002   0.80667E+001   0.10303E+000   0.13344E+000   0.87561E-001   0.00000E+000   0.22999E+000   0.39946E+000   0.19546E+000   0.15302E-001
   0.20083E+002   0.80833E+001   0.10308E+000   0.13350E+000   0.87772E-001   0.00000E+000   0.23010E+000   0.39965E+000   0.19593E+000   0.15318E-001
   0.20100E+002   0.81000E+001   0.10313E+000   0.13356E+000   0.87984E-001   0.00000E+000   0.23021E+000   0.39983E+000   0.19640E+000   0.15334E-001
   0.20117E+002   0.81167E+001   0.10317E+000   0.13362E+000   0.88196E-001   0.00000E+000   0.23031E+000   0.40001E+000   0.19687E+000   0.15350E-001
   0.20133E+002   0.81333E+001   0.10322E+000   0.13368E+000   0.88409E-001   0.00000E+000   0.23041E+000   0.40019E+000   0.19735E+000   0.15366E-001
   0.20150E+002   0.81500E+001   0.10327E+000   0.13374E+000   0.88622E-001   0.00000E+000   0.23052E+000   0.40037E+000   0.19783E+000   0.15382E-001
   0.20167E+002   0.81667E+001   0.10331E+000   0.13380E+000   0.88836E-001   0.00000E+000   0.23062E+000   0.40055E+000   0.19830E+000   0.15399E-001
   0.20183E+002   0.81833E+001   0.10336E+000   0.13386E+000   0.89051E-001   0.00000E+000   0.23072E+000   0.40072E+000   0.19878E+000   0.15415E-001
   0.20200E+002   0.82000E+001   0.10340E+000   0.13392E+000   0.89266E-001   0.00000E+000   0.23082E+000   0.40090E+000   0.19926E+000   0.15431E-001
   0.20217E+002   0.82167E+001   0.10345E+000   0.13397E+000   0.89481E-001   0.00000E+000   0.23092E+000   0.40107E+000   0.19974E+000   0.15447E-001
   0.20233E+002   0.82333E+001   0.10349E+000   0.13403E+000   0.89698E-001   0.00000E+000   0.23102E+000   0.40124E+000   0.20023E+000   0.15463E-001
   0.20250E+002   0.82500E+001   0.10354E+000   0.13409E+000   0.89915E-001   0.00000E+000   0.23112E+000   0.40141E+000   0.20071E+000   0.15480E-001
   0.20267E+002   0.82667E+001   0.10358E+000   0.13414E+000   0.90132E-001   0.00000E+000   0.23121E+000   0.40158E+000   0.20120E+000   0.15496E-001
   0.20283E+002   0.82833E+001   0.10362E+000   0.13420E+000   0.90350E-001   0.00000E+000   0.23131E+000   0.40174E+000   0.20168E+000   0.15512E-001
   0.20300E+002   0.83000E+001   0.10366E+000   0.13425E+000   0.90569E-001   0.00000E+000   0.23140E+000   0.40191E+000   0.20217E+000   0.15529E-001
   0.20317E+002   0.83167E+001   0.10370E+000   0.13431E+000   0.90788E-001   0.00000E+000   0.23149E+000   0.40207E+000   0.20266E+000   0.15545E-001
   0.20333E+002   0.83333E+001   0.10375E+000   0.13436E+000   0.91008E-001   0.00000E+000   0.23159E+000   0.40223E+000   0.20315E+000   0.15562E-001
   0.20350E+002   0.83500E+001   0.10379E+000   0.13441E+000   0.91228E-001   0.00000E+000   0.23168E+000   0.40239E+000   0.20364E+000   0.15578E-001
   0.20367E+002   0.83667E+001   0.10383E+000   0.13447E+000   0.91449E-001   0.00000E+000   0.23177E+000   0.40254E+000   0.20414E+000   0.15595E-001
   0.20383E+002   0.83833E+001   0.10387E+000   0.13452E+000   0.91671E-001   0.00000E+000   0.23186E+000   0.40270E+000   0.20463E+000   0.15611E-001
   0.20400E+002   0.84000E+001   0.10391E+000   0.13457E+000   0.91893E-001   0.00000E+000   0.23194E+000   0.40285E+000   0.20513E+000   0.15628E-001
   0.20417E+002   0.84167E+001   0.10395E+000   0.13462E+000   0.92115E-001   0.00000E+000   0.23203E+000   0.40300E+000   0.20562E+000   0.15645E-001
   0.20433E+002   0.84333E+001   0.10398E+000   0.13467E+000   0.92339E-001   0.00000E+000   0.23212E+000   0.40315E+000   0.20612E+000   0.15661E-001
   0.20450E+002   0.84500E+001   0.10402E+000   0.13472E+000   0.92562E-001   0.00000E+000   0.23220E+000   0.40330E+000   0.20662E+000   0.15678E-001
   0.20467E+002   0.84667E+001   0.10406E+000   0.13477E+000   0.92787E-001   0.00000E+000   0.23229E+000   0.40344E+000   0.20712E+000   0.15695E-001
   0.20483E+002   0.84833E+001   0.10410E+000   0.13481E+000   0.93012E-001   0.00000E+000   0.23237E+000   0.40359E+000   0.20762E+000   0.15711E-001
   0.20500E+002   0.85000E+001   0.10413E+000   0.13486E+000   0.93237E-001   0.00000E+000   0.23245E+000   0.40373E+000   0.20813E+000   0.15728E-001
   0.20517E+002   0.85167E+001   0.10417E+000   0.13491E+000   0.93463E-001   0.00000E+000   0.23253E+000   0.40387E+000   0.20863E+000   0.15745E-001
   0.20533E+002   0.85333E+001   0.10420E+000   0.13495E+000   0.93690E-001   0.00000E+000   0.23261E+000   0.40401E+000   0.20914E+000   0.15762E-001
   0.20550E+002   0.85500E+001   0.10424E+000   0.13500E+000   0.93917E-001   0.00000E+000   0.23269E+000   0.40414E+000   0.20965E+000   0.15779E-001
   0.20567E+002   0.85667E+001   0.10427E+000   0.13504E+000   0.94145E-001   0.00000E+000   0.23276E+000   0.40427E+000   0.21015E+000   0.15796E-001
   0.20583E+002   0.85833E+001   0.10431E+000   0.13509E+000   0.94373E-001   0.00000E+000   0.23284E+000   0.40440E+000   0.21066E+000   0.15813E-001
   0.20600E+002   0.86000E+001   0.10434E+000   0.13513E+000   0.94602E-001   0.00000E+000   0.23291E+000   0.40453E+000   0.21117E+000   0.15830E-001
   0.20617E+002   0.86167E+001   0.10437E+000   0.13517E+000   0.94831E-001   0.00000E+000   0.23299E+000   0.40466E+000   0.21169E+000   0.15847E-001
   0.20633E+002   0.86333E+001   0.10441E+000   0.13521E+000   0.95061E-001   0.00000E+000   0.23306E+000   0.40479E+000   0.21220E+000   0.15864E-001
   0.20650E+002   0.86500E+001   0.10444E+000   0.13525E+000   0.95291E-001   0.00000E+000   0.23313E+000   0.40491E+000   0.21271E+000   0.15881E-001
   0.20667E+002   0.86667E+001   0.10447E+000   0.13529E+000   0.95522E-001   0.00000E+000   0.23320E+000   0.40503E+000   0.21323E+000   0.15898E-001
   0.20683E+002   0.86833E+001   0.10450E+000   0.13533E+000   0.95754E-001   0.00000E+000   0.23327E+000   0.40515E+000   0.21375E+000   0.15915E-001
   0.20700E+002   0.87000E+001   0.10453E+000   0.13537E+000   0.95986E-001   0.00000E+000   0.23333E+000   0.40526E+000   0.21426E+000   0.15933E-001
   0.20717E+002   0.87167E+001   0.10456E+000   0.13541E+000   0.96218E-001   0.00000E+000   0.23340E+000   0.40538E+000   0.21478E+000   0.15950E-001
   0.20733E+002   0.87333E+001   0.10459E+000   0.13545E+000   0.96451E-001   0.00000E+000   0.23346E+000   0.40549E+000   0.21530E+000   0.15967E-001
   0.20750E+002   0.87500E+001   0.10461E+000   0.13548E+000   0.96685E-001   0.00000E+000   0.23352E+000   0.40560E+000   0.21582E+000   0.15984E-001
   0.20767E+002   0.87667E+001   0.10464E+000   0.13552E+000   0.96919E-001   0.00000E+000   0.23359E+000   0.40570E+000   0.21635E+000   0.16002E-001
   0.20783E+002   0.87833E+001   0.10467E+000   0.13555E+000   0.97154E-001   0.00000E+000   0.23365E+000   0.40581E+000   0.21687E+000   0.16019E-001
   0.20800E+002   0.88000E+001   0.10470E+000   0.13559E+000   0.97389E-001   0.00000E+000   0.23370E+000   0.40591E+000   0.21739E+000   0.16037E-001
   0.20817E+002   0.88167E+001   0.10472E+000   0.13562E+000   0.97624E-001   0.00000E+000   0.23376E+000   0.40601E+000   0.21792E+000   0.16054E-001
   0.20833E+002   0.88333E+001   0.10475E+000   0.13565E+000   0.97860E-001   0.00000E+000   0.23382E+000   0.40610E+000   0.21845E+000   0.16071E-001
   0.20850E+002   0.88500E+001   0.10477E+000   0.13569E+000   0.98097E-001   0.00000E+000   0.23387E+000   0.40620E+000   0.21898E+000   0.16089E-001
   0.20867E+002   0.88667E+001   0.10479E+000   0.13572E+000   0.98334E-001   0.00000E+000   0.23392E+000   0.40629E+000   0.21951E+000   0.16106E-001
   0.20883E+002   0.88833E+001   0.10482E+000   0.13575E+000   0.98572E-001   0.00000E+000   0.23398E+000   0.40638E+000   0.22004E+000   0.16124E-001
   0.20900E+002   0.89000E+001   0.10484E+000   0.13578E+000   0.98810E-001   0.00000E+000   0.23403E+000   0.40647E+000   0.22057E+000   0.16142E-001
   0.20917E+002   0.89167E+001   0.10486E+000   0.13580E+000   0.99048E-001   0.00000E+000   0.23407E+000   0.40655E+000   0.22110E+000   0.16159E-001
   0.20933E+002   0.89333E+001   0.10488E+000   0.13583E+000   0.99287E-001   0.00000E+000   0.23412E+000   0.40663E+000   0.22163E+000   0.16177E-001
   0.20950E+002   0.89500E+001   0.10490E+000   0.13586E+000   0.99527E-001   0.00000E+000   0.23417E+000   0.40671E+000   0.22217E+000   0.16194E-001
   0.20967E+002   0.89667E+001   0.10492E+000   0.13588E+000   0.99767E-001   0.00000E+000   0.23421E+000   0.40679E+000   0.22270E+000   0.16212E-001
