VERT
 21
 4
         z (m)       u (m/s)            wu
        0.0000        0.9274  -0.40697E-01
      398.8467        0.9274   0.42384E-02
      398.8467        0.0001   0.10000E-03
     3000.0000        0.0000   0.00000E+00
        0.0000        0.8049  -0.37681E-01
      403.9047        0.8049   0.68026E-02
      403.9047        0.0001   0.10000E-03
     3000.0000        0.0000   0.00000E+00
        0.0000        0.6639  -0.32036E-01
      417.2479        0.6639   0.94379E-02
      417.2479        0.0001   0.10000E-03
     3000.0000        0.0000   0.00000E+00
        0.0000        0.5221  -0.25437E-01
      444.1663        0.5221   0.12815E-01
      444.1663        0.0001   0.10000E-03
     3000.0000        0.0000   0.00000E+00
        0.0000        0.3806  -0.19639E-01
      505.5101        0.3806   0.22426E-01
      505.5101        0.0001   0.10000E-03
     3000.0000        0.0000   0.00000E+00
        0.0000        0.2459  -0.12914E-01
      653.0683        0.2459   0.26901E-01
      653.0683        0.0001   0.10000E-03
     3000.0000        0.0000   0.00000E+00
        0.0000        0.1617  -0.85447E-02
      844.2648        0.1617   0.18089E-01
      844.2648        0.0001   0.10000E-03
     3000.0000        0.0000   0.00000E+00
        0.0000        0.1138  -0.60866E-02
     1023.5494        0.1138   0.11844E-01
     1023.5494        0.0001   0.10000E-03
     3000.0000        0.0000   0.00000E+00
        0.0000        0.0863  -0.46904E-02
     1140.8695        0.0863   0.41510E-02
     1140.8695        0.0001   0.10000E-03
     3000.0000        0.0000   0.00000E+00
        0.0000        0.0681  -0.37554E-02
     1196.7616        0.0681   0.25324E-02
     1196.7616        0.0001   0.10000E-03
     3000.0000        0.0000   0.00000E+00
        0.0000        0.0529  -0.29230E-02
     1239.0735        0.0529   0.17000E-02
     1239.0735        0.0001   0.10000E-03
     3000.0000        0.0000   0.00000E+00
        0.0000        0.0400  -0.21789E-02
     1272.7994        0.0400   0.11212E-02
     1272.7994        0.0001   0.10000E-03
     3000.0000        0.0000   0.00000E+00
        0.0000        0.0289  -0.15286E-02
     1298.8047        0.0289   0.69341E-03
     1298.8047        0.0001   0.10000E-03
     3000.0000        0.0000   0.00000E+00
        0.0000        0.0194  -0.97709E-03
     1317.0136        0.0194   0.38302E-03
     1317.0136        0.0001   0.10000E-03
     3000.0000        0.0000   0.00000E+00
        0.0000        0.0112  -0.52593E-03
     1327.1972        0.0112   0.17207E-03
     1327.1972        0.0001   0.10000E-03
     3000.0000        0.0000   0.00000E+00
        0.0000        0.0041  -0.17538E-03
     1329.3018        0.0041   0.45293E-04
     1329.3018        0.0001   0.10000E-03
     3000.0000        0.0000   0.00000E+00
        0.0000       -0.0020   0.73574E-04
     1323.6549       -0.0020  -0.13659E-04
     1323.6549        0.0001   0.10000E-03
     3000.0000        0.0000   0.00000E+00
