VERT
 21
 4
         z (m)       v (m/s)            wv
        0.0000        0.6962  -0.30556E-01
      398.8467        0.6962   0.31823E-02
      398.8467        0.0001   0.10000E-03
     3000.0000        0.0000   0.00000E+00
        0.0000        0.4423  -0.20711E-01
      403.9047        0.4423   0.37390E-02
      403.9047        0.0001   0.10000E-03
     3000.0000        0.0000   0.00000E+00
        0.0000        0.2507  -0.12099E-01
      417.2479        0.2507   0.35645E-02
      417.2479        0.0001   0.10000E-03
     3000.0000        0.0000   0.00000E+00
        0.0000        0.1165  -0.56791E-02
      444.1663        0.1165   0.28612E-02
      444.1663        0.0001   0.10000E-03
     3000.0000        0.0000   0.00000E+00
        0.0000        0.0298  -0.15389E-02
      505.5101        0.0298   0.17573E-02
      505.5101        0.0001   0.10000E-03
     3000.0000        0.0000   0.00000E+00
        0.0000       -0.0156   0.81810E-03
      653.0683       -0.0156  -0.17043E-02
      653.0683        0.0001   0.10000E-03
     3000.0000        0.0000   0.00000E+00
        0.0000       -0.0336   0.17742E-02
      844.2648       -0.0336  -0.37560E-02
      844.2648        0.0001   0.10000E-03
     3000.0000        0.0000   0.00000E+00
        0.0000       -0.0411   0.21956E-02
     1023.5494       -0.0411  -0.42722E-02
     1023.5494        0.0001   0.10000E-03
     3000.0000        0.0000   0.00000E+00
        0.0000       -0.0458   0.24876E-02
     1140.8695       -0.0458  -0.22015E-02
     1140.8695        0.0001   0.10000E-03
     3000.0000        0.0000   0.00000E+00
        0.0000       -0.0496   0.27329E-02
     1196.7616       -0.0496  -0.18429E-02
     1196.7616        0.0001   0.10000E-03
     3000.0000        0.0000   0.00000E+00
        0.0000       -0.0514   0.28374E-02
     1239.0735       -0.0514  -0.16502E-02
     1239.0735        0.0001   0.10000E-03
     3000.0000        0.0000   0.00000E+00
        0.0000       -0.0517   0.28143E-02
     1272.7994       -0.0517  -0.14482E-02
     1272.7994        0.0001   0.10000E-03
     3000.0000        0.0000   0.00000E+00
        0.0000       -0.0508   0.26862E-02
     1298.8047       -0.0508  -0.12185E-02
     1298.8047        0.0001   0.10000E-03
     3000.0000        0.0000   0.00000E+00
        0.0000       -0.0491   0.24755E-02
     1317.0136       -0.0491  -0.97041E-03
     1317.0136        0.0001   0.10000E-03
     3000.0000        0.0000   0.00000E+00
        0.0000       -0.0469   0.22016E-02
     1327.1972       -0.0469  -0.72029E-03
     1327.1972        0.0001   0.10000E-03
     3000.0000        0.0000   0.00000E+00
        0.0000       -0.0444   0.18794E-02
     1329.3018       -0.0444  -0.48537E-03
     1329.3018        0.0001   0.10000E-03
     3000.0000        0.0000   0.00000E+00
        0.0000       -0.0417   0.15192E-02
     1323.6549       -0.0417  -0.28205E-03
     1323.6549        0.0001   0.10000E-03
     3000.0000        0.0000   0.00000E+00
