VERT
 22
 4
         z (m)      q (g/kg)            wq
        0.0000        7.7913   0.85389E-02
      231.3153        7.7913   0.53195E-01
      231.3153        6.1749   0.10000E-03
     3000.0000       -0.4700   0.00000E+00
        0.0000        7.4391   0.16904E-01
      308.2589        7.4391   0.72362E-01
      308.2589        5.9903   0.10000E-03
     3000.0000       -0.4700   0.00000E+00
        0.0000        7.1591   0.24925E-01
      404.7789        7.1591   0.78768E-01
      404.7789        5.7586   0.10000E-03
     3000.0000       -0.4700   0.00000E+00
        0.0000        6.9504   0.32438E-01
      508.2771        6.9504   0.83996E-01
      508.2771        5.5102   0.10000E-03
     3000.0000       -0.4700   0.00000E+00
        0.0000        6.7868   0.39292E-01
      613.6458        6.7868   0.89523E-01
      613.6458        5.2574   0.10000E-03
     3000.0000       -0.4700   0.00000E+00
        0.0000        6.6516   0.45345E-01
      718.3958        6.6516   0.94990E-01
      718.3958        5.0060   0.10000E-03
     3000.0000       -0.4700   0.00000E+00
        0.0000        6.5357   0.50475E-01
      821.0431        6.5357   0.99882E-01
      821.0431        4.7596   0.10000E-03
     3000.0000       -0.4700   0.00000E+00
        0.0000        6.4337   0.54578E-01
      920.5504        6.4337   0.10378E+00
      920.5504        4.5208   0.10000E-03
     3000.0000       -0.4700   0.00000E+00
        0.0000        6.3425   0.57570E-01
     1016.1088        6.3425   0.10637E+00
     1016.1088        4.2914   0.10000E-03
     3000.0000       -0.4700   0.00000E+00
        0.0000        6.2603   0.59389E-01
     1107.0414        6.2603   0.10743E+00
     1107.0414        4.0732   0.10000E-03
     3000.0000       -0.4700   0.00000E+00
        0.0000        6.1860   0.60000E-01
     1192.7594        6.1860   0.10682E+00
     1192.7594        3.8675   0.10000E-03
     3000.0000       -0.4700   0.00000E+00
        0.0000        6.1188   0.59389E-01
     1272.7392        6.1188   0.10445E+00
     1272.7392        3.6755   0.10000E-03
     3000.0000       -0.4700   0.00000E+00
        0.0000        6.0584   0.57570E-01
     1346.5108        6.0584   0.10030E+00
     1346.5108        3.4985   0.10000E-03
     3000.0000       -0.4700   0.00000E+00
        0.0000        6.0045   0.54578E-01
     1413.6525        6.0045   0.94390E-01
     1413.6525        3.3373   0.10000E-03
     3000.0000       -0.4700   0.00000E+00
        0.0000        5.9570   0.50475E-01
     1473.7874        5.9570   0.86790E-01
     1473.7874        3.1930   0.10000E-03
     3000.0000       -0.4700   0.00000E+00
        0.0000        5.9158   0.45345E-01
     1526.5825        5.9158   0.77616E-01
     1526.5825        3.0663   0.10000E-03
     3000.0000       -0.4700   0.00000E+00
        0.0000        5.8809   0.39292E-01
     1571.7483        5.8809   0.67018E-01
     1571.7483        2.9579   0.10000E-03
     3000.0000       -0.4700   0.00000E+00
        0.0000        5.8523   0.32438E-01
     1609.0388        5.8523   0.55180E-01
     1609.0388        2.8684   0.10000E-03
     3000.0000       -0.4700   0.00000E+00
        0.0000        5.8300   0.24925E-01
     1638.2521        5.8300   0.42315E-01
     1638.2521        2.7983   0.10000E-03
     3000.0000       -0.4700   0.00000E+00
        0.0000        5.8141   0.16904E-01
     1659.2303        5.8141   0.28659E-01
     1659.2303        2.7479   0.10000E-03
     3000.0000       -0.4700   0.00000E+00
        0.0000        5.8045   0.85389E-02
     1671.8607        5.8045   0.14465E-01
     1671.8607        2.7176   0.10000E-03
     3000.0000       -0.4700   0.00000E+00
        0.0000        5.8013   0.00000E+00
     1676.0752        5.8013   0.00000E+00
     1676.0752        2.7075   0.10000E-03
     3000.0000       -0.4700   0.00000E+00
Time int. between profiles 1800s
