VERT
 22
 4
         z (m)     theta (K)        wtheta
        0.0000      288.1227   0.15655E-01
      231.3153      288.1227  -0.31309E-02
      231.3153      288.5097   0.10000E-03
    3000.00000     298.20000   0.00000E+00
        0.0000      288.3894   0.30991E-01
      308.2589      288.3894  -0.61981E-02
      308.2589      288.7790   0.10000E-03
    3000.00000     298.20000   0.00000E+00
        0.0000      288.6934   0.45696E-01
      404.7789      288.6934  -0.91391E-02
      404.7789      289.1168   0.10000E-03
    3000.00000     298.20000   0.00000E+00
        0.0000      289.0031   0.59470E-01
      508.2771      289.0031  -0.11894E-01
      508.2771      289.4791   0.10000E-03
    3000.00000     298.20000   0.00000E+00
        0.0000      289.3097   0.72035E-01
      613.6458      289.3097  -0.14407E-01
      613.6458      289.8479   0.10000E-03
    3000.00000     298.20000   0.00000E+00
        0.0000      289.6096   0.83132E-01
      718.3958      289.6096  -0.16626E-01
      718.3958      290.2145   0.10000E-03
    3000.00000     298.20000   0.00000E+00
        0.0000      289.9006   0.92538E-01
      821.0431      289.9006  -0.18508E-01
      821.0431      290.5738   0.10000E-03
    3000.00000     298.20000   0.00000E+00
        0.0000      290.1808   0.10006E+00
      920.5504      290.1808  -0.20012E-01
      920.5504      290.9220   0.10000E-03
    3000.00000     298.20000   0.00000E+00
        0.0000      290.4487   0.10554E+00
     1016.1088      290.4487  -0.21109E-01
     1016.1088      291.2565   0.10000E-03
    3000.00000     298.20000   0.00000E+00
        0.0000      290.7027   0.10888E+00
     1107.0414      290.7027  -0.21776E-01
     1107.0414      291.5747   0.10000E-03
    3000.00000     298.20000   0.00000E+00
        0.0000      290.9416   0.11000E+00
     1192.7594      290.9416  -0.22000E-01
     1192.7594      291.8748   0.10000E-03
    3000.00000     298.20000   0.00000E+00
        0.0000      291.1641   0.10888E+00
     1272.7392      291.1641  -0.21776E-01
     1272.7392      292.1547   0.10000E-03
    3000.00000     298.20000   0.00000E+00
        0.0000      291.3690   0.10554E+00
     1346.5108      291.3690  -0.21109E-01
     1346.5108      292.4129   0.10000E-03
    3000.00000     298.20000   0.00000E+00
        0.0000      291.5553   0.10006E+00
     1413.6525      291.5553  -0.20012E-01
     1413.6525      292.6479   0.10000E-03
    3000.00000     298.20000   0.00000E+00
        0.0000      291.7220   0.92538E-01
     1473.7874      291.7220  -0.18508E-01
     1473.7874      292.8584   0.10000E-03
    3000.00000     298.20000   0.00000E+00
        0.0000      291.8682   0.83132E-01
     1526.5825      291.8682  -0.16626E-01
     1526.5825      293.0431   0.10000E-03
    3000.00000     298.20000   0.00000E+00
        0.0000      291.9932   0.72035E-01
     1571.7483      291.9932  -0.14407E-01
     1571.7483      293.2012   0.10000E-03
    3000.00000     298.20000   0.00000E+00
        0.0000      292.0964   0.59470E-01
     1609.0388      292.0964  -0.11894E-01
     1609.0388      293.3317   0.10000E-03
    3000.00000     298.20000   0.00000E+00
        0.0000      292.1772   0.45696E-01
     1638.2521      292.1772  -0.91391E-02
     1638.2521      293.4340   0.10000E-03
    3000.00000     298.20000   0.00000E+00
        0.0000      292.2352   0.30991E-01
     1659.2303      292.2352  -0.61981E-02
     1659.2303      293.5074   0.10000E-03
    3000.00000     298.20000   0.00000E+00
        0.0000      292.2701   0.15655E-01
     1671.8607      292.2701  -0.31309E-02
     1671.8607      293.5516   0.10000E-03
    3000.00000     298.20000   0.00000E+00
        0.0000      292.2818   0.00000E+00
     1676.0752      292.2818  -0.00000E+00
     1676.0752      293.5664   0.10000E-03
    3000.00000     298.20000   0.00000E+00
Time int. between profiles 1800s
