 UTC(hours) ustar  uws  vws  uwe  vwe  du   dv   dVe 
        0.0167        0.0167        0.0913       -0.0083        0.0000        0.0000        0.0000       -3.9995        0.0275        3.9996
        0.0333        0.0333        0.2105       -0.0443        0.0003        0.0000        0.0000       -3.9967        0.0550        3.9970
        0.0500        0.0500        0.2104       -0.0442        0.0006        0.0000        0.0000       -3.9936        0.0824        3.9945
        0.0667        0.0667        0.2102       -0.0442        0.0009        0.0000        0.0000       -3.9904        0.1098        3.9919
        0.0833        0.0833        0.2101       -0.0441        0.0012        0.0000        0.0000       -3.9870        0.1372        3.9894
        0.1000        0.1000        0.2100       -0.0441        0.0015        0.0000        0.0000       -3.9834        0.1645        3.9868
        0.1167        0.1167        0.2098       -0.0440        0.0018        0.0000        0.0000       -3.9796        0.1917        3.9843
        0.1333        0.1333        0.2097       -0.0439        0.0021        0.0000        0.0000       -3.9757        0.2190        3.9817
        0.1500        0.1500        0.2096       -0.0438        0.0024        0.0000        0.0000       -3.9716        0.2462        3.9792
        0.1667        0.1667        0.2094       -0.0438        0.0027        0.0000        0.0000       -3.9672        0.2733        3.9766
        0.1833        0.1833        0.2093       -0.0437        0.0030        0.0000        0.0000       -3.9627        0.3004        3.9741
        0.2000        0.2000        0.2092       -0.0436        0.0033        0.0000        0.0000       -3.9581        0.3274        3.9716
        0.2167        0.2167        0.2090       -0.0435        0.0036        0.0000        0.0000       -3.9532        0.3544        3.9690
        0.2333        0.2333        0.2089       -0.0435        0.0039        0.0000        0.0000       -3.9481        0.3814        3.9665
        0.2500        0.2500        0.2088       -0.0434        0.0042        0.0000        0.0000       -3.9429        0.4082        3.9640
        0.2667        0.2667        0.2086       -0.0433        0.0045        0.0000        0.0000       -3.9375        0.4351        3.9615
        0.2833        0.2833        0.2085       -0.0432        0.0048        0.0000        0.0000       -3.9319        0.4619        3.9590
        0.3000        0.3000        0.2084       -0.0431        0.0051        0.0000        0.0000       -3.9262        0.4886        3.9565
        0.3167        0.3167        0.2082       -0.0430        0.0054        0.0000        0.0000       -3.9202        0.5152        3.9540
        0.3333        0.3333        0.2081       -0.0429        0.0056        0.0000        0.0000       -3.9141        0.5419        3.9514
        0.3500        0.3500        0.2080       -0.0428        0.0059        0.0000        0.0000       -3.9078        0.5684        3.9489
        0.3667        0.3667        0.2078       -0.0427        0.0062        0.0000        0.0000       -3.9014        0.5949        3.9464
        0.3833        0.3833        0.2077       -0.0426        0.0065        0.0000        0.0000       -3.8947        0.6213        3.9440
        0.4000        0.4000        0.2076       -0.0425        0.0068        0.0000        0.0000       -3.8879        0.6477        3.9415
        0.4167        0.4167        0.2074       -0.0424        0.0071        0.0000        0.0000       -3.8809        0.6740        3.9390
        0.4333        0.4333        0.2073       -0.0423        0.0074        0.0000        0.0000       -3.8737        0.7002        3.9365
        0.4500        0.4500        0.2072       -0.0422        0.0076        0.0000        0.0000       -3.8664        0.7264        3.9340
        0.4667        0.4667        0.2070       -0.0421        0.0079        0.0000        0.0000       -3.8588        0.7525        3.9315
        0.4833        0.4833        0.2069       -0.0420        0.0082        0.0000        0.0000       -3.8511        0.7785        3.9290
        0.5000        0.5000        0.2068       -0.0419        0.0085        0.0000        0.0000       -3.8433        0.8045        3.9266
        0.5167        0.5167        0.2067       -0.0418        0.0087        0.0000        0.0000       -3.8352        0.8304        3.9241
        0.5333        0.5333        0.2065       -0.0417        0.0090        0.0000        0.0000       -3.8270        0.8562        3.9216
        0.5500        0.5500        0.2064       -0.0416        0.0093        0.0000        0.0000       -3.8187        0.8820        3.9192
        0.5667        0.5667        0.2063       -0.0415        0.0096        0.0000        0.0000       -3.8101        0.9076        3.9167
        0.5833        0.5833        0.2061       -0.0413        0.0098        0.0000        0.0000       -3.8014        0.9332        3.9143
        0.6000        0.6000        0.2060       -0.0412        0.0101        0.0000        0.0000       -3.7925        0.9588        3.9118
        0.6167        0.6167        0.2059       -0.0411        0.0104        0.0000        0.0000       -3.7834        0.9842        3.9094
        0.6333        0.6333        0.2057       -0.0410        0.0107        0.0000        0.0000       -3.7742        1.0096        3.9069
        0.6500        0.6500        0.2056       -0.0408        0.0109        0.0000        0.0000       -3.7648        1.0349        3.9045
        0.6667        0.6667        0.2055       -0.0407        0.0112        0.0000        0.0000       -3.7553        1.0601        3.9020
        0.6833        0.6833        0.2054       -0.0406        0.0115        0.0000        0.0000       -3.7455        1.0852        3.8996
        0.7000        0.7000        0.2052       -0.0405        0.0117        0.0000        0.0000       -3.7357        1.1102        3.8972
        0.7167        0.7167        0.2051       -0.0403        0.0120        0.0000        0.0000       -3.7256        1.1352        3.8947
        0.7333        0.7333        0.2050       -0.0402        0.0122        0.0000        0.0000       -3.7154        1.1601        3.8923
        0.7500        0.7500        0.2048       -0.0401        0.0125        0.0000        0.0000       -3.7050        1.1849        3.8899
        0.7667        0.7667        0.2047       -0.0399        0.0128        0.0000        0.0000       -3.6945        1.2096        3.8874
        0.7833        0.7833        0.2046       -0.0398        0.0130        0.0000        0.0000       -3.6838        1.2342        3.8850
        0.8000        0.8000        0.2045       -0.0396        0.0133        0.0000        0.0000       -3.6729        1.2587        3.8826
        0.8167        0.8167        0.2043       -0.0395        0.0135        0.0000        0.0000       -3.6619        1.2831        3.8802
        0.8333        0.8333        0.2042       -0.0394        0.0138        0.0000        0.0000       -3.6507        1.3075        3.8778
        0.8500        0.8500        0.2041       -0.0392        0.0140        0.0000        0.0000       -3.6394        1.3317        3.8754
        0.8667        0.8667        0.2040       -0.0391        0.0143        0.0000        0.0000       -3.6279        1.3559        3.8730
        0.8833        0.8833        0.2038       -0.0389        0.0145        0.0000        0.0000       -3.6162        1.3799        3.8706
        0.9000        0.9000        0.2037       -0.0388        0.0148        0.0000        0.0000       -3.6044        1.4039        3.8682
        0.9167        0.9167        0.2036       -0.0386        0.0150        0.0000        0.0000       -3.5924        1.4278        3.8658
        0.9333        0.9333        0.2035       -0.0385        0.0153        0.0000        0.0000       -3.5803        1.4516        3.8634
        0.9500        0.9500        0.2033       -0.0383        0.0155        0.0000        0.0000       -3.5680        1.4752        3.8610
        0.9667        0.9667        0.2032       -0.0382        0.0158        0.0000        0.0000       -3.5556        1.4988        3.8586
        0.9833        0.9833        0.2031       -0.0380        0.0160        0.0000        0.0000       -3.5430        1.5223        3.8562
        1.0000        1.0000        0.2029       -0.0378        0.0163        0.0000        0.0000       -3.5303        1.5457        3.8538
        1.0167        1.0167        0.2028       -0.0377        0.0165        0.0000        0.0000       -3.5174        1.5690        3.8515
        1.0333        1.0333        0.2027       -0.0375        0.0167        0.0000        0.0000       -3.5044        1.5921        3.8491
        1.0500        1.0500        0.2026       -0.0374        0.0170        0.0000        0.0000       -3.4912        1.6152        3.8467
        1.0667        1.0667        0.2024       -0.0372        0.0172        0.0000        0.0000       -3.4779        1.6382        3.8444
        1.0833        1.0833        0.2023       -0.0370        0.0174        0.0000        0.0000       -3.4644        1.6610        3.8420
        1.1000        1.1000        0.2022       -0.0369        0.0177        0.0000        0.0000       -3.4507        1.6838        3.8396
        1.1167        1.1167        0.2021       -0.0367        0.0179        0.0000        0.0000       -3.4370        1.7064        3.8373
        1.1333        1.1333        0.2020       -0.0365        0.0181        0.0000        0.0000       -3.4230        1.7290        3.8349
        1.1500        1.1500        0.2018       -0.0364        0.0184        0.0000        0.0000       -3.4090        1.7514        3.8326
        1.1667        1.1667        0.2017       -0.0362        0.0186        0.0000        0.0000       -3.3948        1.7737        3.8302
        1.1833        1.1833        0.2016       -0.0360        0.0188        0.0000        0.0000       -3.3804        1.7959        3.8279
        1.2000        1.2000        0.2015       -0.0358        0.0190        0.0000        0.0000       -3.3659        1.8180        3.8255
        1.2167        1.2167        0.2013       -0.0357        0.0193        0.0000        0.0000       -3.3513        1.8400        3.8232
        1.2333        1.2333        0.2012       -0.0355        0.0195        0.0000        0.0000       -3.3365        1.8619        3.8208
        1.2500        1.2500        0.2011       -0.0353        0.0197        0.0000        0.0000       -3.3216        1.8836        3.8185
        1.2667        1.2667        0.2010       -0.0351        0.0199        0.0000        0.0000       -3.3065        1.9053        3.8162
        1.2833        1.2833        0.2008       -0.0350        0.0201        0.0000        0.0000       -3.2913        1.9268        3.8138
        1.3000        1.3000        0.2007       -0.0348        0.0204        0.0000        0.0000       -3.2760        1.9482        3.8115
        1.3167        1.3167        0.2006       -0.0346        0.0206        0.0000        0.0000       -3.2605        1.9695        3.8092
        1.3333        1.3333        0.2005       -0.0344        0.0208        0.0000        0.0000       -3.2449        1.9906        3.8069
        1.3500        1.3500        0.2004       -0.0342        0.0210        0.0000        0.0000       -3.2292        2.0117        3.8045
        1.3667        1.3667        0.2002       -0.0340        0.0212        0.0000        0.0000       -3.2133        2.0326        3.8022
        1.3833        1.3833        0.2001       -0.0338        0.0214        0.0000        0.0000       -3.1973        2.0534        3.7999
        1.4000        1.4000        0.2000       -0.0337        0.0216        0.0000        0.0000       -3.1812        2.0741        3.7976
        1.4167        1.4167        0.1999       -0.0335        0.0218        0.0000        0.0000       -3.1649        2.0946        3.7953
        1.4333        1.4333        0.1997       -0.0333        0.0220        0.0000        0.0000       -3.1485        2.1151        3.7930
        1.4500        1.4500        0.1996       -0.0331        0.0222        0.0000        0.0000       -3.1320        2.1354        3.7907
        1.4667        1.4667        0.1995       -0.0329        0.0224        0.0000        0.0000       -3.1154        2.1556        3.7884
        1.4833        1.4833        0.1994       -0.0327        0.0226        0.0000        0.0000       -3.0986        2.1756        3.7861
        1.5000        1.5000        0.1993       -0.0325        0.0228        0.0000        0.0000       -3.0817        2.1956        3.7838
        1.5167        1.5167        0.1991       -0.0323        0.0230        0.0000        0.0000       -3.0646        2.2154        3.7815
        1.5333        1.5333        0.1990       -0.0321        0.0232        0.0000        0.0000       -3.0475        2.2350        3.7792
        1.5500        1.5500        0.1989       -0.0319        0.0234        0.0000        0.0000       -3.0302        2.2546        3.7769
        1.5667        1.5667        0.1988       -0.0317        0.0236        0.0000        0.0000       -3.0128        2.2740        3.7747
        1.5833        1.5833        0.1987       -0.0315        0.0238        0.0000        0.0000       -2.9953        2.2933        3.7724
        1.6000        1.6000        0.1985       -0.0313        0.0240        0.0000        0.0000       -2.9777        2.3124        3.7701
        1.6167        1.6167        0.1984       -0.0311        0.0241        0.0000        0.0000       -2.9599        2.3314        3.7678
        1.6333        1.6333        0.1983       -0.0309        0.0243        0.0000        0.0000       -2.9420        2.3503        3.7656
        1.6500        1.6500        0.1982       -0.0307        0.0245        0.0000        0.0000       -2.9240        2.3691        3.7633
        1.6667        1.6667        0.1981       -0.0305        0.0247        0.0000        0.0000       -2.9059        2.3877        3.7610
        1.6833        1.6833        0.1979       -0.0303        0.0249        0.0000        0.0000       -2.8877        2.4062        3.7588
        1.7000        1.7000        0.1978       -0.0301        0.0251        0.0000        0.0000       -2.8693        2.4245        3.7565
        1.7167        1.7167        0.1977       -0.0299        0.0252        0.0000        0.0000       -2.8509        2.4427        3.7543
        1.7333        1.7333        0.1976       -0.0296        0.0254        0.0000        0.0000       -2.8323        2.4608        3.7520
        1.7500        1.7500        0.1975       -0.0294        0.0256        0.0000        0.0000       -2.8136        2.4787        3.7498
        1.7667        1.7667        0.1973       -0.0292        0.0257        0.0000        0.0000       -2.7948        2.4965        3.7475
        1.7833        1.7833        0.1972       -0.0290        0.0259        0.0000        0.0000       -2.7759        2.5142        3.7453
        1.8000        1.8000        0.1971       -0.0288        0.0261        0.0000        0.0000       -2.7569        2.5317        3.7430
        1.8167        1.8167        0.1970       -0.0286        0.0262        0.0000        0.0000       -2.7378        2.5491        3.7408
        1.8333        1.8333        0.1969       -0.0284        0.0264        0.0000        0.0000       -2.7186        2.5663        3.7385
        1.8500        1.8500        0.1968       -0.0282        0.0266        0.0000        0.0000       -2.6992        2.5834        3.7363
        1.8667        1.8667        0.1966       -0.0279        0.0267        0.0000        0.0000       -2.6798        2.6004        3.7341
        1.8833        1.8833        0.1965       -0.0277        0.0269        0.0000        0.0000       -2.6603        2.6172        3.7318
        1.9000        1.9000        0.1964       -0.0275        0.0271        0.0000        0.0000       -2.6406        2.6338        3.7296
        1.9167        1.9167        0.1963       -0.0273        0.0272        0.0000        0.0000       -2.6209        2.6504        3.7274
        1.9333        1.9333        0.1962       -0.0271        0.0274        0.0000        0.0000       -2.6011        2.6667        3.7252
        1.9500        1.9500        0.1961       -0.0268        0.0275        0.0000        0.0000       -2.5811        2.6830        3.7230
        1.9667        1.9667        0.1959       -0.0266        0.0277        0.0000        0.0000       -2.5611        2.6990        3.7207
        1.9833        1.9833        0.1958       -0.0264        0.0278        0.0000        0.0000       -2.5409        2.7150        3.7185
        2.0000        2.0000        0.1957       -0.0262        0.0280        0.0000        0.0000       -2.5207        2.7308        3.7163
        2.0167        2.0167        0.1956       -0.0259        0.0281        0.0000        0.0000       -2.5004        2.7464        3.7141
        2.0333        2.0333        0.1955       -0.0257        0.0283        0.0000        0.0000       -2.4800        2.7619        3.7119
        2.0500        2.0500        0.1954       -0.0255        0.0284        0.0000        0.0000       -2.4594        2.7772        3.7097
        2.0667        2.0667        0.1952       -0.0253        0.0285        0.0000        0.0000       -2.4388        2.7924        3.7075
        2.0833        2.0833        0.1951       -0.0250        0.0287        0.0000        0.0000       -2.4181        2.8075        3.7053
        2.1000        2.1000        0.1950       -0.0248        0.0288        0.0000        0.0000       -2.3973        2.8224        3.7031
        2.1167        2.1167        0.1949       -0.0246        0.0289        0.0000        0.0000       -2.3765        2.8371        3.7009
        2.1333        2.1333        0.1948       -0.0244        0.0291        0.0000        0.0000       -2.3555        2.8517        3.6987
        2.1500        2.1500        0.1947       -0.0241        0.0292        0.0000        0.0000       -2.3345        2.8661        3.6965
        2.1667        2.1667        0.1945       -0.0239        0.0293        0.0000        0.0000       -2.3133        2.8804        3.6944
        2.1833        2.1833        0.1944       -0.0237        0.0295        0.0000        0.0000       -2.2921        2.8946        3.6922
        2.2000        2.2000        0.1943       -0.0234        0.0296        0.0000        0.0000       -2.2708        2.9085        3.6900
        2.2167        2.2167        0.1942       -0.0232        0.0297        0.0000        0.0000       -2.2494        2.9224        3.6878
        2.2333        2.2333        0.1941       -0.0230        0.0299        0.0000        0.0000       -2.2279        2.9360        3.6857
        2.2500        2.2500        0.1940       -0.0227        0.0300        0.0000        0.0000       -2.2064        2.9496        3.6835
        2.2667        2.2667        0.1939       -0.0225        0.0301        0.0000        0.0000       -2.1848        2.9629        3.6813
        2.2833        2.2833        0.1937       -0.0223        0.0302        0.0000        0.0000       -2.1631        2.9761        3.6792
        2.3000        2.3000        0.1936       -0.0220        0.0303        0.0000        0.0000       -2.1413        2.9892        3.6770
        2.3167        2.3167        0.1935       -0.0218        0.0304        0.0000        0.0000       -2.1194        3.0021        3.6748
        2.3333        2.3333        0.1934       -0.0216        0.0306        0.0000        0.0000       -2.0975        3.0148        3.6727
        2.3500        2.3500        0.1933       -0.0213        0.0307        0.0000        0.0000       -2.0755        3.0274        3.6705
        2.3667        2.3667        0.1932       -0.0211        0.0308        0.0000        0.0000       -2.0534        3.0398        3.6684
        2.3833        2.3833        0.1931       -0.0209        0.0309        0.0000        0.0000       -2.0313        3.0521        3.6662
        2.4000        2.4000        0.1930       -0.0206        0.0310        0.0000        0.0000       -2.0091        3.0642        3.6641
        2.4167        2.4167        0.1928       -0.0204        0.0311        0.0000        0.0000       -1.9868        3.0761        3.6619
        2.4333        2.4333        0.1927       -0.0202        0.0312        0.0000        0.0000       -1.9644        3.0879        3.6598
        2.4500        2.4500        0.1926       -0.0199        0.0313        0.0000        0.0000       -1.9420        3.0995        3.6576
        2.4667        2.4667        0.1925       -0.0197        0.0314        0.0000        0.0000       -1.9195        3.1110        3.6555
        2.4833        2.4833        0.1924       -0.0194        0.0315        0.0000        0.0000       -1.8970        3.1223        3.6534
        2.5000        2.5000        0.1923       -0.0192        0.0316        0.0000        0.0000       -1.8743        3.1334        3.6512
        2.5167        2.5167        0.1922       -0.0190        0.0317        0.0000        0.0000       -1.8517        3.1444        3.6491
        2.5333        2.5333        0.1921       -0.0187        0.0318        0.0000        0.0000       -1.8289        3.1552        3.6470
        2.5500        2.5500        0.1919       -0.0185        0.0319        0.0000        0.0000       -1.8061        3.1659        3.6449
        2.5667        2.5667        0.1918       -0.0182        0.0320        0.0000        0.0000       -1.7833        3.1764        3.6427
        2.5833        2.5833        0.1917       -0.0180        0.0320        0.0000        0.0000       -1.7604        3.1867        3.6406
        2.6000        2.6000        0.1916       -0.0178        0.0321        0.0000        0.0000       -1.7374        3.1969        3.6385
        2.6167        2.6167        0.1915       -0.0175        0.0322        0.0000        0.0000       -1.7144        3.2069        3.6364
        2.6333        2.6333        0.1914       -0.0173        0.0323        0.0000        0.0000       -1.6913        3.2168        3.6343
        2.6500        2.6500        0.1913       -0.0170        0.0324        0.0000        0.0000       -1.6682        3.2264        3.6322
        2.6667        2.6667        0.1912       -0.0168        0.0325        0.0000        0.0000       -1.6450        3.2360        3.6301
        2.6833        2.6833        0.1910       -0.0165        0.0325        0.0000        0.0000       -1.6217        3.2453        3.6280
        2.7000        2.7000        0.1909       -0.0163        0.0326        0.0000        0.0000       -1.5985        3.2545        3.6259
        2.7167        2.7167        0.1908       -0.0161        0.0327        0.0000        0.0000       -1.5751        3.2635        3.6238
        2.7333        2.7333        0.1907       -0.0158        0.0328        0.0000        0.0000       -1.5517        3.2724        3.6217
        2.7500        2.7500        0.1906       -0.0156        0.0328        0.0000        0.0000       -1.5283        3.2811        3.6196
        2.7667        2.7667        0.1905       -0.0153        0.0329        0.0000        0.0000       -1.5048        3.2896        3.6175
        2.7833        2.7833        0.1904       -0.0151        0.0330        0.0000        0.0000       -1.4813        3.2980        3.6154
        2.8000        2.8000        0.1903       -0.0148        0.0330        0.0000        0.0000       -1.4578        3.3062        3.6133
        2.8167        2.8167        0.1902       -0.0146        0.0331        0.0000        0.0000       -1.4342        3.3142        3.6112
        2.8333        2.8333        0.1901       -0.0143        0.0332        0.0000        0.0000       -1.4105        3.3221        3.6091
        2.8500        2.8500        0.1899       -0.0141        0.0332        0.0000        0.0000       -1.3868        3.3298        3.6071
        2.8667        2.8667        0.1898       -0.0139        0.0333        0.0000        0.0000       -1.3631        3.3373        3.6050
        2.8833        2.8833        0.1897       -0.0136        0.0333        0.0000        0.0000       -1.3394        3.3447        3.6029
        2.9000        2.9000        0.1896       -0.0134        0.0334        0.0000        0.0000       -1.3156        3.3519        3.6008
        2.9167        2.9167        0.1895       -0.0131        0.0334        0.0000        0.0000       -1.2917        3.3589        3.5988
        2.9333        2.9333        0.1894       -0.0129        0.0335        0.0000        0.0000       -1.2679        3.3658        3.5967
        2.9500        2.9500        0.1893       -0.0126        0.0335        0.0000        0.0000       -1.2440        3.3725        3.5946
        2.9667        2.9667        0.1892       -0.0124        0.0336        0.0000        0.0000       -1.2201        3.3790        3.5926
        2.9833        2.9833        0.1891       -0.0121        0.0336        0.0000        0.0000       -1.1961        3.3854        3.5905
        3.0000        3.0000        0.1890       -0.0119        0.0337        0.0000        0.0000       -1.1721        3.3916        3.5884
        3.0167        3.0167        0.1889       -0.0117        0.0337        0.0000        0.0000       -1.1481        3.3977        3.5864
        3.0333        3.0333        0.1888       -0.0114        0.0338        0.0000        0.0000       -1.1241        3.4035        3.5843
        3.0500        3.0500        0.1886       -0.0112        0.0338        0.0000        0.0000       -1.1000        3.4092        3.5823
        3.0667        3.0667        0.1885       -0.0109        0.0338        0.0000        0.0000       -1.0759        3.4148        3.5802
        3.0833        3.0833        0.1884       -0.0107        0.0339        0.0000        0.0000       -1.0518        3.4201        3.5782
        3.1000        3.1000        0.1883       -0.0104        0.0339        0.0000        0.0000       -1.0277        3.4253        3.5761
        3.1167        3.1167        0.1882       -0.0102        0.0339        0.0000        0.0000       -1.0035        3.4303        3.5741
        3.1333        3.1333        0.1881       -0.0099        0.0340        0.0000        0.0000       -0.9793        3.4352        3.5721
        3.1500        3.1500        0.1880       -0.0097        0.0340        0.0000        0.0000       -0.9551        3.4399        3.5700
        3.1667        3.1667        0.1879       -0.0094        0.0340        0.0000        0.0000       -0.9309        3.4444        3.5680
        3.1833        3.1833        0.1878       -0.0092        0.0340        0.0000        0.0000       -0.9067        3.4488        3.5660
        3.2000        3.2000        0.1877       -0.0090        0.0341        0.0000        0.0000       -0.8825        3.4530        3.5639
        3.2167        3.2167        0.1876       -0.0087        0.0341        0.0000        0.0000       -0.8582        3.4570        3.5619
        3.2333        3.2333        0.1875       -0.0085        0.0341        0.0000        0.0000       -0.8339        3.4608        3.5599
        3.2500        3.2500        0.1874       -0.0082        0.0341        0.0000        0.0000       -0.8096        3.4645        3.5579
        3.2667        3.2667        0.1872       -0.0080        0.0341        0.0000        0.0000       -0.7853        3.4680        3.5558
        3.2833        3.2833        0.1871       -0.0077        0.0342        0.0000        0.0000       -0.7610        3.4714        3.5538
        3.3000        3.3000        0.1870       -0.0075        0.0342        0.0000        0.0000       -0.7367        3.4746        3.5518
        3.3167        3.3167        0.1869       -0.0072        0.0342        0.0000        0.0000       -0.7124        3.4776        3.5498
        3.3333        3.3333        0.1868       -0.0070        0.0342        0.0000        0.0000       -0.6881        3.4804        3.5478
        3.3500        3.3500        0.1867       -0.0068        0.0342        0.0000        0.0000       -0.6638        3.4831        3.5458
        3.3667        3.3667        0.1866       -0.0065        0.0342        0.0000        0.0000       -0.6394        3.4856        3.5438
        3.3833        3.3833        0.1865       -0.0063        0.0342        0.0000        0.0000       -0.6151        3.4880        3.5418
        3.4000        3.4000        0.1864       -0.0060        0.0342        0.0000        0.0000       -0.5908        3.4901        3.5398
        3.4167        3.4167        0.1863       -0.0058        0.0342        0.0000        0.0000       -0.5664        3.4921        3.5378
        3.4333        3.4333        0.1862       -0.0056        0.0342        0.0000        0.0000       -0.5421        3.4940        3.5358
        3.4500        3.4500        0.1861       -0.0053        0.0342        0.0000        0.0000       -0.5177        3.4957        3.5338
        3.4667        3.4667        0.1860       -0.0051        0.0342        0.0000        0.0000       -0.4934        3.4972        3.5318
        3.4833        3.4833        0.1859       -0.0048        0.0342        0.0000        0.0000       -0.4691        3.4985        3.5298
        3.5000        3.5000        0.1858       -0.0046        0.0342        0.0000        0.0000       -0.4448        3.4997        3.5278
        3.5167        3.5167        0.1857       -0.0043        0.0342        0.0000        0.0000       -0.4204        3.5007        3.5258
        3.5333        3.5333        0.1856       -0.0041        0.0342        0.0000        0.0000       -0.3961        3.5015        3.5238
        3.5500        3.5500        0.1855       -0.0039        0.0342        0.0000        0.0000       -0.3718        3.5022        3.5219
        3.5667        3.5667        0.1854       -0.0036        0.0342        0.0000        0.0000       -0.3475        3.5027        3.5199
        3.5833        3.5833        0.1853       -0.0034        0.0342        0.0000        0.0000       -0.3233        3.5030        3.5179
        3.6000        3.6000        0.1851       -0.0031        0.0341        0.0000        0.0000       -0.2990        3.5032        3.5159
        3.6167        3.6167        0.1850       -0.0029        0.0341        0.0000        0.0000       -0.2747        3.5032        3.5140
        3.6333        3.6333        0.1849       -0.0027        0.0341        0.0000        0.0000       -0.2505        3.5031        3.5120
        3.6500        3.6500        0.1848       -0.0024        0.0341        0.0000        0.0000       -0.2263        3.5027        3.5100
        3.6667        3.6667        0.1847       -0.0022        0.0341        0.0000        0.0000       -0.2021        3.5022        3.5081
        3.6833        3.6833        0.1846       -0.0020        0.0340        0.0000        0.0000       -0.1779        3.5016        3.5061
        3.7000        3.7000        0.1845       -0.0017        0.0340        0.0000        0.0000       -0.1537        3.5008        3.5041
        3.7167        3.7167        0.1844       -0.0015        0.0340        0.0000        0.0000       -0.1295        3.4998        3.5022
        3.7333        3.7333        0.1843       -0.0013        0.0340        0.0000        0.0000       -0.1054        3.4986        3.5002
        3.7500        3.7500        0.1842       -0.0010        0.0339        0.0000        0.0000       -0.0813        3.4973        3.4983
        3.7667        3.7667        0.1841       -0.0008        0.0339        0.0000        0.0000       -0.0572        3.4959        3.4963
        3.7833        3.7833        0.1840       -0.0006        0.0339        0.0000        0.0000       -0.0331        3.4942        3.4944
        3.8000        3.8000        0.1839       -0.0003        0.0338        0.0000        0.0000       -0.0091        3.4924        3.4924
        3.8167        3.8167        0.1838       -0.0001        0.0338        0.0000        0.0000        0.0149        3.4905        3.4905
        3.8333        3.8333        0.1837        0.0001        0.0337        0.0000        0.0000        0.0389        3.4883        3.4885
        3.8500        3.8500        0.1836        0.0004        0.0337        0.0000        0.0000        0.0628        3.4860        3.4866
        3.8667        3.8667        0.1835        0.0006        0.0337        0.0000        0.0000        0.0868        3.4836        3.4847
        3.8833        3.8833        0.1834        0.0008        0.0336        0.0000        0.0000        0.1107        3.4810        3.4827
        3.9000        3.9000        0.1833        0.0011        0.0336        0.0000        0.0000        0.1345        3.4782        3.4808
        3.9167        3.9167        0.1832        0.0013        0.0335        0.0000        0.0000        0.1584        3.4753        3.4789
        3.9333        3.9333        0.1831        0.0015        0.0335        0.0000        0.0000        0.1822        3.4722        3.4769
        3.9500        3.9500        0.1830        0.0018        0.0334        0.0000        0.0000        0.2059        3.4689        3.4750
        3.9667        3.9667        0.1829        0.0020        0.0334        0.0000        0.0000        0.2296        3.4655        3.4731
        3.9833        3.9833        0.1828        0.0022        0.0333        0.0000        0.0000        0.2533        3.4619        3.4712
        4.0000        4.0000        0.1827        0.0024        0.0333        0.0000        0.0000        0.2770        3.4582        3.4692
        4.0167        4.0167        0.1826        0.0027        0.0332        0.0000        0.0000        0.3006        3.4543        3.4673
        4.0333        4.0333        0.1825        0.0029        0.0332        0.0000        0.0000        0.3242        3.4502        3.4654
        4.0500        4.0500        0.1824        0.0031        0.0331        0.0000        0.0000        0.3477        3.4460        3.4635
        4.0667        4.0667        0.1823        0.0033        0.0331        0.0000        0.0000        0.3712        3.4416        3.4616
        4.0833        4.0833        0.1822        0.0036        0.0330        0.0000        0.0000        0.3946        3.4371        3.4597
        4.1000        4.1000        0.1821        0.0038        0.0329        0.0000        0.0000        0.4180        3.4324        3.4578
        4.1167        4.1167        0.1820        0.0040        0.0329        0.0000        0.0000        0.4414        3.4276        3.4559
        4.1333        4.1333        0.1819        0.0042        0.0328        0.0000        0.0000        0.4647        3.4226        3.4540
        4.1500        4.1500        0.1818        0.0044        0.0327        0.0000        0.0000        0.4880        3.4174        3.4521
        4.1667        4.1667        0.1817        0.0047        0.0327        0.0000        0.0000        0.5112        3.4121        3.4502
        4.1833        4.1833        0.1816        0.0049        0.0326        0.0000        0.0000        0.5343        3.4066        3.4483
        4.2000        4.2000        0.1815        0.0051        0.0325        0.0000        0.0000        0.5574        3.4010        3.4464
        4.2167        4.2167        0.1814        0.0053        0.0325        0.0000        0.0000        0.5805        3.3952        3.4445
        4.2333        4.2333        0.1813        0.0055        0.0324        0.0000        0.0000        0.6035        3.3893        3.4426
        4.2500        4.2500        0.1812        0.0058        0.0323        0.0000        0.0000        0.6264        3.3832        3.4407
        4.2667        4.2667        0.1811        0.0060        0.0322        0.0000        0.0000        0.6493        3.3769        3.4388
        4.2833        4.2833        0.1810        0.0062        0.0322        0.0000        0.0000        0.6722        3.3706        3.4369
        4.3000        4.3000        0.1809        0.0064        0.0321        0.0000        0.0000        0.6950        3.3640        3.4350
        4.3167        4.3167        0.1808        0.0066        0.0320        0.0000        0.0000        0.7177        3.3573        3.4332
        4.3333        4.3333        0.1807        0.0068        0.0319        0.0000        0.0000        0.7404        3.3505        3.4313
        4.3500        4.3500        0.1806        0.0070        0.0318        0.0000        0.0000        0.7630        3.3435        3.4294
        4.3667        4.3667        0.1805        0.0072        0.0318        0.0000        0.0000        0.7855        3.3363        3.4275
        4.3833        4.3833        0.1804        0.0075        0.0317        0.0000        0.0000        0.8080        3.3290        3.4257
        4.4000        4.4000        0.1803        0.0077        0.0316        0.0000        0.0000        0.8304        3.3216        3.4238
        4.4167        4.4167        0.1802        0.0079        0.0315        0.0000        0.0000        0.8528        3.3140        3.4219
        4.4333        4.4333        0.1801        0.0081        0.0314        0.0000        0.0000        0.8751        3.3062        3.4201
        4.4500        4.4500        0.1800        0.0083        0.0313        0.0000        0.0000        0.8973        3.2983        3.4182
        4.4667        4.4667        0.1799        0.0085        0.0312        0.0000        0.0000        0.9195        3.2903        3.4163
        4.4833        4.4833        0.1798        0.0087        0.0311        0.0000        0.0000        0.9416        3.2821        3.4145
        4.5000        4.5000        0.1797        0.0089        0.0310        0.0000        0.0000        0.9636        3.2738        3.4126
        4.5167        4.5167        0.1796        0.0091        0.0309        0.0000        0.0000        0.9856        3.2653        3.4108
        4.5333        4.5333        0.1795        0.0093        0.0308        0.0000        0.0000        1.0074        3.2566        3.4089
        4.5500        4.5500        0.1794        0.0095        0.0308        0.0000        0.0000        1.0293        3.2479        3.4071
        4.5667        4.5667        0.1793        0.0097        0.0307        0.0000        0.0000        1.0510        3.2390        3.4052
        4.5833        4.5833        0.1792        0.0099        0.0306        0.0000        0.0000        1.0727        3.2299        3.4034
        4.6000        4.6000        0.1791        0.0101        0.0304        0.0000        0.0000        1.0943        3.2207        3.4015
        4.6167        4.6167        0.1790        0.0103        0.0303        0.0000        0.0000        1.1158        3.2114        3.3997
        4.6333        4.6333        0.1789        0.0105        0.0302        0.0000        0.0000        1.1372        3.2019        3.3978
        4.6500        4.6500        0.1788        0.0107        0.0301        0.0000        0.0000        1.1586        3.1923        3.3960
        4.6667        4.6667        0.1787        0.0109        0.0300        0.0000        0.0000        1.1799        3.1825        3.3942
        4.6833        4.6833        0.1786        0.0111        0.0299        0.0000        0.0000        1.2011        3.1726        3.3923
        4.7000        4.7000        0.1785        0.0113        0.0298        0.0000        0.0000        1.2222        3.1625        3.3905
        4.7167        4.7167        0.1784        0.0115        0.0297        0.0000        0.0000        1.2433        3.1524        3.3887
        4.7333        4.7333        0.1783        0.0117        0.0296        0.0000        0.0000        1.2642        3.1420        3.3868
        4.7500        4.7500        0.1783        0.0119        0.0295        0.0000        0.0000        1.2851        3.1316        3.3850
        4.7667        4.7667        0.1782        0.0120        0.0294        0.0000        0.0000        1.3059        3.1210        3.3832
        4.7833        4.7833        0.1781        0.0122        0.0292        0.0000        0.0000        1.3267        3.1102        3.3814
        4.8000        4.8000        0.1780        0.0124        0.0291        0.0000        0.0000        1.3473        3.0994        3.3795
        4.8167        4.8167        0.1779        0.0126        0.0290        0.0000        0.0000        1.3678        3.0884        3.3777
        4.8333        4.8333        0.1778        0.0128        0.0289        0.0000        0.0000        1.3883        3.0772        3.3759
        4.8500        4.8500        0.1777        0.0130        0.0288        0.0000        0.0000        1.4087        3.0660        3.3741
        4.8667        4.8667        0.1776        0.0132        0.0287        0.0000        0.0000        1.4290        3.0546        3.3723
        4.8833        4.8833        0.1775        0.0133        0.0285        0.0000        0.0000        1.4492        3.0430        3.3705
        4.9000        4.9000        0.1774        0.0135        0.0284        0.0000        0.0000        1.4693        3.0314        3.3687
        4.9167        4.9167        0.1773        0.0137        0.0283        0.0000        0.0000        1.4893        3.0196        3.3669
        4.9333        4.9333        0.1772        0.0139        0.0282        0.0000        0.0000        1.5092        3.0076        3.3651
        4.9500        4.9500        0.1771        0.0141        0.0280        0.0000        0.0000        1.5290        2.9956        3.3633
        4.9667        4.9667        0.1770        0.0142        0.0279        0.0000        0.0000        1.5488        2.9834        3.3615
        4.9833        4.9833        0.1769        0.0144        0.0278        0.0000        0.0000        1.5684        2.9711        3.3597
        5.0000        5.0000        0.1768        0.0146        0.0276        0.0000        0.0000        1.5880        2.9587        3.3579
        5.0167        5.0167        0.1767        0.0148        0.0275        0.0000        0.0000        1.6074        2.9461        3.3561
        5.0333        5.0333        0.1766        0.0149        0.0274        0.0000        0.0000        1.6268        2.9334        3.3543
        5.0500        5.0500        0.1765        0.0151        0.0273        0.0000        0.0000        1.6460        2.9206        3.3525
        5.0667        5.0667        0.1764        0.0153        0.0271        0.0000        0.0000        1.6652        2.9076        3.3507
        5.0833        5.0833        0.1763        0.0155        0.0270        0.0000        0.0000        1.6842        2.8946        3.3489
        5.1000        5.1000        0.1763        0.0156        0.0269        0.0000        0.0000        1.7032        2.8814        3.3471
        5.1167        5.1167        0.1762        0.0158        0.0267        0.0000        0.0000        1.7221        2.8681        3.3453
        5.1333        5.1333        0.1761        0.0160        0.0266        0.0000        0.0000        1.7408        2.8546        3.3436
        5.1500        5.1500        0.1760        0.0161        0.0264        0.0000        0.0000        1.7595        2.8411        3.3418
        5.1667        5.1667        0.1759        0.0163        0.0263        0.0000        0.0000        1.7780        2.8274        3.3400
        5.1833        5.1833        0.1758        0.0164        0.0262        0.0000        0.0000        1.7965        2.8136        3.3382
        5.2000        5.2000        0.1757        0.0166        0.0260        0.0000        0.0000        1.8148        2.7997        3.3365
        5.2167        5.2167        0.1756        0.0168        0.0259        0.0000        0.0000        1.8330        2.7857        3.3347
        5.2333        5.2333        0.1755        0.0169        0.0257        0.0000        0.0000        1.8512        2.7715        3.3329
        5.2500        5.2500        0.1754        0.0171        0.0256        0.0000        0.0000        1.8692        2.7573        3.3311
        5.2667        5.2667        0.1753        0.0172        0.0254        0.0000        0.0000        1.8871        2.7429        3.3294
        5.2833        5.2833        0.1752        0.0174        0.0253        0.0000        0.0000        1.9049        2.7284        3.3276
        5.3000        5.3000        0.1751        0.0176        0.0251        0.0000        0.0000        1.9226        2.7138        3.3259
        5.3167        5.3167        0.1750        0.0177        0.0250        0.0000        0.0000        1.9402        2.6991        3.3241
        5.3333        5.3333        0.1749        0.0179        0.0249        0.0000        0.0000        1.9577        2.6843        3.3223
        5.3500        5.3500        0.1749        0.0180        0.0247        0.0000        0.0000        1.9751        2.6693        3.3206
        5.3667        5.3667        0.1748        0.0182        0.0246        0.0000        0.0000        1.9923        2.6543        3.3188
        5.3833        5.3833        0.1747        0.0183        0.0244        0.0000        0.0000        2.0095        2.6391        3.3171
        5.4000        5.4000        0.1746        0.0185        0.0242        0.0000        0.0000        2.0265        2.6239        3.3153
        5.4167        5.4167        0.1745        0.0186        0.0241        0.0000        0.0000        2.0434        2.6085        3.3136
        5.4333        5.4333        0.1744        0.0188        0.0239        0.0000        0.0000        2.0602        2.5930        3.3118
        5.4500        5.4500        0.1743        0.0189        0.0238        0.0000        0.0000        2.0769        2.5774        3.3101
        5.4667        5.4667        0.1742        0.0190        0.0236        0.0000        0.0000        2.0935        2.5617        3.3083
        5.4833        5.4833        0.1741        0.0192        0.0235        0.0000        0.0000        2.1100        2.5459        3.3066
        5.5000        5.5000        0.1740        0.0193        0.0233        0.0000        0.0000        2.1263        2.5300        3.3049
        5.5167        5.5167        0.1739        0.0195        0.0232        0.0000        0.0000        2.1425        2.5140        3.3031
        5.5333        5.5333        0.1738        0.0196        0.0230        0.0000        0.0000        2.1586        2.4979        3.3014
        5.5500        5.5500        0.1738        0.0197        0.0228        0.0000        0.0000        2.1746        2.4817        3.2997
        5.5667        5.5667        0.1737        0.0199        0.0227        0.0000        0.0000        2.1905        2.4654        3.2979
        5.5833        5.5833        0.1736        0.0200        0.0225        0.0000        0.0000        2.2062        2.4490        3.2962
        5.6000        5.6000        0.1735        0.0201        0.0224        0.0000        0.0000        2.2219        2.4325        3.2945
        5.6167        5.6167        0.1734        0.0203        0.0222        0.0000        0.0000        2.2374        2.4159        3.2927
        5.6333        5.6333        0.1733        0.0204        0.0220        0.0000        0.0000        2.2527        2.3992        3.2910
        5.6500        5.6500        0.1732        0.0205        0.0219        0.0000        0.0000        2.2680        2.3824        3.2893
        5.6667        5.6667        0.1731        0.0207        0.0217        0.0000        0.0000        2.2831        2.3655        3.2876
        5.6833        5.6833        0.1730        0.0208        0.0215        0.0000        0.0000        2.2981        2.3485        3.2859
        5.7000        5.7000        0.1729        0.0209        0.0214        0.0000        0.0000        2.3130        2.3314        3.2841
        5.7167        5.7167        0.1728        0.0210        0.0212        0.0000        0.0000        2.3278        2.3142        3.2824
        5.7333        5.7333        0.1728        0.0212        0.0210        0.0000        0.0000        2.3424        2.2970        3.2807
        5.7500        5.7500        0.1727        0.0213        0.0209        0.0000        0.0000        2.3569        2.2796        3.2790
        5.7667        5.7667        0.1726        0.0214        0.0207        0.0000        0.0000        2.3713        2.2622        3.2773
        5.7833        5.7833        0.1725        0.0215        0.0205        0.0000        0.0000        2.3856        2.2446        3.2756
        5.8000        5.8000        0.1724        0.0216        0.0204        0.0000        0.0000        2.3997        2.2270        3.2739
        5.8167        5.8167        0.1723        0.0218        0.0202        0.0000        0.0000        2.4137        2.2093        3.2722
        5.8333        5.8333        0.1722        0.0219        0.0200        0.0000        0.0000        2.4276        2.1915        3.2705
        5.8500        5.8500        0.1721        0.0220        0.0199        0.0000        0.0000        2.4413        2.1736        3.2688
        5.8667        5.8667        0.1720        0.0221        0.0197        0.0000        0.0000        2.4550        2.1557        3.2671
        5.8833        5.8833        0.1719        0.0222        0.0195        0.0000        0.0000        2.4684        2.1376        3.2654
        5.9000        5.9000        0.1719        0.0223        0.0193        0.0000        0.0000        2.4818        2.1195        3.2637
        5.9167        5.9167        0.1718        0.0224        0.0192        0.0000        0.0000        2.4950        2.1013        3.2620
        5.9333        5.9333        0.1717        0.0225        0.0190        0.0000        0.0000        2.5081        2.0830        3.2603
        5.9500        5.9500        0.1716        0.0227        0.0188        0.0000        0.0000        2.5211        2.0646        3.2586
        5.9667        5.9667        0.1715        0.0228        0.0186        0.0000        0.0000        2.5339        2.0462        3.2569
        5.9833        5.9833        0.1714        0.0229        0.0185        0.0000        0.0000        2.5466        2.0277        3.2552
        6.0000        6.0000        0.1713        0.0230        0.0183        0.0000        0.0000        2.5592        2.0091        3.2535
        6.0167        6.0167        0.1712        0.0231        0.0181        0.0000        0.0000        2.5716        1.9904        3.2519
        6.0333        6.0333        0.1711        0.0232        0.0179        0.0000        0.0000        2.5839        1.9716        3.2502
        6.0500        6.0500        0.1711        0.0233        0.0178        0.0000        0.0000        2.5960        1.9528        3.2485
        6.0667        6.0667        0.1710        0.0234        0.0176        0.0000        0.0000        2.6080        1.9339        3.2468
        6.0833        6.0833        0.1709        0.0235        0.0174        0.0000        0.0000        2.6199        1.9149        3.2452
        6.1000        6.1000        0.1708        0.0236        0.0172        0.0000        0.0000        2.6317        1.8959        3.2435
        6.1167        6.1167        0.1707        0.0236        0.0170        0.0000        0.0000        2.6433        1.8768        3.2418
        6.1333        6.1333        0.1706        0.0237        0.0169        0.0000        0.0000        2.6548        1.8576        3.2401
        6.1500        6.1500        0.1705        0.0238        0.0167        0.0000        0.0000        2.6661        1.8383        3.2385
        6.1667        6.1667        0.1704        0.0239        0.0165        0.0000        0.0000        2.6773        1.8190        3.2368
        6.1833        6.1833        0.1704        0.0240        0.0163        0.0000        0.0000        2.6884        1.7996        3.2351
        6.2000        6.2000        0.1703        0.0241        0.0161        0.0000        0.0000        2.6993        1.7802        3.2335
        6.2167        6.2167        0.1702        0.0242        0.0159        0.0000        0.0000        2.7101        1.7607        3.2318
        6.2333        6.2333        0.1701        0.0243        0.0158        0.0000        0.0000        2.7207        1.7411        3.2302
        6.2500        6.2500        0.1700        0.0243        0.0156        0.0000        0.0000        2.7312        1.7215        3.2285
        6.2667        6.2667        0.1699        0.0244        0.0154        0.0000        0.0000        2.7416        1.7018        3.2268
        6.2833        6.2833        0.1698        0.0245        0.0152        0.0000        0.0000        2.7518        1.6820        3.2252
        6.3000        6.3000        0.1697        0.0246        0.0150        0.0000        0.0000        2.7619        1.6622        3.2235
        6.3167        6.3167        0.1697        0.0247        0.0148        0.0000        0.0000        2.7719        1.6423        3.2219
        6.3333        6.3333        0.1696        0.0247        0.0147        0.0000        0.0000        2.7817        1.6224        3.2202
        6.3500        6.3500        0.1695        0.0248        0.0145        0.0000        0.0000        2.7913        1.6024        3.2186
        6.3667        6.3667        0.1694        0.0249        0.0143        0.0000        0.0000        2.8009        1.5824        3.2169
        6.3833        6.3833        0.1693        0.0250        0.0141        0.0000        0.0000        2.8102        1.5623        3.2153
        6.4000        6.4000        0.1692        0.0250        0.0139        0.0000        0.0000        2.8195        1.5421        3.2137
        6.4167        6.4167        0.1691        0.0251        0.0137        0.0000        0.0000        2.8286        1.5219        3.2120
        6.4333        6.4333        0.1691        0.0252        0.0135        0.0000        0.0000        2.8375        1.5017        3.2104
        6.4500        6.4500        0.1690        0.0252        0.0134        0.0000        0.0000        2.8463        1.4813        3.2087
        6.4667        6.4667        0.1689        0.0253        0.0132        0.0000        0.0000        2.8550        1.4610        3.2071
        6.4833        6.4833        0.1688        0.0254        0.0130        0.0000        0.0000        2.8635        1.4406        3.2055
        6.5000        6.5000        0.1687        0.0254        0.0128        0.0000        0.0000        2.8719        1.4201        3.2038
        6.5167        6.5167        0.1686        0.0255        0.0126        0.0000        0.0000        2.8801        1.3996        3.2022
        6.5333        6.5333        0.1685        0.0255        0.0124        0.0000        0.0000        2.8882        1.3791        3.2006
        6.5500        6.5500        0.1685        0.0256        0.0122        0.0000        0.0000        2.8962        1.3585        3.1990
        6.5667        6.5667        0.1684        0.0257        0.0120        0.0000        0.0000        2.9040        1.3379        3.1973
        6.5833        6.5833        0.1683        0.0257        0.0118        0.0000        0.0000        2.9116        1.3172        3.1957
        6.6000        6.6000        0.1682        0.0258        0.0117        0.0000        0.0000        2.9191        1.2965        3.1941
        6.6167        6.6167        0.1681        0.0258        0.0115        0.0000        0.0000        2.9265        1.2757        3.1925
        6.6333        6.6333        0.1680        0.0259        0.0113        0.0000        0.0000        2.9337        1.2549        3.1908
        6.6500        6.6500        0.1679        0.0259        0.0111        0.0000        0.0000        2.9408        1.2341        3.1892
        6.6667        6.6667        0.1679        0.0260        0.0109        0.0000        0.0000        2.9477        1.2132        3.1876
        6.6833        6.6833        0.1678        0.0260        0.0107        0.0000        0.0000        2.9545        1.1923        3.1860
        6.7000        6.7000        0.1677        0.0261        0.0105        0.0000        0.0000        2.9611        1.1714        3.1844
        6.7167        6.7167        0.1676        0.0261        0.0103        0.0000        0.0000        2.9676        1.1504        3.1828
        6.7333        6.7333        0.1675        0.0262        0.0101        0.0000        0.0000        2.9739        1.1294        3.1812
        6.7500        6.7500        0.1674        0.0262        0.0100        0.0000        0.0000        2.9801        1.1084        3.1796
        6.7667        6.7667        0.1673        0.0262        0.0098        0.0000        0.0000        2.9862        1.0873        3.1780
        6.7833        6.7833        0.1673        0.0263        0.0096        0.0000        0.0000        2.9921        1.0662        3.1764
        6.8000        6.8000        0.1672        0.0263        0.0094        0.0000        0.0000        2.9978        1.0451        3.1748
        6.8167        6.8167        0.1671        0.0264        0.0092        0.0000        0.0000        3.0034        1.0239        3.1732
        6.8333        6.8333        0.1670        0.0264        0.0090        0.0000        0.0000        3.0089        1.0027        3.1716
        6.8500        6.8500        0.1669        0.0264        0.0088        0.0000        0.0000        3.0142        0.9815        3.1700
        6.8667        6.8667        0.1668        0.0265        0.0086        0.0000        0.0000        3.0193        0.9603        3.1684
        6.8833        6.8833        0.1668        0.0265        0.0084        0.0000        0.0000        3.0243        0.9390        3.1668
        6.9000        6.9000        0.1667        0.0265        0.0082        0.0000        0.0000        3.0292        0.9177        3.1652
        6.9167        6.9167        0.1666        0.0266        0.0080        0.0000        0.0000        3.0339        0.8964        3.1636
        6.9333        6.9333        0.1665        0.0266        0.0079        0.0000        0.0000        3.0385        0.8751        3.1620
        6.9500        6.9500        0.1664        0.0266        0.0077        0.0000        0.0000        3.0429        0.8538        3.1604
        6.9667        6.9667        0.1663        0.0266        0.0075        0.0000        0.0000        3.0472        0.8324        3.1588
        6.9833        6.9833        0.1663        0.0267        0.0073        0.0000        0.0000        3.0513        0.8110        3.1572
        7.0000        7.0000        0.1662        0.0267        0.0071        0.0000        0.0000        3.0553        0.7896        3.1557
        7.0167        7.0167        0.1661        0.0267        0.0069        0.0000        0.0000        3.0591        0.7682        3.1541
        7.0333        7.0333        0.1660        0.0267        0.0067        0.0000        0.0000        3.0628        0.7468        3.1525
        7.0500        7.0500        0.1659        0.0267        0.0065        0.0000        0.0000        3.0663        0.7253        3.1509
        7.0667        7.0667        0.1658        0.0268        0.0063        0.0000        0.0000        3.0697        0.7039        3.1493
        7.0833        7.0833        0.1658        0.0268        0.0061        0.0000        0.0000        3.0729        0.6824        3.1478
        7.1000        7.1000        0.1657        0.0268        0.0060        0.0000        0.0000        3.0760        0.6609        3.1462
        7.1167        7.1167        0.1656        0.0268        0.0058        0.0000        0.0000        3.0789        0.6394        3.1446
        7.1333        7.1333        0.1655        0.0268        0.0056        0.0000        0.0000        3.0817        0.6179        3.1431
        7.1500        7.1500        0.1654        0.0268        0.0054        0.0000        0.0000        3.0844        0.5964        3.1415
        7.1667        7.1667        0.1653        0.0268        0.0052        0.0000        0.0000        3.0868        0.5749        3.1399
        7.1833        7.1833        0.1653        0.0268        0.0050        0.0000        0.0000        3.0892        0.5534        3.1384
        7.2000        7.2000        0.1652        0.0269        0.0048        0.0000        0.0000        3.0914        0.5319        3.1368
        7.2167        7.2167        0.1651        0.0269        0.0046        0.0000        0.0000        3.0934        0.5103        3.1352
        7.2333        7.2333        0.1650        0.0269        0.0044        0.0000        0.0000        3.0953        0.4888        3.1337
        7.2500        7.2500        0.1649        0.0269        0.0042        0.0000        0.0000        3.0971        0.4673        3.1321
        7.2667        7.2667        0.1648        0.0269        0.0041        0.0000        0.0000        3.0987        0.4458        3.1306
        7.2833        7.2833        0.1648        0.0269        0.0039        0.0000        0.0000        3.1001        0.4242        3.1290
        7.3000        7.3000        0.1647        0.0269        0.0037        0.0000        0.0000        3.1014        0.4027        3.1275
        7.3167        7.3167        0.1646        0.0269        0.0035        0.0000        0.0000        3.1026        0.3812        3.1259
        7.3333        7.3333        0.1645        0.0269        0.0033        0.0000        0.0000        3.1036        0.3596        3.1244
        7.3500        7.3500        0.1644        0.0269        0.0031        0.0000        0.0000        3.1044        0.3381        3.1228
        7.3667        7.3667        0.1644        0.0269        0.0029        0.0000        0.0000        3.1052        0.3166        3.1213
        7.3833        7.3833        0.1643        0.0268        0.0027        0.0000        0.0000        3.1057        0.2951        3.1197
        7.4000        7.4000        0.1642        0.0268        0.0026        0.0000        0.0000        3.1061        0.2736        3.1182
        7.4167        7.4167        0.1641        0.0268        0.0024        0.0000        0.0000        3.1064        0.2521        3.1166
        7.4333        7.4333        0.1640        0.0268        0.0022        0.0000        0.0000        3.1065        0.2306        3.1151
        7.4500        7.4500        0.1640        0.0268        0.0020        0.0000        0.0000        3.1065        0.2091        3.1135
        7.4667        7.4667        0.1639        0.0268        0.0018        0.0000        0.0000        3.1063        0.1877        3.1120
        7.4833        7.4833        0.1638        0.0268        0.0016        0.0000        0.0000        3.1060        0.1662        3.1105
        7.5000        7.5000        0.1637        0.0268        0.0014        0.0000        0.0000        3.1056        0.1448        3.1089
        7.5167        7.5167        0.1636        0.0267        0.0012        0.0000        0.0000        3.1050        0.1234        3.1074
        7.5333        7.5333        0.1635        0.0267        0.0011        0.0000        0.0000        3.1042        0.1020        3.1059
        7.5500        7.5500        0.1635        0.0267        0.0009        0.0000        0.0000        3.1033        0.0806        3.1043
        7.5667        7.5667        0.1634        0.0267        0.0007        0.0000        0.0000        3.1022        0.0592        3.1028
        7.5833        7.5833        0.1633        0.0267        0.0005        0.0000        0.0000        3.1011        0.0378        3.1013
        7.6000        7.6000        0.1632        0.0266        0.0003        0.0000        0.0000        3.0997        0.0165        3.0998
        7.6167        7.6167        0.1631        0.0266        0.0001        0.0000        0.0000        3.0982       -0.0048        3.0982
        7.6333        7.6333        0.1631        0.0266        0.0000        0.0000        0.0000        3.0966       -0.0261        3.0967
        7.6500        7.6500        0.1630        0.0266       -0.0002        0.0000        0.0000        3.0948       -0.0474        3.0952
        7.6667        7.6667        0.1629        0.0265       -0.0004        0.0000        0.0000        3.0929       -0.0686        3.0937
        7.6833        7.6833        0.1628        0.0265       -0.0006        0.0000        0.0000        3.0909       -0.0898        3.0922
        7.7000        7.7000        0.1627        0.0265       -0.0008        0.0000        0.0000        3.0886       -0.1110        3.0906
        7.7167        7.7167        0.1627        0.0264       -0.0010        0.0000        0.0000        3.0863       -0.1322        3.0891
        7.7333        7.7333        0.1626        0.0264       -0.0011        0.0000        0.0000        3.0838       -0.1534        3.0876
        7.7500        7.7500        0.1625        0.0264       -0.0013        0.0000        0.0000        3.0812       -0.1745        3.0861
        7.7667        7.7667        0.1624        0.0263       -0.0015        0.0000        0.0000        3.0784       -0.1956        3.0846
        7.7833        7.7833        0.1623        0.0263       -0.0017        0.0000        0.0000        3.0755       -0.2166        3.0831
        7.8000        7.8000        0.1623        0.0263       -0.0019        0.0000        0.0000        3.0724       -0.2377        3.0816
        7.8167        7.8167        0.1622        0.0262       -0.0020        0.0000        0.0000        3.0692       -0.2587        3.0801
        7.8333        7.8333        0.1621        0.0262       -0.0022        0.0000        0.0000        3.0658       -0.2796        3.0786
        7.8500        7.8500        0.1620        0.0261       -0.0024        0.0000        0.0000        3.0624       -0.3006        3.0771
        7.8667        7.8667        0.1620        0.0261       -0.0026        0.0000        0.0000        3.0587       -0.3215        3.0756
        7.8833        7.8833        0.1619        0.0261       -0.0027        0.0000        0.0000        3.0549       -0.3423        3.0741
        7.9000        7.9000        0.1618        0.0260       -0.0029        0.0000        0.0000        3.0510       -0.3631        3.0726
        7.9167        7.9167        0.1617        0.0260       -0.0031        0.0000        0.0000        3.0470       -0.3839        3.0711
        7.9333        7.9333        0.1616        0.0259       -0.0033        0.0000        0.0000        3.0428       -0.4047        3.0696
        7.9500        7.9500        0.1616        0.0259       -0.0034        0.0000        0.0000        3.0385       -0.4254        3.0681
        7.9667        7.9667        0.1615        0.0258       -0.0036        0.0000        0.0000        3.0340       -0.4461        3.0666
        7.9833        7.9833        0.1614        0.0258       -0.0038        0.0000        0.0000        3.0294       -0.4667        3.0651
        8.0000        8.0000        0.1613        0.0257       -0.0040        0.0000        0.0000        3.0246       -0.4873        3.0636
        8.0167        8.0167        0.1612        0.0257       -0.0041        0.0000        0.0000        3.0197       -0.5078        3.0621
        8.0333        8.0333        0.1612        0.0256       -0.0043        0.0000        0.0000        3.0147       -0.5283        3.0606
        8.0500        8.0500        0.1611        0.0256       -0.0045        0.0000        0.0000        3.0095       -0.5488        3.0592
        8.0667        8.0667        0.1610        0.0255       -0.0047        0.0000        0.0000        3.0042       -0.5692        3.0577
        8.0833        8.0833        0.1609        0.0254       -0.0048        0.0000        0.0000        2.9988       -0.5895        3.0562
        8.1000        8.1000        0.1609        0.0254       -0.0050        0.0000        0.0000        2.9932       -0.6098        3.0547
        8.1167        8.1167        0.1608        0.0253       -0.0052        0.0000        0.0000        2.9875       -0.6301        3.0532
        8.1333        8.1333        0.1607        0.0253       -0.0053        0.0000        0.0000        2.9817       -0.6503        3.0518
        8.1500        8.1500        0.1606        0.0252       -0.0055        0.0000        0.0000        2.9757       -0.6705        3.0503
        8.1667        8.1667        0.1605        0.0251       -0.0057        0.0000        0.0000        2.9696       -0.6906        3.0488
        8.1833        8.1833        0.1605        0.0251       -0.0058        0.0000        0.0000        2.9633       -0.7107        3.0473
        8.2000        8.2000        0.1604        0.0250       -0.0060        0.0000        0.0000        2.9569       -0.7307        3.0459
        8.2167        8.2167        0.1603        0.0249       -0.0062        0.0000        0.0000        2.9504       -0.7506        3.0444
        8.2333        8.2333        0.1602        0.0249       -0.0063        0.0000        0.0000        2.9437       -0.7705        3.0429
        8.2500        8.2500        0.1602        0.0248       -0.0065        0.0000        0.0000        2.9370       -0.7904        3.0415
        8.2667        8.2667        0.1601        0.0247       -0.0067        0.0000        0.0000        2.9300       -0.8102        3.0400
        8.2833        8.2833        0.1600        0.0247       -0.0068        0.0000        0.0000        2.9230       -0.8299        3.0385
        8.3000        8.3000        0.1599        0.0246       -0.0070        0.0000        0.0000        2.9158       -0.8496        3.0371
        8.3167        8.3167        0.1598        0.0245       -0.0071        0.0000        0.0000        2.9085       -0.8692        3.0356
        8.3333        8.3333        0.1598        0.0245       -0.0073        0.0000        0.0000        2.9011       -0.8887        3.0341
        8.3500        8.3500        0.1597        0.0244       -0.0075        0.0000        0.0000        2.8935       -0.9082        3.0327
        8.3667        8.3667        0.1596        0.0243       -0.0076        0.0000        0.0000        2.8858       -0.9277        3.0312
        8.3833        8.3833        0.1595        0.0242       -0.0078        0.0000        0.0000        2.8780       -0.9470        3.0298
        8.4000        8.4000        0.1595        0.0242       -0.0079        0.0000        0.0000        2.8700       -0.9663        3.0283
        8.4167        8.4167        0.1594        0.0241       -0.0081        0.0000        0.0000        2.8619       -0.9856        3.0269
        8.4333        8.4333        0.1593        0.0240       -0.0083        0.0000        0.0000        2.8537       -1.0048        3.0254
        8.4500        8.4500        0.1592        0.0239       -0.0084        0.0000        0.0000        2.8454       -1.0239        3.0240
        8.4667        8.4667        0.1592        0.0238       -0.0086        0.0000        0.0000        2.8369       -1.0429        3.0225
        8.4833        8.4833        0.1591        0.0238       -0.0087        0.0000        0.0000        2.8283       -1.0619        3.0211
        8.5000        8.5000        0.1590        0.0237       -0.0089        0.0000        0.0000        2.8196       -1.0808        3.0196
        8.5167        8.5167        0.1589        0.0236       -0.0090        0.0000        0.0000        2.8107       -1.0996        3.0182
        8.5333        8.5333        0.1589        0.0235       -0.0092        0.0000        0.0000        2.8018       -1.1184        3.0167
        8.5500        8.5500        0.1588        0.0234       -0.0093        0.0000        0.0000        2.7927       -1.1371        3.0153
        8.5667        8.5667        0.1587        0.0233       -0.0095        0.0000        0.0000        2.7834       -1.1557        3.0139
        8.5833        8.5833        0.1586        0.0232       -0.0096        0.0000        0.0000        2.7741       -1.1743        3.0124
        8.6000        8.6000        0.1585        0.0231       -0.0098        0.0000        0.0000        2.7646       -1.1928        3.0110
        8.6167        8.6167        0.1585        0.0231       -0.0099        0.0000        0.0000        2.7551       -1.2112        3.0095
        8.6333        8.6333        0.1584        0.0230       -0.0101        0.0000        0.0000        2.7454       -1.2295        3.0081
        8.6500        8.6500        0.1583        0.0229       -0.0102        0.0000        0.0000        2.7355       -1.2478        3.0067
        8.6667        8.6667        0.1582        0.0228       -0.0104        0.0000        0.0000        2.7256       -1.2659        3.0052
        8.6833        8.6833        0.1582        0.0227       -0.0105        0.0000        0.0000        2.7155       -1.2840        3.0038
        8.7000        8.7000        0.1581        0.0226       -0.0107        0.0000        0.0000        2.7053       -1.3021        3.0024
        8.7167        8.7167        0.1580        0.0225       -0.0108        0.0000        0.0000        2.6950       -1.3200        3.0010
        8.7333        8.7333        0.1579        0.0224       -0.0110        0.0000        0.0000        2.6846       -1.3379        2.9995
        8.7500        8.7500        0.1579        0.0223       -0.0111        0.0000        0.0000        2.6741       -1.3557        2.9981
        8.7667        8.7667        0.1578        0.0222       -0.0113        0.0000        0.0000        2.6634       -1.3734        2.9967
        8.7833        8.7833        0.1577        0.0221       -0.0114        0.0000        0.0000        2.6527       -1.3910        2.9953
        8.8000        8.8000        0.1576        0.0220       -0.0115        0.0000        0.0000        2.6418       -1.4085        2.9938
        8.8167        8.8167        0.1576        0.0219       -0.0117        0.0000        0.0000        2.6308       -1.4260        2.9924
        8.8333        8.8333        0.1575        0.0218       -0.0118        0.0000        0.0000        2.6197       -1.4434        2.9910
        8.8500        8.8500        0.1574        0.0217       -0.0120        0.0000        0.0000        2.6085       -1.4607        2.9896
        8.8667        8.8667        0.1573        0.0216       -0.0121        0.0000        0.0000        2.5971       -1.4779        2.9882
        8.8833        8.8833        0.1573        0.0215       -0.0122        0.0000        0.0000        2.5857       -1.4950        2.9868
        8.9000        8.9000        0.1572        0.0214       -0.0124        0.0000        0.0000        2.5741       -1.5120        2.9853
        8.9167        8.9167        0.1571        0.0213       -0.0125        0.0000        0.0000        2.5624       -1.5290        2.9839
        8.9333        8.9333        0.1571        0.0212       -0.0126        0.0000        0.0000        2.5507       -1.5458        2.9825
        8.9500        8.9500        0.1570        0.0211       -0.0128        0.0000        0.0000        2.5388       -1.5626        2.9811
        8.9667        8.9667        0.1569        0.0210       -0.0129        0.0000        0.0000        2.5268       -1.5793        2.9797
        8.9833        8.9833        0.1568        0.0209       -0.0130        0.0000        0.0000        2.5147       -1.5959        2.9783
        9.0000        9.0000        0.1568        0.0207       -0.0132        0.0000        0.0000        2.5025       -1.6123        2.9769
        9.0167        9.0167        0.1567        0.0206       -0.0133        0.0000        0.0000        2.4901       -1.6287        2.9755
        9.0333        9.0333        0.1566        0.0205       -0.0134        0.0000        0.0000        2.4777       -1.6451        2.9741
        9.0500        9.0500        0.1565        0.0204       -0.0136        0.0000        0.0000        2.4652       -1.6613        2.9727
        9.0667        9.0667        0.1565        0.0203       -0.0137        0.0000        0.0000        2.4525       -1.6774        2.9713
        9.0833        9.0833        0.1564        0.0202       -0.0138        0.0000        0.0000        2.4398       -1.6934        2.9699
        9.1000        9.1000        0.1563        0.0201       -0.0139        0.0000        0.0000        2.4270       -1.7094        2.9685
        9.1167        9.1167        0.1562        0.0200       -0.0141        0.0000        0.0000        2.4140       -1.7252        2.9671
        9.1333        9.1333        0.1562        0.0198       -0.0142        0.0000        0.0000        2.4010       -1.7410        2.9657
        9.1500        9.1500        0.1561        0.0197       -0.0143        0.0000        0.0000        2.3878       -1.7566        2.9643
        9.1667        9.1667        0.1560        0.0196       -0.0144        0.0000        0.0000        2.3746       -1.7721        2.9629
        9.1833        9.1833        0.1559        0.0195       -0.0145        0.0000        0.0000        2.3612       -1.7876        2.9615
        9.2000        9.2000        0.1559        0.0194       -0.0147        0.0000        0.0000        2.3478       -1.8029        2.9602
        9.2167        9.2167        0.1558        0.0193       -0.0148        0.0000        0.0000        2.3342       -1.8182        2.9588
        9.2333        9.2333        0.1557        0.0191       -0.0149        0.0000        0.0000        2.3206       -1.8333        2.9574
        9.2500        9.2500        0.1557        0.0190       -0.0150        0.0000        0.0000        2.3068       -1.8484        2.9560
        9.2667        9.2667        0.1556        0.0189       -0.0151        0.0000        0.0000        2.2930       -1.8633        2.9546
        9.2833        9.2833        0.1555        0.0188       -0.0153        0.0000        0.0000        2.2790       -1.8782        2.9532
        9.3000        9.3000        0.1554        0.0186       -0.0154        0.0000        0.0000        2.2650       -1.8929        2.9519
        9.3167        9.3167        0.1554        0.0185       -0.0155        0.0000        0.0000        2.2509       -1.9076        2.9505
        9.3333        9.3333        0.1553        0.0184       -0.0156        0.0000        0.0000        2.2367       -1.9221        2.9491
        9.3500        9.3500        0.1552        0.0183       -0.0157        0.0000        0.0000        2.2224       -1.9365        2.9477
        9.3667        9.3667        0.1551        0.0181       -0.0158        0.0000        0.0000        2.2080       -1.9509        2.9464
        9.3833        9.3833        0.1551        0.0180       -0.0159        0.0000        0.0000        2.1935       -1.9651        2.9450
        9.4000        9.4000        0.1550        0.0179       -0.0160        0.0000        0.0000        2.1789       -1.9792        2.9436
        9.4167        9.4167        0.1549        0.0178       -0.0161        0.0000        0.0000        2.1642       -1.9932        2.9422
        9.4333        9.4333        0.1549        0.0176       -0.0162        0.0000        0.0000        2.1495       -2.0071        2.9409
        9.4500        9.4500        0.1548        0.0175       -0.0164        0.0000        0.0000        2.1346       -2.0209        2.9395
        9.4667        9.4667        0.1547        0.0174       -0.0165        0.0000        0.0000        2.1197       -2.0346        2.9381
        9.4833        9.4833        0.1546        0.0173       -0.0166        0.0000        0.0000        2.1047       -2.0482        2.9368
        9.5000        9.5000        0.1546        0.0171       -0.0167        0.0000        0.0000        2.0896       -2.0616        2.9354
        9.5167        9.5167        0.1545        0.0170       -0.0168        0.0000        0.0000        2.0744       -2.0750        2.9340
        9.5333        9.5333        0.1544        0.0169       -0.0169        0.0000        0.0000        2.0591       -2.0883        2.9327
        9.5500        9.5500        0.1544        0.0167       -0.0170        0.0000        0.0000        2.0437       -2.1014        2.9313
        9.5667        9.5667        0.1543        0.0166       -0.0171        0.0000        0.0000        2.0283       -2.1144        2.9300
        9.5833        9.5833        0.1542        0.0165       -0.0172        0.0000        0.0000        2.0128       -2.1273        2.9286
        9.6000        9.6000        0.1541        0.0163       -0.0173        0.0000        0.0000        1.9972       -2.1401        2.9272
        9.6167        9.6167        0.1541        0.0162       -0.0174        0.0000        0.0000        1.9815       -2.1528        2.9259
        9.6333        9.6333        0.1540        0.0161       -0.0174        0.0000        0.0000        1.9657       -2.1654        2.9245
        9.6500        9.6500        0.1539        0.0159       -0.0175        0.0000        0.0000        1.9499       -2.1778        2.9232
        9.6667        9.6667        0.1539        0.0158       -0.0176        0.0000        0.0000        1.9340       -2.1902        2.9218
        9.6833        9.6833        0.1538        0.0157       -0.0177        0.0000        0.0000        1.9180       -2.2024        2.9205
        9.7000        9.7000        0.1537        0.0155       -0.0178        0.0000        0.0000        1.9019       -2.2145        2.9191
        9.7167        9.7167        0.1536        0.0154       -0.0179        0.0000        0.0000        1.8857       -2.2265        2.9178
        9.7333        9.7333        0.1536        0.0152       -0.0180        0.0000        0.0000        1.8695       -2.2384        2.9164
        9.7500        9.7500        0.1535        0.0151       -0.0181        0.0000        0.0000        1.8532       -2.2502        2.9151
        9.7667        9.7667        0.1534        0.0150       -0.0182        0.0000        0.0000        1.8369       -2.2618        2.9138
        9.7833        9.7833        0.1534        0.0148       -0.0183        0.0000        0.0000        1.8204       -2.2734        2.9124
        9.8000        9.8000        0.1533        0.0147       -0.0183        0.0000        0.0000        1.8039       -2.2848        2.9111
        9.8167        9.8167        0.1532        0.0145       -0.0184        0.0000        0.0000        1.7873       -2.2961        2.9097
        9.8333        9.8333        0.1531        0.0144       -0.0185        0.0000        0.0000        1.7707       -2.3072        2.9084
        9.8500        9.8500        0.1531        0.0143       -0.0186        0.0000        0.0000        1.7540       -2.3183        2.9071
        9.8667        9.8667        0.1530        0.0141       -0.0187        0.0000        0.0000        1.7372       -2.3292        2.9057
        9.8833        9.8833        0.1529        0.0140       -0.0187        0.0000        0.0000        1.7204       -2.3401        2.9044
        9.9000        9.9000        0.1529        0.0138       -0.0188        0.0000        0.0000        1.7034       -2.3507        2.9031
        9.9167        9.9167        0.1528        0.0137       -0.0189        0.0000        0.0000        1.6865       -2.3613        2.9017
        9.9333        9.9333        0.1527        0.0136       -0.0190        0.0000        0.0000        1.6694       -2.3718        2.9004
        9.9500        9.9500        0.1527        0.0134       -0.0191        0.0000        0.0000        1.6523       -2.3821        2.8991
        9.9667        9.9667        0.1526        0.0133       -0.0191        0.0000        0.0000        1.6351       -2.3923        2.8977
        9.9833        9.9833        0.1525        0.0131       -0.0192        0.0000        0.0000        1.6179       -2.4024        2.8964
       10.0000       10.0000        0.1524        0.0130       -0.0193        0.0000        0.0000        1.6006       -2.4124        2.8951
