VERT
 20
 4
         z (m)      q (g/kg)            wq
        0.0000        6.5000   0.00000E+00
     1000.0000        6.5000   0.00000E+00
     1000.0000        6.5001   0.10000E-03
     2000.0000        4.5000   0.00000E+00
        0.0000        6.5000   0.00000E+00
     1000.0000        6.5000   0.00000E+00
     1000.0000        6.5001   0.10000E-03
     2000.0000        4.5000   0.00000E+00
        0.0000        6.5000   0.00000E+00
     1000.0000        6.5000   0.00000E+00
     1000.0000        6.5001   0.10000E-03
     2000.0000        4.5000   0.00000E+00
        0.0000        6.5000   0.00000E+00
     1000.0000        6.5000   0.00000E+00
     1000.0000        6.5001   0.10000E-03
     2000.0000        4.5000   0.00000E+00
        0.0000        6.5000   0.00000E+00
     1000.0000        6.5000   0.00000E+00
     1000.0000        6.5001   0.10000E-03
     2000.0000        4.5000   0.00000E+00
        0.0000        6.5000   0.00000E+00
     1000.0000        6.5000   0.00000E+00
     1000.0000        6.5001   0.10000E-03
     2000.0000        4.5000   0.00000E+00
        0.0000        6.5000   0.00000E+00
     1000.0000        6.5000   0.00000E+00
     1000.0000        6.5001   0.10000E-03
     2000.0000        4.5000   0.00000E+00
