VERT
 20
 4
         z (m)     theta (K)        wtheta
        0.0000      288.7000   0.00000E+00
     1000.0000      288.7000   0.00000E+00
     1000.0000      289.1001   0.10000E-03
    2000.00000     295.10000   0.00000E+00
        0.0000      288.7000   0.00000E+00
     1000.0000      288.7000   0.00000E+00
     1000.0000      289.1001   0.10000E-03
    2000.00000     295.10000   0.00000E+00
        0.0000      288.7000   0.00000E+00
     1000.0000      288.7000   0.00000E+00
     1000.0000      289.1001   0.10000E-03
    2000.00000     295.10000   0.00000E+00
        0.0000      288.7000   0.00000E+00
     1000.0000      288.7000   0.00000E+00
     1000.0000      289.1001   0.10000E-03
    2000.00000     295.10000   0.00000E+00
        0.0000      288.7000   0.00000E+00
     1000.0000      288.7000   0.00000E+00
     1000.0000      289.1001   0.10000E-03
    2000.00000     295.10000   0.00000E+00
        0.0000      288.7000   0.00000E+00
     1000.0000      288.7000   0.00000E+00
     1000.0000      289.1001   0.10000E-03
    2000.00000     295.10000   0.00000E+00
        0.0000      288.7000   0.00000E+00
     1000.0000      288.7000   0.00000E+00
     1000.0000      289.1001   0.10000E-03
    2000.00000     295.10000   0.00000E+00
        0.0000      288.7000   0.00000E+00
     1000.0000      288.7000   0.00000E+00
     1000.0000      289.1001   0.10000E-03
    2000.00000     295.10000   0.00000E+00
        0.0000      288.7096   0.00000E+00
     1000.0000      288.7096   0.00000E+00
     1000.0000      289.1097   0.10000E-03
    2000.00000     295.10960   0.00000E+00
        0.0000      288.7276   0.00000E+00
     1000.0000      288.7276   0.00000E+00
     1000.0000      289.1277   0.10000E-03
    2000.00000     295.12760   0.00000E+00
        0.0000      288.7456   0.00000E+00
     1000.0000      288.7456   0.00000E+00
     1000.0000      289.1457   0.10000E-03
    2000.00000     295.14560   0.00000E+00
        0.0000      288.7636   0.00000E+00
     1000.0000      288.7636   0.00000E+00
     1000.0000      289.1637   0.10000E-03
    2000.00000     295.16360   0.00000E+00
        0.0000      288.7816   0.00000E+00
     1000.0000      288.7816   0.00000E+00
     1000.0000      289.1817   0.10000E-03
    2000.00000     295.18160   0.00000E+00
        0.0000      288.7996   0.00000E+00
     1000.0000      288.7996   0.00000E+00
     1000.0000      289.1997   0.10000E-03
    2000.00000     295.19960   0.00000E+00
        0.0000      288.8176   0.00000E+00
     1000.0000      288.8176   0.00000E+00
     1000.0000      289.2177   0.10000E-03
    2000.00000     295.21760   0.00000E+00
        0.0000      288.8356   0.00000E+00
     1000.0000      288.8356   0.00000E+00
     1000.0000      289.2357   0.10000E-03
    2000.00000     295.23560   0.00000E+00
        0.0000      288.8536   0.00000E+00
     1000.0000      288.8536   0.00000E+00
     1000.0000      289.2537   0.10000E-03
    2000.00000     295.25360   0.00000E+00
        0.0000      288.8716   0.00000E+00
     1000.0000      288.8716   0.00000E+00
     1000.0000      289.2717   0.10000E-03
    2000.00000     295.27160   0.00000E+00
        0.0000      288.8896   0.00000E+00
     1000.0000      288.8896   0.00000E+00
     1000.0000      289.2897   0.10000E-03
    2000.00000     295.28960   0.00000E+00
        0.0000      288.9076   0.00000E+00
     1000.0000      288.9076   0.00000E+00
     1000.0000      289.3077   0.10000E-03
    2000.00000     295.30760   0.00000E+00
Time int. between profiles 1800s
