VERT
 20
 4
         z (m)       v (m/s)            wv
        0.0000       -0.8031   0.87145E-02
     1000.0000       -0.8031  -0.00000E+00
     1000.0000        0.0001   0.10000E-03
     2000.0000        0.0000   0.00000E+00
        0.0000       -1.5420   0.16422E-01
     1000.0000       -1.5420  -0.00000E+00
     1000.0000        0.0001   0.10000E-03
     2000.0000        0.0000   0.00000E+00
        0.0000       -2.1890   0.22879E-01
     1000.0000       -2.1890  -0.00000E+00
     1000.0000        0.0001   0.10000E-03
     2000.0000        0.0000   0.00000E+00
        0.0000       -2.7211   0.27919E-01
     1000.0000       -2.7211  -0.00000E+00
     1000.0000        0.0001   0.10000E-03
     2000.0000        0.0000   0.00000E+00
        0.0000       -3.1207   0.31442E-01
     1000.0000       -3.1207  -0.00000E+00
     1000.0000        0.0001   0.10000E-03
     2000.0000        0.0000   0.00000E+00
        0.0000       -3.3762   0.33413E-01
     1000.0000       -3.3762  -0.00000E+00
     1000.0000        0.0001   0.10000E-03
     2000.0000        0.0000   0.00000E+00
        0.0000       -3.4822   0.33861E-01
     1000.0000       -3.4822  -0.00000E+00
     1000.0000        0.0001   0.10000E-03
     2000.0000        0.0000   0.00000E+00
        0.0000       -3.4395   0.32874E-01
     1000.0000       -3.4395  -0.00000E+00
     1000.0000        0.0001   0.10000E-03
     2000.0000        0.0000   0.00000E+00
        0.0000       -3.2550   0.30586E-01
     1000.0000       -3.2550  -0.00000E+00
     1000.0000        0.0001   0.10000E-03
     2000.0000        0.0000   0.00000E+00
        0.0000       -2.9410   0.27178E-01
     1000.0000       -2.9410  -0.00000E+00
     1000.0000        0.0001   0.10000E-03
     2000.0000        0.0000   0.00000E+00
        0.0000       -2.5146   0.22860E-01
     1000.0000       -2.5146  -0.00000E+00
     1000.0000        0.0001   0.10000E-03
     2000.0000        0.0000   0.00000E+00
        0.0000       -1.9971   0.17866E-01
     1000.0000       -1.9971  -0.00000E+00
     1000.0000        0.0001   0.10000E-03
     2000.0000        0.0000   0.00000E+00
        0.0000       -1.4127   0.12440E-01
     1000.0000       -1.4127  -0.00000E+00
     1000.0000        0.0001   0.10000E-03
     2000.0000        0.0000   0.00000E+00
        0.0000       -0.7875   0.68296E-02
     1000.0000       -0.7875  -0.00000E+00
     1000.0000        0.0001   0.10000E-03
     2000.0000        0.0000   0.00000E+00
        0.0000       -0.1487   0.12744E-02
     1000.0000       -0.1487  -0.00000E+00
     1000.0000        0.0001   0.10000E-03
     2000.0000        0.0000   0.00000E+00
        0.0000        0.4771  -0.40033E-02
     1000.0000        0.4771   0.00000E+00
     1000.0000        0.0001   0.10000E-03
     2000.0000        0.0000   0.00000E+00
        0.0000        1.0643  -0.88053E-02
     1000.0000        1.0643   0.00000E+00
     1000.0000        0.0001   0.10000E-03
     2000.0000        0.0000   0.00000E+00
        0.0000        1.5899  -0.12964E-01
     1000.0000        1.5899   0.00000E+00
     1000.0000        0.0001   0.10000E-03
     2000.0000        0.0000   0.00000E+00
        0.0000        2.0338  -0.16347E-01
     1000.0000        2.0338   0.00000E+00
     1000.0000        0.0001   0.10000E-03
     2000.0000        0.0000   0.00000E+00
        0.0000        2.3802  -0.18860E-01
     1000.0000        2.3802   0.00000E+00
     1000.0000        0.0001   0.10000E-03
     2000.0000        0.0000   0.00000E+00
Time int. between profiles 1800s
