year	month	day	hour	minute	second	H (W/m2)	LE (W/m2)	Rn (W/m2)	w'theta' (Km/s)	w'q' (gm/kgs)	Precip (mm)	Td (C)	Td (K)	T42	T84	T168	T336	T504	T 67.2 (C)	T42 (K)	T84 (K)	T168 (K)	T336 (K)	T504 (K)	T 67.2 (K)	WS 67.2 (m/s)	WD (deg)	NO 67.2 (ppb)	NOx 67.2 ppb	O3 67.2 (ppb)	H2O 67.2 (ppth)	P amb 0m (hPa)	theta 42	theta 84	theta 168	theta 336	theta 504	theta 67.2 (K)	RHURAS42	RHURAS84	RHURAS168	RHURAS336	RHURAS504	RH URAS 67.2 (%)	q 42	q 84	q 168	q 336	q 504	q 67.2 (g/kg)
2001	8	8	0	15	0	-41.6817	28.4251	NaN	-0.033860032	0.009432587	0	11.72	284.87	14.88	14.97	14.98	15.06	15.02	14.79	288.03	288.12	288.13	288.21	288.17	287.94	6.66	151.8	-0.02	0.93	34.64	13.34	984.68	289.3045879	289.3949862	289.4050305	289.4853845	289.4452075	289.2141897	79.89	78.89	78.11	77.6	77.15	78.09	8.533214234	8.475403861	8.397012069	8.385261904	8.315198642	8.292694722
2001	8	8	0	45	0	-31.202	8.573	NaN	-0.025346872	0.002844865	0	12.27	285.42	15.09	15.14	15.1	15.11	15.03	14.75	288.24	288.29	288.25	288.26	288.18	287.9	5.52	167.82	-0.02	1.04	34.35	13.91	984.71	289.5129946	289.5632154	289.5230387	289.5330829	289.4527296	289.171493	81.57	80.69	80.77	80.15	80.21	81.39	8.831014013	8.763887259	8.750031746	8.688453579	8.650307952	8.620600527
2001	8	8	1	14	0	-20.1641	0.10225	NaN	-0.01638026	3.39306E-05	0	12.61	285.76	14.92	14.92	14.85	14.82	14.71	14.41	288.07	288.07	288	287.97	287.86	287.56	4.72	174.98	0.02	1.2	32.91	14.29	984.72	289.3414034	289.3414034	289.2710945	289.2409621	289.1304766	288.8291525	84.17	83.6	83.8	83.81	84.12	85.82	9.013206847	8.952169329	8.933194895	8.916997404	8.886698109	8.892253788
2001	8	8	1	45	0	-14.8495	-4.5506	NaN	-0.012062957	-0.001510071	0	12.92	286.07	14.84	14.82	14.72	14.69	14.58	14.27	287.99	287.97	287.87	287.84	287.73	287.42	4.94	179.28	0.01	1.23	31.77	14.61	984.8	289.2543297	289.2342419	289.1338029	289.1036712	288.9931883	288.6818273	86.16	85.92	86.39	86.37	86.74	88.4	9.178109277	9.140749064	9.131657477	9.111884826	9.086151599	9.076225959
2001	8	8	2	15	0	-36.5581	9.3228	NaN	-0.029697888	0.003093678	0	13.04	286.19	14.63	14.63	14.58	14.58	14.51	14.23	287.78	287.78	287.73	287.73	287.66	287.38	5.96	195.25	0	1.16	31.62	14.68	984.95	289.0308176	289.0308176	288.9806003	288.9806003	288.9102961	288.6290791	87.94	87.68	87.93	87.65	87.8	89.15	9.240242277	9.212922935	9.209403241	9.180077267	9.15428745	9.128158231
2001	8	8	2	44	0	-50.106	-4.6135	NaN	-0.040703493	-0.001530944	0	12.47	285.62	14.07	14.11	14.2	14.26	14.25	14.02	287.22	287.26	287.35	287.41	287.4	287.17	5.73	201.19	0.01	1.01	33.4	14.15	985.13	288.4533081	288.4934799	288.5838664	288.644124	288.6340811	288.4030935	87.8	87.35	86.92	86.08	85.8	87.05	8.895557333	8.872949958	8.880923564	8.829346308	8.794928685	8.791011252
2001	8	8	3	15	0	-52.4896	-1.6894	NaN	-0.042639805	-0.000560611	0	12.05	285.2	13.65	13.67	13.77	13.81	13.8	13.58	286.8	286.82	286.92	286.96	286.95	286.73	5.98	198.45	-0.03	0.89	34.19	13.79	985.21	288.0248154	288.0449008	288.1453279	288.1854987	288.175456	287.9545165	87.9	87.25	86.78	86.11	86.1	87.19	8.665290017	8.612411777	8.621906193	8.577610885	8.571042727	8.556226688
2001	8	8	3	45	0	-33.7197	7.3424	NaN	-0.02739212	0.002436502	0	11.97	285.12	13.37	13.34	13.44	13.49	13.47	13.22	286.52	286.49	286.59	286.64	286.62	286.37	5.82	196.74	-0.02	0.96	32.98	13.79	985.33	287.7335968	287.7034697	287.8038933	287.8541051	287.8340204	287.5829615	88.68	88.56	87.98	87.85	87.8	89.27	8.583137211	8.554768859	8.554333693	8.569568375	8.553537887	8.5560916
2001	8	8	4	14	0	-27.2235	0.15779	7.67	-0.022114947	5.2361E-05	0	11.84	284.99	13.19	13.17	13.21	13.23	13.2	12.94	286.34	286.32	286.36	286.38	286.35	286.09	5.51	202.9	0	0.94	32.09	13.61	985.51	287.5378125	287.5177289	287.5578962	287.5779799	287.5478544	287.2867667	88.72	88.72	88.43	88.29	88.58	89.77	8.485186689	8.474111293	8.468502968	8.466142959	8.477330811	8.446450716
2001	8	8	4	45	0	-39.517	-5.3106	NaN	-0.032101543	-0.00176227	0	11.47	284.62	13.02	13.04	13.02	13.03	12.99	12.71	286.17	286.19	286.17	286.18	286.14	285.86	5.81	227.04	0.02	0.95	33.17	13.16	985.89	287.335419	287.3555004	287.335419	287.3454597	287.3052968	287.0241565	87.19	87.16	86.83	86.74	86.69	88.37	8.243559427	8.251505988	8.209522481	8.206377205	8.180221795	8.187270319
2001	8	8	5	15	0	-27.0088	6.4297	4.23	-0.021940536	0.002133632	0	11.28	284.43	13.28	13.27	13.16	13.11	13.01	12.69	286.43	286.42	286.31	286.26	286.16	285.84	6.23	219.32	-0.01	0.72	34.73	12.97	986.23	287.568118	287.5580783	287.4476412	287.3974425	287.2970452	286.9757737	85.07	84.89	85.4	85.26	85.48	87.3	8.178065942	8.155438168	8.145723699	8.105849549	8.073816545	8.074755942
2001	8	8	5	44	0	-24.6532	16.0936	14.04	-0.02002697	0.005340501	0	11.36	284.51	13.32	13.29	13.18	13.12	13.02	12.7	286.47	286.44	286.33	286.27	286.17	285.85	5.12	218.49	-0.02	0.68	33.84	13.06	986.44	287.5907644	287.560647	287.4502167	287.3899819	287.2895907	286.9683388	85.16	85.22	85.32	85.68	86.12	87.87	8.206364062	8.196088273	8.146995348	8.149368678	8.13785418	8.131075922
2001	8	8	6	15	0	-6.7706	14.3126	51.59	-0.005500081	0.004749494	0	11.38	284.53	13.56	13.5	13.33	13.25	13.09	12.76	286.71	286.65	286.48	286.4	286.24	285.91	4.9	230.01	-0.01	0.75	32.73	13.05	986.63	287.8158495	287.7556181	287.5849624	287.5046539	287.3440367	287.0127639	83.9	84.11	84.62	84.88	85.4	87.46	8.210820184	8.199268888	8.158077092	8.140538676	8.105268033	8.123457615
2001	8	8	6	45	0	-1.4071	27.963	70.83	-0.001143054	0.009279243	0	11.42	284.57	13.87	13.78	13.61	13.51	13.34	12.99	287.02	286.93	286.76	286.66	286.49	286.14	4.87	238.74	-0.02	0.57	31.9	13.04	986.89	288.1053334	288.0149931	287.8443503	287.7439721	287.5733293	287.2220058	82.58	82.82	83.5	83.89	84.37	86.18	8.244051411	8.219799907	8.196156762	8.180995639	8.137137946	8.123857168
2001	8	8	7	14	0	16.0498	70.2321	112.63	0.013038018	0.023305824	0	11.12	284.27	14.19	14.12	13.92	13.81	13.61	13.26	287.34	287.27	287.07	286.96	286.76	286.41	5.34	249.88	-0.02	0.78	31.95	12.79	986.97	288.419857	288.3495939	288.1488423	288.0384289	287.8376773	287.4863619	79.14	79.21	79.97	80.18	80.97	82.98	8.065711128	8.036302818	8.008808959	7.972667698	7.9471739	7.960768997
2001	8	8	7	45	0	79.8955	81.7959	183.11	0.064902924	0.027143156	0	11.11	284.26	14.76	14.68	14.45	14.3	14.05	13.68	287.91	287.83	287.6	287.45	287.2	286.83	5.68	253.59	0.07	0.88	31.86	12.75	987.11	288.9802762	288.8999788	288.6691238	288.5185662	288.2676368	287.8962614	76.01	76.21	77.02	77.56	78.58	80.74	8.036374592	8.016031767	7.981739841	7.960070281	7.935152833	7.959648395
2001	8	8	8	15	0	72.727	97.5893	185	0.05907961	0.032384038	0	10.95	284.1	15	14.88	14.64	14.49	14.26	13.9	288.15	288.03	287.79	287.64	287.41	287.05	5.98	259.38	0.07	0.83	31.77	12.54	987.33	289.2027356	289.0822971	288.8414203	288.6908723	288.460032	288.0987168	73.99	74.8	75.33	75.24	76.38	77.97	7.942976418	7.968096949	7.901274444	7.815724072	7.816946839	7.795535711
2001	8	8	8	44	0	102.823	150.823	330.18	0.083528026	0.050049112	0	10.34	283.49	15.59	15.46	15.18	14.98	14.7	14.34	288.74	288.61	288.33	288.13	287.85	287.49	5.97	270.82	0.06	0.82	33.66	11.96	987.64	289.7688734	289.6384102	289.3574124	289.1566998	288.875702	288.5144193	68.35	68.44	69.28	69.91	70.59	72.55	7.618572328	7.565270878	7.521627095	7.492968173	7.430501972	7.46118599
2001	8	8	9	15	0	161.615	235.106	324.36	0.131287571	0.078017588	0	10.12	283.27	16.05	15.91	15.57	15.36	15.02	14.62	289.2	289.06	288.72	288.51	288.17	287.77	5.63	255.78	0.02	0.72	33.86	11.72	988.04	290.1969034	290.0564208	289.7152488	289.5045249	289.1633529	288.761974	65.47	66.08	67.02	66.77	68.01	69.41	7.512487657	7.514948794	7.457733593	7.330480705	7.30516556	7.265711451
2001	8	8	9	45	0	135.088	185.503	303.94	0.109738424	0.061557325	0	9.48	282.63	16.13	16	15.7	15.51	15.19	14.83	289.28	289.15	288.85	288.66	288.34	287.98	4.67	266.36	0	0.61	35.47	11.21	988.27	290.2578565	290.127417	289.826403	289.6357607	289.314679	288.9534621	63.27	63.62	63.67	63.86	64.79	65.84	7.295524992	7.275231792	7.142557209	7.077166631	7.034191667	6.984410989
2001	8	8	10	14	0	111.886	137.66	376.53	0.090890333	0.045681102	0	9.03	282.18	16.69	16.6	16.25	16.02	15.66	15.26	289.84	289.75	289.4	289.17	288.81	288.41	5.56	268.03	0.04	0.65	36.04	10.85	988.54	290.7970298	290.7067326	290.355577	290.1248175	289.7636288	289.3623081	59.88	59.39	59.53	59.47	61.11	61.91	7.153395919	7.05437866	6.915139647	6.807496202	6.835964985	6.749979612
2001	8	8	10	45	0	246.17	303.224	537.48	0.19997563	0.100621868	0	8.64	281.79	17.59	17.39	16.93	16.64	16.25	15.82	290.74	290.54	290.08	289.79	289.4	288.97	4.89	260.99	0.03	0.61	36.92	10.56	988.79	291.6789066	291.4782608	291.0167752	290.7258387	290.3345793	289.9031906	55.57	54.73	55.83	55.64	56.64	58.1	7.026144991	6.833065338	6.770279937	6.624108154	6.577767195	6.56451413
2001	8	8	11	15	0	217.011	227.357	481.66	0.176288383	0.075446159	0	8.45	281.6	17.75	17.44	17.03	16.69	16.38	15.94	290.9	290.59	290.18	289.84	289.53	289.09	4.86	259.91	0.06	0.66	37.02	10.33	988.97	291.8242309	291.513246	291.1019433	290.7608631	290.4498782	290.0084803	53.91	54.12	54.5	55.12	55.58	56.68	6.884148192	6.77705946	6.649829249	6.581892872	6.507187999	6.45223519
2001	8	8	11	44	0	138.525	202.371	408.15	0.112530463	0.067154803	0	8.41	281.56	17.64	17.42	17.06	16.8	16.46	16.07	290.79	290.57	290.21	289.95	289.61	289.22	4.71	263.17	0.03	0.63	37.02	10.37	989.34	291.6826755	291.4620001	291.100895	290.8400968	290.4990531	290.1078558	54.07	54.06	54.87	54.73	55.49	56.43	6.854281094	6.75846685	6.70520874	6.578691503	6.52739397	6.474931228
2001	8	8	12	15	0	100.677	241.882	340.89	0.081784728	0.080266136	0	8.06	281.21	17.56	17.37	17	16.73	16.42	16.04	290.71	290.52	290.15	289.88	289.57	289.19	5.16	296.08	-0.03	0.44	37.12	10.15	989.63	291.5779884	291.3874211	291.0163164	290.7455102	290.4345846	290.05345	53.01	53.65	53.96	53.76	54.19	55.14	6.6841052	6.684084688	6.567048239	6.431540835	6.356393407	6.312951819
2001	8	8	12	45	0	269.821	254.449	581.95	0.219188465	0.08443637	0	7.86	281.01	18.51	18.23	17.81	17.59	17.17	16.73	291.66	291.38	290.96	290.74	290.32	289.88	5.35	250.55	0.04	0.54	37.44	9.95	989.78	292.518145	292.2373212	291.8160854	291.5954381	291.1742024	290.7329078	48.54	49.78	50.41	50.06	50.68	51.81	6.496392898	6.546327379	6.456309534	6.323142186	6.233718044	6.19731458
2001	8	8	13	14	0	233.129	264.797	476.26	0.189381803	0.087870251	0	7.19	280.34	18.68	18.38	17.97	17.72	17.32	16.89	291.83	291.53	291.12	290.87	290.47	290.04	6.11	241.71	0.01	0.49	37.63	9.35	990	292.6700417	292.3691782	291.957998	291.7072783	291.3061269	290.8748892	46.79	47.08	47.45	47.34	47.11	48.11	6.327809442	6.248447436	6.137382449	6.027477678	5.848571556	5.812206233
2001	8	8	13	45	0	110.98	173.299	404.54	0.090154346	0.057507549	0	7.37	280.52	18.77	18.4	18.05	17.92	17.56	17.19	291.92	291.55	291.2	291.07	290.71	290.34	3.85	265.98	0.02	0.57	37.4	9.7	990.23	292.7408514	292.369811	292.0188268	291.8884613	291.527449	291.1564086	46.97	47.74	47.83	47.84	48.11	49.02	6.386542168	6.342523576	6.216305948	6.166949331	6.062581666	6.034432229
2001	8	8	14	15	0	151.719	157.318	447.59	0.123248578	0.052204413	0	7.27	280.42	19.01	18.69	18.29	18.09	17.72	17.37	292.16	291.84	291.44	291.24	290.87	290.52	4.3	250.41	0.03	0.53	37.9	9.66	990.16	292.9874499	292.6665436	292.2654107	292.0648443	291.6937964	291.3428051	46.31	46.37	46.7	46.85	47.22	48.36	6.392408777	6.273921692	6.162108071	6.104705995	6.011227389	6.021795238
2001	8	8	14	44	0	191.59	165.867	422.19	0.155637693	0.055041314	0	7.26	280.41	19.36	19.07	18.53	18.32	17.92	17.56	292.51	292.22	291.68	291.47	291.07	290.71	4.29	237.81	-0.01	0.54	39.14	9.67	990.11	293.3426777	293.0518522	292.510315	292.2997172	291.8985785	291.5375537	45.21	45.68	45.87	45.69	46.66	47.81	6.378583042	6.329426806	6.144702083	6.040506987	6.015567113	6.025507361
2001	8	8	15	15	0	230.479	208.229	441.66	0.187229082	0.069098722	0	7.25	280.4	19.84	19.58	19.07	18.83	18.42	18.08	292.99	292.73	292.22	291.98	291.57	291.23	4.39	255.18	0	0.55	38.48	9.76	990.16	293.8198006	293.5590642	293.0476198	292.8069401	292.3957789	292.054816	44.1	43.8	44.58	44.43	44.56	46.39	6.410085479	6.264502537	6.176698742	6.064315871	5.927893194	6.040966781
2001	8	8	15	45	0	141.639	148.517	368.73	0.115060114	0.049283889	0	7.09	280.24	19.93	19.55	19.1	18.95	18.54	18.21	293.08	292.7	292.25	292.1	291.69	291.36	3.84	256.28	0.03	0.58	38.56	9.45	990.24	293.9032644	293.5221969	293.0709329	292.9205115	292.5093598	292.1784329	43.82	43.76	43.94	43.65	44.18	45.01	6.404522906	6.246613696	6.09893972	6.00221541	5.921243623	5.908870168
2001	8	8	16	14	0	135.852	146.224	297.22	0.110359058	0.04852298	0	7.1	280.25	19.77	19.48	19.03	18.92	18.52	18.19	292.92	292.63	292.18	292.07	291.67	291.34	3.96	230.75	-0.02	0.55	38.1	9.57	990.26	293.7411182	293.4503052	292.9990438	292.8887354	292.4876142	292.1566891	43.66	44.09	44.37	43.86	44.49	45.21	6.317982488	6.266251393	6.13165357	6.01967765	5.955202599	5.927553533
2001	8	8	16	45	0	53.9605	97.6247	200.45	0.043834687	0.032395786	0	7.6	280.75	18.79	18.84	18.71	18.61	18.42	18.06	291.94	291.99	291.86	291.76	291.57	291.21	1.94	251.88	0.01	0.6	36.89	9.76	990.3	292.754989	292.8051286	292.6747657	292.5744865	292.3839561	292.0229511	48.65	47.34	46.41	45.64	45.77	46.69	6.622784804	6.464633031	6.286309676	6.143430901	6.088000778	6.071532441
2001	8	8	17	15	0	96.4966	128.138	197.69	0.07838879	0.042521321	0	7.38	280.53	19.55	19.47	19.05	18.94	18.64	18.31	292.7	292.62	292.2	292.09	291.79	291.46	3.04	223.93	-0.03	0.52	37.46	9.75	990.23	293.5230447	293.4428197	293.0216387	292.9113294	292.6104859	292.2795579	45.48	44.54	45.37	44.74	45.08	45.95	6.492204293	6.32646168	6.277869979	6.148319095	6.079891444	6.070332959
2001	8	8	17	44	0	58.4478	69.7133	145.72	0.047479935	0.023133665	0	7.26	280.41	19.45	19.46	19.05	18.96	18.68	18.34	292.6	292.61	292.2	292.11	291.83	291.49	3.17	219.53	0	0.59	37.48	9.75	990.29	293.4176789	293.4277068	293.0165611	292.9263096	292.6455271	292.304577	45.48	44.21	45.03	44.48	45.1	45.63	6.451554087	6.275302215	6.230446491	6.119859547	6.097470248	6.039053802
2001	8	8	18	15	0	19.5472	26.8703	52.67	0.015879123	0.008916642	0	7.68	280.83	18.42	18.69	18.53	18.52	18.43	18.13	291.57	291.84	291.68	291.67	291.58	291.28	2.97	202.72	0.03	0.6	37.81	9.85	990.43	292.3729797	292.6437233	292.4832827	292.4732551	292.3830073	292.0821811	51.44	49.58	47.79	47.04	46.55	46.87	6.841285885	6.706410168	6.399835075	6.295451732	6.194822096	6.121020367
2001	8	8	18	45	0	-1.0679	12.4193	7.58	-0.000867506	0.004121221	0	7.89	281.04	17.04	17.79	18.25	18.44	18.38	18.07	290.19	290.94	291.4	291.59	291.53	291.22	2.15	209.15	-0.02	0.54	37.61	9.8	990.44	290.988339	291.7404023	292.2016678	292.3921905	292.3320254	292.0211726	61.23	55.04	49.79	46.77	45.84	46.87	7.46463343	7.035730836	6.551503472	6.227941031	6.08117216	6.097911702
2001	8	8	19	14	0	1.4078	14.694	12.09	0.001143623	0.004876058	0	8.26	281.41	16.81	17.89	18.39	18.46	18.35	18.04	289.96	291.04	291.54	291.61	291.5	291.19	1.73	182.69	0.05	0.77	36.27	10.22	990.48	290.7543479	291.8373066	292.3386763	292.4088681	292.2985668	291.9877175	61.91	56.72	50.27	48.44	48.03	48.95	7.437902994	7.296010053	6.672775186	6.458153476	6.359460003	6.356263593
2001	8	8	19	45	0	1.1383	6.5133	-33.35	0.000924695	0.002161374	0	8.79	281.94	16.22	17.06	17.76	18.01	18.02	17.78	289.37	290.21	290.91	291.16	291.17	290.93	2.18	172.22	0.04	1.19	36.89	10.45	990.57	290.1551915	290.9974708	291.6993702	291.9500485	291.9600757	291.7194245	65.96	58.28	54.25	51.92	50.67	50.83	7.63174473	7.113073277	6.920736926	6.72860141	6.570739529	6.49262308
2001	8	8	20	15	0	0.88972	-0.5552	-49.02	0.000722762	-0.000184238	0	8.33	281.48	14.95	16.22	17.42	17.74	17.77	17.6	288.1	289.37	290.57	290.89	290.92	290.75	1.91	161.84	0.01	1.14	36.49	10.45	990.68	288.8725713	290.1459769	291.3491949	291.670053	291.7001334	291.5296776	70.52	58.93	53.15	51.53	51.11	51.44	7.520609147	6.817598245	6.635712911	6.56473122	6.523550173	6.495647508
2001	8	8	20	44	0	-1.3206	0.12515	-48.68	-0.001072786	4.15298E-05	0	8.44	281.59	14.09	15.43	16.82	17.28	17.44	17.38	287.24	288.58	289.97	290.43	290.59	290.53	2.38	157.1	0.02	0.92	36.69	10.62	990.62	288.0152541	289.3588707	290.7526223	291.2138638	291.3742956	291.3141337	70.24	62.04	55.61	53.66	52.72	53.06	7.086191498	6.824043899	6.684316009	6.640741242	6.590751475	6.608148509
2001	8	8	21	15	0	-3.6849	0.87199	-52.79	-0.00299342	0.000289361	0	8.73	281.88	13.8	14.95	16.23	16.71	17.12	17.21	286.95	288.1	289.38	289.86	290.27	290.36	2.72	157.65	0.02	0.9	36.08	10.74	990.6	287.7261328	288.8792432	290.1627053	290.6440036	291.0551126	291.145356	70.75	64.28	58.92	56.86	54.76	54.24	7.00466614	6.855697631	6.821341337	6.787115579	6.708710617	6.682984039
2001	8	8	21	45	0	-8.5348	1.9933	-55.26	-0.006933225	0.000661457	0	8.8	281.95	13.03	14.39	15.9	16.48	16.88	16.96	286.18	287.54	289.05	289.63	290.03	290.11	2.81	154.81	-0.01	0.73	35.59	10.71	990.59	286.9548786	288.318561	289.8326496	290.41422	290.8153031	290.8955197	74.58	67	60.27	57.85	55.9	54.81	7.022454899	6.89215564	6.832192252	6.805077344	6.745018054	6.647148209
2001	8	8	22	14	0	-7.1765	1.5686	-42.06	-0.005829813	0.000520524	0	8.84	281.99	13.06	13.93	15.3	16.02	16.48	16.62	286.21	287.08	288.45	289.17	289.63	289.77	3.07	149.48	-0.01	0.76	35.07	10.64	990.51	286.9915887	287.8639645	289.2377058	289.959672	290.4209281	290.5613105	73.97	69.41	63.01	59.45	56.62	55.66	6.979254366	6.930905065	6.873891277	6.791672112	6.660926514	6.606575528
2001	8	8	22	45	0	-11.9697	1.8914	-49.91	-0.009723558	0.000627642	0	9.07	282.22	12.7	13.74	14.91	15.47	15.97	16.13	285.85	286.89	288.06	288.62	289.12	289.28	3.07	163.18	0.02	1.16	33.36	11.01	990.51	286.6306056	287.6734457	288.8466408	289.40817	289.9095354	290.0699724	77.76	71.33	65.34	62.4	59.5	59.38	7.165977691	7.035237447	6.95144693	6.882045098	6.775702376	6.831493446
2001	8	8	23	15	0	-11.2815	4.9785	-47.02	-0.0091645	0.001652066	0	9.19	282.34	12.49	13.25	14.43	14.97	15.32	15.37	285.64	286.4	287.58	288.12	288.47	288.52	2.7	157.86	-0.01	1.24	31.15	11.34	990.66	286.4076282	287.1696706	288.3528418	288.894293	289.2452336	289.2953679	78.6	73.9	67.94	65.14	63.42	64.05	7.143198762	7.0586541	7.006462628	6.955953807	6.926464198	7.017767303
2001	8	8	23	44	0	-20.5028	-2.149	-43.72	-0.016655402	-0.000713124	0	9.67	282.82	12.11	13.03	13.91	14.56	15.11	15.39	285.26	286.18	287.06	287.71	288.26	288.54	5.58	172.34	0.02	1.81	30.53	11.93	990.79	286.0158732	286.938311	287.8206428	288.4723651	289.0238225	289.3045644	81.72	76.84	72.61	69.98	68.8	67.6	7.24252061	7.23379606	7.238983894	7.276788957	7.412319492	7.415273558
