VERT
 22
 4
         z (m)       v (m/s)            wv
        0.0000        0.0000  -0.00000E+00
      231.3153        0.0000  -0.00000E+00
      231.3153        0.0001   0.10000E-03
     3000.0000        0.0000   0.00000E+00
        0.0000        0.0000  -0.00000E+00
      308.2589        0.0000  -0.00000E+00
      308.2589        0.0001   0.10000E-03
     3000.0000        0.0000   0.00000E+00
        0.0000        0.0000  -0.00000E+00
      404.7789        0.0000  -0.00000E+00
      404.7789        0.0001   0.10000E-03
     3000.0000        0.0000   0.00000E+00
        0.0000        0.0000  -0.00000E+00
      508.2771        0.0000  -0.00000E+00
      508.2771        0.0001   0.10000E-03
     3000.0000        0.0000   0.00000E+00
        0.0000        0.0000  -0.00000E+00
      613.6458        0.0000  -0.00000E+00
      613.6458        0.0001   0.10000E-03
     3000.0000        0.0000   0.00000E+00
        0.0000        0.0000  -0.00000E+00
      718.3958        0.0000  -0.00000E+00
      718.3958        0.0001   0.10000E-03
     3000.0000        0.0000   0.00000E+00
        0.0000        0.0000  -0.00000E+00
      821.0431        0.0000  -0.00000E+00
      821.0431        0.0001   0.10000E-03
     3000.0000        0.0000   0.00000E+00
        0.0000        0.0000  -0.00000E+00
      920.5504        0.0000  -0.00000E+00
      920.5504        0.0001   0.10000E-03
     3000.0000        0.0000   0.00000E+00
        0.0000        0.0000  -0.00000E+00
     1016.1088        0.0000  -0.00000E+00
     1016.1088        0.0001   0.10000E-03
     3000.0000        0.0000   0.00000E+00
        0.0000        0.0000  -0.00000E+00
     1107.0414        0.0000  -0.00000E+00
     1107.0414        0.0001   0.10000E-03
     3000.0000        0.0000   0.00000E+00
        0.0000        0.0000  -0.00000E+00
     1192.7594        0.0000  -0.00000E+00
     1192.7594        0.0001   0.10000E-03
     3000.0000        0.0000   0.00000E+00
        0.0000        0.0000  -0.00000E+00
     1272.7392        0.0000  -0.00000E+00
     1272.7392        0.0001   0.10000E-03
     3000.0000        0.0000   0.00000E+00
        0.0000        0.0000  -0.00000E+00
     1346.5108        0.0000  -0.00000E+00
     1346.5108        0.0001   0.10000E-03
     3000.0000        0.0000   0.00000E+00
        0.0000        0.0000  -0.00000E+00
     1413.6525        0.0000  -0.00000E+00
     1413.6525        0.0001   0.10000E-03
     3000.0000        0.0000   0.00000E+00
        0.0000        0.0000  -0.00000E+00
     1473.7874        0.0000  -0.00000E+00
     1473.7874        0.0001   0.10000E-03
     3000.0000        0.0000   0.00000E+00
        0.0000        0.0000  -0.00000E+00
     1526.5825        0.0000  -0.00000E+00
     1526.5825        0.0001   0.10000E-03
     3000.0000        0.0000   0.00000E+00
        0.0000        0.0000  -0.00000E+00
     1571.7483        0.0000  -0.00000E+00
     1571.7483        0.0001   0.10000E-03
     3000.0000        0.0000   0.00000E+00
        0.0000        0.0000  -0.00000E+00
     1609.0388        0.0000  -0.00000E+00
     1609.0388        0.0001   0.10000E-03
     3000.0000        0.0000   0.00000E+00
        0.0000        0.0000  -0.00000E+00
     1638.2521        0.0000  -0.00000E+00
     1638.2521        0.0001   0.10000E-03
     3000.0000        0.0000   0.00000E+00
        0.0000        0.0000  -0.00000E+00
     1659.2303        0.0000  -0.00000E+00
     1659.2303        0.0001   0.10000E-03
     3000.0000        0.0000   0.00000E+00
        0.0000        0.0000  -0.00000E+00
     1671.8607        0.0000  -0.00000E+00
     1671.8607        0.0001   0.10000E-03
     3000.0000        0.0000   0.00000E+00
        0.0000        0.0000  -0.00000E+00
     1676.0752        0.0000  -0.00000E+00
     1676.0752        0.0001   0.10000E-03
     3000.0000        0.0000   0.00000E+00
Time int. between profiles 1800s
