        RT(hours)          [CH3O2]         L_R_14           L_R_18           P_R_08           tot_loss         tot_prod
  -1.483   0.017   0.81592645E-05   0.49541061E-07   0.27055440E-10   0.18947844E-06   0.49568119E-07   0.18947844E-06
  -1.467   0.033   0.17092101E-04   0.73752482E-07   0.12948029E-09   0.23292510E-06   0.73881963E-07   0.23292510E-06
  -1.450   0.050   0.27374945E-04   0.89242223E-07   0.33989690E-09   0.27341315E-06   0.89582121E-07   0.27341315E-06
  -1.433   0.067   0.39214528E-04   0.10386267E-06   0.69812158E-09   0.31507872E-06   0.10456079E-06   0.31507872E-06
  -1.417   0.083   0.52666258E-04   0.12207547E-06   0.12525829E-08   0.36067362E-06   0.12332806E-06   0.36067362E-06
  -1.400   0.100   0.67703585E-04   0.14661124E-06   0.20610361E-08   0.41192044E-06   0.14867228E-06   0.41192044E-06
  -1.383   0.117   0.84249514E-04   0.17919242E-06   0.31907331E-08   0.46996210E-06   0.18238315E-06   0.46996210E-06
  -1.367   0.133   0.10219792E-03   0.22093799E-06   0.47175908E-08   0.53564663E-06   0.22565558E-06   0.53564663E-06
  -1.350   0.150   0.12142836E-03   0.27261361E-06   0.67241198E-08   0.60967186E-06   0.27933773E-06   0.60967186E-06
  -1.333   0.167   0.14181496E-03   0.33478376E-06   0.92961717E-08   0.69264112E-06   0.34407993E-06   0.69264112E-06
  -1.317   0.183   0.16323026E-03   0.40789418E-06   0.12518787E-07   0.78507036E-06   0.42041296E-06   0.78507036E-06
  -1.300   0.200   0.18554573E-03   0.49230531E-06   0.16471527E-07   0.88737311E-06   0.50877684E-06   0.88737311E-06
  -1.283   0.217   0.20863037E-03   0.58829467E-06   0.21223722E-07   0.99983938E-06   0.60951839E-06   0.99983938E-06
  -1.267   0.233   0.23234881E-03   0.69604276E-06   0.26830028E-07   0.11226176E-05   0.72287279E-06   0.11226176E-05
  -1.250   0.250   0.25655987E-03   0.81561381E-06   0.33326690E-07   0.12557044E-05   0.84894051E-06   0.12557044E-05
  -1.233   0.267   0.28111611E-03   0.94693851E-06   0.40728818E-07   0.13989447E-05   0.98766733E-06   0.13989447E-05
  -1.217   0.283   0.30586469E-03   0.10898033E-05   0.49028912E-07   0.15520409E-05   0.11388322E-05   0.15520409E-05
  -1.200   0.300   0.33064945E-03   0.12438480E-05   0.58196756E-07   0.17145708E-05   0.13020447E-05   0.17145708E-05
  -1.183   0.317   0.35531406E-03   0.14085728E-05   0.68180679E-07   0.18860102E-05   0.14767535E-05   0.18860102E-05
  -1.167   0.333   0.37970586E-03   0.15833529E-05   0.78910040E-07   0.20657588E-05   0.16622630E-05   0.20657588E-05
  -1.150   0.350   0.40368004E-03   0.17674598E-05   0.90298707E-07   0.22531662E-05   0.18577585E-05   0.22531662E-05
  -1.133   0.367   0.42710360E-03   0.19600871E-05   0.10224920E-06   0.24475557E-05   0.20623363E-05   0.24475557E-05
  -1.117   0.383   0.44985883E-03   0.21603787E-05   0.11465716E-06   0.26482462E-05   0.22750359E-05   0.26482462E-05
  -1.100   0.400   0.47184596E-03   0.23674575E-05   0.12741580E-06   0.28545694E-05   0.24948733E-05   0.28545694E-05
  -1.083   0.417   0.49298486E-03   0.25804516E-05   0.14041999E-06   0.30658837E-05   0.27208716E-05   0.30658837E-05
  -1.067   0.433   0.51321570E-03   0.27985181E-05   0.15356985E-06   0.32815848E-05   0.29520879E-05   0.32815848E-05
  -1.050   0.450   0.53249863E-03   0.30208624E-05   0.16677352E-06   0.35011124E-05   0.31876359E-05   0.35011124E-05
  -1.033   0.467   0.55081270E-03   0.32467525E-05   0.17994923E-06   0.37239542E-05   0.34267017E-05   0.37239542E-05
  -1.017   0.483   0.56815405E-03   0.34755288E-05   0.19302654E-06   0.39496480E-05   0.36685554E-05   0.39496480E-05
  -1.000   0.500   0.58453368E-03   0.37066090E-05   0.20594681E-06   0.41777809E-05   0.39125558E-05   0.41777809E-05
  -0.983   0.517   0.59997503E-03   0.39394886E-05   0.21866314E-06   0.44079876E-05   0.41581518E-05   0.44079876E-05
  -0.967   0.533   0.61451138E-03   0.41737392E-05   0.23113973E-06   0.46399476E-05   0.44048789E-05   0.46399476E-05
  -0.950   0.550   0.62818341E-03   0.44090027E-05   0.24335089E-06   0.48733811E-05   0.46523536E-05   0.48733811E-05
  -0.933   0.567   0.64103693E-03   0.46449851E-05   0.25527992E-06   0.51080451E-05   0.49002650E-05   0.51080451E-05
  -0.917   0.583   0.65312081E-03   0.48814483E-05   0.26691770E-06   0.53437289E-05   0.51483660E-05   0.53437289E-05
  -0.900   0.600   0.66448529E-03   0.51182023E-05   0.27826147E-06   0.55802496E-05   0.53964638E-05   0.55802496E-05
  -0.883   0.617   0.67518054E-03   0.53550967E-05   0.28931346E-06   0.58174482E-05   0.56444102E-05   0.58174482E-05
  -0.867   0.633   0.68525556E-03   0.55920133E-05   0.30007980E-06   0.60551853E-05   0.58920931E-05   0.60551853E-05
  -0.850   0.650   0.69475732E-03   0.58288590E-05   0.31056940E-06   0.62933379E-05   0.61394284E-05   0.62933379E-05
  -0.833   0.667   0.70373021E-03   0.60655599E-05   0.32079315E-06   0.65317961E-05   0.63863531E-05   0.65317961E-05
  -0.817   0.683   0.71221564E-03   0.63020562E-05   0.33076312E-06   0.67704604E-05   0.66328193E-05   0.67704604E-05
  -0.800   0.700   0.72025186E-03   0.65382975E-05   0.34049199E-06   0.70092397E-05   0.68787895E-05   0.70092397E-05
  -0.783   0.717   0.72787390E-03   0.67742400E-05   0.34999258E-06   0.72480492E-05   0.71242326E-05   0.72480492E-05
  -0.767   0.733   0.73511359E-03   0.70098432E-05   0.35927750E-06   0.74868090E-05   0.73691207E-05   0.74868090E-05
  -0.750   0.750   0.74199970E-03   0.72450686E-05   0.36835890E-06   0.77254428E-05   0.76134275E-05   0.77254428E-05
  -0.733   0.767   0.74855812E-03   0.74798777E-05   0.37724832E-06   0.79638771E-05   0.78571260E-05   0.79638771E-05
  -0.717   0.783   0.75481207E-03   0.77142312E-05   0.38595656E-06   0.82020407E-05   0.81001877E-05   0.82020407E-05
  -0.700   0.800   0.76078228E-03   0.79480886E-05   0.39449364E-06   0.84398639E-05   0.83425823E-05   0.84398639E-05
  -0.683   0.817   0.76648726E-03   0.81814078E-05   0.40286879E-06   0.86772783E-05   0.85842766E-05   0.86772783E-05
  -0.667   0.833   0.77194353E-03   0.84141449E-05   0.41109043E-06   0.89142169E-05   0.88252354E-05   0.89142169E-05
  -0.650   0.850   0.77716578E-03   0.86462543E-05   0.41916627E-06   0.91506136E-05   0.90654206E-05   0.91506136E-05
  -0.633   0.867   0.78216713E-03   0.88776889E-05   0.42710329E-06   0.93864032E-05   0.93047922E-05   0.93864032E-05
  -0.617   0.883   0.78695929E-03   0.91084004E-05   0.43490782E-06   0.96215217E-05   0.95433083E-05   0.96215217E-05
  -0.600   0.900   0.79155273E-03   0.93383394E-05   0.44258562E-06   0.98559061E-05   0.97809251E-05   0.98559061E-05
  -0.583   0.917   0.79595682E-03   0.95674559E-05   0.45014188E-06   0.10089494E-04   0.10017598E-04   0.10089494E-04
  -0.567   0.933   0.80017998E-03   0.97956992E-05   0.45758133E-06   0.10322226E-04   0.10253281E-04   0.10322226E-04
  -0.550   0.950   0.80422980E-03   0.10023019E-04   0.46490826E-06   0.10554042E-04   0.10487927E-04   0.10554042E-04
  -0.533   0.967   0.80811315E-03   0.10249363E-04   0.47212659E-06   0.10784883E-04   0.10721490E-04   0.10784883E-04
  -0.517   0.983   0.81183623E-03   0.10474683E-04   0.47923990E-06   0.11014692E-04   0.10953923E-04   0.11014692E-04
  -0.500   1.000   0.81540470E-03   0.10698928E-04   0.48625146E-06   0.11243415E-04   0.11185179E-04   0.11243415E-04
  -0.483   1.017   0.81882374E-03   0.10922048E-04   0.49316428E-06   0.11470998E-04   0.11415212E-04   0.11470998E-04
  -0.467   1.033   0.82209807E-03   0.11143994E-04   0.49998116E-06   0.11697386E-04   0.11643976E-04   0.11697386E-04
  -0.450   1.050   0.82523204E-03   0.11364720E-04   0.50670466E-06   0.11922530E-04   0.11871425E-04   0.11922530E-04
  -0.433   1.067   0.82822969E-03   0.11584177E-04   0.51333718E-06   0.12146378E-04   0.12097514E-04   0.12146378E-04
  -0.417   1.083   0.83109471E-03   0.11802320E-04   0.51988096E-06   0.12368884E-04   0.12322201E-04   0.12368884E-04
  -0.400   1.100   0.83383058E-03   0.12019103E-04   0.52633808E-06   0.12589999E-04   0.12545441E-04   0.12589999E-04
  -0.383   1.117   0.83644051E-03   0.12234483E-04   0.53271050E-06   0.12809677E-04   0.12767194E-04   0.12809677E-04
  -0.367   1.133   0.83892751E-03   0.12448417E-04   0.53900005E-06   0.13027875E-04   0.12987417E-04   0.13027875E-04
  -0.350   1.150   0.84129440E-03   0.12660862E-04   0.54520848E-06   0.13244549E-04   0.13206071E-04   0.13244549E-04
  -0.333   1.167   0.84354384E-03   0.12871778E-04   0.55133742E-06   0.13459658E-04   0.13423116E-04   0.13459658E-04
  -0.317   1.183   0.84567831E-03   0.13081126E-04   0.55738840E-06   0.13673160E-04   0.13638514E-04   0.13673160E-04
  -0.300   1.200   0.84770018E-03   0.13288865E-04   0.56336291E-06   0.13885016E-04   0.13852228E-04   0.13885016E-04
  -0.283   1.217   0.84961168E-03   0.13494960E-04   0.56926233E-06   0.14095188E-04   0.14064222E-04   0.14095188E-04
  -0.267   1.233   0.85141492E-03   0.13699372E-04   0.57508797E-06   0.14303638E-04   0.14274460E-04   0.14303638E-04
  -0.250   1.250   0.85312103E-03   0.13902185E-04   0.58084804E-06   0.14510357E-04   0.14483033E-04   0.14510357E-04
  -0.233   1.267   0.85473995E-03   0.14103449E-04   0.58655029E-06   0.14715333E-04   0.14689999E-04   0.14715333E-04
  -0.217   1.283   0.85626797E-03   0.14303035E-04   0.59219202E-06   0.14918517E-04   0.14895227E-04   0.14918517E-04
  -0.200   1.300   0.85770412E-03   0.14500863E-04   0.59777245E-06   0.15119866E-04   0.15098635E-04   0.15119866E-04
  -0.183   1.317   0.85904879E-03   0.14696878E-04   0.60329170E-06   0.15319339E-04   0.15300170E-04   0.15319339E-04
  -0.167   1.333   0.86030288E-03   0.14891035E-04   0.60875024E-06   0.15516896E-04   0.15499786E-04   0.15516896E-04
  -0.150   1.350   0.86146738E-03   0.15083294E-04   0.61414860E-06   0.15712498E-04   0.15697443E-04   0.15712498E-04
  -0.133   1.367   0.86254334E-03   0.15273615E-04   0.61948735E-06   0.15906107E-04   0.15893102E-04   0.15906107E-04
  -0.117   1.383   0.86353177E-03   0.15461959E-04   0.62476701E-06   0.16097686E-04   0.16086726E-04   0.16097686E-04
  -0.100   1.400   0.86443362E-03   0.15648291E-04   0.62998810E-06   0.16287197E-04   0.16278279E-04   0.16287197E-04
  -0.083   1.417   0.86524982E-03   0.15832572E-04   0.63515107E-06   0.16474604E-04   0.16467724E-04   0.16474604E-04
  -0.067   1.433   0.86598126E-03   0.16014768E-04   0.64025633E-06   0.16659871E-04   0.16655025E-04   0.16659871E-04
  -0.050   1.450   0.86662877E-03   0.16194843E-04   0.64530426E-06   0.16842962E-04   0.16840148E-04   0.16842962E-04
  -0.033   1.467   0.86719315E-03   0.16372762E-04   0.65029517E-06   0.17023842E-04   0.17023057E-04   0.17023842E-04
  -0.017   1.483   0.86767515E-03   0.16548489E-04   0.65522934E-06   0.17202475E-04   0.17203718E-04   0.17202475E-04
   0.000   1.500   0.86807549E-03   0.16721991E-04   0.66010701E-06   0.17378828E-04   0.17382098E-04   0.17378828E-04
   0.017   1.517   0.86839487E-03   0.16893233E-04   0.66492837E-06   0.17552867E-04   0.17558162E-04   0.17552867E-04
   0.033   1.533   0.86863394E-03   0.17062184E-04   0.66969355E-06   0.17724558E-04   0.17731877E-04   0.17724558E-04
   0.050   1.550   0.86879334E-03   0.17228809E-04   0.67440267E-06   0.17893867E-04   0.17903211E-04   0.17893867E-04
   0.067   1.567   0.86887368E-03   0.17393076E-04   0.67905579E-06   0.18060763E-04   0.18072131E-04   0.18060763E-04
   0.083   1.583   0.86887553E-03   0.17554953E-04   0.68365293E-06   0.18225213E-04   0.18238606E-04   0.18225213E-04
   0.100   1.600   0.86879948E-03   0.17714409E-04   0.68819410E-06   0.18387185E-04   0.18402603E-04   0.18387185E-04
   0.117   1.617   0.86864606E-03   0.17871413E-04   0.69267925E-06   0.18546649E-04   0.18564092E-04   0.18546649E-04
   0.133   1.633   0.86841583E-03   0.18025934E-04   0.69710831E-06   0.18703573E-04   0.18723042E-04   0.18703573E-04
   0.150   1.650   0.86810930E-03   0.18177943E-04   0.70148116E-06   0.18857927E-04   0.18879425E-04   0.18857927E-04
   0.167   1.667   0.86772699E-03   0.18327411E-04   0.70579768E-06   0.19009683E-04   0.19033209E-04   0.19009683E-04
   0.183   1.683   0.86726941E-03   0.18474309E-04   0.71005771E-06   0.19158811E-04   0.19184367E-04   0.19158811E-04
   0.200   1.700   0.86673706E-03   0.18618609E-04   0.71426105E-06   0.19305284E-04   0.19332870E-04   0.19305284E-04
   0.217   1.717   0.86613045E-03   0.18760284E-04   0.71840749E-06   0.19449073E-04   0.19478692E-04   0.19449073E-04
   0.233   1.733   0.86545007E-03   0.18899308E-04   0.72249680E-06   0.19590153E-04   0.19621805E-04   0.19590153E-04
   0.250   1.750   0.86469643E-03   0.19035655E-04   0.72652874E-06   0.19728497E-04   0.19762183E-04   0.19728497E-04
   0.267   1.767   0.86387002E-03   0.19169299E-04   0.73050301E-06   0.19864080E-04   0.19899802E-04   0.19864080E-04
   0.283   1.783   0.86297135E-03   0.19300217E-04   0.73441935E-06   0.19996878E-04   0.20034637E-04   0.19996878E-04
   0.300   1.800   0.86200093E-03   0.19428386E-04   0.73827743E-06   0.20126867E-04   0.20166664E-04   0.20126867E-04
   0.317   1.817   0.86095927E-03   0.19553783E-04   0.74207694E-06   0.20254025E-04   0.20295860E-04   0.20254025E-04
   0.333   1.833   0.85984690E-03   0.19676386E-04   0.74581755E-06   0.20378329E-04   0.20422204E-04   0.20378329E-04
   0.350   1.850   0.85866435E-03   0.19796176E-04   0.74949892E-06   0.20499759E-04   0.20545675E-04   0.20499759E-04
   0.367   1.867   0.85741216E-03   0.19913131E-04   0.75312070E-06   0.20618296E-04   0.20666252E-04   0.20618296E-04
   0.383   1.883   0.85609088E-03   0.20027234E-04   0.75668253E-06   0.20733919E-04   0.20783917E-04   0.20733919E-04
   0.400   1.900   0.85470108E-03   0.20138467E-04   0.76018404E-06   0.20846612E-04   0.20898652E-04   0.20846612E-04
   0.417   1.917   0.85324333E-03   0.20246814E-04   0.76362487E-06   0.20956357E-04   0.21010439E-04   0.20956357E-04
   0.433   1.933   0.85171823E-03   0.20352258E-04   0.76700464E-06   0.21063139E-04   0.21119262E-04   0.21063139E-04
   0.450   1.950   0.85012638E-03   0.20454785E-04   0.77032298E-06   0.21166943E-04   0.21225108E-04   0.21166943E-04
   0.467   1.967   0.84846841E-03   0.20554381E-04   0.77357953E-06   0.21267755E-04   0.21327961E-04   0.21267755E-04
   0.483   1.983   0.84674494E-03   0.20651035E-04   0.77677390E-06   0.21365564E-04   0.21427809E-04   0.21365564E-04
   0.500   2.000   0.84495664E-03   0.20744736E-04   0.77990574E-06   0.21460356E-04   0.21524641E-04   0.21460356E-04
   0.517   2.017   0.84310416E-03   0.20835472E-04   0.78297467E-06   0.21552123E-04   0.21618447E-04   0.21552123E-04
   0.533   2.033   0.84118820E-03   0.20923236E-04   0.78598033E-06   0.21640856E-04   0.21709217E-04   0.21640856E-04
   0.550   2.050   0.83920946E-03   0.21008020E-04   0.78892238E-06   0.21726546E-04   0.21796942E-04   0.21726546E-04
   0.567   2.067   0.83716866E-03   0.21089817E-04   0.79180048E-06   0.21809187E-04   0.21881617E-04   0.21809187E-04
   0.583   2.083   0.83506654E-03   0.21168622E-04   0.79461428E-06   0.21888774E-04   0.21963237E-04   0.21888774E-04
   0.600   2.100   0.83290386E-03   0.21244432E-04   0.79736346E-06   0.21965303E-04   0.22041795E-04   0.21965303E-04
   0.617   2.117   0.83068139E-03   0.21317243E-04   0.80004771E-06   0.22038770E-04   0.22117290E-04   0.22038770E-04
   0.633   2.133   0.82839993E-03   0.21387054E-04   0.80266674E-06   0.22109175E-04   0.22189721E-04   0.22109175E-04
   0.650   2.150   0.82606030E-03   0.21453865E-04   0.80522025E-06   0.22176517E-04   0.22259085E-04   0.22176517E-04
   0.667   2.167   0.82366332E-03   0.21517677E-04   0.80770798E-06   0.22240798E-04   0.22325385E-04   0.22240798E-04
   0.683   2.183   0.82120984E-03   0.21578492E-04   0.81012967E-06   0.22302018E-04   0.22388621E-04   0.22302018E-04
   0.700   2.200   0.81870073E-03   0.21636314E-04   0.81248509E-06   0.22360183E-04   0.22448799E-04   0.22360183E-04
   0.717   2.217   0.81613687E-03   0.21691148E-04   0.81477401E-06   0.22415296E-04   0.22505922E-04   0.22415296E-04
   0.733   2.233   0.81351917E-03   0.21743000E-04   0.81699624E-06   0.22467364E-04   0.22559996E-04   0.22467364E-04
   0.750   2.250   0.81084856E-03   0.21791877E-04   0.81915159E-06   0.22516395E-04   0.22611029E-04   0.22516395E-04
   0.767   2.267   0.80812596E-03   0.21837788E-04   0.82123991E-06   0.22562396E-04   0.22659028E-04   0.22562396E-04
   0.783   2.283   0.80535233E-03   0.21880744E-04   0.82326106E-06   0.22605379E-04   0.22704005E-04   0.22605379E-04
   0.800   2.300   0.80252864E-03   0.21920755E-04   0.82521491E-06   0.22645354E-04   0.22745970E-04   0.22645354E-04
   0.817   2.317   0.79965588E-03   0.21957833E-04   0.82710138E-06   0.22682333E-04   0.22784935E-04   0.22682333E-04
   0.833   2.333   0.79673505E-03   0.21991993E-04   0.82892040E-06   0.22716331E-04   0.22820914E-04   0.22716331E-04
   0.850   2.350   0.79376717E-03   0.22023250E-04   0.83067191E-06   0.22747363E-04   0.22853922E-04   0.22747363E-04
   0.867   2.367   0.79075327E-03   0.22051619E-04   0.83235589E-06   0.22775444E-04   0.22883975E-04   0.22775444E-04
   0.883   2.383   0.78769439E-03   0.22077117E-04   0.83397236E-06   0.22800592E-04   0.22911090E-04   0.22800592E-04
   0.900   2.400   0.78459159E-03   0.22099765E-04   0.83552133E-06   0.22822825E-04   0.22935286E-04   0.22822825E-04
   0.917   2.417   0.78144595E-03   0.22119580E-04   0.83700285E-06   0.22842164E-04   0.22956583E-04   0.22842164E-04
   0.933   2.433   0.77825854E-03   0.22136584E-04   0.83841702E-06   0.22858629E-04   0.22975001E-04   0.22858629E-04
   0.950   2.450   0.77503046E-03   0.22150798E-04   0.83976393E-06   0.22872242E-04   0.22990562E-04   0.22872242E-04
   0.967   2.467   0.77176282E-03   0.22162247E-04   0.84104372E-06   0.22883027E-04   0.23003291E-04   0.22883027E-04
   0.983   2.483   0.76845673E-03   0.22170953E-04   0.84225654E-06   0.22891007E-04   0.23013209E-04   0.22891007E-04
   1.000   2.500   0.76511315E-03   0.22176983E-04   0.84340537E-06   0.22896091E-04   0.23020388E-04   0.22896091E-04
   1.017   2.517   0.76154044E-03   0.22178013E-04   0.84440918E-06   0.22891411E-04   0.23022422E-04   0.22891411E-04
   1.033   2.533   0.75778904E-03   0.22172880E-04   0.84514369E-06   0.22884140E-04   0.23018024E-04   0.22884140E-04
   1.050   2.550   0.75397521E-03   0.22164544E-04   0.84575385E-06   0.22874379E-04   0.23010298E-04   0.22874379E-04
   1.067   2.567   0.75012715E-03   0.22153636E-04   0.84627907E-06   0.22862206E-04   0.22999915E-04   0.22862206E-04
   1.083   2.583   0.74625487E-03   0.22140358E-04   0.84673535E-06   0.22847700E-04   0.22987094E-04   0.22847700E-04
   1.100   2.600   0.74236344E-03   0.22124813E-04   0.84713096E-06   0.22830922E-04   0.22971944E-04   0.22830922E-04
   1.117   2.617   0.73845592E-03   0.22107070E-04   0.84747062E-06   0.22811923E-04   0.22954540E-04   0.22811923E-04
   1.133   2.633   0.73453442E-03   0.22087180E-04   0.84775712E-06   0.22790746E-04   0.22934937E-04   0.22790746E-04
   1.150   2.650   0.73060044E-03   0.22065185E-04   0.84799219E-06   0.22767428E-04   0.22913177E-04   0.22767428E-04
   1.167   2.667   0.72665519E-03   0.22041123E-04   0.84817691E-06   0.22742003E-04   0.22889300E-04   0.22742003E-04
   1.183   2.683   0.72269969E-03   0.22015028E-04   0.84831205E-06   0.22714503E-04   0.22863340E-04   0.22714503E-04
   1.200   2.700   0.71873486E-03   0.21986933E-04   0.84839815E-06   0.22684961E-04   0.22835331E-04   0.22684961E-04
   1.217   2.717   0.71476153E-03   0.21956868E-04   0.84843568E-06   0.22653406E-04   0.22805304E-04   0.22653406E-04
   1.233   2.733   0.71078053E-03   0.21924866E-04   0.84842502E-06   0.22619872E-04   0.22773291E-04   0.22619872E-04
   1.250   2.750   0.70679266E-03   0.21890959E-04   0.84836655E-06   0.22584389E-04   0.22739325E-04   0.22584389E-04
   1.267   2.767   0.70279869E-03   0.21855177E-04   0.84826066E-06   0.22546989E-04   0.22703438E-04   0.22546989E-04
   1.283   2.783   0.69879939E-03   0.21817554E-04   0.84810771E-06   0.22507705E-04   0.22665661E-04   0.22507705E-04
   1.300   2.800   0.69479553E-03   0.21778120E-04   0.84790809E-06   0.22466568E-04   0.22626028E-04   0.22466568E-04
   1.317   2.817   0.69078786E-03   0.21736909E-04   0.84766219E-06   0.22423612E-04   0.22584571E-04   0.22423612E-04
   1.333   2.833   0.68677714E-03   0.21693953E-04   0.84737043E-06   0.22378869E-04   0.22541323E-04   0.22378869E-04
   1.350   2.850   0.68276410E-03   0.21649285E-04   0.84703323E-06   0.22332372E-04   0.22496318E-04   0.22332372E-04
   1.367   2.867   0.67874949E-03   0.21602937E-04   0.84665103E-06   0.22284154E-04   0.22449588E-04   0.22284154E-04
   1.383   2.883   0.67473404E-03   0.21554943E-04   0.84622428E-06   0.22234250E-04   0.22401168E-04   0.22234250E-04
   1.400   2.900   0.67071848E-03   0.21505337E-04   0.84575345E-06   0.22182691E-04   0.22351090E-04   0.22182691E-04
   1.417   2.917   0.66670353E-03   0.21454151E-04   0.84523902E-06   0.22129513E-04   0.22299390E-04   0.22129513E-04
   1.433   2.933   0.66268989E-03   0.21401420E-04   0.84468149E-06   0.22074749E-04   0.22246102E-04   0.22074749E-04
   1.450   2.950   0.65867829E-03   0.21347177E-04   0.84408136E-06   0.22018433E-04   0.22191258E-04   0.22018433E-04
   1.467   2.967   0.65466941E-03   0.21291456E-04   0.84343916E-06   0.21960599E-04   0.22134895E-04   0.21960599E-04
   1.483   2.983   0.65066396E-03   0.21234290E-04   0.84275542E-06   0.21901282E-04   0.22077046E-04   0.21901282E-04
   1.500   3.000   0.64666260E-03   0.21175714E-04   0.84203068E-06   0.21840515E-04   0.22017745E-04   0.21840515E-04
   1.517   3.017   0.64266603E-03   0.21115762E-04   0.84126551E-06   0.21778333E-04   0.21957027E-04   0.21778333E-04
   1.533   3.033   0.63867490E-03   0.21054467E-04   0.84046048E-06   0.21714770E-04   0.21894928E-04   0.21714770E-04
   1.550   3.050   0.63468988E-03   0.20991863E-04   0.83961617E-06   0.21649861E-04   0.21831480E-04   0.21649861E-04
   1.567   3.067   0.63071161E-03   0.20927985E-04   0.83873316E-06   0.21583639E-04   0.21766718E-04   0.21583639E-04
   1.583   3.083   0.62674073E-03   0.20862866E-04   0.83781207E-06   0.21516138E-04   0.21700678E-04   0.21516138E-04
   1.600   3.100   0.62277787E-03   0.20796539E-04   0.83685351E-06   0.21447393E-04   0.21633393E-04   0.21447393E-04
   1.617   3.117   0.61882366E-03   0.20729039E-04   0.83585809E-06   0.21377438E-04   0.21564897E-04   0.21377438E-04
   1.633   3.133   0.61487870E-03   0.20660399E-04   0.83482644E-06   0.21306307E-04   0.21495226E-04   0.21306307E-04
   1.650   3.150   0.61094360E-03   0.20590652E-04   0.83375921E-06   0.21234033E-04   0.21424412E-04   0.21234033E-04
   1.667   3.167   0.60701895E-03   0.20519832E-04   0.83265704E-06   0.21160650E-04   0.21352490E-04   0.21160650E-04
   1.683   3.183   0.60310532E-03   0.20447972E-04   0.83152058E-06   0.21086191E-04   0.21279493E-04   0.21086191E-04
   1.700   3.200   0.59920328E-03   0.20375105E-04   0.83035049E-06   0.21010690E-04   0.21205455E-04   0.21010690E-04
   1.717   3.217   0.59531340E-03   0.20301263E-04   0.82914745E-06   0.20934181E-04   0.21130410E-04   0.20934181E-04
   1.733   3.233   0.59143622E-03   0.20226479E-04   0.82791211E-06   0.20856695E-04   0.21054391E-04   0.20856695E-04
   1.750   3.250   0.58757228E-03   0.20150785E-04   0.82664517E-06   0.20778265E-04   0.20977430E-04   0.20778265E-04
   1.767   3.267   0.58372210E-03   0.20074214E-04   0.82534729E-06   0.20698924E-04   0.20899561E-04   0.20698924E-04
   1.783   3.283   0.57988619E-03   0.19996797E-04   0.82401918E-06   0.20618705E-04   0.20820816E-04   0.20618705E-04
   1.800   3.300   0.57606507E-03   0.19918566E-04   0.82266152E-06   0.20537638E-04   0.20741227E-04   0.20537638E-04
   1.817   3.317   0.57225921E-03   0.19839552E-04   0.82127500E-06   0.20455756E-04   0.20660827E-04   0.20455756E-04
   1.833   3.333   0.56846910E-03   0.19759786E-04   0.81986033E-06   0.20373091E-04   0.20579646E-04   0.20373091E-04
   1.850   3.350   0.56469521E-03   0.19679298E-04   0.81841820E-06   0.20289672E-04   0.20497716E-04   0.20289672E-04
   1.867   3.367   0.56093799E-03   0.19598120E-04   0.81694931E-06   0.20205532E-04   0.20415070E-04   0.20205532E-04
   1.883   3.383   0.55719789E-03   0.19516281E-04   0.81545438E-06   0.20120699E-04   0.20331736E-04   0.20120699E-04
   1.900   3.400   0.55347534E-03   0.19433812E-04   0.81393410E-06   0.20035205E-04   0.20247746E-04   0.20035205E-04
   1.917   3.417   0.54977076E-03   0.19350740E-04   0.81238918E-06   0.19949079E-04   0.20163129E-04   0.19949079E-04
   1.933   3.433   0.54608456E-03   0.19267096E-04   0.81082032E-06   0.19862351E-04   0.20077917E-04   0.19862351E-04
   1.950   3.450   0.54241713E-03   0.19182908E-04   0.80922824E-06   0.19775049E-04   0.19992137E-04   0.19775049E-04
   1.967   3.467   0.53876888E-03   0.19098205E-04   0.80761363E-06   0.19687203E-04   0.19905818E-04   0.19687203E-04
   1.983   3.483   0.53514016E-03   0.19013014E-04   0.80597721E-06   0.19598840E-04   0.19818991E-04   0.19598840E-04
   2.000   3.500   0.53153134E-03   0.18927362E-04   0.80431968E-06   0.19509988E-04   0.19731682E-04   0.19509988E-04
   2.017   3.517   0.52794277E-03   0.18841278E-04   0.80264173E-06   0.19420676E-04   0.19643919E-04   0.19420676E-04
   2.033   3.533   0.52437479E-03   0.18754787E-04   0.80094407E-06   0.19330929E-04   0.19555731E-04   0.19330929E-04
   2.050   3.550   0.52082773E-03   0.18667917E-04   0.79922740E-06   0.19240775E-04   0.19467144E-04   0.19240775E-04
   2.067   3.567   0.51730191E-03   0.18580692E-04   0.79749241E-06   0.19150239E-04   0.19378184E-04   0.19150239E-04
   2.083   3.583   0.51379763E-03   0.18493139E-04   0.79573979E-06   0.19059349E-04   0.19288879E-04   0.19059349E-04
   2.100   3.600   0.51031517E-03   0.18405283E-04   0.79397023E-06   0.18968128E-04   0.19199253E-04   0.18968128E-04
   2.117   3.617   0.50685484E-03   0.18317148E-04   0.79218441E-06   0.18876603E-04   0.19109332E-04   0.18876603E-04
   2.133   3.633   0.50341689E-03   0.18228758E-04   0.79038303E-06   0.18784798E-04   0.19019141E-04   0.18784798E-04
   2.150   3.650   0.50000160E-03   0.18140138E-04   0.78856674E-06   0.18692736E-04   0.18928705E-04   0.18692736E-04
   2.167   3.667   0.49660920E-03   0.18051311E-04   0.78673623E-06   0.18600442E-04   0.18838047E-04   0.18600442E-04
   2.183   3.683   0.49323993E-03   0.17962299E-04   0.78489215E-06   0.18507938E-04   0.18747191E-04   0.18507938E-04
   2.200   3.700   0.48989403E-03   0.17873126E-04   0.78303519E-06   0.18415248E-04   0.18656161E-04   0.18415248E-04
   2.217   3.717   0.48657172E-03   0.17783813E-04   0.78116598E-06   0.18322394E-04   0.18564979E-04   0.18322394E-04
   2.233   3.733   0.48327320E-03   0.17694382E-04   0.77928518E-06   0.18229398E-04   0.18473667E-04   0.18229398E-04
   2.250   3.750   0.47999867E-03   0.17604854E-04   0.77739343E-06   0.18136281E-04   0.18382248E-04   0.18136281E-04
   2.267   3.767   0.47674831E-03   0.17515250E-04   0.77549138E-06   0.18043065E-04   0.18290742E-04   0.18043065E-04
   2.283   3.783   0.47352231E-03   0.17425591E-04   0.77357966E-06   0.17949769E-04   0.18199170E-04   0.17949769E-04
   2.300   3.800   0.47032082E-03   0.17335896E-04   0.77165889E-06   0.17856415E-04   0.18107554E-04   0.17856415E-04
   2.317   3.817   0.46714402E-03   0.17246184E-04   0.76972970E-06   0.17763021E-04   0.18015914E-04   0.17763021E-04
   2.333   3.833   0.46399205E-03   0.17156475E-04   0.76779270E-06   0.17669608E-04   0.17924267E-04   0.17669608E-04
   2.350   3.850   0.46086505E-03   0.17066787E-04   0.76584849E-06   0.17576193E-04   0.17832635E-04   0.17576193E-04
   2.367   3.867   0.45776315E-03   0.16977139E-04   0.76389767E-06   0.17482795E-04   0.17741036E-04   0.17482795E-04
   2.383   3.883   0.45468647E-03   0.16887547E-04   0.76194084E-06   0.17389432E-04   0.17649488E-04   0.17389432E-04
   2.400   3.900   0.45163513E-03   0.16798030E-04   0.75997859E-06   0.17296122E-04   0.17558009E-04   0.17296122E-04
   2.417   3.917   0.44860923E-03   0.16708605E-04   0.75801148E-06   0.17202882E-04   0.17466616E-04   0.17202882E-04
   2.433   3.933   0.44560886E-03   0.16619287E-04   0.75604010E-06   0.17109728E-04   0.17375327E-04   0.17109728E-04
   2.450   3.950   0.44263412E-03   0.16530093E-04   0.75406499E-06   0.17016676E-04   0.17284158E-04   0.17016676E-04
   2.467   3.967   0.43968508E-03   0.16441038E-04   0.75208673E-06   0.16923743E-04   0.17193124E-04   0.16923743E-04
   2.483   3.983   0.43676183E-03   0.16352137E-04   0.75010585E-06   0.16830943E-04   0.17102243E-04   0.16830943E-04
   2.500   4.000   0.43386442E-03   0.16263406E-04   0.74812291E-06   0.16738291E-04   0.17011529E-04   0.16738291E-04
   2.517   4.017   0.43099290E-03   0.16174859E-04   0.74613842E-06   0.16645803E-04   0.16920997E-04   0.16645803E-04
   2.533   4.033   0.42814735E-03   0.16086509E-04   0.74415291E-06   0.16553492E-04   0.16830662E-04   0.16553492E-04
   2.550   4.050   0.42532778E-03   0.15998371E-04   0.74216690E-06   0.16461372E-04   0.16740537E-04   0.16461372E-04
   2.567   4.067   0.42253425E-03   0.15910457E-04   0.74018091E-06   0.16369456E-04   0.16650637E-04   0.16369456E-04
   2.583   4.083   0.41976678E-03   0.15822780E-04   0.73819542E-06   0.16277757E-04   0.16560975E-04   0.16277757E-04
   2.600   4.100   0.41702540E-03   0.15735353E-04   0.73621093E-06   0.16186287E-04   0.16471563E-04   0.16186287E-04
   2.617   4.117   0.41431013E-03   0.15648187E-04   0.73422793E-06   0.16095060E-04   0.16382415E-04   0.16095060E-04
   2.633   4.133   0.41162097E-03   0.15561295E-04   0.73224690E-06   0.16004085E-04   0.16293542E-04   0.16004085E-04
   2.650   4.150   0.40895792E-03   0.15474688E-04   0.73026830E-06   0.15913376E-04   0.16204956E-04   0.15913376E-04
   2.667   4.167   0.40632101E-03   0.15388376E-04   0.72829259E-06   0.15822943E-04   0.16116668E-04   0.15822943E-04
   2.683   4.183   0.40371020E-03   0.15302370E-04   0.72632024E-06   0.15732796E-04   0.16028690E-04   0.15732796E-04
   2.700   4.200   0.40112550E-03   0.15216681E-04   0.72435168E-06   0.15642946E-04   0.15941032E-04   0.15642946E-04
   2.717   4.217   0.39856690E-03   0.15131318E-04   0.72238735E-06   0.15553402E-04   0.15853705E-04   0.15553402E-04
   2.733   4.233   0.39603435E-03   0.15046291E-04   0.72042769E-06   0.15464175E-04   0.15766718E-04   0.15464175E-04
   2.750   4.250   0.39352786E-03   0.14961609E-04   0.71847311E-06   0.15375274E-04   0.15680082E-04   0.15375274E-04
   2.767   4.267   0.39104737E-03   0.14877281E-04   0.71652403E-06   0.15286707E-04   0.15593804E-04   0.15286707E-04
   2.783   4.283   0.38859286E-03   0.14793315E-04   0.71458086E-06   0.15198483E-04   0.15507896E-04   0.15198483E-04
   2.800   4.300   0.38616429E-03   0.14709720E-04   0.71264399E-06   0.15110610E-04   0.15422364E-04   0.15110610E-04
   2.817   4.317   0.38376162E-03   0.14626504E-04   0.71071383E-06   0.15023097E-04   0.15337218E-04   0.15023097E-04
   2.833   4.333   0.38138480E-03   0.14543674E-04   0.70879076E-06   0.14935950E-04   0.15252465E-04   0.14935950E-04
   2.850   4.350   0.37903377E-03   0.14461238E-04   0.70687515E-06   0.14849177E-04   0.15168113E-04   0.14849177E-04
   2.867   4.367   0.37670849E-03   0.14379202E-04   0.70496737E-06   0.14762786E-04   0.15084170E-04   0.14762786E-04
   2.883   4.383   0.37440890E-03   0.14297574E-04   0.70306780E-06   0.14676782E-04   0.15000642E-04   0.14676782E-04
   2.900   4.400   0.37213494E-03   0.14216360E-04   0.70117678E-06   0.14591173E-04   0.14917537E-04   0.14591173E-04
   2.917   4.417   0.36988653E-03   0.14135566E-04   0.69929466E-06   0.14505964E-04   0.14834860E-04   0.14505964E-04
   2.933   4.433   0.36766363E-03   0.14055198E-04   0.69742179E-06   0.14421161E-04   0.14752619E-04   0.14421161E-04
   2.950   4.450   0.36546615E-03   0.13975261E-04   0.69555851E-06   0.14336771E-04   0.14670819E-04   0.14336771E-04
   2.967   4.467   0.36329403E-03   0.13895762E-04   0.69370514E-06   0.14252797E-04   0.14589467E-04   0.14252797E-04
   2.983   4.483   0.36114718E-03   0.13816704E-04   0.69186201E-06   0.14169246E-04   0.14508566E-04   0.14169246E-04
   3.000   4.500   0.35902554E-03   0.13738094E-04   0.69002943E-06   0.14086121E-04   0.14428123E-04   0.14086121E-04
   3.017   4.517   0.35692903E-03   0.13659935E-04   0.68820771E-06   0.14003429E-04   0.14348143E-04   0.14003429E-04
   3.033   4.533   0.35485756E-03   0.13582233E-04   0.68639716E-06   0.13921172E-04   0.14268630E-04   0.13921172E-04
   3.050   4.550   0.35281105E-03   0.13504991E-04   0.68459808E-06   0.13839355E-04   0.14189588E-04   0.13839355E-04
   3.067   4.567   0.35078941E-03   0.13428213E-04   0.68281075E-06   0.13757982E-04   0.14111023E-04   0.13757982E-04
   3.083   4.583   0.34879256E-03   0.13351903E-04   0.68103546E-06   0.13677057E-04   0.14032938E-04   0.13677057E-04
   3.100   4.600   0.34682042E-03   0.13276064E-04   0.67927250E-06   0.13596583E-04   0.13955336E-04   0.13596583E-04
   3.117   4.617   0.34487288E-03   0.13200700E-04   0.67752213E-06   0.13516562E-04   0.13878222E-04   0.13516562E-04
   3.133   4.633   0.34294986E-03   0.13125814E-04   0.67578462E-06   0.13436999E-04   0.13801599E-04   0.13436999E-04
   3.150   4.650   0.34105128E-03   0.13051409E-04   0.67406024E-06   0.13357896E-04   0.13725470E-04   0.13357896E-04
   3.167   4.667   0.33917703E-03   0.12977488E-04   0.67234924E-06   0.13279256E-04   0.13649837E-04   0.13279256E-04
   3.183   4.683   0.33732701E-03   0.12904053E-04   0.67065187E-06   0.13201080E-04   0.13574704E-04   0.13201080E-04
   3.200   4.700   0.33550115E-03   0.12831106E-04   0.66896839E-06   0.13123371E-04   0.13500074E-04   0.13123371E-04
   3.217   4.717   0.33369933E-03   0.12758649E-04   0.66729903E-06   0.13046132E-04   0.13425948E-04   0.13046132E-04
   3.233   4.733   0.33192147E-03   0.12686685E-04   0.66564402E-06   0.12969364E-04   0.13352329E-04   0.12969364E-04
   3.250   4.750   0.33016746E-03   0.12615215E-04   0.66400360E-06   0.12893068E-04   0.13279219E-04   0.12893068E-04
   3.267   4.767   0.32843721E-03   0.12544242E-04   0.66237800E-06   0.12817247E-04   0.13206619E-04   0.12817247E-04
   3.283   4.783   0.32673061E-03   0.12473765E-04   0.66076743E-06   0.12741901E-04   0.13134533E-04   0.12741901E-04
   3.300   4.800   0.32504758E-03   0.12403788E-04   0.65917210E-06   0.12667032E-04   0.13062960E-04   0.12667032E-04
   3.317   4.817   0.32338801E-03   0.12334310E-04   0.65759224E-06   0.12592641E-04   0.12991902E-04   0.12592641E-04
   3.333   4.833   0.32175181E-03   0.12265334E-04   0.65602805E-06   0.12518729E-04   0.12921362E-04   0.12518729E-04
   3.350   4.850   0.32013886E-03   0.12196859E-04   0.65447972E-06   0.12445297E-04   0.12851339E-04   0.12445297E-04
   3.367   4.867   0.31854908E-03   0.12128887E-04   0.65294746E-06   0.12372344E-04   0.12781834E-04   0.12372344E-04
   3.383   4.883   0.31698236E-03   0.12061418E-04   0.65143146E-06   0.12299873E-04   0.12712849E-04   0.12299873E-04
   3.400   4.900   0.31543861E-03   0.11994452E-04   0.64993190E-06   0.12227883E-04   0.12644384E-04   0.12227883E-04
   3.417   4.917   0.31391772E-03   0.11927991E-04   0.64844898E-06   0.12156374E-04   0.12576440E-04   0.12156374E-04
   3.433   4.933   0.31241959E-03   0.11862034E-04   0.64698285E-06   0.12085346E-04   0.12509016E-04   0.12085346E-04
   3.450   4.950   0.31094413E-03   0.11796580E-04   0.64553371E-06   0.12014801E-04   0.12442114E-04   0.12014801E-04
   3.467   4.967   0.30949123E-03   0.11731631E-04   0.64410172E-06   0.11944736E-04   0.12375733E-04   0.11944736E-04
   3.483   4.983   0.30806080E-03   0.11667186E-04   0.64268705E-06   0.11875153E-04   0.12309873E-04   0.11875153E-04
   3.500   5.000   0.30665273E-03   0.11603245E-04   0.64128985E-06   0.11806051E-04   0.12244535E-04   0.11806051E-04
   3.517   5.017   0.30526694E-03   0.11539807E-04   0.63991029E-06   0.11737430E-04   0.12179717E-04   0.11737430E-04
   3.533   5.033   0.30390331E-03   0.11476872E-04   0.63854851E-06   0.11669289E-04   0.12115420E-04   0.11669289E-04
   3.550   5.050   0.30256175E-03   0.11414439E-04   0.63720466E-06   0.11601628E-04   0.12051643E-04   0.11601628E-04
   3.567   5.067   0.30124216E-03   0.11352508E-04   0.63587889E-06   0.11534445E-04   0.11988386E-04   0.11534445E-04
   3.583   5.083   0.29994444E-03   0.11291077E-04   0.63457133E-06   0.11467741E-04   0.11925648E-04   0.11467741E-04
   3.600   5.100   0.29866850E-03   0.11230145E-04   0.63328211E-06   0.11401515E-04   0.11863427E-04   0.11401515E-04
   3.617   5.117   0.29741424E-03   0.11169713E-04   0.63201136E-06   0.11335764E-04   0.11801724E-04   0.11335764E-04
   3.633   5.133   0.29618155E-03   0.11109778E-04   0.63075922E-06   0.11270490E-04   0.11740537E-04   0.11270490E-04
   3.650   5.150   0.29497034E-03   0.11050339E-04   0.62952578E-06   0.11205690E-04   0.11679865E-04   0.11205690E-04
   3.667   5.167   0.29378051E-03   0.10991396E-04   0.62831118E-06   0.11141364E-04   0.11619707E-04   0.11141364E-04
   3.683   5.183   0.29261197E-03   0.10932946E-04   0.62711551E-06   0.11077510E-04   0.11560061E-04   0.11077510E-04
   3.700   5.200   0.29146460E-03   0.10874988E-04   0.62593889E-06   0.11014127E-04   0.11500927E-04   0.11014127E-04
   3.717   5.217   0.29033833E-03   0.10817521E-04   0.62478139E-06   0.10951214E-04   0.11442302E-04   0.10951214E-04
   3.733   5.233   0.28923304E-03   0.10760542E-04   0.62364313E-06   0.10888769E-04   0.11384185E-04   0.10888769E-04
   3.750   5.250   0.28814864E-03   0.10704050E-04   0.62252418E-06   0.10826792E-04   0.11326574E-04   0.10826792E-04
   3.767   5.267   0.28708503E-03   0.10648044E-04   0.62142463E-06   0.10765281E-04   0.11269468E-04   0.10765281E-04
   3.783   5.283   0.28604210E-03   0.10592520E-04   0.62034454E-06   0.10704234E-04   0.11212865E-04   0.10704234E-04
   3.800   5.300   0.28501976E-03   0.10537478E-04   0.61928398E-06   0.10643651E-04   0.11156762E-04   0.10643651E-04
   3.817   5.317   0.28401790E-03   0.10482915E-04   0.61824302E-06   0.10583528E-04   0.11101158E-04   0.10583528E-04
   3.833   5.333   0.28303642E-03   0.10428828E-04   0.61722171E-06   0.10523866E-04   0.11046050E-04   0.10523866E-04
   3.850   5.350   0.28207522E-03   0.10375216E-04   0.61622008E-06   0.10464662E-04   0.10991436E-04   0.10464662E-04
   3.867   5.367   0.28113419E-03   0.10322076E-04   0.61523819E-06   0.10405914E-04   0.10937314E-04   0.10405914E-04
   3.883   5.383   0.28021322E-03   0.10269405E-04   0.61427606E-06   0.10347622E-04   0.10883681E-04   0.10347622E-04
   3.900   5.400   0.27931221E-03   0.10217201E-04   0.61333371E-06   0.10289783E-04   0.10830535E-04   0.10289783E-04
   3.917   5.417   0.27843105E-03   0.10165462E-04   0.61241116E-06   0.10232396E-04   0.10777873E-04   0.10232396E-04
   3.933   5.433   0.27756961E-03   0.10114184E-04   0.61150841E-06   0.10175459E-04   0.10725692E-04   0.10175459E-04
   3.950   5.450   0.27672780E-03   0.10063364E-04   0.61062545E-06   0.10118971E-04   0.10673989E-04   0.10118971E-04
   3.967   5.467   0.27590549E-03   0.10013000E-04   0.60976227E-06   0.10062929E-04   0.10622762E-04   0.10062929E-04
   3.983   5.483   0.27510256E-03   0.99630883E-05   0.60891885E-06   0.10007332E-04   0.10572007E-04   0.10007332E-04
   4.000   5.500   0.27431889E-03   0.99136260E-05   0.60809514E-06   0.99521782E-05   0.10521721E-04   0.99521782E-05
   4.017   5.517   0.27355435E-03   0.98646099E-05   0.60729111E-06   0.98974659E-05   0.10471901E-04   0.98974659E-05
   4.033   5.533   0.27280883E-03   0.98160364E-05   0.60650669E-06   0.98431934E-05   0.10422543E-04   0.98431934E-05
   4.050   5.550   0.27208217E-03   0.97679022E-05   0.60574181E-06   0.97893588E-05   0.10373644E-04   0.97893588E-05
   4.067   5.567   0.27137425E-03   0.97202036E-05   0.60499640E-06   0.97359605E-05   0.10325200E-04   0.97359605E-05
   4.083   5.583   0.27068493E-03   0.96729371E-05   0.60427034E-06   0.96829966E-05   0.10277207E-04   0.96829966E-05
   4.100   5.600   0.27001406E-03   0.96260987E-05   0.60356354E-06   0.96304654E-05   0.10229662E-04   0.96304654E-05
   4.117   5.617   0.26936149E-03   0.95796847E-05   0.60287586E-06   0.95783652E-05   0.10182560E-04   0.95783652E-05
   4.133   5.633   0.26872706E-03   0.95336910E-05   0.60220718E-06   0.95266943E-05   0.10135898E-04   0.95266943E-05
   4.150   5.650   0.26811062E-03   0.94881135E-05   0.60155732E-06   0.94754508E-05   0.10089671E-04   0.94754508E-05
   4.167   5.667   0.26751200E-03   0.94429481E-05   0.60092614E-06   0.94246331E-05   0.10043874E-04   0.94246331E-05
   4.183   5.683   0.26693103E-03   0.93981903E-05   0.60031342E-06   0.93742395E-05   0.99985035E-05   0.93742395E-05
   4.200   5.700   0.26636753E-03   0.93538357E-05   0.59971898E-06   0.93242682E-05   0.99535545E-05   0.93242682E-05
   4.217   5.717   0.26582131E-03   0.93098797E-05   0.59914259E-06   0.92747176E-05   0.99090221E-05   0.92747176E-05
   4.233   5.733   0.26529218E-03   0.92663178E-05   0.59858401E-06   0.92255860E-05   0.98649016E-05   0.92255860E-05
   4.250   5.750   0.26477994E-03   0.92231450E-05   0.59804298E-06   0.91768717E-05   0.98211878E-05   0.91768717E-05
   4.267   5.767   0.26428439E-03   0.91803565E-05   0.59751923E-06   0.91285730E-05   0.97778756E-05   0.91285730E-05
   4.283   5.783   0.26380530E-03   0.91379473E-05   0.59701245E-06   0.90806883E-05   0.97349595E-05   0.90806883E-05
   4.300   5.800   0.26334245E-03   0.90959121E-05   0.59652234E-06   0.90332161E-05   0.96924343E-05   0.90332161E-05
   4.317   5.817   0.26289562E-03   0.90542459E-05   0.59604854E-06   0.89861546E-05   0.96502942E-05   0.89861546E-05
   4.333   5.833   0.26246456E-03   0.90129431E-05   0.59559070E-06   0.89395023E-05   0.96085336E-05   0.89395023E-05
   4.350   5.850   0.26204901E-03   0.89719984E-05   0.59514844E-06   0.88932577E-05   0.95671466E-05   0.88932577E-05
   4.367   5.867   0.26164872E-03   0.89314061E-05   0.59472136E-06   0.88474191E-05   0.95261272E-05   0.88474191E-05
   4.383   5.883   0.26126342E-03   0.88911605E-05   0.59430902E-06   0.88019850E-05   0.94854693E-05   0.88019850E-05
   4.400   5.900   0.26089282E-03   0.88512559E-05   0.59391099E-06   0.87569539E-05   0.94451667E-05   0.87569539E-05
   4.417   5.917   0.26053665E-03   0.88116863E-05   0.59352679E-06   0.87123242E-05   0.94052129E-05   0.87123242E-05
   4.433   5.933   0.26019458E-03   0.87724458E-05   0.59315593E-06   0.86680945E-05   0.93656016E-05   0.86680945E-05
   4.450   5.950   0.25986633E-03   0.87335283E-05   0.59279789E-06   0.86242633E-05   0.93263260E-05   0.86242633E-05
   4.467   5.967   0.25955155E-03   0.86949276E-05   0.59245214E-06   0.85808292E-05   0.92873796E-05   0.85808292E-05
   4.483   5.983   0.25924992E-03   0.86566376E-05   0.59211810E-06   0.85377905E-05   0.92487555E-05   0.85377905E-05
   4.500   6.000   0.25896110E-03   0.86186519E-05   0.59179521E-06   0.84951460E-05   0.92104469E-05   0.84951460E-05
   4.517   6.017   0.25868473E-03   0.85809641E-05   0.59148285E-06   0.84528942E-05   0.91724468E-05   0.84528942E-05
   4.533   6.033   0.25842044E-03   0.85435678E-05   0.59118039E-06   0.84110336E-05   0.91347481E-05   0.84110336E-05
   4.550   6.050   0.25816787E-03   0.85064567E-05   0.59088719E-06   0.83695628E-05   0.90973437E-05   0.83695628E-05
   4.567   6.067   0.25792661E-03   0.84696241E-05   0.59060258E-06   0.83284804E-05   0.90602266E-05   0.83284804E-05
   4.583   6.083   0.25769629E-03   0.84330637E-05   0.59032586E-06   0.82877850E-05   0.90233894E-05   0.82877850E-05
   4.600   6.100   0.25747648E-03   0.83967689E-05   0.59005633E-06   0.82474752E-05   0.89868251E-05   0.82474752E-05
   4.617   6.117   0.25726678E-03   0.83607332E-05   0.58979327E-06   0.82075496E-05   0.89505263E-05   0.82075496E-05
   4.633   6.133   0.25706675E-03   0.83249501E-05   0.58953592E-06   0.81680067E-05   0.89144858E-05   0.81680067E-05
   4.650   6.150   0.25687597E-03   0.82894132E-05   0.58928354E-06   0.81288452E-05   0.88786966E-05   0.81288452E-05
   4.667   6.167   0.25669399E-03   0.82541160E-05   0.58903535E-06   0.80900637E-05   0.88431512E-05   0.80900637E-05
   4.683   6.183   0.25652036E-03   0.82190523E-05   0.58879056E-06   0.80516606E-05   0.88078428E-05   0.80516606E-05
   4.700   6.200   0.25635462E-03   0.81842158E-05   0.58854838E-06   0.80136346E-05   0.87727641E-05   0.80136346E-05
   4.717   6.217   0.25619631E-03   0.81496004E-05   0.58830800E-06   0.79759842E-05   0.87379082E-05   0.79759842E-05
   4.733   6.233   0.25604496E-03   0.81151999E-05   0.58806860E-06   0.79387080E-05   0.87032683E-05   0.79387080E-05
   4.750   6.250   0.25590008E-03   0.80810084E-05   0.58782938E-06   0.79018044E-05   0.86688377E-05   0.79018044E-05
   4.767   6.267   0.25576121E-03   0.80470203E-05   0.58758949E-06   0.78652720E-05   0.86346096E-05   0.78652720E-05
   4.783   6.283   0.25562786E-03   0.80132298E-05   0.58734812E-06   0.78291092E-05   0.86005778E-05   0.78291092E-05
   4.800   6.300   0.25549954E-03   0.79796315E-05   0.58710445E-06   0.77933144E-05   0.85667358E-05   0.77933144E-05
   4.817   6.317   0.25537577E-03   0.79462202E-05   0.58685764E-06   0.77578861E-05   0.85330777E-05   0.77578861E-05
   4.833   6.333   0.25525606E-03   0.79129907E-05   0.58660689E-06   0.77228227E-05   0.84995975E-05   0.77228227E-05
   4.850   6.350   0.25513992E-03   0.78799384E-05   0.58635138E-06   0.76881225E-05   0.84662897E-05   0.76881225E-05
   4.867   6.367   0.25502688E-03   0.78470586E-05   0.58609031E-06   0.76537837E-05   0.84331488E-05   0.76537837E-05
   4.883   6.383   0.25491644E-03   0.78143470E-05   0.58582290E-06   0.76198048E-05   0.84001697E-05   0.76198048E-05
   4.900   6.400   0.25480814E-03   0.77817994E-05   0.58554836E-06   0.75861838E-05   0.83673477E-05   0.75861838E-05
   4.917   6.417   0.25470149E-03   0.77494121E-05   0.58526595E-06   0.75529191E-05   0.83346780E-05   0.75529191E-05
   4.933   6.433   0.25459604E-03   0.77171816E-05   0.58497491E-06   0.75200086E-05   0.83021564E-05   0.75200086E-05
   4.950   6.450   0.25449132E-03   0.76851046E-05   0.58467454E-06   0.74874506E-05   0.82697791E-05   0.74874506E-05
   4.967   6.467   0.25438689E-03   0.76531782E-05   0.58436414E-06   0.74552431E-05   0.82375423E-05   0.74552431E-05
   4.983   6.483   0.25428230E-03   0.76213998E-05   0.58404303E-06   0.74233841E-05   0.82054427E-05   0.74233841E-05
   5.000   6.500   0.25417713E-03   0.75897670E-05   0.58371058E-06   0.73918714E-05   0.81734774E-05   0.73918714E-05
   5.017   6.517   0.25407095E-03   0.75582778E-05   0.58336616E-06   0.73607031E-05   0.81416438E-05   0.73607031E-05
   5.033   6.533   0.25396337E-03   0.75269305E-05   0.58300921E-06   0.73298769E-05   0.81099396E-05   0.73298769E-05
   5.050   6.550   0.25385398E-03   0.74957237E-05   0.58263915E-06   0.72993906E-05   0.80783627E-05   0.72993906E-05
   5.067   6.567   0.25374241E-03   0.74646563E-05   0.58225548E-06   0.72692419E-05   0.80469116E-05   0.72692419E-05
   5.083   6.583   0.25362830E-03   0.74337275E-05   0.58185771E-06   0.72394286E-05   0.80155851E-05   0.72394286E-05
   5.100   6.600   0.25351129E-03   0.74029369E-05   0.58144539E-06   0.72099482E-05   0.79843822E-05   0.72099482E-05
   5.117   6.617   0.25339107E-03   0.73722842E-05   0.58101811E-06   0.71807982E-05   0.79533022E-05   0.71807982E-05
   5.133   6.633   0.25326730E-03   0.73417695E-05   0.58057550E-06   0.71519762E-05   0.79223449E-05   0.71519762E-05
   5.150   6.650   0.25313970E-03   0.73113931E-05   0.58011722E-06   0.71234797E-05   0.78915103E-05   0.71234797E-05
   5.167   6.667   0.25300799E-03   0.72811558E-05   0.57964296E-06   0.70953059E-05   0.78607986E-05   0.70953059E-05
   5.183   6.683   0.25287190E-03   0.72510583E-05   0.57915247E-06   0.70674523E-05   0.78302106E-05   0.70674523E-05
   5.200   6.700   0.25273119E-03   0.72211016E-05   0.57864552E-06   0.70399161E-05   0.77997471E-05   0.70399161E-05
   5.217   6.717   0.25258564E-03   0.71912872E-05   0.57812193E-06   0.70126946E-05   0.77694091E-05   0.70126946E-05
   5.233   6.733   0.25243504E-03   0.71616166E-05   0.57758155E-06   0.69857849E-05   0.77391981E-05   0.69857849E-05
   5.250   6.750   0.25227920E-03   0.71320913E-05   0.57702427E-06   0.69591842E-05   0.77091155E-05   0.69591842E-05
   5.267   6.767   0.25211796E-03   0.71027134E-05   0.57645001E-06   0.69328895E-05   0.76791633E-05   0.69328895E-05
   5.283   6.783   0.25195115E-03   0.70734847E-05   0.57585873E-06   0.69068979E-05   0.76493434E-05   0.69068979E-05
   5.300   6.800   0.25177865E-03   0.70444075E-05   0.57525043E-06   0.68812063E-05   0.76196578E-05   0.68812063E-05
   5.317   6.817   0.25160034E-03   0.70154840E-05   0.57462512E-06   0.68558118E-05   0.75901090E-05   0.68558118E-05
   5.333   6.833   0.25141612E-03   0.69867165E-05   0.57398287E-06   0.68307112E-05   0.75606993E-05   0.68307112E-05
   5.350   6.850   0.25122592E-03   0.69581074E-05   0.57332377E-06   0.68059014E-05   0.75314311E-05   0.68059014E-05
   5.367   6.867   0.25102965E-03   0.69296594E-05   0.57264793E-06   0.67813793E-05   0.75023073E-05   0.67813793E-05
   5.383   6.883   0.25082728E-03   0.69013749E-05   0.57195550E-06   0.67571416E-05   0.74733303E-05   0.67571416E-05
   5.400   6.900   0.25061877E-03   0.68732564E-05   0.57124665E-06   0.67331851E-05   0.74445030E-05   0.67331851E-05
   5.417   6.917   0.25040410E-03   0.68453066E-05   0.57052157E-06   0.67095066E-05   0.74158281E-05   0.67095066E-05
   5.433   6.933   0.25018326E-03   0.68175279E-05   0.56978048E-06   0.66861027E-05   0.73873084E-05   0.66861027E-05
   5.450   6.950   0.24995625E-03   0.67899231E-05   0.56902362E-06   0.66629702E-05   0.73589466E-05   0.66629702E-05
   5.467   6.967   0.24972311E-03   0.67624944E-05   0.56825124E-06   0.66401058E-05   0.73307456E-05   0.66401058E-05
   5.483   6.983   0.24948385E-03   0.67352445E-05   0.56746363E-06   0.66175060E-05   0.73027081E-05   0.66175060E-05
   5.500   7.000   0.24923853E-03   0.67081757E-05   0.56666106E-06   0.65951676E-05   0.72748367E-05   0.65951676E-05
   5.517   7.017   0.24898720E-03   0.66812902E-05   0.56584385E-06   0.65730871E-05   0.72471340E-05   0.65730871E-05
   5.533   7.033   0.24872991E-03   0.66545905E-05   0.56501230E-06   0.65512611E-05   0.72196027E-05   0.65512611E-05
   5.550   7.050   0.24846675E-03   0.66280785E-05   0.56416676E-06   0.65296863E-05   0.71922452E-05   0.65296863E-05
   5.567   7.067   0.24819779E-03   0.66017563E-05   0.56330756E-06   0.65083592E-05   0.71650639E-05   0.65083592E-05
   5.583   7.083   0.24792312E-03   0.65756259E-05   0.56243504E-06   0.64872764E-05   0.71380609E-05   0.64872764E-05
   5.600   7.100   0.24764284E-03   0.65496891E-05   0.56154956E-06   0.64664345E-05   0.71112386E-05   0.64664345E-05
   5.617   7.117   0.24735704E-03   0.65239474E-05   0.56065147E-06   0.64458301E-05   0.70845988E-05   0.64458301E-05
   5.633   7.133   0.24706584E-03   0.64984025E-05   0.55974114E-06   0.64254596E-05   0.70581436E-05   0.64254596E-05
   5.650   7.150   0.24676936E-03   0.64730558E-05   0.55881892E-06   0.64053198E-05   0.70318746E-05   0.64053198E-05
   5.667   7.167   0.24646769E-03   0.64479084E-05   0.55788519E-06   0.63854071E-05   0.70057936E-05   0.63854071E-05
   5.683   7.183   0.24616098E-03   0.64229617E-05   0.55694030E-06   0.63657181E-05   0.69799019E-05   0.63657181E-05
   5.700   7.200   0.24584934E-03   0.63982165E-05   0.55598463E-06   0.63462494E-05   0.69542010E-05   0.63462494E-05
   5.717   7.217   0.24553290E-03   0.63736736E-05   0.55501853E-06   0.63269977E-05   0.69286921E-05   0.63269977E-05
   5.733   7.233   0.24521179E-03   0.63493337E-05   0.55404237E-06   0.63079593E-05   0.69033761E-05   0.63079593E-05
   5.750   7.250   0.24488615E-03   0.63251975E-05   0.55305650E-06   0.62891311E-05   0.68782539E-05   0.62891311E-05
   5.767   7.267   0.24455610E-03   0.63012652E-05   0.55206126E-06   0.62705095E-05   0.68533264E-05   0.62705095E-05
   5.783   7.283   0.24422179E-03   0.62775371E-05   0.55105702E-06   0.62520912E-05   0.68285941E-05   0.62520912E-05
   5.800   7.300   0.24388334E-03   0.62540133E-05   0.55004411E-06   0.62338727E-05   0.68040573E-05   0.62338727E-05
   5.817   7.317   0.24354089E-03   0.62306937E-05   0.54902286E-06   0.62158508E-05   0.67797165E-05   0.62158508E-05
   5.833   7.333   0.24319458E-03   0.62075782E-05   0.54799359E-06   0.61980221E-05   0.67555718E-05   0.61980221E-05
   5.850   7.350   0.24284455E-03   0.61846665E-05   0.54695664E-06   0.61803832E-05   0.67316231E-05   0.61803832E-05
   5.867   7.367   0.24249092E-03   0.61619579E-05   0.54591231E-06   0.61629308E-05   0.67078702E-05   0.61629308E-05
   5.883   7.383   0.24213383E-03   0.61394521E-05   0.54486090E-06   0.61456615E-05   0.66843129E-05   0.61456615E-05
   5.900   7.400   0.24177341E-03   0.61171482E-05   0.54380271E-06   0.61285721E-05   0.66609508E-05   0.61285721E-05
   5.917   7.417   0.24140980E-03   0.60950453E-05   0.54273802E-06   0.61116592E-05   0.66377833E-05   0.61116592E-05
   5.933   7.433   0.24104312E-03   0.60731425E-05   0.54166711E-06   0.60949196E-05   0.66148096E-05   0.60949196E-05
   5.950   7.450   0.24067351E-03   0.60514388E-05   0.54059025E-06   0.60783499E-05   0.65920290E-05   0.60783499E-05
   5.967   7.467   0.24030107E-03   0.60299328E-05   0.53950769E-06   0.60619470E-05   0.65694404E-05   0.60619470E-05
   5.983   7.483   0.23992594E-03   0.60086232E-05   0.53841968E-06   0.60457076E-05   0.65470429E-05   0.60457076E-05
   6.000   7.500   0.23954825E-03   0.59875087E-05   0.53732647E-06   0.60296284E-05   0.65248351E-05   0.60296284E-05
