        RT(hours)            [CiI]         P_R_09           tot_loss         tot_prod
  -1.483   0.017   0.35736129E-04   0.68888471E-06   0.00000000E+00   0.68888471E-06
  -1.467   0.033   0.81754411E-04   0.84850202E-06   0.00000000E+00   0.84850202E-06
  -1.450   0.050   0.13671185E-03   0.99801052E-06   0.00000000E+00   0.99801052E-06
  -1.433   0.067   0.20044197E-03   0.11525085E-05   0.00000000E+00   0.11525085E-05
  -1.417   0.083   0.27353212E-03   0.13221450E-05   0.00000000E+00   0.13221450E-05
  -1.400   0.100   0.35705256E-03   0.15133786E-05   0.00000000E+00   0.15133786E-05
  -1.383   0.117   0.45238493E-03   0.17305961E-05   0.00000000E+00   0.17305961E-05
  -1.367   0.133   0.56113101E-03   0.19771428E-05   0.00000000E+00   0.19771428E-05
  -1.350   0.150   0.68506731E-03   0.22558465E-05   0.00000000E+00   0.22558465E-05
  -1.333   0.167   0.82612049E-03   0.25692184E-05   0.00000000E+00   0.25692184E-05
  -1.317   0.183   0.98634885E-03   0.29194757E-05   0.00000000E+00   0.29194757E-05
  -1.300   0.200   0.11679225E-02   0.33084813E-05   0.00000000E+00   0.33084813E-05
  -1.283   0.217   0.13730990E-02   0.37376596E-05   0.00000000E+00   0.37376596E-05
  -1.267   0.233   0.16041940E-02   0.42079222E-05   0.00000000E+00   0.42079222E-05
  -1.250   0.250   0.18635491E-02   0.47196215E-05   0.00000000E+00   0.47196215E-05
  -1.233   0.267   0.21534971E-02   0.52725421E-05   0.00000000E+00   0.52725421E-05
  -1.217   0.283   0.24763289E-02   0.58659272E-05   0.00000000E+00   0.58659272E-05
  -1.200   0.300   0.28342632E-02   0.64985374E-05   0.00000000E+00   0.64985374E-05
  -1.183   0.317   0.32294196E-02   0.71687297E-05   0.00000000E+00   0.71687297E-05
  -1.167   0.333   0.36637979E-02   0.78745505E-05   0.00000000E+00   0.78745505E-05
  -1.150   0.350   0.41392631E-02   0.86138291E-05   0.00000000E+00   0.86138291E-05
  -1.133   0.367   0.46575356E-02   0.93842684E-05   0.00000000E+00   0.93842684E-05
  -1.117   0.383   0.52201866E-02   0.10183525E-04   0.00000000E+00   0.10183525E-04
  -1.100   0.400   0.58286387E-02   0.11009279E-04   0.00000000E+00   0.11009279E-04
  -1.083   0.417   0.64841690E-02   0.11859284E-04   0.00000000E+00   0.11859284E-04
  -1.067   0.433   0.71879161E-02   0.12731416E-04   0.00000000E+00   0.12731416E-04
  -1.050   0.450   0.79408890E-02   0.13623698E-04   0.00000000E+00   0.13623698E-04
  -1.033   0.467   0.87439766E-02   0.14534320E-04   0.00000000E+00   0.14534320E-04
  -1.017   0.483   0.95979594E-02   0.15461650E-04   0.00000000E+00   0.15461650E-04
  -1.000   0.500   0.10503520E-01   0.16404236E-04   0.00000000E+00   0.16404236E-04
  -0.983   0.517   0.11461255E-01   0.17360800E-04   0.00000000E+00   0.17360800E-04
  -0.967   0.533   0.12471684E-01   0.18330232E-04   0.00000000E+00   0.18330232E-04
  -0.950   0.550   0.13535262E-01   0.19311576E-04   0.00000000E+00   0.19311576E-04
  -0.933   0.567   0.14652388E-01   0.20304016E-04   0.00000000E+00   0.20304016E-04
  -0.917   0.583   0.15823410E-01   0.21306864E-04   0.00000000E+00   0.21306864E-04
  -0.900   0.600   0.17048638E-01   0.22319541E-04   0.00000000E+00   0.22319541E-04
  -0.883   0.617   0.18328344E-01   0.23341561E-04   0.00000000E+00   0.23341561E-04
  -0.867   0.633   0.19662773E-01   0.24372522E-04   0.00000000E+00   0.24372522E-04
  -0.850   0.650   0.21052145E-01   0.25412090E-04   0.00000000E+00   0.25412090E-04
  -0.833   0.667   0.22496658E-01   0.26459985E-04   0.00000000E+00   0.26459985E-04
  -0.817   0.683   0.23996492E-01   0.27515977E-04   0.00000000E+00   0.27515977E-04
  -0.800   0.700   0.25551812E-01   0.28579871E-04   0.00000000E+00   0.28579871E-04
  -0.783   0.717   0.27162772E-01   0.29651506E-04   0.00000000E+00   0.29651506E-04
  -0.767   0.733   0.28829512E-01   0.30730745E-04   0.00000000E+00   0.30730745E-04
  -0.750   0.750   0.30552163E-01   0.31817471E-04   0.00000000E+00   0.31817471E-04
  -0.733   0.767   0.32330848E-01   0.32911588E-04   0.00000000E+00   0.32911588E-04
  -0.717   0.783   0.34165681E-01   0.34013011E-04   0.00000000E+00   0.34013011E-04
  -0.700   0.800   0.36056770E-01   0.35121671E-04   0.00000000E+00   0.35121671E-04
  -0.683   0.817   0.38004217E-01   0.36237511E-04   0.00000000E+00   0.36237511E-04
  -0.667   0.833   0.40008119E-01   0.37360483E-04   0.00000000E+00   0.37360483E-04
  -0.650   0.850   0.42068567E-01   0.38490554E-04   0.00000000E+00   0.38490554E-04
  -0.633   0.867   0.44185650E-01   0.39627697E-04   0.00000000E+00   0.39627697E-04
  -0.617   0.883   0.46359451E-01   0.40771900E-04   0.00000000E+00   0.40771900E-04
  -0.600   0.900   0.48590053E-01   0.41923159E-04   0.00000000E+00   0.41923159E-04
  -0.583   0.917   0.50877536E-01   0.43081484E-04   0.00000000E+00   0.43081484E-04
  -0.567   0.933   0.53221978E-01   0.44246893E-04   0.00000000E+00   0.44246893E-04
  -0.550   0.950   0.55623458E-01   0.45419420E-04   0.00000000E+00   0.45419420E-04
  -0.533   0.967   0.58082053E-01   0.46599105E-04   0.00000000E+00   0.46599105E-04
  -0.517   0.983   0.60597842E-01   0.47786006E-04   0.00000000E+00   0.47786006E-04
  -0.500   1.000   0.63170906E-01   0.48980187E-04   0.00000000E+00   0.48980187E-04
  -0.483   1.017   0.65801327E-01   0.50181728E-04   0.00000000E+00   0.50181728E-04
  -0.467   1.033   0.68489191E-01   0.51390719E-04   0.00000000E+00   0.51390719E-04
  -0.450   1.050   0.71234585E-01   0.52607262E-04   0.00000000E+00   0.52607262E-04
  -0.433   1.067   0.74037604E-01   0.53831469E-04   0.00000000E+00   0.53831469E-04
  -0.417   1.083   0.76898345E-01   0.55063466E-04   0.00000000E+00   0.55063466E-04
  -0.400   1.100   0.79816910E-01   0.56303386E-04   0.00000000E+00   0.56303386E-04
  -0.383   1.117   0.82793410E-01   0.57551377E-04   0.00000000E+00   0.57551377E-04
  -0.367   1.133   0.85827959E-01   0.58807592E-04   0.00000000E+00   0.58807592E-04
  -0.350   1.150   0.88920681E-01   0.60072198E-04   0.00000000E+00   0.60072198E-04
  -0.333   1.167   0.92071706E-01   0.61345370E-04   0.00000000E+00   0.61345370E-04
  -0.317   1.183   0.95281174E-01   0.62627291E-04   0.00000000E+00   0.62627291E-04
  -0.300   1.200   0.98549230E-01   0.63918153E-04   0.00000000E+00   0.63918153E-04
  -0.283   1.217   0.10187603E+00   0.65218157E-04   0.00000000E+00   0.65218157E-04
  -0.267   1.233   0.10526175E+00   0.66527510E-04   0.00000000E+00   0.66527510E-04
  -0.250   1.250   0.10870625E+00   0.67846325E-04   0.00000000E+00   0.67846325E-04
  -0.233   1.267   0.11220921E+00   0.69174632E-04   0.00000000E+00   0.69174632E-04
  -0.217   1.283   0.11577075E+00   0.70512616E-04   0.00000000E+00   0.70512616E-04
  -0.200   1.300   0.11939097E+00   0.71860479E-04   0.00000000E+00   0.71860479E-04
  -0.183   1.317   0.12307003E+00   0.73218431E-04   0.00000000E+00   0.73218431E-04
  -0.167   1.333   0.12680806E+00   0.74586696E-04   0.00000000E+00   0.74586696E-04
  -0.150   1.350   0.13060523E+00   0.75965504E-04   0.00000000E+00   0.75965504E-04
  -0.133   1.367   0.13446169E+00   0.77355090E-04   0.00000000E+00   0.77355090E-04
  -0.117   1.383   0.13837764E+00   0.78755698E-04   0.00000000E+00   0.78755698E-04
  -0.100   1.400   0.14235325E+00   0.80167577E-04   0.00000000E+00   0.80167577E-04
  -0.083   1.417   0.14638872E+00   0.81590980E-04   0.00000000E+00   0.81590980E-04
  -0.067   1.433   0.15048427E+00   0.83026165E-04   0.00000000E+00   0.83026165E-04
  -0.050   1.450   0.15464012E+00   0.84473393E-04   0.00000000E+00   0.84473393E-04
  -0.033   1.467   0.15885650E+00   0.85932928E-04   0.00000000E+00   0.85932928E-04
  -0.017   1.483   0.16313366E+00   0.87405039E-04   0.00000000E+00   0.87405039E-04
   0.000   1.500   0.16747186E+00   0.88889994E-04   0.00000000E+00   0.88889994E-04
   0.017   1.517   0.17187135E+00   0.90388066E-04   0.00000000E+00   0.90388066E-04
   0.033   1.533   0.17633243E+00   0.91899527E-04   0.00000000E+00   0.91899527E-04
   0.050   1.550   0.18085538E+00   0.93424653E-04   0.00000000E+00   0.93424653E-04
   0.067   1.567   0.18544051E+00   0.94963717E-04   0.00000000E+00   0.94963717E-04
   0.083   1.583   0.19008813E+00   0.96516996E-04   0.00000000E+00   0.96516996E-04
   0.100   1.600   0.19479857E+00   0.98084764E-04   0.00000000E+00   0.98084764E-04
   0.117   1.617   0.19957216E+00   0.99667298E-04   0.00000000E+00   0.99667298E-04
   0.133   1.633   0.20440926E+00   0.10126487E-03   0.00000000E+00   0.10126487E-03
   0.150   1.650   0.20931022E+00   0.10287775E-03   0.00000000E+00   0.10287775E-03
   0.167   1.667   0.21427541E+00   0.10450622E-03   0.00000000E+00   0.10450622E-03
   0.183   1.683   0.21930522E+00   0.10615054E-03   0.00000000E+00   0.10615054E-03
   0.200   1.700   0.22440003E+00   0.10781098E-03   0.00000000E+00   0.10781098E-03
   0.217   1.717   0.22956025E+00   0.10948781E-03   0.00000000E+00   0.10948781E-03
   0.233   1.733   0.23478628E+00   0.11118128E-03   0.00000000E+00   0.11118128E-03
   0.250   1.750   0.24007856E+00   0.11289166E-03   0.00000000E+00   0.11289166E-03
   0.267   1.767   0.24543750E+00   0.11461921E-03   0.00000000E+00   0.11461921E-03
   0.283   1.783   0.25086356E+00   0.11636416E-03   0.00000000E+00   0.11636416E-03
   0.300   1.800   0.25635717E+00   0.11812678E-03   0.00000000E+00   0.11812678E-03
   0.317   1.817   0.26191880E+00   0.11990731E-03   0.00000000E+00   0.11990731E-03
   0.333   1.833   0.26754890E+00   0.12170597E-03   0.00000000E+00   0.12170597E-03
   0.350   1.850   0.27324796E+00   0.12352302E-03   0.00000000E+00   0.12352302E-03
   0.367   1.867   0.27901645E+00   0.12535867E-03   0.00000000E+00   0.12535867E-03
   0.383   1.883   0.28485485E+00   0.12721314E-03   0.00000000E+00   0.12721314E-03
   0.400   1.900   0.29076367E+00   0.12908667E-03   0.00000000E+00   0.12908667E-03
   0.417   1.917   0.29674339E+00   0.13097944E-03   0.00000000E+00   0.13097944E-03
   0.433   1.933   0.30279453E+00   0.13289168E-03   0.00000000E+00   0.13289168E-03
   0.450   1.950   0.30891758E+00   0.13482358E-03   0.00000000E+00   0.13482358E-03
   0.467   1.967   0.31511308E+00   0.13677533E-03   0.00000000E+00   0.13677533E-03
   0.483   1.983   0.32138152E+00   0.13874711E-03   0.00000000E+00   0.13874711E-03
   0.500   2.000   0.32772344E+00   0.14073910E-03   0.00000000E+00   0.14073910E-03
   0.517   2.017   0.33413936E+00   0.14275147E-03   0.00000000E+00   0.14275147E-03
   0.533   2.033   0.34062981E+00   0.14478438E-03   0.00000000E+00   0.14478438E-03
   0.550   2.050   0.34719531E+00   0.14683800E-03   0.00000000E+00   0.14683800E-03
   0.567   2.067   0.35383640E+00   0.14891245E-03   0.00000000E+00   0.14891245E-03
   0.583   2.083   0.36055361E+00   0.15100789E-03   0.00000000E+00   0.15100789E-03
   0.600   2.100   0.36734747E+00   0.15312443E-03   0.00000000E+00   0.15312443E-03
   0.617   2.117   0.37421850E+00   0.15526221E-03   0.00000000E+00   0.15526221E-03
   0.633   2.133   0.38116725E+00   0.15742134E-03   0.00000000E+00   0.15742134E-03
   0.650   2.150   0.38819424E+00   0.15960191E-03   0.00000000E+00   0.15960191E-03
   0.667   2.167   0.39530000E+00   0.16180403E-03   0.00000000E+00   0.16180403E-03
   0.683   2.183   0.40248505E+00   0.16402777E-03   0.00000000E+00   0.16402777E-03
   0.700   2.200   0.40974991E+00   0.16627323E-03   0.00000000E+00   0.16627323E-03
   0.717   2.217   0.41709511E+00   0.16854045E-03   0.00000000E+00   0.16854045E-03
   0.733   2.233   0.42452116E+00   0.17082951E-03   0.00000000E+00   0.17082951E-03
   0.750   2.250   0.43202856E+00   0.17314044E-03   0.00000000E+00   0.17314044E-03
   0.767   2.267   0.43961782E+00   0.17547330E-03   0.00000000E+00   0.17547330E-03
   0.783   2.283   0.44728944E+00   0.17782810E-03   0.00000000E+00   0.17782810E-03
   0.800   2.300   0.45504390E+00   0.18020488E-03   0.00000000E+00   0.18020488E-03
   0.817   2.317   0.46288170E+00   0.18260363E-03   0.00000000E+00   0.18260363E-03
   0.833   2.333   0.47080330E+00   0.18502435E-03   0.00000000E+00   0.18502435E-03
   0.850   2.350   0.47880918E+00   0.18746705E-03   0.00000000E+00   0.18746705E-03
   0.867   2.367   0.48689978E+00   0.18993170E-03   0.00000000E+00   0.18993170E-03
   0.883   2.383   0.49507556E+00   0.19241827E-03   0.00000000E+00   0.19241827E-03
   0.900   2.400   0.50333696E+00   0.19492671E-03   0.00000000E+00   0.19492671E-03
   0.917   2.417   0.51168439E+00   0.19745699E-03   0.00000000E+00   0.19745699E-03
   0.933   2.433   0.52011829E+00   0.20000904E-03   0.00000000E+00   0.20000904E-03
   0.950   2.450   0.52863904E+00   0.20258279E-03   0.00000000E+00   0.20258279E-03
   0.967   2.467   0.53724704E+00   0.20517816E-03   0.00000000E+00   0.20517816E-03
   0.983   2.483   0.54594266E+00   0.20779507E-03   0.00000000E+00   0.20779507E-03
   1.000   2.500   0.55472627E+00   0.21043390E-03   0.00000000E+00   0.21043390E-03
   1.017   2.517   0.56359915E+00   0.21311853E-03   0.00000000E+00   0.21311853E-03
   1.033   2.533   0.57256231E+00   0.21582067E-03   0.00000000E+00   0.21582067E-03
   1.050   2.550   0.58161593E+00   0.21854086E-03   0.00000000E+00   0.21854086E-03
   1.067   2.567   0.59076018E+00   0.22127943E-03   0.00000000E+00   0.22127943E-03
   1.083   2.583   0.59999524E+00   0.22403672E-03   0.00000000E+00   0.22403672E-03
   1.100   2.600   0.60932132E+00   0.22681291E-03   0.00000000E+00   0.22681291E-03
   1.117   2.617   0.61873862E+00   0.22960810E-03   0.00000000E+00   0.22960810E-03
   1.133   2.633   0.62824734E+00   0.23242226E-03   0.00000000E+00   0.23242226E-03
   1.150   2.650   0.63784767E+00   0.23525533E-03   0.00000000E+00   0.23525533E-03
   1.167   2.667   0.64753980E+00   0.23810718E-03   0.00000000E+00   0.23810718E-03
   1.183   2.683   0.65732389E+00   0.24097769E-03   0.00000000E+00   0.24097769E-03
   1.200   2.700   0.66720009E+00   0.24386668E-03   0.00000000E+00   0.24386668E-03
   1.217   2.717   0.67716855E+00   0.24677400E-03   0.00000000E+00   0.24677400E-03
   1.233   2.733   0.68722939E+00   0.24969946E-03   0.00000000E+00   0.24969946E-03
   1.250   2.750   0.69738271E+00   0.25264288E-03   0.00000000E+00   0.25264288E-03
   1.267   2.767   0.70762861E+00   0.25560405E-03   0.00000000E+00   0.25560405E-03
   1.283   2.783   0.71796717E+00   0.25858276E-03   0.00000000E+00   0.25858276E-03
   1.300   2.800   0.72839844E+00   0.26157881E-03   0.00000000E+00   0.26157881E-03
   1.317   2.817   0.73892246E+00   0.26459198E-03   0.00000000E+00   0.26459198E-03
   1.333   2.833   0.74953925E+00   0.26762204E-03   0.00000000E+00   0.26762204E-03
   1.350   2.850   0.76024883E+00   0.27066876E-03   0.00000000E+00   0.27066876E-03
   1.367   2.867   0.77105117E+00   0.27373190E-03   0.00000000E+00   0.27373190E-03
   1.383   2.883   0.78194624E+00   0.27681121E-03   0.00000000E+00   0.27681121E-03
   1.400   2.900   0.79293400E+00   0.27990644E-03   0.00000000E+00   0.27990644E-03
   1.417   2.917   0.80401437E+00   0.28301734E-03   0.00000000E+00   0.28301734E-03
   1.433   2.933   0.81518727E+00   0.28614364E-03   0.00000000E+00   0.28614364E-03
   1.450   2.950   0.82645259E+00   0.28928507E-03   0.00000000E+00   0.28928507E-03
   1.467   2.967   0.83781020E+00   0.29244136E-03   0.00000000E+00   0.29244136E-03
   1.483   2.983   0.84925995E+00   0.29561221E-03   0.00000000E+00   0.29561221E-03
   1.500   3.000   0.86080168E+00   0.29879736E-03   0.00000000E+00   0.29879736E-03
   1.517   3.017   0.87243519E+00   0.30199649E-03   0.00000000E+00   0.30199649E-03
   1.533   3.033   0.88416029E+00   0.30520931E-03   0.00000000E+00   0.30520931E-03
   1.550   3.050   0.89597673E+00   0.30843552E-03   0.00000000E+00   0.30843552E-03
   1.567   3.067   0.90788428E+00   0.31167480E-03   0.00000000E+00   0.31167480E-03
   1.583   3.083   0.91988265E+00   0.31492683E-03   0.00000000E+00   0.31492683E-03
   1.600   3.100   0.93197156E+00   0.31819130E-03   0.00000000E+00   0.31819130E-03
   1.617   3.117   0.94415069E+00   0.32146788E-03   0.00000000E+00   0.32146788E-03
   1.633   3.133   0.95641971E+00   0.32475623E-03   0.00000000E+00   0.32475623E-03
   1.650   3.150   0.96877826E+00   0.32805602E-03   0.00000000E+00   0.32805602E-03
   1.667   3.167   0.98122596E+00   0.33136690E-03   0.00000000E+00   0.33136690E-03
   1.683   3.183   0.99376241E+00   0.33468852E-03   0.00000000E+00   0.33468852E-03
   1.700   3.200   0.10063872E+01   0.33802052E-03   0.00000000E+00   0.33802052E-03
   1.717   3.217   0.10190998E+01   0.34136256E-03   0.00000000E+00   0.34136256E-03
   1.733   3.233   0.10318999E+01   0.34471426E-03   0.00000000E+00   0.34471426E-03
   1.750   3.250   0.10447869E+01   0.34807525E-03   0.00000000E+00   0.34807525E-03
   1.767   3.267   0.10577603E+01   0.35144517E-03   0.00000000E+00   0.35144517E-03
   1.783   3.283   0.10708195E+01   0.35482362E-03   0.00000000E+00   0.35482362E-03
   1.800   3.300   0.10839641E+01   0.35821024E-03   0.00000000E+00   0.35821024E-03
   1.817   3.317   0.10971934E+01   0.36160463E-03   0.00000000E+00   0.36160463E-03
   1.833   3.333   0.11105068E+01   0.36500639E-03   0.00000000E+00   0.36500639E-03
   1.850   3.350   0.11239037E+01   0.36841513E-03   0.00000000E+00   0.36841513E-03
   1.867   3.367   0.11373834E+01   0.37183045E-03   0.00000000E+00   0.37183045E-03
   1.883   3.383   0.11509453E+01   0.37525194E-03   0.00000000E+00   0.37525194E-03
   1.900   3.400   0.11645886E+01   0.37867920E-03   0.00000000E+00   0.37867920E-03
   1.917   3.417   0.11783127E+01   0.38211180E-03   0.00000000E+00   0.38211180E-03
   1.933   3.433   0.11921168E+01   0.38554932E-03   0.00000000E+00   0.38554932E-03
   1.950   3.450   0.12060000E+01   0.38899135E-03   0.00000000E+00   0.38899135E-03
   1.967   3.467   0.12199617E+01   0.39243746E-03   0.00000000E+00   0.39243746E-03
   1.983   3.483   0.12340010E+01   0.39588721E-03   0.00000000E+00   0.39588721E-03
   2.000   3.500   0.12481171E+01   0.39934018E-03   0.00000000E+00   0.39934018E-03
   2.017   3.517   0.12623090E+01   0.40279591E-03   0.00000000E+00   0.40279591E-03
   2.033   3.533   0.12765759E+01   0.40625397E-03   0.00000000E+00   0.40625397E-03
   2.050   3.550   0.12909169E+01   0.40971391E-03   0.00000000E+00   0.40971391E-03
   2.067   3.567   0.13053310E+01   0.41317529E-03   0.00000000E+00   0.41317529E-03
   2.083   3.583   0.13198174E+01   0.41663764E-03   0.00000000E+00   0.41663764E-03
   2.100   3.600   0.13343748E+01   0.42010051E-03   0.00000000E+00   0.42010051E-03
   2.117   3.617   0.13490025E+01   0.42356344E-03   0.00000000E+00   0.42356344E-03
   2.133   3.633   0.13636993E+01   0.42702596E-03   0.00000000E+00   0.42702596E-03
   2.150   3.650   0.13784642E+01   0.43048761E-03   0.00000000E+00   0.43048761E-03
   2.167   3.667   0.13932960E+01   0.43394792E-03   0.00000000E+00   0.43394792E-03
   2.183   3.683   0.14081938E+01   0.43740641E-03   0.00000000E+00   0.43740641E-03
   2.200   3.700   0.14231562E+01   0.44086260E-03   0.00000000E+00   0.44086260E-03
   2.217   3.717   0.14381823E+01   0.44431601E-03   0.00000000E+00   0.44431601E-03
   2.233   3.733   0.14532707E+01   0.44776617E-03   0.00000000E+00   0.44776617E-03
   2.250   3.750   0.14684204E+01   0.45121258E-03   0.00000000E+00   0.45121258E-03
   2.267   3.767   0.14836300E+01   0.45465475E-03   0.00000000E+00   0.45465475E-03
   2.283   3.783   0.14988983E+01   0.45809220E-03   0.00000000E+00   0.45809220E-03
   2.300   3.800   0.15142240E+01   0.46152443E-03   0.00000000E+00   0.46152443E-03
   2.317   3.817   0.15296058E+01   0.46495093E-03   0.00000000E+00   0.46495093E-03
   2.333   3.833   0.15450424E+01   0.46837121E-03   0.00000000E+00   0.46837121E-03
   2.350   3.850   0.15605324E+01   0.47178478E-03   0.00000000E+00   0.47178478E-03
   2.367   3.867   0.15760745E+01   0.47519111E-03   0.00000000E+00   0.47519111E-03
   2.383   3.883   0.15916673E+01   0.47858971E-03   0.00000000E+00   0.47858971E-03
   2.400   3.900   0.16073092E+01   0.48198006E-03   0.00000000E+00   0.48198006E-03
   2.417   3.917   0.16229990E+01   0.48536166E-03   0.00000000E+00   0.48536166E-03
   2.433   3.933   0.16387350E+01   0.48873398E-03   0.00000000E+00   0.48873398E-03
   2.450   3.950   0.16545158E+01   0.49209651E-03   0.00000000E+00   0.49209651E-03
   2.467   3.967   0.16703399E+01   0.49544874E-03   0.00000000E+00   0.49544874E-03
   2.483   3.983   0.16862058E+01   0.49879014E-03   0.00000000E+00   0.49879014E-03
   2.500   4.000   0.17021117E+01   0.50212018E-03   0.00000000E+00   0.50212018E-03
   2.517   4.017   0.17180563E+01   0.50543835E-03   0.00000000E+00   0.50543835E-03
   2.533   4.033   0.17340378E+01   0.50874412E-03   0.00000000E+00   0.50874412E-03
   2.550   4.050   0.17500546E+01   0.51203697E-03   0.00000000E+00   0.51203697E-03
   2.567   4.067   0.17661051E+01   0.51531635E-03   0.00000000E+00   0.51531635E-03
   2.583   4.083   0.17821875E+01   0.51858174E-03   0.00000000E+00   0.51858174E-03
   2.600   4.100   0.17983001E+01   0.52183261E-03   0.00000000E+00   0.52183261E-03
   2.617   4.117   0.18144413E+01   0.52506842E-03   0.00000000E+00   0.52506842E-03
   2.633   4.133   0.18306092E+01   0.52828865E-03   0.00000000E+00   0.52828865E-03
   2.650   4.150   0.18468021E+01   0.53149274E-03   0.00000000E+00   0.53149274E-03
   2.667   4.167   0.18630181E+01   0.53468017E-03   0.00000000E+00   0.53468017E-03
   2.683   4.183   0.18792555E+01   0.53785039E-03   0.00000000E+00   0.53785039E-03
   2.700   4.200   0.18955124E+01   0.54100287E-03   0.00000000E+00   0.54100287E-03
   2.717   4.217   0.19117869E+01   0.54413706E-03   0.00000000E+00   0.54413706E-03
   2.733   4.233   0.19280771E+01   0.54725243E-03   0.00000000E+00   0.54725243E-03
   2.750   4.250   0.19443811E+01   0.55034843E-03   0.00000000E+00   0.55034843E-03
   2.767   4.267   0.19606970E+01   0.55342451E-03   0.00000000E+00   0.55342451E-03
   2.783   4.283   0.19770228E+01   0.55648015E-03   0.00000000E+00   0.55648015E-03
   2.800   4.300   0.19933565E+01   0.55951478E-03   0.00000000E+00   0.55951478E-03
   2.817   4.317   0.20096961E+01   0.56252787E-03   0.00000000E+00   0.56252787E-03
   2.833   4.333   0.20260396E+01   0.56551887E-03   0.00000000E+00   0.56551887E-03
   2.850   4.350   0.20423850E+01   0.56848724E-03   0.00000000E+00   0.56848724E-03
   2.867   4.367   0.20587301E+01   0.57143244E-03   0.00000000E+00   0.57143244E-03
   2.883   4.383   0.20750729E+01   0.57435391E-03   0.00000000E+00   0.57435391E-03
   2.900   4.400   0.20914113E+01   0.57725111E-03   0.00000000E+00   0.57725111E-03
   2.917   4.417   0.21077432E+01   0.58012351E-03   0.00000000E+00   0.58012351E-03
   2.933   4.433   0.21240663E+01   0.58297055E-03   0.00000000E+00   0.58297055E-03
   2.950   4.450   0.21403785E+01   0.58579169E-03   0.00000000E+00   0.58579169E-03
   2.967   4.467   0.21566777E+01   0.58858640E-03   0.00000000E+00   0.58858640E-03
   2.983   4.483   0.21729616E+01   0.59135412E-03   0.00000000E+00   0.59135412E-03
   3.000   4.500   0.21892280E+01   0.59409431E-03   0.00000000E+00   0.59409431E-03
   3.017   4.517   0.22054746E+01   0.59680644E-03   0.00000000E+00   0.59680644E-03
   3.033   4.533   0.22216992E+01   0.59948997E-03   0.00000000E+00   0.59948997E-03
   3.050   4.550   0.22378994E+01   0.60214435E-03   0.00000000E+00   0.60214435E-03
   3.067   4.567   0.22540730E+01   0.60476906E-03   0.00000000E+00   0.60476906E-03
   3.083   4.583   0.22702177E+01   0.60736355E-03   0.00000000E+00   0.60736355E-03
   3.100   4.600   0.22863311E+01   0.60992729E-03   0.00000000E+00   0.60992729E-03
   3.117   4.617   0.23024108E+01   0.61245975E-03   0.00000000E+00   0.61245975E-03
   3.133   4.633   0.23184545E+01   0.61496040E-03   0.00000000E+00   0.61496040E-03
   3.150   4.650   0.23344597E+01   0.61742871E-03   0.00000000E+00   0.61742871E-03
   3.167   4.667   0.23504242E+01   0.61986415E-03   0.00000000E+00   0.61986415E-03
   3.183   4.683   0.23663453E+01   0.62226620E-03   0.00000000E+00   0.62226620E-03
   3.200   4.700   0.23822208E+01   0.62463435E-03   0.00000000E+00   0.62463435E-03
   3.217   4.717   0.23980481E+01   0.62696807E-03   0.00000000E+00   0.62696807E-03
   3.233   4.733   0.24138248E+01   0.62926684E-03   0.00000000E+00   0.62926684E-03
   3.250   4.750   0.24295484E+01   0.63153015E-03   0.00000000E+00   0.63153015E-03
   3.267   4.767   0.24452164E+01   0.63375750E-03   0.00000000E+00   0.63375750E-03
   3.283   4.783   0.24608262E+01   0.63594838E-03   0.00000000E+00   0.63594838E-03
   3.300   4.800   0.24763755E+01   0.63810228E-03   0.00000000E+00   0.63810228E-03
   3.317   4.817   0.24918615E+01   0.64021871E-03   0.00000000E+00   0.64021871E-03
   3.333   4.833   0.25072818E+01   0.64229717E-03   0.00000000E+00   0.64229717E-03
   3.350   4.850   0.25226339E+01   0.64433717E-03   0.00000000E+00   0.64433717E-03
   3.367   4.867   0.25379151E+01   0.64633823E-03   0.00000000E+00   0.64633823E-03
   3.383   4.883   0.25531229E+01   0.64829987E-03   0.00000000E+00   0.64829987E-03
   3.400   4.900   0.25682547E+01   0.65022160E-03   0.00000000E+00   0.65022160E-03
   3.417   4.917   0.25833078E+01   0.65210296E-03   0.00000000E+00   0.65210296E-03
   3.433   4.933   0.25982798E+01   0.65394348E-03   0.00000000E+00   0.65394348E-03
   3.450   4.950   0.26131680E+01   0.65574271E-03   0.00000000E+00   0.65574271E-03
   3.467   4.967   0.26279698E+01   0.65750018E-03   0.00000000E+00   0.65750018E-03
   3.483   4.983   0.26426826E+01   0.65921545E-03   0.00000000E+00   0.65921545E-03
   3.500   5.000   0.26573037E+01   0.66088808E-03   0.00000000E+00   0.66088808E-03
   3.517   5.017   0.26718306E+01   0.66251763E-03   0.00000000E+00   0.66251763E-03
   3.533   5.033   0.26862606E+01   0.66410368E-03   0.00000000E+00   0.66410368E-03
   3.550   5.050   0.27005910E+01   0.66564581E-03   0.00000000E+00   0.66564581E-03
   3.567   5.067   0.27148194E+01   0.66714360E-03   0.00000000E+00   0.66714360E-03
   3.583   5.083   0.27289430E+01   0.66859664E-03   0.00000000E+00   0.66859664E-03
   3.600   5.100   0.27429593E+01   0.67000455E-03   0.00000000E+00   0.67000455E-03
   3.617   5.117   0.27568656E+01   0.67136694E-03   0.00000000E+00   0.67136694E-03
   3.633   5.133   0.27706594E+01   0.67268343E-03   0.00000000E+00   0.67268343E-03
   3.650   5.150   0.27843380E+01   0.67395364E-03   0.00000000E+00   0.67395364E-03
   3.667   5.167   0.27978988E+01   0.67517723E-03   0.00000000E+00   0.67517723E-03
   3.683   5.183   0.28113394E+01   0.67635384E-03   0.00000000E+00   0.67635384E-03
   3.700   5.200   0.28246570E+01   0.67748313E-03   0.00000000E+00   0.67748313E-03
   3.717   5.217   0.28378492E+01   0.67856479E-03   0.00000000E+00   0.67856479E-03
   3.733   5.233   0.28509135E+01   0.67959848E-03   0.00000000E+00   0.67959848E-03
   3.750   5.250   0.28638473E+01   0.68058392E-03   0.00000000E+00   0.68058392E-03
   3.767   5.267   0.28766481E+01   0.68152081E-03   0.00000000E+00   0.68152081E-03
   3.783   5.283   0.28893135E+01   0.68240887E-03   0.00000000E+00   0.68240887E-03
   3.800   5.300   0.29018410E+01   0.68324784E-03   0.00000000E+00   0.68324784E-03
   3.817   5.317   0.29142282E+01   0.68403747E-03   0.00000000E+00   0.68403747E-03
   3.833   5.333   0.29264727E+01   0.68477752E-03   0.00000000E+00   0.68477752E-03
   3.850   5.350   0.29385722E+01   0.68546778E-03   0.00000000E+00   0.68546778E-03
   3.867   5.367   0.29505242E+01   0.68610803E-03   0.00000000E+00   0.68610803E-03
   3.883   5.383   0.29623266E+01   0.68669810E-03   0.00000000E+00   0.68669810E-03
   3.900   5.400   0.29739770E+01   0.68723780E-03   0.00000000E+00   0.68723780E-03
   3.917   5.417   0.29854734E+01   0.68772698E-03   0.00000000E+00   0.68772698E-03
   3.933   5.433   0.29968133E+01   0.68816551E-03   0.00000000E+00   0.68816551E-03
   3.950   5.450   0.30079949E+01   0.68855327E-03   0.00000000E+00   0.68855327E-03
   3.967   5.467   0.30190160E+01   0.68889015E-03   0.00000000E+00   0.68889015E-03
   3.983   5.483   0.30298745E+01   0.68917608E-03   0.00000000E+00   0.68917608E-03
   4.000   5.500   0.30405686E+01   0.68941100E-03   0.00000000E+00   0.68941100E-03
   4.017   5.517   0.30510964E+01   0.68959486E-03   0.00000000E+00   0.68959486E-03
   4.033   5.533   0.30614559E+01   0.68972766E-03   0.00000000E+00   0.68972766E-03
   4.050   5.550   0.30716454E+01   0.68980939E-03   0.00000000E+00   0.68980939E-03
   4.067   5.567   0.30816633E+01   0.68984009E-03   0.00000000E+00   0.68984009E-03
   4.083   5.583   0.30915080E+01   0.68981980E-03   0.00000000E+00   0.68981980E-03
   4.100   5.600   0.31011777E+01   0.68974860E-03   0.00000000E+00   0.68974860E-03
   4.117   5.617   0.31106713E+01   0.68962660E-03   0.00000000E+00   0.68962660E-03
   4.133   5.633   0.31199871E+01   0.68945391E-03   0.00000000E+00   0.68945391E-03
   4.150   5.650   0.31291240E+01   0.68923069E-03   0.00000000E+00   0.68923069E-03
   4.167   5.667   0.31380808E+01   0.68895712E-03   0.00000000E+00   0.68895712E-03
   4.183   5.683   0.31468564E+01   0.68863341E-03   0.00000000E+00   0.68863341E-03
   4.200   5.700   0.31554498E+01   0.68825978E-03   0.00000000E+00   0.68825978E-03
   4.217   5.717   0.31638602E+01   0.68783651E-03   0.00000000E+00   0.68783651E-03
   4.233   5.733   0.31720867E+01   0.68736387E-03   0.00000000E+00   0.68736387E-03
   4.250   5.750   0.31801287E+01   0.68684221E-03   0.00000000E+00   0.68684221E-03
   4.267   5.767   0.31879857E+01   0.68627186E-03   0.00000000E+00   0.68627186E-03
   4.283   5.783   0.31956573E+01   0.68565321E-03   0.00000000E+00   0.68565321E-03
   4.300   5.800   0.32031432E+01   0.68498668E-03   0.00000000E+00   0.68498668E-03
   4.317   5.817   0.32104433E+01   0.68427271E-03   0.00000000E+00   0.68427271E-03
   4.333   5.833   0.32175576E+01   0.68351177E-03   0.00000000E+00   0.68351177E-03
   4.350   5.850   0.32244862E+01   0.68270439E-03   0.00000000E+00   0.68270439E-03
   4.367   5.867   0.32312294E+01   0.68185111E-03   0.00000000E+00   0.68185111E-03
   4.383   5.883   0.32377876E+01   0.68095249E-03   0.00000000E+00   0.68095249E-03
   4.400   5.900   0.32441614E+01   0.68000916E-03   0.00000000E+00   0.68000916E-03
   4.417   5.917   0.32503516E+01   0.67902175E-03   0.00000000E+00   0.67902175E-03
   4.433   5.933   0.32563591E+01   0.67799095E-03   0.00000000E+00   0.67799095E-03
   4.450   5.950   0.32621849E+01   0.67691746E-03   0.00000000E+00   0.67691746E-03
   4.467   5.967   0.32678303E+01   0.67580203E-03   0.00000000E+00   0.67580203E-03
   4.483   5.983   0.32732967E+01   0.67464543E-03   0.00000000E+00   0.67464543E-03
   4.500   6.000   0.32785857E+01   0.67344849E-03   0.00000000E+00   0.67344849E-03
   4.517   6.017   0.32836990E+01   0.67221204E-03   0.00000000E+00   0.67221204E-03
   4.533   6.033   0.32886385E+01   0.67093696E-03   0.00000000E+00   0.67093696E-03
   4.550   6.050   0.32934064E+01   0.66962416E-03   0.00000000E+00   0.66962416E-03
   4.567   6.067   0.32980049E+01   0.66827457E-03   0.00000000E+00   0.66827457E-03
   4.583   6.083   0.33024364E+01   0.66688918E-03   0.00000000E+00   0.66688918E-03
   4.600   6.100   0.33067037E+01   0.66546898E-03   0.00000000E+00   0.66546898E-03
   4.617   6.117   0.33108096E+01   0.66401499E-03   0.00000000E+00   0.66401499E-03
   4.633   6.133   0.33147569E+01   0.66252829E-03   0.00000000E+00   0.66252829E-03
   4.650   6.150   0.33185490E+01   0.66100995E-03   0.00000000E+00   0.66100995E-03
   4.667   6.167   0.33221891E+01   0.65946109E-03   0.00000000E+00   0.65946109E-03
   4.683   6.183   0.33256807E+01   0.65788283E-03   0.00000000E+00   0.65788283E-03
   4.700   6.200   0.33290276E+01   0.65627635E-03   0.00000000E+00   0.65627635E-03
   4.717   6.217   0.33322335E+01   0.65464281E-03   0.00000000E+00   0.65464281E-03
   4.733   6.233   0.33353024E+01   0.65298342E-03   0.00000000E+00   0.65298342E-03
   4.750   6.250   0.33382386E+01   0.65129939E-03   0.00000000E+00   0.65129939E-03
   4.767   6.267   0.33410463E+01   0.64959196E-03   0.00000000E+00   0.64959196E-03
   4.783   6.283   0.33437299E+01   0.64786238E-03   0.00000000E+00   0.64786238E-03
   4.800   6.300   0.33462941E+01   0.64611190E-03   0.00000000E+00   0.64611190E-03
   4.817   6.317   0.33487436E+01   0.64434181E-03   0.00000000E+00   0.64434181E-03
   4.833   6.333   0.33510831E+01   0.64255337E-03   0.00000000E+00   0.64255337E-03
   4.850   6.350   0.33533177E+01   0.64074788E-03   0.00000000E+00   0.64074788E-03
   4.867   6.367   0.33554524E+01   0.63892662E-03   0.00000000E+00   0.63892662E-03
   4.883   6.383   0.33574923E+01   0.63709088E-03   0.00000000E+00   0.63709088E-03
   4.900   6.400   0.33594427E+01   0.63524196E-03   0.00000000E+00   0.63524196E-03
   4.917   6.417   0.33613089E+01   0.63338114E-03   0.00000000E+00   0.63338114E-03
   4.933   6.433   0.33630962E+01   0.63150970E-03   0.00000000E+00   0.63150970E-03
   4.950   6.450   0.33648102E+01   0.62962892E-03   0.00000000E+00   0.62962892E-03
   4.967   6.467   0.33664562E+01   0.62774006E-03   0.00000000E+00   0.62774006E-03
   4.983   6.483   0.33680398E+01   0.62584438E-03   0.00000000E+00   0.62584438E-03
   5.000   6.500   0.33695665E+01   0.62394310E-03   0.00000000E+00   0.62394310E-03
   5.017   6.517   0.33710419E+01   0.62203746E-03   0.00000000E+00   0.62203746E-03
   5.033   6.533   0.33724715E+01   0.62012866E-03   0.00000000E+00   0.62012866E-03
   5.050   6.550   0.33738608E+01   0.61821787E-03   0.00000000E+00   0.61821787E-03
   5.067   6.567   0.33752155E+01   0.61630625E-03   0.00000000E+00   0.61630625E-03
   5.083   6.583   0.33765408E+01   0.61439494E-03   0.00000000E+00   0.61439494E-03
   5.100   6.600   0.33778424E+01   0.61248504E-03   0.00000000E+00   0.61248504E-03
   5.117   6.617   0.33791256E+01   0.61057764E-03   0.00000000E+00   0.61057764E-03
   5.133   6.633   0.33803957E+01   0.60867378E-03   0.00000000E+00   0.60867378E-03
   5.150   6.650   0.33816580E+01   0.60677448E-03   0.00000000E+00   0.60677448E-03
   5.167   6.667   0.33829176E+01   0.60488073E-03   0.00000000E+00   0.60488073E-03
   5.183   6.683   0.33841797E+01   0.60299347E-03   0.00000000E+00   0.60299347E-03
   5.200   6.700   0.33854492E+01   0.60111362E-03   0.00000000E+00   0.60111362E-03
   5.217   6.717   0.33867309E+01   0.59924206E-03   0.00000000E+00   0.59924206E-03
   5.233   6.733   0.33880297E+01   0.59737964E-03   0.00000000E+00   0.59737964E-03
   5.250   6.750   0.33893502E+01   0.59552717E-03   0.00000000E+00   0.59552717E-03
   5.267   6.767   0.33906970E+01   0.59368540E-03   0.00000000E+00   0.59368540E-03
   5.283   6.783   0.33920743E+01   0.59185507E-03   0.00000000E+00   0.59185507E-03
   5.300   6.800   0.33934864E+01   0.59003687E-03   0.00000000E+00   0.59003687E-03
   5.317   6.817   0.33949374E+01   0.58823146E-03   0.00000000E+00   0.58823146E-03
   5.333   6.833   0.33964314E+01   0.58643944E-03   0.00000000E+00   0.58643944E-03
   5.350   6.850   0.33979720E+01   0.58466140E-03   0.00000000E+00   0.58466140E-03
   5.367   6.867   0.33995629E+01   0.58289785E-03   0.00000000E+00   0.58289785E-03
   5.383   6.883   0.34012076E+01   0.58114932E-03   0.00000000E+00   0.58114932E-03
   5.400   6.900   0.34029095E+01   0.57941624E-03   0.00000000E+00   0.57941624E-03
   5.417   6.917   0.34046718E+01   0.57769905E-03   0.00000000E+00   0.57769905E-03
   5.433   6.933   0.34064974E+01   0.57599814E-03   0.00000000E+00   0.57599814E-03
   5.450   6.950   0.34083892E+01   0.57431384E-03   0.00000000E+00   0.57431384E-03
   5.467   6.967   0.34103499E+01   0.57264647E-03   0.00000000E+00   0.57264647E-03
   5.483   6.983   0.34123821E+01   0.57099631E-03   0.00000000E+00   0.57099631E-03
   5.500   7.000   0.34144881E+01   0.56936361E-03   0.00000000E+00   0.56936361E-03
   5.517   7.017   0.34166703E+01   0.56774857E-03   0.00000000E+00   0.56774857E-03
   5.533   7.033   0.34189306E+01   0.56615138E-03   0.00000000E+00   0.56615138E-03
   5.550   7.050   0.34212710E+01   0.56457218E-03   0.00000000E+00   0.56457218E-03
   5.567   7.067   0.34236932E+01   0.56301110E-03   0.00000000E+00   0.56301110E-03
   5.583   7.083   0.34261990E+01   0.56146822E-03   0.00000000E+00   0.56146822E-03
   5.600   7.100   0.34287898E+01   0.55994359E-03   0.00000000E+00   0.55994359E-03
   5.617   7.117   0.34314670E+01   0.55843727E-03   0.00000000E+00   0.55843727E-03
   5.633   7.133   0.34342318E+01   0.55694925E-03   0.00000000E+00   0.55694925E-03
   5.650   7.150   0.34370852E+01   0.55547952E-03   0.00000000E+00   0.55547952E-03
   5.667   7.167   0.34400283E+01   0.55402804E-03   0.00000000E+00   0.55402804E-03
   5.683   7.183   0.34430619E+01   0.55259475E-03   0.00000000E+00   0.55259475E-03
   5.700   7.200   0.34461867E+01   0.55117955E-03   0.00000000E+00   0.55117955E-03
   5.717   7.217   0.34494032E+01   0.54978236E-03   0.00000000E+00   0.54978236E-03
   5.733   7.233   0.34527121E+01   0.54840304E-03   0.00000000E+00   0.54840304E-03
   5.750   7.250   0.34561137E+01   0.54704145E-03   0.00000000E+00   0.54704145E-03
   5.767   7.267   0.34596081E+01   0.54569743E-03   0.00000000E+00   0.54569743E-03
   5.783   7.283   0.34631958E+01   0.54437080E-03   0.00000000E+00   0.54437080E-03
   5.800   7.300   0.34668766E+01   0.54306138E-03   0.00000000E+00   0.54306138E-03
   5.817   7.317   0.34706506E+01   0.54176896E-03   0.00000000E+00   0.54176896E-03
   5.833   7.333   0.34745177E+01   0.54049331E-03   0.00000000E+00   0.54049331E-03
   5.850   7.350   0.34784778E+01   0.53923421E-03   0.00000000E+00   0.53923421E-03
   5.867   7.367   0.34825305E+01   0.53799140E-03   0.00000000E+00   0.53799140E-03
   5.883   7.383   0.34866755E+01   0.53676463E-03   0.00000000E+00   0.53676463E-03
   5.900   7.400   0.34909124E+01   0.53555364E-03   0.00000000E+00   0.53555364E-03
   5.917   7.417   0.34952407E+01   0.53435815E-03   0.00000000E+00   0.53435815E-03
   5.933   7.433   0.34996599E+01   0.53317788E-03   0.00000000E+00   0.53317788E-03
   5.950   7.450   0.35041694E+01   0.53201252E-03   0.00000000E+00   0.53201252E-03
   5.967   7.467   0.35087685E+01   0.53086178E-03   0.00000000E+00   0.53086178E-03
   5.983   7.483   0.35134564E+01   0.52972535E-03   0.00000000E+00   0.52972535E-03
   6.000   7.500   0.35182325E+01   0.52860291E-03   0.00000000E+00   0.52860291E-03
