        RT(hours)           [IRO2]         L_R_15           L_R_19           P_R_09           tot_loss         tot_prod
  -1.483   0.017   0.28098645E-04   0.22154525E-06   0.27173676E-09   0.68888468E-06   0.22181700E-06   0.68888468E-06
  -1.467   0.033   0.57647424E-04   0.32300800E-06   0.12735649E-08   0.84850200E-06   0.32428157E-06   0.84850200E-06
  -1.450   0.050   0.91564971E-04   0.38760386E-06   0.33153533E-08   0.99801051E-06   0.39091922E-06   0.99801051E-06
  -1.433   0.067   0.13070410E-03   0.44950315E-06   0.67850552E-08   0.11525085E-05   0.45628820E-06   0.11525085E-05
  -1.417   0.083   0.17514742E-03   0.52713301E-06   0.12145951E-07   0.13221450E-05   0.53927896E-06   0.13221450E-05
  -1.400   0.100   0.22457919E-03   0.63144441E-06   0.19932921E-07   0.15133786E-05   0.65137733E-06   0.15133786E-05
  -1.383   0.117   0.27845538E-03   0.76896637E-06   0.30745386E-07   0.17305961E-05   0.79971176E-06   0.17305961E-05
  -1.367   0.133   0.33612180E-03   0.94343956E-06   0.45232443E-07   0.19771428E-05   0.98867201E-06   0.19771428E-05
  -1.350   0.150   0.39690025E-03   0.11568776E-05   0.64068685E-07   0.22558465E-05   0.12209463E-05   0.22558465E-05
  -1.333   0.167   0.46014461E-03   0.14102788E-05   0.87922432E-07   0.25692184E-05   0.14982013E-05   0.25692184E-05
  -1.317   0.183   0.52527078E-03   0.17040725E-05   0.11742005E-06   0.29194757E-05   0.18214926E-05   0.29194757E-05
  -1.300   0.200   0.59176678E-03   0.20383647E-05   0.15311062E-06   0.33084813E-05   0.21914753E-05   0.33084813E-05
  -1.283   0.217   0.65919021E-03   0.24130464E-05   0.19543443E-06   0.37376596E-05   0.26084808E-05   0.37376596E-05
  -1.267   0.233   0.72715858E-03   0.28278216E-05   0.24469820E-06   0.42079221E-05   0.30725198E-05   0.42079221E-05
  -1.250   0.250   0.79533705E-03   0.32821951E-05   0.30105821E-06   0.47196215E-05   0.35832534E-05   0.47196215E-05
  -1.233   0.267   0.86342635E-03   0.37754496E-05   0.36451230E-06   0.52725420E-05   0.41399619E-05   0.52725420E-05
  -1.217   0.283   0.93115289E-03   0.43066260E-05   0.43490050E-06   0.58659272E-05   0.47415265E-05   0.58659272E-05
  -1.200   0.300   0.99826192E-03   0.48745167E-05   0.51191382E-06   0.64985373E-05   0.53864305E-05   0.64985373E-05
  -1.183   0.317   0.10645141E-02   0.54776735E-05   0.59511013E-06   0.71687297E-05   0.60727836E-05   0.71687297E-05
  -1.167   0.333   0.11296854E-02   0.61144314E-05   0.68393571E-06   0.78745504E-05   0.67983671E-05   0.78745504E-05
  -1.150   0.350   0.11935689E-02   0.67829453E-05   0.77775103E-06   0.86138290E-05   0.75606963E-05   0.86138290E-05
  -1.133   0.367   0.12559786E-02   0.74812372E-05   0.87585870E-06   0.93842684E-05   0.83570959E-05   0.93842684E-05
  -1.117   0.383   0.13167530E-02   0.82072494E-05   0.97753186E-06   0.10183525E-04   0.91847813E-05   0.10183525E-04
  -1.100   0.400   0.13757589E-02   0.89588993E-05   0.10820412E-05   0.11009279E-04   0.10040941E-04   0.11009279E-04
  -1.083   0.417   0.14328933E-02   0.97341308E-05   0.11886793E-05   0.11859284E-04   0.10922810E-04   0.11859284E-04
  -1.067   0.433   0.14880847E-02   0.10530960E-04   0.12967806E-05   0.12731416E-04   0.11827741E-04   0.12731416E-04
  -1.050   0.450   0.15412926E-02   0.11347514E-04   0.14057373E-05   0.13623698E-04   0.12753252E-04   0.13623698E-04
  -1.033   0.467   0.15925057E-02   0.12182056E-04   0.15150098E-05   0.14534320E-04   0.13697066E-04   0.14534320E-04
  -1.017   0.483   0.16417391E-02   0.13033006E-04   0.16241333E-05   0.15461650E-04   0.14657139E-04   0.15461650E-04
  -1.000   0.500   0.16890308E-02   0.13898946E-04   0.17327195E-05   0.16404236E-04   0.15631665E-04   0.16404236E-04
  -0.983   0.517   0.17344380E-02   0.14778626E-04   0.18404550E-05   0.17360800E-04   0.16619081E-04   0.17360800E-04
  -0.967   0.533   0.17780331E-02   0.15670957E-04   0.19470976E-05   0.18330232E-04   0.17618055E-04   0.18330232E-04
  -0.950   0.550   0.18198999E-02   0.16574999E-04   0.20524697E-05   0.19311576E-04   0.18627469E-04   0.19311576E-04
  -0.933   0.567   0.18601302E-02   0.17489954E-04   0.21564510E-05   0.20304016E-04   0.19646405E-04   0.20304016E-04
  -0.917   0.583   0.18988202E-02   0.18415147E-04   0.22589708E-05   0.21306864E-04   0.20674118E-04   0.21306864E-04
  -0.900   0.600   0.19360686E-02   0.19350012E-04   0.23599999E-05   0.22319541E-04   0.21710012E-04   0.22319541E-04
  -0.883   0.617   0.19719738E-02   0.20294080E-04   0.24595429E-05   0.23341561E-04   0.22753622E-04   0.23341561E-04
  -0.867   0.633   0.20066322E-02   0.21246958E-04   0.25576309E-05   0.24372522E-04   0.23804589E-04   0.24372522E-04
  -0.850   0.650   0.20401369E-02   0.22208326E-04   0.26543155E-05   0.25412090E-04   0.24862641E-04   0.25412090E-04
  -0.833   0.667   0.20725771E-02   0.23177914E-04   0.27496630E-05   0.26459985E-04   0.25927577E-04   0.26459985E-04
  -0.817   0.683   0.21040367E-02   0.24155502E-04   0.28437497E-05   0.27515977E-04   0.26999252E-04   0.27515977E-04
  -0.800   0.700   0.21345944E-02   0.25140902E-04   0.29366581E-05   0.28579871E-04   0.28077561E-04   0.28579871E-04
  -0.783   0.717   0.21643236E-02   0.26133960E-04   0.30284739E-05   0.29651506E-04   0.29162434E-04   0.29651506E-04
  -0.767   0.733   0.21932921E-02   0.27134541E-04   0.31192837E-05   0.30730745E-04   0.30253825E-04   0.30730745E-04
  -0.750   0.750   0.22215623E-02   0.28142531E-04   0.32091729E-05   0.31817471E-04   0.31351704E-04   0.31817471E-04
  -0.733   0.767   0.22491917E-02   0.29157833E-04   0.32982247E-05   0.32911588E-04   0.32456058E-04   0.32911588E-04
  -0.717   0.783   0.22762329E-02   0.30180359E-04   0.33865190E-05   0.34013011E-04   0.33566878E-04   0.34013011E-04
  -0.700   0.800   0.23027340E-02   0.31210036E-04   0.34741322E-05   0.35121671E-04   0.34684168E-04   0.35121671E-04
  -0.683   0.817   0.23287390E-02   0.32246797E-04   0.35611367E-05   0.36237511E-04   0.35807934E-04   0.36237511E-04
  -0.667   0.833   0.23542884E-02   0.33290588E-04   0.36476012E-05   0.37360483E-04   0.36938189E-04   0.37360483E-04
  -0.650   0.850   0.23794191E-02   0.34341361E-04   0.37335901E-05   0.38490553E-04   0.38074951E-04   0.38490553E-04
  -0.633   0.867   0.24041651E-02   0.35399078E-04   0.38191645E-05   0.39627697E-04   0.39218243E-04   0.39627697E-04
  -0.617   0.883   0.24285577E-02   0.36463710E-04   0.39043820E-05   0.40771899E-04   0.40368092E-04   0.40771899E-04
  -0.600   0.900   0.24526258E-02   0.37535238E-04   0.39892972E-05   0.41923159E-04   0.41524535E-04   0.41923159E-04
  -0.583   0.917   0.24763962E-02   0.38613650E-04   0.40739617E-05   0.43081483E-04   0.42687612E-04   0.43081483E-04
  -0.567   0.933   0.24998938E-02   0.39698948E-04   0.41584249E-05   0.44246893E-04   0.43857373E-04   0.44246893E-04
  -0.550   0.950   0.25231419E-02   0.40791142E-04   0.42427338E-05   0.45419419E-04   0.45033876E-04   0.45419419E-04
  -0.533   0.967   0.25461623E-02   0.41890251E-04   0.43269339E-05   0.46599105E-04   0.46217185E-04   0.46599105E-04
  -0.517   0.983   0.25689755E-02   0.42996308E-04   0.44110687E-05   0.47786005E-04   0.47407377E-04   0.47786005E-04
  -0.500   1.000   0.25916009E-02   0.44109354E-04   0.44951806E-05   0.48980187E-04   0.48604535E-04   0.48980187E-04
  -0.483   1.017   0.26140569E-02   0.45229443E-04   0.45793108E-05   0.50181728E-04   0.49808754E-04   0.50181728E-04
  -0.467   1.033   0.26363609E-02   0.46356640E-04   0.46634994E-05   0.51390719E-04   0.51020139E-04   0.51390719E-04
  -0.450   1.050   0.26585296E-02   0.47491018E-04   0.47477858E-05   0.52607261E-04   0.52238804E-04   0.52607261E-04
  -0.433   1.067   0.26805790E-02   0.48632665E-04   0.48322088E-05   0.53831469E-04   0.53464874E-04   0.53831469E-04
  -0.417   1.083   0.27025243E-02   0.49781676E-04   0.49168063E-05   0.55063465E-04   0.54698482E-04   0.55063465E-04
  -0.400   1.100   0.27243802E-02   0.50938159E-04   0.50016161E-05   0.56303386E-04   0.55939775E-04   0.56303386E-04
  -0.383   1.117   0.27461610E-02   0.52102230E-04   0.50866755E-05   0.57551376E-04   0.57188905E-04   0.57551376E-04
  -0.367   1.133   0.27678801E-02   0.53274016E-04   0.51720213E-05   0.58807592E-04   0.58446038E-04   0.58807592E-04
  -0.350   1.150   0.27895510E-02   0.54453654E-04   0.52576902E-05   0.60072198E-04   0.59711344E-04   0.60072198E-04
  -0.333   1.167   0.28111861E-02   0.55641289E-04   0.53437187E-05   0.61345369E-04   0.60985007E-04   0.61345369E-04
  -0.317   1.183   0.28327981E-02   0.56837074E-04   0.54301429E-05   0.62627290E-04   0.62267217E-04   0.62627290E-04
  -0.300   1.200   0.28543987E-02   0.58041173E-04   0.55169989E-05   0.63918153E-04   0.63558172E-04   0.63918153E-04
  -0.283   1.217   0.28759995E-02   0.59253755E-04   0.56043226E-05   0.65218156E-04   0.64858078E-04   0.65218156E-04
  -0.267   1.233   0.28976120E-02   0.60474998E-04   0.56921497E-05   0.66527509E-04   0.66167148E-04   0.66527509E-04
  -0.250   1.250   0.29192416E-02   0.61704846E-04   0.57805136E-05   0.67846324E-04   0.67485360E-04   0.67846324E-04
  -0.233   1.267   0.29408985E-02   0.62943238E-04   0.58694587E-05   0.69174631E-04   0.68812697E-04   0.69174631E-04
  -0.217   1.283   0.29625991E-02   0.64190439E-04   0.59590308E-05   0.70512615E-04   0.70149470E-04   0.70512615E-04
  -0.200   1.300   0.29843555E-02   0.65446657E-04   0.60492683E-05   0.71860478E-04   0.71495926E-04   0.71860478E-04
  -0.183   1.317   0.30061782E-02   0.66712083E-04   0.61402073E-05   0.73218431E-04   0.72852291E-04   0.73218431E-04
  -0.167   1.333   0.30280772E-02   0.67986911E-04   0.62318831E-05   0.74586696E-04   0.74218795E-04   0.74586696E-04
  -0.150   1.350   0.30500622E-02   0.69271338E-04   0.63243315E-05   0.75965503E-04   0.75595670E-04   0.75965503E-04
  -0.133   1.367   0.30721426E-02   0.70565570E-04   0.64175880E-05   0.77355089E-04   0.76983159E-04   0.77355089E-04
  -0.117   1.383   0.30943278E-02   0.71869817E-04   0.65116886E-05   0.78755697E-04   0.78381506E-04   0.78755697E-04
  -0.100   1.400   0.31166268E-02   0.73184294E-04   0.66066692E-05   0.80167576E-04   0.79790964E-04   0.80167576E-04
  -0.083   1.417   0.31390486E-02   0.74509223E-04   0.67025660E-05   0.81590979E-04   0.81211789E-04   0.81590979E-04
  -0.067   1.433   0.31616020E-02   0.75844827E-04   0.67994152E-05   0.83026164E-04   0.82644242E-04   0.83026164E-04
  -0.050   1.450   0.31842954E-02   0.77191335E-04   0.68972531E-05   0.84473392E-04   0.84088589E-04   0.84473392E-04
  -0.033   1.467   0.32071372E-02   0.78548980E-04   0.69961158E-05   0.85932927E-04   0.85545096E-04   0.85932927E-04
  -0.017   1.483   0.32301355E-02   0.79917994E-04   0.70960398E-05   0.87405038E-04   0.87014035E-04   0.87405038E-04
   0.000   1.500   0.32532982E-02   0.81298616E-04   0.71970611E-05   0.88889993E-04   0.88495678E-04   0.88889993E-04
   0.017   1.517   0.32766332E-02   0.82691084E-04   0.72992162E-05   0.90388065E-04   0.89990301E-04   0.90388065E-04
   0.033   1.533   0.33001479E-02   0.84095639E-04   0.74025411E-05   0.91899526E-04   0.91498180E-04   0.91899526E-04
   0.050   1.550   0.33238497E-02   0.85512521E-04   0.75070719E-05   0.93424651E-04   0.93019593E-04   0.93424651E-04
   0.067   1.567   0.33477457E-02   0.86941973E-04   0.76128448E-05   0.94963716E-04   0.94554818E-04   0.94963716E-04
   0.083   1.583   0.33718428E-02   0.88384238E-04   0.77198957E-05   0.96516995E-04   0.96104134E-04   0.96516995E-04
   0.100   1.600   0.33961477E-02   0.89839558E-04   0.78282604E-05   0.98084763E-04   0.97667819E-04   0.98084763E-04
   0.117   1.617   0.34206669E-02   0.91308176E-04   0.79379749E-05   0.99667296E-04   0.99246152E-04   0.99667296E-04
   0.133   1.633   0.34454069E-02   0.92790334E-04   0.80490747E-05   0.10126487E-03   0.10083941E-03   0.10126487E-03
   0.150   1.650   0.34703736E-02   0.94286272E-04   0.81615954E-05   0.10287775E-03   0.10244787E-03   0.10287775E-03
   0.167   1.667   0.34955730E-02   0.95796230E-04   0.82755724E-05   0.10450622E-03   0.10407180E-03   0.10450622E-03
   0.183   1.683   0.35210108E-02   0.97320445E-04   0.83910409E-05   0.10615054E-03   0.10571149E-03   0.10615054E-03
   0.200   1.700   0.35466925E-02   0.98859153E-04   0.85080362E-05   0.10781098E-03   0.10736719E-03   0.10781098E-03
   0.217   1.717   0.35726233E-02   0.10041259E-03   0.86265931E-05   0.10948781E-03   0.10903918E-03   0.10948781E-03
   0.233   1.733   0.35988085E-02   0.10198098E-03   0.87467464E-05   0.11118128E-03   0.11072773E-03   0.11118128E-03
   0.250   1.750   0.36252527E-02   0.10356456E-03   0.88685307E-05   0.11289166E-03   0.11243309E-03   0.11289166E-03
   0.267   1.767   0.36519609E-02   0.10516354E-03   0.89919803E-05   0.11461921E-03   0.11415552E-03   0.11461921E-03
   0.283   1.783   0.36789373E-02   0.10677816E-03   0.91171293E-05   0.11636416E-03   0.11589529E-03   0.11636416E-03
   0.300   1.800   0.37061863E-02   0.10840862E-03   0.92440118E-05   0.11812678E-03   0.11765263E-03   0.11812678E-03
   0.317   1.817   0.37337120E-02   0.11005514E-03   0.93726613E-05   0.11990731E-03   0.11942780E-03   0.11990731E-03
   0.333   1.833   0.37615182E-02   0.11171793E-03   0.95031114E-05   0.12170597E-03   0.12122104E-03   0.12170597E-03
   0.350   1.850   0.37896087E-02   0.11339718E-03   0.96353950E-05   0.12352302E-03   0.12303258E-03   0.12352302E-03
   0.367   1.867   0.38179867E-02   0.11509311E-03   0.97695453E-05   0.12535867E-03   0.12486266E-03   0.12535867E-03
   0.383   1.883   0.38466558E-02   0.11680590E-03   0.99055946E-05   0.12721314E-03   0.12671150E-03   0.12721314E-03
   0.400   1.900   0.38756187E-02   0.11853575E-03   0.10043575E-04   0.12908666E-03   0.12857932E-03   0.12908666E-03
   0.417   1.917   0.39048786E-02   0.12028282E-03   0.10183520E-04   0.13097944E-03   0.13046634E-03   0.13097944E-03
   0.433   1.933   0.39344379E-02   0.12204731E-03   0.10325459E-04   0.13289168E-03   0.13237277E-03   0.13289168E-03
   0.450   1.950   0.39642992E-02   0.12382937E-03   0.10469424E-04   0.13482358E-03   0.13429879E-03   0.13482358E-03
   0.467   1.967   0.39944648E-02   0.12562917E-03   0.10615447E-04   0.13677532E-03   0.13624462E-03   0.13677532E-03
   0.483   1.983   0.40249366E-02   0.12744687E-03   0.10763558E-04   0.13874710E-03   0.13821043E-03   0.13874710E-03
   0.500   2.000   0.40557166E-02   0.12928262E-03   0.10913786E-04   0.14073909E-03   0.14019641E-03   0.14073909E-03
   0.517   2.017   0.40868065E-02   0.13113657E-03   0.11066163E-04   0.14275147E-03   0.14220273E-03   0.14275147E-03
   0.533   2.033   0.41182078E-02   0.13300883E-03   0.11220717E-04   0.14478438E-03   0.14422955E-03   0.14478438E-03
   0.550   2.050   0.41499217E-02   0.13489956E-03   0.11377477E-04   0.14683799E-03   0.14627703E-03   0.14683799E-03
   0.567   2.067   0.41819494E-02   0.13680885E-03   0.11536472E-04   0.14891245E-03   0.14834533E-03   0.14891245E-03
   0.583   2.083   0.42142918E-02   0.13873684E-03   0.11697730E-04   0.15100788E-03   0.15043457E-03   0.15100788E-03
   0.600   2.100   0.42469496E-02   0.14068362E-03   0.11861278E-04   0.15312443E-03   0.15254490E-03   0.15312443E-03
   0.617   2.117   0.42799234E-02   0.14264929E-03   0.12027145E-04   0.15526221E-03   0.15467643E-03   0.15526221E-03
   0.633   2.133   0.43132136E-02   0.14463393E-03   0.12195356E-04   0.15742133E-03   0.15682929E-03   0.15742133E-03
   0.650   2.150   0.43468204E-02   0.14663764E-03   0.12365937E-04   0.15960191E-03   0.15900357E-03   0.15960191E-03
   0.667   2.167   0.43807438E-02   0.14866047E-03   0.12538916E-04   0.16180402E-03   0.16119939E-03   0.16180402E-03
   0.683   2.183   0.44149836E-02   0.15070250E-03   0.12714316E-04   0.16402777E-03   0.16341681E-03   0.16402777E-03
   0.700   2.200   0.44495396E-02   0.15276377E-03   0.12892163E-04   0.16627322E-03   0.16565593E-03   0.16627322E-03
   0.717   2.217   0.44844113E-02   0.15484434E-03   0.13072480E-04   0.16854045E-03   0.16791682E-03   0.16854045E-03
   0.733   2.233   0.45195979E-02   0.15694423E-03   0.13255292E-04   0.17082950E-03   0.17019953E-03   0.17082950E-03
   0.750   2.250   0.45550988E-02   0.15906349E-03   0.13440621E-04   0.17314044E-03   0.17250411E-03   0.17314044E-03
   0.767   2.267   0.45909129E-02   0.16120212E-03   0.13628491E-04   0.17547329E-03   0.17483061E-03   0.17547329E-03
   0.783   2.283   0.46270391E-02   0.16336013E-03   0.13818923E-04   0.17782810E-03   0.17717906E-03   0.17782810E-03
   0.800   2.300   0.46634761E-02   0.16553754E-03   0.14011938E-04   0.18020487E-03   0.17954948E-03   0.18020487E-03
   0.817   2.317   0.47002225E-02   0.16773432E-03   0.14207557E-04   0.18260362E-03   0.18194188E-03   0.18260362E-03
   0.833   2.333   0.47372767E-02   0.16995046E-03   0.14405801E-04   0.18502435E-03   0.18435626E-03   0.18502435E-03
   0.850   2.350   0.47746370E-02   0.17218593E-03   0.14606690E-04   0.18746705E-03   0.18679262E-03   0.18746705E-03
   0.867   2.367   0.48123016E-02   0.17444070E-03   0.14810241E-04   0.18993169E-03   0.18925094E-03   0.18993169E-03
   0.883   2.383   0.48502683E-02   0.17671472E-03   0.15016475E-04   0.19241826E-03   0.19173119E-03   0.19241826E-03
   0.900   2.400   0.48885352E-02   0.17900793E-03   0.15225407E-04   0.19492671E-03   0.19423334E-03   0.19492671E-03
   0.917   2.417   0.49270999E-02   0.18132027E-03   0.15437056E-04   0.19745698E-03   0.19675733E-03   0.19745698E-03
   0.933   2.433   0.49659600E-02   0.18365167E-03   0.15651439E-04   0.20000903E-03   0.19930311E-03   0.20000903E-03
   0.950   2.450   0.50051130E-02   0.18600203E-03   0.15868570E-04   0.20258278E-03   0.20187060E-03   0.20258278E-03
   0.967   2.467   0.50445563E-02   0.18837128E-03   0.16088466E-04   0.20517816E-03   0.20445975E-03   0.20517816E-03
   0.983   2.483   0.50842872E-02   0.19075930E-03   0.16311140E-04   0.20779506E-03   0.20707044E-03   0.20779506E-03
   1.000   2.500   0.51243030E-02   0.19316620E-03   0.16536623E-04   0.21043389E-03   0.20970282E-03   0.21043389E-03
   1.017   2.517   0.51647383E-02   0.19561430E-03   0.16765531E-04   0.21311852E-03   0.21237983E-03   0.21311852E-03
   1.033   2.533   0.52053196E-02   0.19808306E-03   0.16996029E-04   0.21582066E-03   0.21507909E-03   0.21582066E-03
   1.050   2.550   0.52460025E-02   0.20056740E-03   0.17228329E-04   0.21854085E-03   0.21779573E-03   0.21854085E-03
   1.067   2.567   0.52868303E-02   0.20306731E-03   0.17462759E-04   0.22127942E-03   0.22053007E-03   0.22127942E-03
   1.083   2.583   0.53278343E-02   0.20558316E-03   0.17699546E-04   0.22403671E-03   0.22328271E-03   0.22403671E-03
   1.100   2.600   0.53690329E-02   0.20811518E-03   0.17938832E-04   0.22681291E-03   0.22605401E-03   0.22681291E-03
   1.117   2.617   0.54104358E-02   0.21066347E-03   0.18180706E-04   0.22960809E-03   0.22884418E-03   0.22960809E-03
   1.133   2.633   0.54520476E-02   0.21322802E-03   0.18425223E-04   0.23242226E-03   0.23165325E-03   0.23242226E-03
   1.150   2.650   0.54938695E-02   0.21580878E-03   0.18672417E-04   0.23525532E-03   0.23448120E-03   0.23525532E-03
   1.167   2.667   0.55359012E-02   0.21840562E-03   0.18922312E-04   0.23810717E-03   0.23732793E-03   0.23810717E-03
   1.183   2.683   0.55781410E-02   0.22101840E-03   0.19174924E-04   0.24097768E-03   0.24019333E-03   0.24097768E-03
   1.200   2.700   0.56205867E-02   0.22364697E-03   0.19430265E-04   0.24386667E-03   0.24307724E-03   0.24386667E-03
   1.217   2.717   0.56632358E-02   0.22629115E-03   0.19688342E-04   0.24677399E-03   0.24597949E-03   0.24677399E-03
   1.233   2.733   0.57060852E-02   0.22895076E-03   0.19949163E-04   0.24969945E-03   0.24889992E-03   0.24969945E-03
   1.250   2.750   0.57491321E-02   0.23162560E-03   0.20212734E-04   0.25264287E-03   0.25183833E-03   0.25264287E-03
   1.267   2.767   0.57923731E-02   0.23431546E-03   0.20479058E-04   0.25560403E-03   0.25479452E-03   0.25560403E-03
   1.283   2.783   0.58358051E-02   0.23702016E-03   0.20748140E-04   0.25858275E-03   0.25776830E-03   0.25858275E-03
   1.300   2.800   0.58794249E-02   0.23973946E-03   0.21019982E-04   0.26157880E-03   0.26075944E-03   0.26157880E-03
   1.317   2.817   0.59232289E-02   0.24247315E-03   0.21294587E-04   0.26459197E-03   0.26376774E-03   0.26459197E-03
   1.333   2.833   0.59672139E-02   0.24522100E-03   0.21571956E-04   0.26762203E-03   0.26679295E-03   0.26762203E-03
   1.350   2.850   0.60113764E-02   0.24798277E-03   0.21852090E-04   0.27066875E-03   0.26983487E-03   0.27066875E-03
   1.367   2.867   0.60557130E-02   0.25075824E-03   0.22134989E-04   0.27373188E-03   0.27289323E-03   0.27373188E-03
   1.383   2.883   0.61002200E-02   0.25354715E-03   0.22420654E-04   0.27681120E-03   0.27596781E-03   0.27681120E-03
   1.400   2.900   0.61448940E-02   0.25634926E-03   0.22709083E-04   0.27990643E-03   0.27905834E-03   0.27990643E-03
   1.417   2.917   0.61897314E-02   0.25916430E-03   0.23000275E-04   0.28301733E-03   0.28216457E-03   0.28301733E-03
   1.433   2.933   0.62347286E-02   0.26199202E-03   0.23294227E-04   0.28614363E-03   0.28528624E-03   0.28614363E-03
   1.450   2.950   0.62798820E-02   0.26483214E-03   0.23590937E-04   0.28928506E-03   0.28842308E-03   0.28928506E-03
   1.467   2.967   0.63251878E-02   0.26768441E-03   0.23890402E-04   0.29244134E-03   0.29157481E-03   0.29244134E-03
   1.483   2.983   0.63706425E-02   0.27054853E-03   0.24192618E-04   0.29561220E-03   0.29474115E-03   0.29561220E-03
   1.500   3.000   0.64162422E-02   0.27342422E-03   0.24497580E-04   0.29879734E-03   0.29792180E-03   0.29879734E-03
   1.517   3.017   0.64619834E-02   0.27631121E-03   0.24805283E-04   0.30199647E-03   0.30111649E-03   0.30199647E-03
   1.533   3.033   0.65078621E-02   0.27920918E-03   0.25115721E-04   0.30520929E-03   0.30432490E-03   0.30520929E-03
   1.550   3.050   0.65538747E-02   0.28211785E-03   0.25428887E-04   0.30843550E-03   0.30754674E-03   0.30843550E-03
   1.567   3.067   0.66000173E-02   0.28503690E-03   0.25744775E-04   0.31167478E-03   0.31078168E-03   0.31167478E-03
   1.583   3.083   0.66462862E-02   0.28796604E-03   0.26063377E-04   0.31492682E-03   0.31402942E-03   0.31492682E-03
   1.600   3.100   0.66926775E-02   0.29090494E-03   0.26384684E-04   0.31819129E-03   0.31728963E-03   0.31819129E-03
   1.617   3.117   0.67391874E-02   0.29385329E-03   0.26708688E-04   0.32146787E-03   0.32056198E-03   0.32146787E-03
   1.633   3.133   0.67858121E-02   0.29681077E-03   0.27035379E-04   0.32475622E-03   0.32384615E-03   0.32475622E-03
   1.650   3.150   0.68325476E-02   0.29977703E-03   0.27364747E-04   0.32805600E-03   0.32714178E-03   0.32805600E-03
   1.667   3.167   0.68793902E-02   0.30275177E-03   0.27696780E-04   0.33136688E-03   0.33044855E-03   0.33136688E-03
   1.683   3.183   0.69263358E-02   0.30573462E-03   0.28031468E-04   0.33468850E-03   0.33376609E-03   0.33468850E-03
   1.700   3.200   0.69733807E-02   0.30872526E-03   0.28368797E-04   0.33802050E-03   0.33709406E-03   0.33802050E-03
   1.717   3.217   0.70205209E-02   0.31172333E-03   0.28708756E-04   0.34136254E-03   0.34043209E-03   0.34136254E-03
   1.733   3.233   0.70677525E-02   0.31472849E-03   0.29051331E-04   0.34471424E-03   0.34377982E-03   0.34471424E-03
   1.750   3.250   0.71150716E-02   0.31774038E-03   0.29396507E-04   0.34807523E-03   0.34713688E-03   0.34807523E-03
   1.767   3.267   0.71624743E-02   0.32075863E-03   0.29744270E-04   0.35144515E-03   0.35050290E-03   0.35144515E-03
   1.783   3.283   0.72099567E-02   0.32378290E-03   0.30094605E-04   0.35482360E-03   0.35387750E-03   0.35482360E-03
   1.800   3.300   0.72575147E-02   0.32681280E-03   0.30447496E-04   0.35821022E-03   0.35726030E-03   0.35821022E-03
   1.817   3.317   0.73051446E-02   0.32984797E-03   0.30802925E-04   0.36160460E-03   0.36065089E-03   0.36160460E-03
   1.833   3.333   0.73528423E-02   0.33288803E-03   0.31160875E-04   0.36500637E-03   0.36404890E-03   0.36500637E-03
   1.850   3.350   0.74006039E-02   0.33593260E-03   0.31521330E-04   0.36841511E-03   0.36745393E-03   0.36841511E-03
   1.867   3.367   0.74484255E-02   0.33898130E-03   0.31884269E-04   0.37183043E-03   0.37086557E-03   0.37183043E-03
   1.883   3.383   0.74963031E-02   0.34203374E-03   0.32249673E-04   0.37525192E-03   0.37428341E-03   0.37525192E-03
   1.900   3.400   0.75442328E-02   0.34508953E-03   0.32617523E-04   0.37867918E-03   0.37770705E-03   0.37867918E-03
   1.917   3.417   0.75922107E-02   0.34814827E-03   0.32987798E-04   0.38211177E-03   0.38113607E-03   0.38211177E-03
   1.933   3.433   0.76402328E-02   0.35120957E-03   0.33360477E-04   0.38554930E-03   0.38457005E-03   0.38554930E-03
   1.950   3.450   0.76882952E-02   0.35427303E-03   0.33735537E-04   0.38899133E-03   0.38800857E-03   0.38899133E-03
   1.967   3.467   0.77363939E-02   0.35733823E-03   0.34112957E-04   0.39243744E-03   0.39145119E-03   0.39243744E-03
   1.983   3.483   0.77845250E-02   0.36040478E-03   0.34492712E-04   0.39588719E-03   0.39489749E-03   0.39588719E-03
   2.000   3.500   0.78326846E-02   0.36347226E-03   0.34874780E-04   0.39934015E-03   0.39834704E-03   0.39934015E-03
   2.017   3.517   0.78808688E-02   0.36654025E-03   0.35259135E-04   0.40279588E-03   0.40179939E-03   0.40279588E-03
   2.033   3.533   0.79290735E-02   0.36960834E-03   0.35645752E-04   0.40625395E-03   0.40525409E-03   0.40625395E-03
   2.050   3.550   0.79772951E-02   0.37267611E-03   0.36034605E-04   0.40971389E-03   0.40871071E-03   0.40971389E-03
   2.067   3.567   0.80255294E-02   0.37574313E-03   0.36425669E-04   0.41317526E-03   0.41216880E-03   0.41317526E-03
   2.083   3.583   0.80737726E-02   0.37880897E-03   0.36818914E-04   0.41663761E-03   0.41562788E-03   0.41663761E-03
   2.100   3.600   0.81220208E-02   0.38187321E-03   0.37214315E-04   0.42010048E-03   0.41908752E-03   0.42010048E-03
   2.117   3.617   0.81702700E-02   0.38493541E-03   0.37611841E-04   0.42356341E-03   0.42254725E-03   0.42356341E-03
   2.133   3.633   0.82185165E-02   0.38799513E-03   0.38011464E-04   0.42702593E-03   0.42600659E-03   0.42702593E-03
   2.150   3.650   0.82667563E-02   0.39105195E-03   0.38413155E-04   0.43048758E-03   0.42946510E-03   0.43048758E-03
   2.167   3.667   0.83149855E-02   0.39410541E-03   0.38816882E-04   0.43394789E-03   0.43292229E-03   0.43394789E-03
   2.183   3.683   0.83632003E-02   0.39715507E-03   0.39222614E-04   0.43740638E-03   0.43637768E-03   0.43740638E-03
   2.200   3.700   0.84113967E-02   0.40020049E-03   0.39630319E-04   0.44086257E-03   0.43983081E-03   0.44086257E-03
   2.217   3.717   0.84595709E-02   0.40324122E-03   0.40039966E-04   0.44431599E-03   0.44328119E-03   0.44431599E-03
   2.233   3.733   0.85077191E-02   0.40627681E-03   0.40451520E-04   0.44776614E-03   0.44672833E-03   0.44776614E-03
   2.250   3.750   0.85558374E-02   0.40930681E-03   0.40864947E-04   0.45121255E-03   0.45017175E-03   0.45121255E-03
   2.267   3.767   0.86039219E-02   0.41233075E-03   0.41280214E-04   0.45465472E-03   0.45361096E-03   0.45465472E-03
   2.283   3.783   0.86519689E-02   0.41534819E-03   0.41697285E-04   0.45809217E-03   0.45704547E-03   0.45809217E-03
   2.300   3.800   0.86999744E-02   0.41835866E-03   0.42116124E-04   0.46152440E-03   0.46047478E-03   0.46152440E-03
   2.317   3.817   0.87479347E-02   0.42136171E-03   0.42536695E-04   0.46495090E-03   0.46389840E-03   0.46495090E-03
   2.333   3.833   0.87958460E-02   0.42435686E-03   0.42958960E-04   0.46837118E-03   0.46731581E-03   0.46837118E-03
   2.350   3.850   0.88437043E-02   0.42734365E-03   0.43382882E-04   0.47178475E-03   0.47072653E-03   0.47178475E-03
   2.367   3.867   0.88915060E-02   0.43032162E-03   0.43808421E-04   0.47519108E-03   0.47413004E-03   0.47519108E-03
   2.383   3.883   0.89392472E-02   0.43329030E-03   0.44235540E-04   0.47858968E-03   0.47752584E-03   0.47858968E-03
   2.400   3.900   0.89869241E-02   0.43624922E-03   0.44664197E-04   0.48198003E-03   0.48091341E-03   0.48198003E-03
   2.417   3.917   0.90345330E-02   0.43919789E-03   0.45094352E-04   0.48536162E-03   0.48429224E-03   0.48536162E-03
   2.433   3.933   0.90820700E-02   0.44213586E-03   0.45525965E-04   0.48873395E-03   0.48766182E-03   0.48873395E-03
   2.450   3.950   0.91295314E-02   0.44506265E-03   0.45958993E-04   0.49209648E-03   0.49102163E-03   0.49209648E-03
   2.467   3.967   0.91769134E-02   0.44797777E-03   0.46393393E-04   0.49544870E-03   0.49437116E-03   0.49544870E-03
   2.483   3.983   0.92242123E-02   0.45088075E-03   0.46829124E-04   0.49879010E-03   0.49770987E-03   0.49879010E-03
   2.500   4.000   0.92714243E-02   0.45377111E-03   0.47266139E-04   0.50212015E-03   0.50103725E-03   0.50212015E-03
   2.517   4.017   0.93185456E-02   0.45664838E-03   0.47704396E-04   0.50543832E-03   0.50435277E-03   0.50543832E-03
   2.533   4.033   0.93655725E-02   0.45951206E-03   0.48143849E-04   0.50874409E-03   0.50765590E-03   0.50874409E-03
   2.550   4.050   0.94125013E-02   0.46236168E-03   0.48584452E-04   0.51203693E-03   0.51094613E-03   0.51203693E-03
   2.567   4.067   0.94593282E-02   0.46519675E-03   0.49026159E-04   0.51531631E-03   0.51422291E-03   0.51531631E-03
   2.583   4.083   0.95060495E-02   0.46801679E-03   0.49468922E-04   0.51858171E-03   0.51748571E-03   0.51858171E-03
   2.600   4.100   0.95526615E-02   0.47082131E-03   0.49912694E-04   0.52183258E-03   0.52073400E-03   0.52183258E-03
   2.617   4.117   0.95991605E-02   0.47360983E-03   0.50357426E-04   0.52506839E-03   0.52396726E-03   0.52506839E-03
   2.633   4.133   0.96455427E-02   0.47638186E-03   0.50803070E-04   0.52828861E-03   0.52718493E-03   0.52828861E-03
   2.650   4.150   0.96918045E-02   0.47913692E-03   0.51249575E-04   0.53149270E-03   0.53038648E-03   0.53149270E-03
   2.667   4.167   0.97379422E-02   0.48187450E-03   0.51696890E-04   0.53468013E-03   0.53357139E-03   0.53468013E-03
   2.683   4.183   0.97839520E-02   0.48459414E-03   0.52144966E-04   0.53785035E-03   0.53673910E-03   0.53785035E-03
   2.700   4.200   0.98298302E-02   0.48729533E-03   0.52593750E-04   0.54100283E-03   0.53988907E-03   0.54100283E-03
   2.717   4.217   0.98755733E-02   0.48997759E-03   0.53043190E-04   0.54413703E-03   0.54302077E-03   0.54413703E-03
   2.733   4.233   0.99211774E-02   0.49264043E-03   0.53493233E-04   0.54725239E-03   0.54613365E-03   0.54725239E-03
   2.750   4.250   0.99666390E-02   0.49528336E-03   0.53943825E-04   0.55034839E-03   0.54922718E-03   0.55034839E-03
   2.767   4.267   0.10011954E-01   0.49790589E-03   0.54394912E-04   0.55342448E-03   0.55230079E-03   0.55342448E-03
   2.783   4.283   0.10057120E-01   0.50050753E-03   0.54846440E-04   0.55648011E-03   0.55535397E-03   0.55648011E-03
   2.800   4.300   0.10102131E-01   0.50308780E-03   0.55298353E-04   0.55951474E-03   0.55838615E-03   0.55951474E-03
   2.817   4.317   0.10146986E-01   0.50564620E-03   0.55750594E-04   0.56252783E-03   0.56139679E-03   0.56252783E-03
   2.833   4.333   0.10191680E-01   0.50818225E-03   0.56203108E-04   0.56551883E-03   0.56438535E-03   0.56551883E-03
   2.850   4.350   0.10236209E-01   0.51069545E-03   0.56655836E-04   0.56848720E-03   0.56735128E-03   0.56848720E-03
   2.867   4.367   0.10280570E-01   0.51318533E-03   0.57108721E-04   0.57143240E-03   0.57029404E-03   0.57143240E-03
   2.883   4.383   0.10324759E-01   0.51565139E-03   0.57561704E-04   0.57435387E-03   0.57321308E-03   0.57435387E-03
   2.900   4.400   0.10368772E-01   0.51809315E-03   0.58014727E-04   0.57725108E-03   0.57610786E-03   0.57725108E-03
   2.917   4.417   0.10412607E-01   0.52051012E-03   0.58467729E-04   0.58012347E-03   0.57897784E-03   0.58012347E-03
   2.933   4.433   0.10456258E-01   0.52290181E-03   0.58920650E-04   0.58297051E-03   0.58182246E-03   0.58297051E-03
   2.950   4.450   0.10499723E-01   0.52526776E-03   0.59373429E-04   0.58579166E-03   0.58464118E-03   0.58579166E-03
   2.967   4.467   0.10542998E-01   0.52760746E-03   0.59826005E-04   0.58858636E-03   0.58743346E-03   0.58858636E-03
   2.983   4.483   0.10586080E-01   0.52992045E-03   0.60278315E-04   0.59135408E-03   0.59019876E-03   0.59135408E-03
   3.000   4.500   0.10628964E-01   0.53220624E-03   0.60730298E-04   0.59409427E-03   0.59293653E-03   0.59409427E-03
   3.017   4.517   0.10671647E-01   0.53446436E-03   0.61181890E-04   0.59680640E-03   0.59564624E-03   0.59680640E-03
   3.033   4.533   0.10714126E-01   0.53669432E-03   0.61633026E-04   0.59948993E-03   0.59832734E-03   0.59948993E-03
   3.050   4.550   0.10756397E-01   0.53889566E-03   0.62083644E-04   0.60214431E-03   0.60097930E-03   0.60214431E-03
   3.067   4.567   0.10798456E-01   0.54106790E-03   0.62533678E-04   0.60476902E-03   0.60360157E-03   0.60476902E-03
   3.083   4.583   0.10840299E-01   0.54321057E-03   0.62983063E-04   0.60736351E-03   0.60619362E-03   0.60736351E-03
   3.100   4.600   0.10881924E-01   0.54532320E-03   0.63431732E-04   0.60992725E-03   0.60875492E-03   0.60992725E-03
   3.117   4.617   0.10923326E-01   0.54740533E-03   0.63879620E-04   0.61245971E-03   0.61128494E-03   0.61245971E-03
   3.133   4.633   0.10964502E-01   0.54945648E-03   0.64326660E-04   0.61496036E-03   0.61378313E-03   0.61496036E-03
   3.150   4.650   0.11005448E-01   0.55147621E-03   0.64772784E-04   0.61742867E-03   0.61624898E-03   0.61742867E-03
   3.167   4.667   0.11046160E-01   0.55346405E-03   0.65217924E-04   0.61986411E-03   0.61868196E-03   0.61986411E-03
   3.183   4.683   0.11086636E-01   0.55541954E-03   0.65662013E-04   0.62226617E-03   0.62108154E-03   0.62226617E-03
   3.200   4.700   0.11126871E-01   0.55734224E-03   0.66104981E-04   0.62463431E-03   0.62344721E-03   0.62463431E-03
   3.217   4.717   0.11166863E-01   0.55923169E-03   0.66546759E-04   0.62696803E-03   0.62577843E-03   0.62696803E-03
   3.233   4.733   0.11206606E-01   0.56108744E-03   0.66987278E-04   0.62926680E-03   0.62807470E-03   0.62926680E-03
   3.250   4.750   0.11246098E-01   0.56290905E-03   0.67426466E-04   0.63153011E-03   0.63033551E-03   0.63153011E-03
   3.267   4.767   0.11285336E-01   0.56469609E-03   0.67864255E-04   0.63375746E-03   0.63256033E-03   0.63375746E-03
   3.283   4.783   0.11324315E-01   0.56644812E-03   0.68300572E-04   0.63594834E-03   0.63474868E-03   0.63594834E-03
   3.300   4.800   0.11363032E-01   0.56816470E-03   0.68735347E-04   0.63810224E-03   0.63690003E-03   0.63810224E-03
   3.317   4.817   0.11401484E-01   0.56984541E-03   0.69168508E-04   0.64021867E-03   0.63901390E-03   0.64021867E-03
   3.333   4.833   0.11439667E-01   0.57148983E-03   0.69599982E-04   0.64229713E-03   0.64108979E-03   0.64229713E-03
   3.350   4.850   0.11477577E-01   0.57309753E-03   0.70029698E-04   0.64433714E-03   0.64312721E-03   0.64433714E-03
   3.367   4.867   0.11515212E-01   0.57466810E-03   0.70457583E-04   0.64633819E-03   0.64512567E-03   0.64633819E-03
   3.383   4.883   0.11552566E-01   0.57620114E-03   0.70883563E-04   0.64829983E-03   0.64708469E-03   0.64829983E-03
   3.400   4.900   0.11589638E-01   0.57769625E-03   0.71307565E-04   0.65022156E-03   0.64900380E-03   0.65022156E-03
   3.417   4.917   0.11626423E-01   0.57915301E-03   0.71729516E-04   0.65210292E-03   0.65088251E-03   0.65210292E-03
   3.433   4.933   0.11662918E-01   0.58057104E-03   0.72149342E-04   0.65394344E-03   0.65272037E-03   0.65394344E-03
   3.450   4.950   0.11699119E-01   0.58194996E-03   0.72566968E-04   0.65574267E-03   0.65451692E-03   0.65574267E-03
   3.467   4.967   0.11735024E-01   0.58328939E-03   0.72982321E-04   0.65750014E-03   0.65627169E-03   0.65750014E-03
   3.483   4.983   0.11770628E-01   0.58458894E-03   0.73395326E-04   0.65921541E-03   0.65798425E-03   0.65921541E-03
   3.500   5.000   0.11805928E-01   0.58584826E-03   0.73805908E-04   0.66088804E-03   0.65965415E-03   0.66088804E-03
   3.517   5.017   0.11840920E-01   0.58706698E-03   0.74213992E-04   0.66251760E-03   0.66128095E-03   0.66251760E-03
   3.533   5.033   0.11875602E-01   0.58824475E-03   0.74619504E-04   0.66410364E-03   0.66286424E-03   0.66410364E-03
   3.550   5.050   0.11909970E-01   0.58938122E-03   0.75022368E-04   0.66564577E-03   0.66440357E-03   0.66564577E-03
   3.567   5.067   0.11944020E-01   0.59047606E-03   0.75422510E-04   0.66714356E-03   0.66589856E-03   0.66714356E-03
   3.583   5.083   0.11977749E-01   0.59152894E-03   0.75819853E-04   0.66859661E-03   0.66734878E-03   0.66859661E-03
   3.600   5.100   0.12011154E-01   0.59253954E-03   0.76214324E-04   0.67000452E-03   0.66875384E-03   0.67000452E-03
   3.617   5.117   0.12044231E-01   0.59350754E-03   0.76605847E-04   0.67136691E-03   0.67011337E-03   0.67136691E-03
   3.633   5.133   0.12076978E-01   0.59443264E-03   0.76994346E-04   0.67268339E-03   0.67142697E-03   0.67268339E-03
   3.650   5.150   0.12109390E-01   0.59531455E-03   0.77379748E-04   0.67395361E-03   0.67269428E-03   0.67395361E-03
   3.667   5.167   0.12141465E-01   0.59615298E-03   0.77761976E-04   0.67517720E-03   0.67391494E-03   0.67517720E-03
   3.683   5.183   0.12173199E-01   0.59694766E-03   0.78140957E-04   0.67635381E-03   0.67508860E-03   0.67635381E-03
   3.700   5.200   0.12204589E-01   0.59769833E-03   0.78516615E-04   0.67748310E-03   0.67621493E-03   0.67748310E-03
   3.717   5.217   0.12235632E-01   0.59840474E-03   0.78888877E-04   0.67856475E-03   0.67729360E-03   0.67856475E-03
   3.733   5.233   0.12266324E-01   0.59906664E-03   0.79257668E-04   0.67959845E-03   0.67832429E-03   0.67959845E-03
   3.750   5.250   0.12296664E-01   0.59968381E-03   0.79622915E-04   0.68058389E-03   0.67930670E-03   0.68058389E-03
   3.767   5.267   0.12326647E-01   0.60025602E-03   0.79984545E-04   0.68152078E-03   0.68024055E-03   0.68152078E-03
   3.783   5.283   0.12356270E-01   0.60078308E-03   0.80342484E-04   0.68240884E-03   0.68112555E-03   0.68240884E-03
   3.800   5.300   0.12385531E-01   0.60126480E-03   0.80696659E-04   0.68324781E-03   0.68196144E-03   0.68324781E-03
   3.817   5.317   0.12414427E-01   0.60170099E-03   0.81047000E-04   0.68403744E-03   0.68274797E-03   0.68403744E-03
   3.833   5.333   0.12442954E-01   0.60209149E-03   0.81393434E-04   0.68477749E-03   0.68348491E-03   0.68477749E-03
   3.850   5.350   0.12471109E-01   0.60243616E-03   0.81735891E-04   0.68546775E-03   0.68417203E-03   0.68546775E-03
   3.867   5.367   0.12498891E-01   0.60273486E-03   0.82074300E-04   0.68610800E-03   0.68480914E-03   0.68610800E-03
   3.883   5.383   0.12526296E-01   0.60298747E-03   0.82408592E-04   0.68669807E-03   0.68539604E-03   0.68669807E-03
   3.900   5.400   0.12553321E-01   0.60319389E-03   0.82738699E-04   0.68723777E-03   0.68593257E-03   0.68723777E-03
   3.917   5.417   0.12579964E-01   0.60335403E-03   0.83064551E-04   0.68772695E-03   0.68641856E-03   0.68772695E-03
   3.933   5.433   0.12606222E-01   0.60346783E-03   0.83386083E-04   0.68816548E-03   0.68685389E-03   0.68816548E-03
   3.950   5.450   0.12632093E-01   0.60353523E-03   0.83703228E-04   0.68855324E-03   0.68723844E-03   0.68855324E-03
   3.967   5.467   0.12657574E-01   0.60355620E-03   0.84015921E-04   0.68889012E-03   0.68757210E-03   0.68889012E-03
   3.983   5.483   0.12682662E-01   0.60353073E-03   0.84324099E-04   0.68917605E-03   0.68785481E-03   0.68917605E-03
   4.000   5.500   0.12707356E-01   0.60345881E-03   0.84627698E-04   0.68941097E-03   0.68808649E-03   0.68941097E-03
   4.017   5.517   0.12731653E-01   0.60334049E-03   0.84926656E-04   0.68959483E-03   0.68826712E-03   0.68959483E-03
   4.033   5.533   0.12755551E-01   0.60317579E-03   0.85220914E-04   0.68972763E-03   0.68839668E-03   0.68972763E-03
   4.050   5.550   0.12779048E-01   0.60296479E-03   0.85510413E-04   0.68980936E-03   0.68847518E-03   0.68980936E-03
   4.067   5.567   0.12802142E-01   0.60270757E-03   0.85795095E-04   0.68984006E-03   0.68850264E-03   0.68984006E-03
   4.083   5.583   0.12824831E-01   0.60240424E-03   0.86074904E-04   0.68981977E-03   0.68847913E-03   0.68981977E-03
   4.100   5.600   0.12847113E-01   0.60205494E-03   0.86349785E-04   0.68974858E-03   0.68840471E-03   0.68974858E-03
   4.117   5.617   0.12868986E-01   0.60165983E-03   0.86619688E-04   0.68962657E-03   0.68827950E-03   0.68962657E-03
   4.133   5.633   0.12890450E-01   0.60121907E-03   0.86884559E-04   0.68945389E-03   0.68810361E-03   0.68945389E-03
   4.150   5.650   0.12911501E-01   0.60073288E-03   0.87144351E-04   0.68923067E-03   0.68787721E-03   0.68923067E-03
   4.167   5.667   0.12932140E-01   0.60020148E-03   0.87399017E-04   0.68895710E-03   0.68760048E-03   0.68895710E-03
   4.183   5.683   0.12952364E-01   0.59962513E-03   0.87648510E-04   0.68863338E-03   0.68727363E-03   0.68863338E-03
   4.200   5.700   0.12972173E-01   0.59900412E-03   0.87892790E-04   0.68825976E-03   0.68689689E-03   0.68825976E-03
   4.217   5.717   0.12991566E-01   0.59833873E-03   0.88131814E-04   0.68783648E-03   0.68647053E-03   0.68783648E-03
   4.233   5.733   0.13010542E-01   0.59762932E-03   0.88365545E-04   0.68736385E-03   0.68599485E-03   0.68736385E-03
   4.250   5.750   0.13029099E-01   0.59687624E-03   0.88593946E-04   0.68684218E-03   0.68547017E-03   0.68684218E-03
   4.267   5.767   0.13047239E-01   0.59607989E-03   0.88816985E-04   0.68627184E-03   0.68489685E-03   0.68627184E-03
   4.283   5.783   0.13064959E-01   0.59524067E-03   0.89034629E-04   0.68565319E-03   0.68427529E-03   0.68565319E-03
   4.300   5.800   0.13082260E-01   0.59435905E-03   0.89246852E-04   0.68498666E-03   0.68360588E-03   0.68498666E-03
   4.317   5.817   0.13099141E-01   0.59343549E-03   0.89453628E-04   0.68427268E-03   0.68288910E-03   0.68427268E-03
   4.333   5.833   0.13115604E-01   0.59247050E-03   0.89654934E-04   0.68351175E-03   0.68212542E-03   0.68351175E-03
   4.350   5.850   0.13131647E-01   0.59146462E-03   0.89850750E-04   0.68270437E-03   0.68131535E-03   0.68270437E-03
   4.367   5.867   0.13147272E-01   0.59041841E-03   0.90041060E-04   0.68185109E-03   0.68045945E-03   0.68185109E-03
   4.383   5.883   0.13162479E-01   0.58933247E-03   0.90225850E-04   0.68095247E-03   0.67955830E-03   0.68095247E-03
   4.400   5.900   0.13177268E-01   0.58820743E-03   0.90405111E-04   0.68000914E-03   0.67861252E-03   0.68000914E-03
   4.417   5.917   0.13191641E-01   0.58704394E-03   0.90578834E-04   0.67902173E-03   0.67762275E-03   0.67902173E-03
   4.433   5.933   0.13205599E-01   0.58584269E-03   0.90747017E-04   0.67799093E-03   0.67658968E-03   0.67799093E-03
   4.450   5.950   0.13219143E-01   0.58460439E-03   0.90909658E-04   0.67691744E-03   0.67551403E-03   0.67691744E-03
   4.467   5.967   0.13232275E-01   0.58332981E-03   0.91066762E-04   0.67580201E-03   0.67439655E-03   0.67580201E-03
   4.483   5.983   0.13244996E-01   0.58201970E-03   0.91218335E-04   0.67464542E-03   0.67323802E-03   0.67464542E-03
   4.500   6.000   0.13257308E-01   0.58067489E-03   0.91364388E-04   0.67344847E-03   0.67203926E-03   0.67344847E-03
   4.517   6.017   0.13269214E-01   0.57929621E-03   0.91504933E-04   0.67221202E-03   0.67080112E-03   0.67221202E-03
   4.533   6.033   0.13280716E-01   0.57788452E-03   0.91639990E-04   0.67093694E-03   0.66952449E-03   0.67093694E-03
   4.550   6.050   0.13291816E-01   0.57644072E-03   0.91769579E-04   0.66962414E-03   0.66821028E-03   0.66962414E-03
   4.567   6.067   0.13302517E-01   0.57496573E-03   0.91893725E-04   0.66827456E-03   0.66685944E-03   0.66827456E-03
   4.583   6.083   0.13312823E-01   0.57346051E-03   0.92012458E-04   0.66688916E-03   0.66547295E-03   0.66688916E-03
   4.600   6.100   0.13322735E-01   0.57192602E-03   0.92125810E-04   0.66546896E-03   0.66405181E-03   0.66546896E-03
   4.617   6.117   0.13332259E-01   0.57036326E-03   0.92233818E-04   0.66401498E-03   0.66259706E-03   0.66401498E-03
   4.633   6.133   0.13341397E-01   0.56877327E-03   0.92336522E-04   0.66252828E-03   0.66110977E-03   0.66252828E-03
   4.650   6.150   0.13350153E-01   0.56715708E-03   0.92433966E-04   0.66100994E-03   0.65959103E-03   0.66100994E-03
   4.667   6.167   0.13358531E-01   0.56551578E-03   0.92526198E-04   0.65946107E-03   0.65804196E-03   0.65946107E-03
   4.683   6.183   0.13366536E-01   0.56385044E-03   0.92613269E-04   0.65788282E-03   0.65646369E-03   0.65788282E-03
   4.700   6.200   0.13374172E-01   0.56216219E-03   0.92695235E-04   0.65627633E-03   0.65485740E-03   0.65627633E-03
   4.717   6.217   0.13381443E-01   0.56045214E-03   0.92772155E-04   0.65464279E-03   0.65322428E-03   0.65464279E-03
   4.733   6.233   0.13388355E-01   0.55872144E-03   0.92844090E-04   0.65298340E-03   0.65156551E-03   0.65298340E-03
   4.750   6.250   0.13394913E-01   0.55697125E-03   0.92911106E-04   0.65129937E-03   0.64988234E-03   0.65129937E-03
   4.767   6.267   0.13401121E-01   0.55520274E-03   0.92973273E-04   0.64959195E-03   0.64817600E-03   0.64959195E-03
   4.783   6.283   0.13406985E-01   0.55341710E-03   0.93030662E-04   0.64786236E-03   0.64644774E-03   0.64786236E-03
   4.800   6.300   0.13412510E-01   0.55161550E-03   0.93083350E-04   0.64611189E-03   0.64469884E-03   0.64611189E-03
   4.817   6.317   0.13417703E-01   0.54979916E-03   0.93131415E-04   0.64434180E-03   0.64293056E-03   0.64434180E-03
   4.833   6.333   0.13422570E-01   0.54796927E-03   0.93174937E-04   0.64255336E-03   0.64114420E-03   0.64255336E-03
   4.850   6.350   0.13427115E-01   0.54612704E-03   0.93214002E-04   0.64074787E-03   0.63934103E-03   0.64074787E-03
   4.867   6.367   0.13431346E-01   0.54427368E-03   0.93248696E-04   0.63892661E-03   0.63752236E-03   0.63892661E-03
   4.883   6.383   0.13435268E-01   0.54241039E-03   0.93279107E-04   0.63709087E-03   0.63568948E-03   0.63709087E-03
   4.900   6.400   0.13438888E-01   0.54053838E-03   0.93305327E-04   0.63524195E-03   0.63384369E-03   0.63524195E-03
   4.917   6.417   0.13442213E-01   0.53865883E-03   0.93327450E-04   0.63338113E-03   0.63198627E-03   0.63338113E-03
   4.933   6.433   0.13445248E-01   0.53677295E-03   0.93345570E-04   0.63150969E-03   0.63011851E-03   0.63150969E-03
   4.950   6.450   0.13448001E-01   0.53488191E-03   0.93359785E-04   0.62962891E-03   0.62824168E-03   0.62962891E-03
   4.967   6.467   0.13450478E-01   0.53298688E-03   0.93370192E-04   0.62774005E-03   0.62635706E-03   0.62774005E-03
   4.983   6.483   0.13452687E-01   0.53108901E-03   0.93376891E-04   0.62584437E-03   0.62446588E-03   0.62584437E-03
   5.000   6.500   0.13454632E-01   0.52918943E-03   0.93379983E-04   0.62394310E-03   0.62256940E-03   0.62394310E-03
   5.017   6.517   0.13456323E-01   0.52728928E-03   0.93379569E-04   0.62203745E-03   0.62066883E-03   0.62203745E-03
   5.033   6.533   0.13457765E-01   0.52538964E-03   0.93375751E-04   0.62012865E-03   0.61876538E-03   0.62012865E-03
   5.050   6.550   0.13458965E-01   0.52349160E-03   0.93368632E-04   0.61821786E-03   0.61686022E-03   0.61821786E-03
   5.067   6.567   0.13459930E-01   0.52159621E-03   0.93358314E-04   0.61630624E-03   0.61495451E-03   0.61630624E-03
   5.083   6.583   0.13460666E-01   0.51970450E-03   0.93344899E-04   0.61439493E-03   0.61304939E-03   0.61439493E-03
   5.100   6.600   0.13461181E-01   0.51781747E-03   0.93328491E-04   0.61248504E-03   0.61114595E-03   0.61248504E-03
   5.117   6.617   0.13461481E-01   0.51593609E-03   0.93309192E-04   0.61057763E-03   0.60924527E-03   0.61057763E-03
   5.133   6.633   0.13461573E-01   0.51406131E-03   0.93287102E-04   0.60867377E-03   0.60734840E-03   0.60867377E-03
   5.150   6.650   0.13461463E-01   0.51219405E-03   0.93262322E-04   0.60677447E-03   0.60545636E-03   0.60677447E-03
   5.167   6.667   0.13461157E-01   0.51033518E-03   0.93234951E-04   0.60488072E-03   0.60357012E-03   0.60488072E-03
   5.183   6.683   0.13460663E-01   0.50848555E-03   0.93205089E-04   0.60299346E-03   0.60169063E-03   0.60299346E-03
   5.200   6.700   0.13459986E-01   0.50664597E-03   0.93172832E-04   0.60111361E-03   0.59981879E-03   0.60111361E-03
   5.217   6.717   0.13459132E-01   0.50481723E-03   0.93138275E-04   0.59924206E-03   0.59795550E-03   0.59924206E-03
   5.233   6.733   0.13458107E-01   0.50300007E-03   0.93101512E-04   0.59737964E-03   0.59610157E-03   0.59737964E-03
   5.250   6.750   0.13456918E-01   0.50119520E-03   0.93062635E-04   0.59552716E-03   0.59425782E-03   0.59552716E-03
   5.267   6.767   0.13455569E-01   0.49940328E-03   0.93021734E-04   0.59368539E-03   0.59242500E-03   0.59368539E-03
   5.283   6.783   0.13454067E-01   0.49762495E-03   0.92978897E-04   0.59185507E-03   0.59060384E-03   0.59185507E-03
   5.300   6.800   0.13452417E-01   0.49586082E-03   0.92934210E-04   0.59003687E-03   0.58879502E-03   0.59003687E-03
   5.317   6.817   0.13450624E-01   0.49411144E-03   0.92887755E-04   0.58823145E-03   0.58699918E-03   0.58823145E-03
   5.333   6.833   0.13448693E-01   0.49237733E-03   0.92839614E-04   0.58643944E-03   0.58521694E-03   0.58643944E-03
   5.350   6.850   0.13446629E-01   0.49065899E-03   0.92789864E-04   0.58466139E-03   0.58344885E-03   0.58466139E-03
   5.367   6.867   0.13444437E-01   0.48895687E-03   0.92738583E-04   0.58289785E-03   0.58169545E-03   0.58289785E-03
   5.383   6.883   0.13442121E-01   0.48727139E-03   0.92685842E-04   0.58114931E-03   0.57995722E-03   0.58114931E-03
   5.400   6.900   0.13439686E-01   0.48560291E-03   0.92631713E-04   0.57941624E-03   0.57823462E-03   0.57941624E-03
   5.417   6.917   0.13437136E-01   0.48395181E-03   0.92576263E-04   0.57769905E-03   0.57652806E-03   0.57769905E-03
   5.433   6.933   0.13434475E-01   0.48231837E-03   0.92519557E-04   0.57599813E-03   0.57483792E-03   0.57599813E-03
   5.450   6.950   0.13431707E-01   0.48070288E-03   0.92461656E-04   0.57431383E-03   0.57316453E-03   0.57431383E-03
   5.467   6.967   0.13428835E-01   0.47910560E-03   0.92402621E-04   0.57264646E-03   0.57150821E-03   0.57264646E-03
   5.483   6.983   0.13425863E-01   0.47752672E-03   0.92342508E-04   0.57099631E-03   0.56986922E-03   0.57099631E-03
   5.500   7.000   0.13422793E-01   0.47596644E-03   0.92281370E-04   0.56936360E-03   0.56824780E-03   0.56936360E-03
   5.517   7.017   0.13419631E-01   0.47442491E-03   0.92219258E-04   0.56774857E-03   0.56664416E-03   0.56774857E-03
   5.533   7.033   0.13416377E-01   0.47290225E-03   0.92156221E-04   0.56615138E-03   0.56505846E-03   0.56615138E-03
   5.550   7.050   0.13413034E-01   0.47139855E-03   0.92092302E-04   0.56457218E-03   0.56349085E-03   0.56457218E-03
   5.567   7.067   0.13409607E-01   0.46991389E-03   0.92027545E-04   0.56301110E-03   0.56194143E-03   0.56301110E-03
   5.583   7.083   0.13406095E-01   0.46844831E-03   0.91961990E-04   0.56146821E-03   0.56041029E-03   0.56146821E-03
   5.600   7.100   0.13402503E-01   0.46700182E-03   0.91895673E-04   0.55994359E-03   0.55889748E-03   0.55994359E-03
   5.617   7.117   0.13398832E-01   0.46557441E-03   0.91828628E-04   0.55843727E-03   0.55740303E-03   0.55843727E-03
   5.633   7.133   0.13395083E-01   0.46416607E-03   0.91760888E-04   0.55694925E-03   0.55592695E-03   0.55694925E-03
   5.650   7.150   0.13391258E-01   0.46277672E-03   0.91692481E-04   0.55547952E-03   0.55446920E-03   0.55547952E-03
   5.667   7.167   0.13387360E-01   0.46140631E-03   0.91623435E-04   0.55402804E-03   0.55302974E-03   0.55402804E-03
   5.683   7.183   0.13383389E-01   0.46005474E-03   0.91553773E-04   0.55259474E-03   0.55160851E-03   0.55259474E-03
   5.700   7.200   0.13379346E-01   0.45872190E-03   0.91483517E-04   0.55117955E-03   0.55020541E-03   0.55117955E-03
   5.717   7.217   0.13375233E-01   0.45740765E-03   0.91412687E-04   0.54978236E-03   0.54882033E-03   0.54978236E-03
   5.733   7.233   0.13371051E-01   0.45611185E-03   0.91341300E-04   0.54840303E-03   0.54745314E-03   0.54840303E-03
   5.750   7.250   0.13366799E-01   0.45483434E-03   0.91269370E-04   0.54704144E-03   0.54610370E-03   0.54704144E-03
   5.767   7.267   0.13362480E-01   0.45357494E-03   0.91196912E-04   0.54569743E-03   0.54477184E-03   0.54569743E-03
   5.783   7.283   0.13358093E-01   0.45233345E-03   0.91123935E-04   0.54437080E-03   0.54345738E-03   0.54437080E-03
   5.800   7.300   0.13353639E-01   0.45110968E-03   0.91050448E-04   0.54306138E-03   0.54216012E-03   0.54306138E-03
   5.817   7.317   0.13349119E-01   0.44990340E-03   0.90976459E-04   0.54176896E-03   0.54087985E-03   0.54176896E-03
   5.833   7.333   0.13344531E-01   0.44871439E-03   0.90901971E-04   0.54049331E-03   0.53961635E-03   0.54049331E-03
   5.850   7.350   0.13339877E-01   0.44754240E-03   0.90826989E-04   0.53923420E-03   0.53836938E-03   0.53923420E-03
   5.867   7.367   0.13335157E-01   0.44638719E-03   0.90751514E-04   0.53799140E-03   0.53713870E-03   0.53799140E-03
   5.883   7.383   0.13330369E-01   0.44524849E-03   0.90675544E-04   0.53676463E-03   0.53592403E-03   0.53676463E-03
   5.900   7.400   0.13325514E-01   0.44412604E-03   0.90599079E-04   0.53555364E-03   0.53472511E-03   0.53555364E-03
   5.917   7.417   0.13320592E-01   0.44301956E-03   0.90522115E-04   0.53435815E-03   0.53354167E-03   0.53435815E-03
   5.933   7.433   0.13315602E-01   0.44192877E-03   0.90444646E-04   0.53317787E-03   0.53237341E-03   0.53317787E-03
   5.950   7.450   0.13310543E-01   0.44085338E-03   0.90366666E-04   0.53201252E-03   0.53122004E-03   0.53201252E-03
   5.967   7.467   0.13305415E-01   0.43979309E-03   0.90288167E-04   0.53086178E-03   0.53008125E-03   0.53086178E-03
   5.983   7.483   0.13300218E-01   0.43874759E-03   0.90209140E-04   0.52972534E-03   0.52895673E-03   0.52972534E-03
   6.000   7.500   0.13294949E-01   0.43771660E-03   0.90129575E-04   0.52860291E-03   0.52784617E-03   0.52860291E-03
