        RT(hours)             [N2]         L_R_03           tot_loss         tot_prod
  -1.483   0.017   0.80000000E+09   0.42493540E-05   0.42493540E-05   0.00000000E+00
  -1.467   0.033   0.80000000E+09   0.49191580E-05   0.49191580E-05   0.00000000E+00
  -1.450   0.050   0.80000000E+09   0.56444687E-05   0.56444687E-05   0.00000000E+00
  -1.433   0.067   0.80000000E+09   0.64244102E-05   0.64244102E-05   0.00000000E+00
  -1.417   0.083   0.80000000E+09   0.72578479E-05   0.72578479E-05   0.00000000E+00
  -1.400   0.100   0.80000000E+09   0.81434266E-05   0.81434266E-05   0.00000000E+00
  -1.383   0.117   0.80000000E+09   0.90796039E-05   0.90796039E-05   0.00000000E+00
  -1.367   0.133   0.80000000E+09   0.10064682E-04   0.10064682E-04   0.00000000E+00
  -1.350   0.150   0.80000000E+09   0.11096836E-04   0.11096836E-04   0.00000000E+00
  -1.333   0.167   0.80000000E+09   0.12174141E-04   0.12174141E-04   0.00000000E+00
  -1.317   0.183   0.80000000E+09   0.13294593E-04   0.13294593E-04   0.00000000E+00
  -1.300   0.200   0.80000000E+09   0.14456134E-04   0.14456134E-04   0.00000000E+00
  -1.283   0.217   0.80000000E+09   0.15656668E-04   0.15656668E-04   0.00000000E+00
  -1.267   0.233   0.80000000E+09   0.16894077E-04   0.16894077E-04   0.00000000E+00
  -1.250   0.250   0.80000000E+09   0.18166240E-04   0.18166240E-04   0.00000000E+00
  -1.233   0.267   0.80000000E+09   0.19471042E-04   0.19471042E-04   0.00000000E+00
  -1.217   0.283   0.80000000E+09   0.20806388E-04   0.20806388E-04   0.00000000E+00
  -1.200   0.300   0.80000000E+09   0.22170210E-04   0.22170210E-04   0.00000000E+00
  -1.183   0.317   0.80000000E+09   0.23560477E-04   0.23560477E-04   0.00000000E+00
  -1.167   0.333   0.80000000E+09   0.24975200E-04   0.24975200E-04   0.00000000E+00
  -1.150   0.350   0.80000000E+09   0.26412439E-04   0.26412439E-04   0.00000000E+00
  -1.133   0.367   0.80000000E+09   0.27870304E-04   0.27870304E-04   0.00000000E+00
  -1.117   0.383   0.80000000E+09   0.29346963E-04   0.29346963E-04   0.00000000E+00
  -1.100   0.400   0.80000000E+09   0.30840640E-04   0.30840640E-04   0.00000000E+00
  -1.083   0.417   0.80000000E+09   0.32349619E-04   0.32349619E-04   0.00000000E+00
  -1.067   0.433   0.80000000E+09   0.33872245E-04   0.33872245E-04   0.00000000E+00
  -1.050   0.450   0.80000000E+09   0.35406922E-04   0.35406922E-04   0.00000000E+00
  -1.033   0.467   0.80000000E+09   0.36952117E-04   0.36952117E-04   0.00000000E+00
  -1.017   0.483   0.80000000E+09   0.38506357E-04   0.38506357E-04   0.00000000E+00
  -1.000   0.500   0.80000000E+09   0.40068230E-04   0.40068230E-04   0.00000000E+00
  -0.983   0.517   0.80000000E+09   0.41636381E-04   0.41636381E-04   0.00000000E+00
  -0.967   0.533   0.80000000E+09   0.43209516E-04   0.43209516E-04   0.00000000E+00
  -0.950   0.550   0.80000000E+09   0.44786396E-04   0.44786396E-04   0.00000000E+00
  -0.933   0.567   0.80000000E+09   0.46365839E-04   0.46365839E-04   0.00000000E+00
  -0.917   0.583   0.80000000E+09   0.47946716E-04   0.47946716E-04   0.00000000E+00
  -0.900   0.600   0.80000000E+09   0.49527953E-04   0.49527953E-04   0.00000000E+00
  -0.883   0.617   0.80000000E+09   0.51108524E-04   0.51108524E-04   0.00000000E+00
  -0.867   0.633   0.80000000E+09   0.52687455E-04   0.52687455E-04   0.00000000E+00
  -0.850   0.650   0.80000000E+09   0.54263819E-04   0.54263819E-04   0.00000000E+00
  -0.833   0.667   0.80000000E+09   0.55836734E-04   0.55836734E-04   0.00000000E+00
  -0.817   0.683   0.80000000E+09   0.57405365E-04   0.57405365E-04   0.00000000E+00
  -0.800   0.700   0.80000000E+09   0.58968918E-04   0.58968918E-04   0.00000000E+00
  -0.783   0.717   0.80000000E+09   0.60526640E-04   0.60526640E-04   0.00000000E+00
  -0.767   0.733   0.80000000E+09   0.62077820E-04   0.62077820E-04   0.00000000E+00
  -0.750   0.750   0.80000000E+09   0.63621781E-04   0.63621781E-04   0.00000000E+00
  -0.733   0.767   0.80000000E+09   0.65157886E-04   0.65157886E-04   0.00000000E+00
  -0.717   0.783   0.80000000E+09   0.66685530E-04   0.66685530E-04   0.00000000E+00
  -0.700   0.800   0.80000000E+09   0.68204145E-04   0.68204145E-04   0.00000000E+00
  -0.683   0.817   0.80000000E+09   0.69713192E-04   0.69713192E-04   0.00000000E+00
  -0.667   0.833   0.80000000E+09   0.71212162E-04   0.71212162E-04   0.00000000E+00
  -0.650   0.850   0.80000000E+09   0.72700579E-04   0.72700579E-04   0.00000000E+00
  -0.633   0.867   0.80000000E+09   0.74177990E-04   0.74177990E-04   0.00000000E+00
  -0.617   0.883   0.80000000E+09   0.75643973E-04   0.75643973E-04   0.00000000E+00
  -0.600   0.900   0.80000000E+09   0.77098128E-04   0.77098128E-04   0.00000000E+00
  -0.583   0.917   0.80000000E+09   0.78540081E-04   0.78540081E-04   0.00000000E+00
  -0.567   0.933   0.80000000E+09   0.79969481E-04   0.79969481E-04   0.00000000E+00
  -0.550   0.950   0.80000000E+09   0.81385998E-04   0.81385998E-04   0.00000000E+00
  -0.533   0.967   0.80000000E+09   0.82789324E-04   0.82789324E-04   0.00000000E+00
  -0.517   0.983   0.80000000E+09   0.84179171E-04   0.84179171E-04   0.00000000E+00
  -0.500   1.000   0.80000000E+09   0.85555269E-04   0.85555269E-04   0.00000000E+00
  -0.483   1.017   0.80000000E+09   0.86917367E-04   0.86917367E-04   0.00000000E+00
  -0.467   1.033   0.80000000E+09   0.88265231E-04   0.88265231E-04   0.00000000E+00
  -0.450   1.050   0.80000000E+09   0.89598643E-04   0.89598643E-04   0.00000000E+00
  -0.433   1.067   0.80000000E+09   0.90917402E-04   0.90917402E-04   0.00000000E+00
  -0.417   1.083   0.80000000E+09   0.92221319E-04   0.92221319E-04   0.00000000E+00
  -0.400   1.100   0.80000000E+09   0.93510223E-04   0.93510223E-04   0.00000000E+00
  -0.383   1.117   0.80000000E+09   0.94783953E-04   0.94783953E-04   0.00000000E+00
  -0.367   1.133   0.80000000E+09   0.96042364E-04   0.96042364E-04   0.00000000E+00
  -0.350   1.150   0.80000000E+09   0.97285319E-04   0.97285319E-04   0.00000000E+00
  -0.333   1.167   0.80000000E+09   0.98512697E-04   0.98512697E-04   0.00000000E+00
  -0.317   1.183   0.80000000E+09   0.99724385E-04   0.99724385E-04   0.00000000E+00
  -0.300   1.200   0.80000000E+09   0.10092028E-03   0.10092028E-03   0.00000000E+00
  -0.283   1.217   0.80000000E+09   0.10210030E-03   0.10210030E-03   0.00000000E+00
  -0.267   1.233   0.80000000E+09   0.10326435E-03   0.10326435E-03   0.00000000E+00
  -0.250   1.250   0.80000000E+09   0.10441240E-03   0.10441240E-03   0.00000000E+00
  -0.233   1.267   0.80000000E+09   0.10554449E-03   0.10554449E-03   0.00000000E+00
  -0.217   1.283   0.80000000E+09   0.10666057E-03   0.10666057E-03   0.00000000E+00
  -0.200   1.300   0.80000000E+09   0.10776061E-03   0.10776061E-03   0.00000000E+00
  -0.183   1.317   0.80000000E+09   0.10884457E-03   0.10884457E-03   0.00000000E+00
  -0.167   1.333   0.80000000E+09   0.10991245E-03   0.10991245E-03   0.00000000E+00
  -0.150   1.350   0.80000000E+09   0.11096421E-03   0.11096421E-03   0.00000000E+00
  -0.133   1.367   0.80000000E+09   0.11199986E-03   0.11199986E-03   0.00000000E+00
  -0.117   1.383   0.80000000E+09   0.11301940E-03   0.11301940E-03   0.00000000E+00
  -0.100   1.400   0.80000000E+09   0.11402282E-03   0.11402282E-03   0.00000000E+00
  -0.083   1.417   0.80000000E+09   0.11501015E-03   0.11501015E-03   0.00000000E+00
  -0.067   1.433   0.80000000E+09   0.11598139E-03   0.11598139E-03   0.00000000E+00
  -0.050   1.450   0.80000000E+09   0.11693657E-03   0.11693657E-03   0.00000000E+00
  -0.033   1.467   0.80000000E+09   0.11787571E-03   0.11787571E-03   0.00000000E+00
  -0.017   1.483   0.80000000E+09   0.11879884E-03   0.11879884E-03   0.00000000E+00
   0.000   1.500   0.80000000E+09   0.11970601E-03   0.11970601E-03   0.00000000E+00
   0.017   1.517   0.80000000E+09   0.12059724E-03   0.12059724E-03   0.00000000E+00
   0.033   1.533   0.80000000E+09   0.12147258E-03   0.12147258E-03   0.00000000E+00
   0.050   1.550   0.80000000E+09   0.12233209E-03   0.12233209E-03   0.00000000E+00
   0.067   1.567   0.80000000E+09   0.12317581E-03   0.12317581E-03   0.00000000E+00
   0.083   1.583   0.80000000E+09   0.12400379E-03   0.12400379E-03   0.00000000E+00
   0.100   1.600   0.80000000E+09   0.12481610E-03   0.12481610E-03   0.00000000E+00
   0.117   1.617   0.80000000E+09   0.12561280E-03   0.12561280E-03   0.00000000E+00
   0.133   1.633   0.80000000E+09   0.12639395E-03   0.12639395E-03   0.00000000E+00
   0.150   1.650   0.80000000E+09   0.12715962E-03   0.12715962E-03   0.00000000E+00
   0.167   1.667   0.80000000E+09   0.12790988E-03   0.12790988E-03   0.00000000E+00
   0.183   1.683   0.80000000E+09   0.12864481E-03   0.12864481E-03   0.00000000E+00
   0.200   1.700   0.80000000E+09   0.12936449E-03   0.12936449E-03   0.00000000E+00
   0.217   1.717   0.80000000E+09   0.13006899E-03   0.13006899E-03   0.00000000E+00
   0.233   1.733   0.80000000E+09   0.13075839E-03   0.13075839E-03   0.00000000E+00
   0.250   1.750   0.80000000E+09   0.13143278E-03   0.13143278E-03   0.00000000E+00
   0.267   1.767   0.80000000E+09   0.13209225E-03   0.13209225E-03   0.00000000E+00
   0.283   1.783   0.80000000E+09   0.13273688E-03   0.13273688E-03   0.00000000E+00
   0.300   1.800   0.80000000E+09   0.13336676E-03   0.13336676E-03   0.00000000E+00
   0.317   1.817   0.80000000E+09   0.13398200E-03   0.13398200E-03   0.00000000E+00
   0.333   1.833   0.80000000E+09   0.13458267E-03   0.13458267E-03   0.00000000E+00
   0.350   1.850   0.80000000E+09   0.13516889E-03   0.13516889E-03   0.00000000E+00
   0.367   1.867   0.80000000E+09   0.13574074E-03   0.13574074E-03   0.00000000E+00
   0.383   1.883   0.80000000E+09   0.13629833E-03   0.13629833E-03   0.00000000E+00
   0.400   1.900   0.80000000E+09   0.13684176E-03   0.13684176E-03   0.00000000E+00
   0.417   1.917   0.80000000E+09   0.13737114E-03   0.13737114E-03   0.00000000E+00
   0.433   1.933   0.80000000E+09   0.13788656E-03   0.13788656E-03   0.00000000E+00
   0.450   1.950   0.80000000E+09   0.13838814E-03   0.13838814E-03   0.00000000E+00
   0.467   1.967   0.80000000E+09   0.13887598E-03   0.13887598E-03   0.00000000E+00
   0.483   1.983   0.80000000E+09   0.13935020E-03   0.13935020E-03   0.00000000E+00
   0.500   2.000   0.80000000E+09   0.13981090E-03   0.13981090E-03   0.00000000E+00
   0.517   2.017   0.80000000E+09   0.14025819E-03   0.14025819E-03   0.00000000E+00
   0.533   2.033   0.80000000E+09   0.14069220E-03   0.14069220E-03   0.00000000E+00
   0.550   2.050   0.80000000E+09   0.14111302E-03   0.14111302E-03   0.00000000E+00
   0.567   2.067   0.80000000E+09   0.14152079E-03   0.14152079E-03   0.00000000E+00
   0.583   2.083   0.80000000E+09   0.14191561E-03   0.14191561E-03   0.00000000E+00
   0.600   2.100   0.80000000E+09   0.14229761E-03   0.14229761E-03   0.00000000E+00
   0.617   2.117   0.80000000E+09   0.14266690E-03   0.14266690E-03   0.00000000E+00
   0.633   2.133   0.80000000E+09   0.14302361E-03   0.14302361E-03   0.00000000E+00
   0.650   2.150   0.80000000E+09   0.14336785E-03   0.14336785E-03   0.00000000E+00
   0.667   2.167   0.80000000E+09   0.14369975E-03   0.14369975E-03   0.00000000E+00
   0.683   2.183   0.80000000E+09   0.14401942E-03   0.14401942E-03   0.00000000E+00
   0.700   2.200   0.80000000E+09   0.14432700E-03   0.14432700E-03   0.00000000E+00
   0.717   2.217   0.80000000E+09   0.14462261E-03   0.14462261E-03   0.00000000E+00
   0.733   2.233   0.80000000E+09   0.14490638E-03   0.14490638E-03   0.00000000E+00
   0.750   2.250   0.80000000E+09   0.14517842E-03   0.14517842E-03   0.00000000E+00
   0.767   2.267   0.80000000E+09   0.14543887E-03   0.14543887E-03   0.00000000E+00
   0.783   2.283   0.80000000E+09   0.14568786E-03   0.14568786E-03   0.00000000E+00
   0.800   2.300   0.80000000E+09   0.14592552E-03   0.14592552E-03   0.00000000E+00
   0.817   2.317   0.80000000E+09   0.14615196E-03   0.14615196E-03   0.00000000E+00
   0.833   2.333   0.80000000E+09   0.14636733E-03   0.14636733E-03   0.00000000E+00
   0.850   2.350   0.80000000E+09   0.14657176E-03   0.14657176E-03   0.00000000E+00
   0.867   2.367   0.80000000E+09   0.14676538E-03   0.14676538E-03   0.00000000E+00
   0.883   2.383   0.80000000E+09   0.14694831E-03   0.14694831E-03   0.00000000E+00
   0.900   2.400   0.80000000E+09   0.14712069E-03   0.14712069E-03   0.00000000E+00
   0.917   2.417   0.80000000E+09   0.14728267E-03   0.14728267E-03   0.00000000E+00
   0.933   2.433   0.80000000E+09   0.14743436E-03   0.14743436E-03   0.00000000E+00
   0.950   2.450   0.80000000E+09   0.14757590E-03   0.14757590E-03   0.00000000E+00
   0.967   2.467   0.80000000E+09   0.14770744E-03   0.14770744E-03   0.00000000E+00
   0.983   2.483   0.80000000E+09   0.14782910E-03   0.14782910E-03   0.00000000E+00
   1.000   2.500   0.80000000E+09   0.14794103E-03   0.14794103E-03   0.00000000E+00
   1.017   2.517   0.80000000E+09   0.14804394E-03   0.14804394E-03   0.00000000E+00
   1.033   2.533   0.80000000E+09   0.14813749E-03   0.14813749E-03   0.00000000E+00
   1.050   2.550   0.80000000E+09   0.14822175E-03   0.14822175E-03   0.00000000E+00
   1.067   2.567   0.80000000E+09   0.14829686E-03   0.14829686E-03   0.00000000E+00
   1.083   2.583   0.80000000E+09   0.14836293E-03   0.14836293E-03   0.00000000E+00
   1.100   2.600   0.80000000E+09   0.14842009E-03   0.14842009E-03   0.00000000E+00
   1.117   2.617   0.80000000E+09   0.14846846E-03   0.14846846E-03   0.00000000E+00
   1.133   2.633   0.80000000E+09   0.14850819E-03   0.14850819E-03   0.00000000E+00
   1.150   2.650   0.80000000E+09   0.14853941E-03   0.14853941E-03   0.00000000E+00
   1.167   2.667   0.80000000E+09   0.14856224E-03   0.14856224E-03   0.00000000E+00
   1.183   2.683   0.80000000E+09   0.14857681E-03   0.14857681E-03   0.00000000E+00
   1.200   2.700   0.80000000E+09   0.14858327E-03   0.14858327E-03   0.00000000E+00
   1.217   2.717   0.80000000E+09   0.14858174E-03   0.14858174E-03   0.00000000E+00
   1.233   2.733   0.80000000E+09   0.14857235E-03   0.14857235E-03   0.00000000E+00
   1.250   2.750   0.80000000E+09   0.14855525E-03   0.14855525E-03   0.00000000E+00
   1.267   2.767   0.80000000E+09   0.14853056E-03   0.14853056E-03   0.00000000E+00
   1.283   2.783   0.80000000E+09   0.14849841E-03   0.14849841E-03   0.00000000E+00
   1.300   2.800   0.80000000E+09   0.14845894E-03   0.14845894E-03   0.00000000E+00
   1.317   2.817   0.80000000E+09   0.14841229E-03   0.14841229E-03   0.00000000E+00
   1.333   2.833   0.80000000E+09   0.14835857E-03   0.14835857E-03   0.00000000E+00
   1.350   2.850   0.80000000E+09   0.14829793E-03   0.14829793E-03   0.00000000E+00
   1.367   2.867   0.80000000E+09   0.14823050E-03   0.14823050E-03   0.00000000E+00
   1.383   2.883   0.80000000E+09   0.14815641E-03   0.14815641E-03   0.00000000E+00
   1.400   2.900   0.80000000E+09   0.14807580E-03   0.14807580E-03   0.00000000E+00
   1.417   2.917   0.80000000E+09   0.14798878E-03   0.14798878E-03   0.00000000E+00
   1.433   2.933   0.80000000E+09   0.14789551E-03   0.14789551E-03   0.00000000E+00
   1.450   2.950   0.80000000E+09   0.14779610E-03   0.14779610E-03   0.00000000E+00
   1.467   2.967   0.80000000E+09   0.14769070E-03   0.14769070E-03   0.00000000E+00
   1.483   2.983   0.80000000E+09   0.14757942E-03   0.14757942E-03   0.00000000E+00
   1.500   3.000   0.80000000E+09   0.14746241E-03   0.14746241E-03   0.00000000E+00
   1.517   3.017   0.80000000E+09   0.14733979E-03   0.14733979E-03   0.00000000E+00
   1.533   3.033   0.80000000E+09   0.14721170E-03   0.14721170E-03   0.00000000E+00
   1.550   3.050   0.80000000E+09   0.14707825E-03   0.14707825E-03   0.00000000E+00
   1.567   3.067   0.80000000E+09   0.14693960E-03   0.14693960E-03   0.00000000E+00
   1.583   3.083   0.80000000E+09   0.14679586E-03   0.14679586E-03   0.00000000E+00
   1.600   3.100   0.80000000E+09   0.14664716E-03   0.14664716E-03   0.00000000E+00
   1.617   3.117   0.80000000E+09   0.14649363E-03   0.14649363E-03   0.00000000E+00
   1.633   3.133   0.80000000E+09   0.14633541E-03   0.14633541E-03   0.00000000E+00
   1.650   3.150   0.80000000E+09   0.14617262E-03   0.14617262E-03   0.00000000E+00
   1.667   3.167   0.80000000E+09   0.14600538E-03   0.14600538E-03   0.00000000E+00
   1.683   3.183   0.80000000E+09   0.14583384E-03   0.14583384E-03   0.00000000E+00
   1.700   3.200   0.80000000E+09   0.14565811E-03   0.14565811E-03   0.00000000E+00
   1.717   3.217   0.80000000E+09   0.14547831E-03   0.14547831E-03   0.00000000E+00
   1.733   3.233   0.80000000E+09   0.14529459E-03   0.14529459E-03   0.00000000E+00
   1.750   3.250   0.80000000E+09   0.14510707E-03   0.14510707E-03   0.00000000E+00
   1.767   3.267   0.80000000E+09   0.14491586E-03   0.14491586E-03   0.00000000E+00
   1.783   3.283   0.80000000E+09   0.14472110E-03   0.14472110E-03   0.00000000E+00
   1.800   3.300   0.80000000E+09   0.14452292E-03   0.14452292E-03   0.00000000E+00
   1.817   3.317   0.80000000E+09   0.14432143E-03   0.14432143E-03   0.00000000E+00
   1.833   3.333   0.80000000E+09   0.14411676E-03   0.14411676E-03   0.00000000E+00
   1.850   3.350   0.80000000E+09   0.14390904E-03   0.14390904E-03   0.00000000E+00
   1.867   3.367   0.80000000E+09   0.14369839E-03   0.14369839E-03   0.00000000E+00
   1.883   3.383   0.80000000E+09   0.14348493E-03   0.14348493E-03   0.00000000E+00
   1.900   3.400   0.80000000E+09   0.14326878E-03   0.14326878E-03   0.00000000E+00
   1.917   3.417   0.80000000E+09   0.14305008E-03   0.14305008E-03   0.00000000E+00
   1.933   3.433   0.80000000E+09   0.14282893E-03   0.14282893E-03   0.00000000E+00
   1.950   3.450   0.80000000E+09   0.14260546E-03   0.14260546E-03   0.00000000E+00
   1.967   3.467   0.80000000E+09   0.14237979E-03   0.14237979E-03   0.00000000E+00
   1.983   3.483   0.80000000E+09   0.14215204E-03   0.14215204E-03   0.00000000E+00
   2.000   3.500   0.80000000E+09   0.14192233E-03   0.14192233E-03   0.00000000E+00
   2.017   3.517   0.80000000E+09   0.14169079E-03   0.14169079E-03   0.00000000E+00
   2.033   3.533   0.80000000E+09   0.14145752E-03   0.14145752E-03   0.00000000E+00
   2.050   3.550   0.80000000E+09   0.14122264E-03   0.14122264E-03   0.00000000E+00
   2.067   3.567   0.80000000E+09   0.14098628E-03   0.14098628E-03   0.00000000E+00
   2.083   3.583   0.80000000E+09   0.14074855E-03   0.14074855E-03   0.00000000E+00
   2.100   3.600   0.80000000E+09   0.14050957E-03   0.14050957E-03   0.00000000E+00
   2.117   3.617   0.80000000E+09   0.14026945E-03   0.14026945E-03   0.00000000E+00
   2.133   3.633   0.80000000E+09   0.14002831E-03   0.14002831E-03   0.00000000E+00
   2.150   3.650   0.80000000E+09   0.13978626E-03   0.13978626E-03   0.00000000E+00
   2.167   3.667   0.80000000E+09   0.13954342E-03   0.13954342E-03   0.00000000E+00
   2.183   3.683   0.80000000E+09   0.13929989E-03   0.13929989E-03   0.00000000E+00
   2.200   3.700   0.80000000E+09   0.13905580E-03   0.13905580E-03   0.00000000E+00
   2.217   3.717   0.80000000E+09   0.13881126E-03   0.13881126E-03   0.00000000E+00
   2.233   3.733   0.80000000E+09   0.13856637E-03   0.13856637E-03   0.00000000E+00
   2.250   3.750   0.80000000E+09   0.13832125E-03   0.13832125E-03   0.00000000E+00
   2.267   3.767   0.80000000E+09   0.13807601E-03   0.13807601E-03   0.00000000E+00
   2.283   3.783   0.80000000E+09   0.13783075E-03   0.13783075E-03   0.00000000E+00
   2.300   3.800   0.80000000E+09   0.13758559E-03   0.13758559E-03   0.00000000E+00
   2.317   3.817   0.80000000E+09   0.13734064E-03   0.13734064E-03   0.00000000E+00
   2.333   3.833   0.80000000E+09   0.13709600E-03   0.13709600E-03   0.00000000E+00
   2.350   3.850   0.80000000E+09   0.13685178E-03   0.13685178E-03   0.00000000E+00
   2.367   3.867   0.80000000E+09   0.13660808E-03   0.13660808E-03   0.00000000E+00
   2.383   3.883   0.80000000E+09   0.13636502E-03   0.13636502E-03   0.00000000E+00
   2.400   3.900   0.80000000E+09   0.13612269E-03   0.13612269E-03   0.00000000E+00
   2.417   3.917   0.80000000E+09   0.13588120E-03   0.13588120E-03   0.00000000E+00
   2.433   3.933   0.80000000E+09   0.13564066E-03   0.13564066E-03   0.00000000E+00
   2.450   3.950   0.80000000E+09   0.13540117E-03   0.13540117E-03   0.00000000E+00
   2.467   3.967   0.80000000E+09   0.13516283E-03   0.13516283E-03   0.00000000E+00
   2.483   3.983   0.80000000E+09   0.13492574E-03   0.13492574E-03   0.00000000E+00
   2.500   4.000   0.80000000E+09   0.13469000E-03   0.13469000E-03   0.00000000E+00
   2.517   4.017   0.80000000E+09   0.13445571E-03   0.13445571E-03   0.00000000E+00
   2.533   4.033   0.80000000E+09   0.13422297E-03   0.13422297E-03   0.00000000E+00
   2.550   4.050   0.80000000E+09   0.13399189E-03   0.13399189E-03   0.00000000E+00
   2.567   4.067   0.80000000E+09   0.13376255E-03   0.13376255E-03   0.00000000E+00
   2.583   4.083   0.80000000E+09   0.13353506E-03   0.13353506E-03   0.00000000E+00
   2.600   4.100   0.80000000E+09   0.13330951E-03   0.13330951E-03   0.00000000E+00
   2.617   4.117   0.80000000E+09   0.13308600E-03   0.13308600E-03   0.00000000E+00
   2.633   4.133   0.80000000E+09   0.13286462E-03   0.13286462E-03   0.00000000E+00
   2.650   4.150   0.80000000E+09   0.13264547E-03   0.13264547E-03   0.00000000E+00
   2.667   4.167   0.80000000E+09   0.13242864E-03   0.13242864E-03   0.00000000E+00
   2.683   4.183   0.80000000E+09   0.13221422E-03   0.13221422E-03   0.00000000E+00
   2.700   4.200   0.80000000E+09   0.13200231E-03   0.13200231E-03   0.00000000E+00
   2.717   4.217   0.80000000E+09   0.13179299E-03   0.13179299E-03   0.00000000E+00
   2.733   4.233   0.80000000E+09   0.13158636E-03   0.13158636E-03   0.00000000E+00
   2.750   4.250   0.80000000E+09   0.13138251E-03   0.13138251E-03   0.00000000E+00
   2.767   4.267   0.80000000E+09   0.13118152E-03   0.13118152E-03   0.00000000E+00
   2.783   4.283   0.80000000E+09   0.13098348E-03   0.13098348E-03   0.00000000E+00
   2.800   4.300   0.80000000E+09   0.13078848E-03   0.13078848E-03   0.00000000E+00
   2.817   4.317   0.80000000E+09   0.13059661E-03   0.13059661E-03   0.00000000E+00
   2.833   4.333   0.80000000E+09   0.13040795E-03   0.13040795E-03   0.00000000E+00
   2.850   4.350   0.80000000E+09   0.13022259E-03   0.13022259E-03   0.00000000E+00
   2.867   4.367   0.80000000E+09   0.13004060E-03   0.13004060E-03   0.00000000E+00
   2.883   4.383   0.80000000E+09   0.12986208E-03   0.12986208E-03   0.00000000E+00
   2.900   4.400   0.80000000E+09   0.12968711E-03   0.12968711E-03   0.00000000E+00
   2.917   4.417   0.80000000E+09   0.12951577E-03   0.12951577E-03   0.00000000E+00
   2.933   4.433   0.80000000E+09   0.12934813E-03   0.12934813E-03   0.00000000E+00
   2.950   4.450   0.80000000E+09   0.12918428E-03   0.12918428E-03   0.00000000E+00
   2.967   4.467   0.80000000E+09   0.12902430E-03   0.12902430E-03   0.00000000E+00
   2.983   4.483   0.80000000E+09   0.12886826E-03   0.12886826E-03   0.00000000E+00
   3.000   4.500   0.80000000E+09   0.12871625E-03   0.12871625E-03   0.00000000E+00
   3.017   4.517   0.80000000E+09   0.12856833E-03   0.12856833E-03   0.00000000E+00
   3.033   4.533   0.80000000E+09   0.12842459E-03   0.12842459E-03   0.00000000E+00
   3.050   4.550   0.80000000E+09   0.12828509E-03   0.12828509E-03   0.00000000E+00
   3.067   4.567   0.80000000E+09   0.12814992E-03   0.12814992E-03   0.00000000E+00
   3.083   4.583   0.80000000E+09   0.12801915E-03   0.12801915E-03   0.00000000E+00
   3.100   4.600   0.80000000E+09   0.12789284E-03   0.12789284E-03   0.00000000E+00
   3.117   4.617   0.80000000E+09   0.12777107E-03   0.12777107E-03   0.00000000E+00
   3.133   4.633   0.80000000E+09   0.12765391E-03   0.12765391E-03   0.00000000E+00
   3.150   4.650   0.80000000E+09   0.12754142E-03   0.12754142E-03   0.00000000E+00
   3.167   4.667   0.80000000E+09   0.12743368E-03   0.12743368E-03   0.00000000E+00
   3.183   4.683   0.80000000E+09   0.12733076E-03   0.12733076E-03   0.00000000E+00
   3.200   4.700   0.80000000E+09   0.12723271E-03   0.12723271E-03   0.00000000E+00
   3.217   4.717   0.80000000E+09   0.12713961E-03   0.12713961E-03   0.00000000E+00
   3.233   4.733   0.80000000E+09   0.12705152E-03   0.12705152E-03   0.00000000E+00
   3.250   4.750   0.80000000E+09   0.12696850E-03   0.12696850E-03   0.00000000E+00
   3.267   4.767   0.80000000E+09   0.12689061E-03   0.12689061E-03   0.00000000E+00
   3.283   4.783   0.80000000E+09   0.12681792E-03   0.12681792E-03   0.00000000E+00
   3.300   4.800   0.80000000E+09   0.12675048E-03   0.12675048E-03   0.00000000E+00
   3.317   4.817   0.80000000E+09   0.12668836E-03   0.12668836E-03   0.00000000E+00
   3.333   4.833   0.80000000E+09   0.12663162E-03   0.12663162E-03   0.00000000E+00
   3.350   4.850   0.80000000E+09   0.12658030E-03   0.12658030E-03   0.00000000E+00
   3.367   4.867   0.80000000E+09   0.12653447E-03   0.12653447E-03   0.00000000E+00
   3.383   4.883   0.80000000E+09   0.12649418E-03   0.12649418E-03   0.00000000E+00
   3.400   4.900   0.80000000E+09   0.12645948E-03   0.12645948E-03   0.00000000E+00
   3.417   4.917   0.80000000E+09   0.12643043E-03   0.12643043E-03   0.00000000E+00
   3.433   4.933   0.80000000E+09   0.12640708E-03   0.12640708E-03   0.00000000E+00
   3.450   4.950   0.80000000E+09   0.12638947E-03   0.12638947E-03   0.00000000E+00
   3.467   4.967   0.80000000E+09   0.12637766E-03   0.12637766E-03   0.00000000E+00
   3.483   4.983   0.80000000E+09   0.12637169E-03   0.12637169E-03   0.00000000E+00
   3.500   5.000   0.80000000E+09   0.12637162E-03   0.12637162E-03   0.00000000E+00
   3.517   5.017   0.80000000E+09   0.12637747E-03   0.12637747E-03   0.00000000E+00
   3.533   5.033   0.80000000E+09   0.12638930E-03   0.12638930E-03   0.00000000E+00
   3.550   5.050   0.80000000E+09   0.12640715E-03   0.12640715E-03   0.00000000E+00
   3.567   5.067   0.80000000E+09   0.12643106E-03   0.12643106E-03   0.00000000E+00
   3.583   5.083   0.80000000E+09   0.12646107E-03   0.12646107E-03   0.00000000E+00
   3.600   5.100   0.80000000E+09   0.12649721E-03   0.12649721E-03   0.00000000E+00
   3.617   5.117   0.80000000E+09   0.12653953E-03   0.12653953E-03   0.00000000E+00
   3.633   5.133   0.80000000E+09   0.12658805E-03   0.12658805E-03   0.00000000E+00
   3.650   5.150   0.80000000E+09   0.12664280E-03   0.12664280E-03   0.00000000E+00
   3.667   5.167   0.80000000E+09   0.12670383E-03   0.12670383E-03   0.00000000E+00
   3.683   5.183   0.80000000E+09   0.12677115E-03   0.12677115E-03   0.00000000E+00
   3.700   5.200   0.80000000E+09   0.12684479E-03   0.12684479E-03   0.00000000E+00
   3.717   5.217   0.80000000E+09   0.12692479E-03   0.12692479E-03   0.00000000E+00
   3.733   5.233   0.80000000E+09   0.12701115E-03   0.12701115E-03   0.00000000E+00
   3.750   5.250   0.80000000E+09   0.12710391E-03   0.12710391E-03   0.00000000E+00
   3.767   5.267   0.80000000E+09   0.12720309E-03   0.12720309E-03   0.00000000E+00
   3.783   5.283   0.80000000E+09   0.12730869E-03   0.12730869E-03   0.00000000E+00
   3.800   5.300   0.80000000E+09   0.12742075E-03   0.12742075E-03   0.00000000E+00
   3.817   5.317   0.80000000E+09   0.12753925E-03   0.12753925E-03   0.00000000E+00
   3.833   5.333   0.80000000E+09   0.12766423E-03   0.12766423E-03   0.00000000E+00
   3.850   5.350   0.80000000E+09   0.12779569E-03   0.12779569E-03   0.00000000E+00
   3.867   5.367   0.80000000E+09   0.12793362E-03   0.12793362E-03   0.00000000E+00
   3.883   5.383   0.80000000E+09   0.12807805E-03   0.12807805E-03   0.00000000E+00
   3.900   5.400   0.80000000E+09   0.12822895E-03   0.12822895E-03   0.00000000E+00
   3.917   5.417   0.80000000E+09   0.12838635E-03   0.12838635E-03   0.00000000E+00
   3.933   5.433   0.80000000E+09   0.12855021E-03   0.12855021E-03   0.00000000E+00
   3.950   5.450   0.80000000E+09   0.12872055E-03   0.12872055E-03   0.00000000E+00
   3.967   5.467   0.80000000E+09   0.12889735E-03   0.12889735E-03   0.00000000E+00
   3.983   5.483   0.80000000E+09   0.12908059E-03   0.12908059E-03   0.00000000E+00
   4.000   5.500   0.80000000E+09   0.12927026E-03   0.12927026E-03   0.00000000E+00
   4.017   5.517   0.80000000E+09   0.12946634E-03   0.12946634E-03   0.00000000E+00
   4.033   5.533   0.80000000E+09   0.12966880E-03   0.12966880E-03   0.00000000E+00
   4.050   5.550   0.80000000E+09   0.12987762E-03   0.12987762E-03   0.00000000E+00
   4.067   5.567   0.80000000E+09   0.13009276E-03   0.13009276E-03   0.00000000E+00
   4.083   5.583   0.80000000E+09   0.13031419E-03   0.13031419E-03   0.00000000E+00
   4.100   5.600   0.80000000E+09   0.13054187E-03   0.13054187E-03   0.00000000E+00
   4.117   5.617   0.80000000E+09   0.13077576E-03   0.13077576E-03   0.00000000E+00
   4.133   5.633   0.80000000E+09   0.13101581E-03   0.13101581E-03   0.00000000E+00
   4.150   5.650   0.80000000E+09   0.13126197E-03   0.13126197E-03   0.00000000E+00
   4.167   5.667   0.80000000E+09   0.13151419E-03   0.13151419E-03   0.00000000E+00
   4.183   5.683   0.80000000E+09   0.13177240E-03   0.13177240E-03   0.00000000E+00
   4.200   5.700   0.80000000E+09   0.13203655E-03   0.13203655E-03   0.00000000E+00
   4.217   5.717   0.80000000E+09   0.13230657E-03   0.13230657E-03   0.00000000E+00
   4.233   5.733   0.80000000E+09   0.13258237E-03   0.13258237E-03   0.00000000E+00
   4.250   5.750   0.80000000E+09   0.13286389E-03   0.13286389E-03   0.00000000E+00
   4.267   5.767   0.80000000E+09   0.13315105E-03   0.13315105E-03   0.00000000E+00
   4.283   5.783   0.80000000E+09   0.13344374E-03   0.13344374E-03   0.00000000E+00
   4.300   5.800   0.80000000E+09   0.13374189E-03   0.13374189E-03   0.00000000E+00
   4.317   5.817   0.80000000E+09   0.13404539E-03   0.13404539E-03   0.00000000E+00
   4.333   5.833   0.80000000E+09   0.13435415E-03   0.13435415E-03   0.00000000E+00
   4.350   5.850   0.80000000E+09   0.13466804E-03   0.13466804E-03   0.00000000E+00
   4.367   5.867   0.80000000E+09   0.13498697E-03   0.13498697E-03   0.00000000E+00
   4.383   5.883   0.80000000E+09   0.13531080E-03   0.13531080E-03   0.00000000E+00
   4.400   5.900   0.80000000E+09   0.13563942E-03   0.13563942E-03   0.00000000E+00
   4.417   5.917   0.80000000E+09   0.13597269E-03   0.13597269E-03   0.00000000E+00
   4.433   5.933   0.80000000E+09   0.13631047E-03   0.13631047E-03   0.00000000E+00
   4.450   5.950   0.80000000E+09   0.13665264E-03   0.13665264E-03   0.00000000E+00
   4.467   5.967   0.80000000E+09   0.13699903E-03   0.13699903E-03   0.00000000E+00
   4.483   5.983   0.80000000E+09   0.13734950E-03   0.13734950E-03   0.00000000E+00
   4.500   6.000   0.80000000E+09   0.13770389E-03   0.13770389E-03   0.00000000E+00
   4.517   6.017   0.80000000E+09   0.13806203E-03   0.13806203E-03   0.00000000E+00
   4.533   6.033   0.80000000E+09   0.13842375E-03   0.13842375E-03   0.00000000E+00
   4.550   6.050   0.80000000E+09   0.13878888E-03   0.13878888E-03   0.00000000E+00
   4.567   6.067   0.80000000E+09   0.13915724E-03   0.13915724E-03   0.00000000E+00
   4.583   6.083   0.80000000E+09   0.13952864E-03   0.13952864E-03   0.00000000E+00
   4.600   6.100   0.80000000E+09   0.13990290E-03   0.13990290E-03   0.00000000E+00
   4.617   6.117   0.80000000E+09   0.14027980E-03   0.14027980E-03   0.00000000E+00
   4.633   6.133   0.80000000E+09   0.14065916E-03   0.14065916E-03   0.00000000E+00
   4.650   6.150   0.80000000E+09   0.14104077E-03   0.14104077E-03   0.00000000E+00
   4.667   6.167   0.80000000E+09   0.14142441E-03   0.14142441E-03   0.00000000E+00
   4.683   6.183   0.80000000E+09   0.14180987E-03   0.14180987E-03   0.00000000E+00
   4.700   6.200   0.80000000E+09   0.14219694E-03   0.14219694E-03   0.00000000E+00
   4.717   6.217   0.80000000E+09   0.14258539E-03   0.14258539E-03   0.00000000E+00
   4.733   6.233   0.80000000E+09   0.14297498E-03   0.14297498E-03   0.00000000E+00
   4.750   6.250   0.80000000E+09   0.14336550E-03   0.14336550E-03   0.00000000E+00
   4.767   6.267   0.80000000E+09   0.14375671E-03   0.14375671E-03   0.00000000E+00
   4.783   6.283   0.80000000E+09   0.14414837E-03   0.14414837E-03   0.00000000E+00
   4.800   6.300   0.80000000E+09   0.14454025E-03   0.14454025E-03   0.00000000E+00
   4.817   6.317   0.80000000E+09   0.14493210E-03   0.14493210E-03   0.00000000E+00
   4.833   6.333   0.80000000E+09   0.14532368E-03   0.14532368E-03   0.00000000E+00
   4.850   6.350   0.80000000E+09   0.14571476E-03   0.14571476E-03   0.00000000E+00
   4.867   6.367   0.80000000E+09   0.14610507E-03   0.14610507E-03   0.00000000E+00
   4.883   6.383   0.80000000E+09   0.14649438E-03   0.14649438E-03   0.00000000E+00
   4.900   6.400   0.80000000E+09   0.14688245E-03   0.14688245E-03   0.00000000E+00
   4.917   6.417   0.80000000E+09   0.14726903E-03   0.14726903E-03   0.00000000E+00
   4.933   6.433   0.80000000E+09   0.14765387E-03   0.14765387E-03   0.00000000E+00
   4.950   6.450   0.80000000E+09   0.14803673E-03   0.14803673E-03   0.00000000E+00
   4.967   6.467   0.80000000E+09   0.14841738E-03   0.14841738E-03   0.00000000E+00
   4.983   6.483   0.80000000E+09   0.14879556E-03   0.14879556E-03   0.00000000E+00
   5.000   6.500   0.80000000E+09   0.14917104E-03   0.14917104E-03   0.00000000E+00
   5.017   6.517   0.80000000E+09   0.14954360E-03   0.14954360E-03   0.00000000E+00
   5.033   6.533   0.80000000E+09   0.14991298E-03   0.14991298E-03   0.00000000E+00
   5.050   6.550   0.80000000E+09   0.15027898E-03   0.15027898E-03   0.00000000E+00
   5.067   6.567   0.80000000E+09   0.15064136E-03   0.15064136E-03   0.00000000E+00
   5.083   6.583   0.80000000E+09   0.15099990E-03   0.15099990E-03   0.00000000E+00
   5.100   6.600   0.80000000E+09   0.15135439E-03   0.15135439E-03   0.00000000E+00
   5.117   6.617   0.80000000E+09   0.15170462E-03   0.15170462E-03   0.00000000E+00
   5.133   6.633   0.80000000E+09   0.15205039E-03   0.15205039E-03   0.00000000E+00
   5.150   6.650   0.80000000E+09   0.15239148E-03   0.15239148E-03   0.00000000E+00
   5.167   6.667   0.80000000E+09   0.15272771E-03   0.15272771E-03   0.00000000E+00
   5.183   6.683   0.80000000E+09   0.15305890E-03   0.15305890E-03   0.00000000E+00
   5.200   6.700   0.80000000E+09   0.15338485E-03   0.15338485E-03   0.00000000E+00
   5.217   6.717   0.80000000E+09   0.15370539E-03   0.15370539E-03   0.00000000E+00
   5.233   6.733   0.80000000E+09   0.15402036E-03   0.15402036E-03   0.00000000E+00
   5.250   6.750   0.80000000E+09   0.15432959E-03   0.15432959E-03   0.00000000E+00
   5.267   6.767   0.80000000E+09   0.15463293E-03   0.15463293E-03   0.00000000E+00
   5.283   6.783   0.80000000E+09   0.15493023E-03   0.15493023E-03   0.00000000E+00
   5.300   6.800   0.80000000E+09   0.15522134E-03   0.15522134E-03   0.00000000E+00
   5.317   6.817   0.80000000E+09   0.15550614E-03   0.15550614E-03   0.00000000E+00
   5.333   6.833   0.80000000E+09   0.15578449E-03   0.15578449E-03   0.00000000E+00
   5.350   6.850   0.80000000E+09   0.15605628E-03   0.15605628E-03   0.00000000E+00
   5.367   6.867   0.80000000E+09   0.15632139E-03   0.15632139E-03   0.00000000E+00
   5.383   6.883   0.80000000E+09   0.15657971E-03   0.15657971E-03   0.00000000E+00
   5.400   6.900   0.80000000E+09   0.15683115E-03   0.15683115E-03   0.00000000E+00
   5.417   6.917   0.80000000E+09   0.15707562E-03   0.15707562E-03   0.00000000E+00
   5.433   6.933   0.80000000E+09   0.15731303E-03   0.15731303E-03   0.00000000E+00
   5.450   6.950   0.80000000E+09   0.15754329E-03   0.15754329E-03   0.00000000E+00
   5.467   6.967   0.80000000E+09   0.15776635E-03   0.15776635E-03   0.00000000E+00
   5.483   6.983   0.80000000E+09   0.15798213E-03   0.15798213E-03   0.00000000E+00
   5.500   7.000   0.80000000E+09   0.15819057E-03   0.15819057E-03   0.00000000E+00
   5.517   7.017   0.80000000E+09   0.15839162E-03   0.15839162E-03   0.00000000E+00
   5.533   7.033   0.80000000E+09   0.15858523E-03   0.15858523E-03   0.00000000E+00
   5.550   7.050   0.80000000E+09   0.15877136E-03   0.15877136E-03   0.00000000E+00
   5.567   7.067   0.80000000E+09   0.15894997E-03   0.15894997E-03   0.00000000E+00
   5.583   7.083   0.80000000E+09   0.15912104E-03   0.15912104E-03   0.00000000E+00
   5.600   7.100   0.80000000E+09   0.15928453E-03   0.15928453E-03   0.00000000E+00
   5.617   7.117   0.80000000E+09   0.15944043E-03   0.15944043E-03   0.00000000E+00
   5.633   7.133   0.80000000E+09   0.15958872E-03   0.15958872E-03   0.00000000E+00
   5.650   7.150   0.80000000E+09   0.15972938E-03   0.15972938E-03   0.00000000E+00
   5.667   7.167   0.80000000E+09   0.15986241E-03   0.15986241E-03   0.00000000E+00
   5.683   7.183   0.80000000E+09   0.15998781E-03   0.15998781E-03   0.00000000E+00
   5.700   7.200   0.80000000E+09   0.16010557E-03   0.16010557E-03   0.00000000E+00
   5.717   7.217   0.80000000E+09   0.16021571E-03   0.16021571E-03   0.00000000E+00
   5.733   7.233   0.80000000E+09   0.16031822E-03   0.16031822E-03   0.00000000E+00
   5.750   7.250   0.80000000E+09   0.16041311E-03   0.16041311E-03   0.00000000E+00
   5.767   7.267   0.80000000E+09   0.16050041E-03   0.16050041E-03   0.00000000E+00
   5.783   7.283   0.80000000E+09   0.16058013E-03   0.16058013E-03   0.00000000E+00
   5.800   7.300   0.80000000E+09   0.16065228E-03   0.16065228E-03   0.00000000E+00
   5.817   7.317   0.80000000E+09   0.16071689E-03   0.16071689E-03   0.00000000E+00
   5.833   7.333   0.80000000E+09   0.16077399E-03   0.16077399E-03   0.00000000E+00
   5.850   7.350   0.80000000E+09   0.16082359E-03   0.16082359E-03   0.00000000E+00
   5.867   7.367   0.80000000E+09   0.16086573E-03   0.16086573E-03   0.00000000E+00
   5.883   7.383   0.80000000E+09   0.16090043E-03   0.16090043E-03   0.00000000E+00
   5.900   7.400   0.80000000E+09   0.16092773E-03   0.16092773E-03   0.00000000E+00
   5.917   7.417   0.80000000E+09   0.16094766E-03   0.16094766E-03   0.00000000E+00
   5.933   7.433   0.80000000E+09   0.16096025E-03   0.16096025E-03   0.00000000E+00
   5.950   7.450   0.80000000E+09   0.16096554E-03   0.16096554E-03   0.00000000E+00
   5.967   7.467   0.80000000E+09   0.16096356E-03   0.16096356E-03   0.00000000E+00
   5.983   7.483   0.80000000E+09   0.16095435E-03   0.16095435E-03   0.00000000E+00
   6.000   7.500   0.80000000E+09   0.16093795E-03   0.16093795E-03   0.00000000E+00
