        RT(hours)             [NO]         L_R_13           L_R_14           L_R_15           L_R_21           L_R_22           P_R_05           tot_loss         tot_prod
  -1.483   0.017   0.33971657E-01   0.17811721E-06   0.49541061E-07   0.22154525E-06   0.26277633E-03   0.14227074E-05   0.26007900E-04   0.26464824E-03   0.26007900E-04
  -1.467   0.033   0.24141405E-01   0.28916030E-06   0.73752482E-07   0.32300800E-06   0.18658627E-03   0.16372167E-05   0.32121074E-04   0.18890941E-03   0.32121074E-04
  -1.450   0.050   0.18238010E-01   0.35803184E-06   0.89242223E-07   0.38760386E-06   0.14087358E-03   0.17058321E-05   0.38345938E-04   0.14341429E-03   0.38345938E-04
  -1.433   0.067   0.14816711E-01   0.41703121E-06   0.10386267E-06   0.44950315E-06   0.11439059E-03   0.17711258E-05   0.44746969E-04   0.11713211E-03   0.44746969E-04
  -1.417   0.083   0.12966248E-01   0.48753236E-06   0.12207547E-06   0.52713301E-06   0.10006173E-03   0.18707741E-05   0.51374990E-04   0.10306925E-03   0.51374990E-04
  -1.400   0.100   0.12113038E-01   0.58294099E-06   0.14661124E-06   0.63144441E-06   0.93440829E-04   0.20104457E-05   0.58267766E-04   0.96812271E-04   0.58267766E-04
  -1.383   0.117   0.11896764E-01   0.71224929E-06   0.17919242E-06   0.76896637E-06   0.91737781E-04   0.21793955E-05   0.65451383E-04   0.95577584E-04   0.65451383E-04
  -1.367   0.133   0.12091612E-01   0.88231791E-06   0.22093799E-06   0.94343956E-06   0.93205109E-04   0.23596703E-05   0.72941811E-04   0.97611475E-04   0.72941811E-04
  -1.350   0.150   0.12556325E-01   0.10990646E-05   0.27261361E-06   0.11568776E-05   0.96750047E-04   0.25330465E-05   0.80746530E-04   0.10181165E-03   0.80746530E-04
  -1.333   0.167   0.13202522E-01   0.13679402E-05   0.33478376E-06   0.14102788E-05   0.10168889E-03   0.26853631E-05   0.88866140E-04   0.10748725E-03   0.88866140E-04
  -1.317   0.183   0.13974649E-01   0.16939999E-05   0.40789418E-06   0.17040725E-05   0.10759175E-03   0.28082688E-05   0.97295890E-04   0.11420599E-03   0.97295890E-04
  -1.300   0.200   0.14837380E-01   0.20817757E-05   0.49230531E-06   0.20383647E-05   0.11418513E-03   0.28990369E-05   0.10602708E-03   0.12169661E-03   0.10602708E-03
  -1.283   0.217   0.15767788E-01   0.25350795E-05   0.58829467E-06   0.24130464E-05   0.12129127E-03   0.29592996E-05   0.11504823E-03   0.12978699E-03   0.11504823E-03
  -1.267   0.233   0.16750536E-01   0.30568159E-05   0.69604276E-06   0.28278216E-05   0.12879112E-03   0.29934269E-05   0.12434609E-03   0.13836523E-03   0.12434609E-03
  -1.250   0.250   0.17774978E-01   0.36488471E-05   0.81561381E-06   0.32821951E-05   0.13660183E-03   0.30070214E-05   0.13390635E-03   0.14735551E-03   0.13390635E-03
  -1.233   0.267   0.18833429E-01   0.43119323E-05   0.94693851E-06   0.37754496E-05   0.14466344E-03   0.30057697E-05   0.14371418E-03   0.15670353E-03   0.14371418E-03
  -1.217   0.283   0.19920139E-01   0.50457438E-05   0.10898033E-05   0.43066260E-05   0.15293096E-03   0.29947126E-05   0.15375457E-03   0.16636785E-03   0.15375457E-03
  -1.200   0.300   0.21030691E-01   0.58489514E-05   0.12438480E-05   0.48745167E-05   0.16136968E-03   0.29778924E-05   0.16401259E-03   0.17631489E-03   0.16401259E-03
  -1.183   0.317   0.22161622E-01   0.67193571E-05   0.14085728E-05   0.54776735E-05   0.16995231E-03   0.29582824E-05   0.17447353E-03   0.18651619E-03   0.17447353E-03
  -1.167   0.333   0.23310191E-01   0.76540611E-05   0.15833529E-05   0.61144314E-05   0.17865710E-03   0.29378925E-05   0.18512290E-03   0.19694683E-03   0.18512290E-03
  -1.150   0.350   0.24474207E-01   0.86496400E-05   0.17674598E-05   0.67829453E-05   0.18746658E-03   0.29179592E-05   0.19594658E-03   0.20758459E-03   0.19594658E-03
  -1.133   0.367   0.25651905E-01   0.97023215E-05   0.19600871E-05   0.74812372E-05   0.19636660E-03   0.28991526E-05   0.20693075E-03   0.21840939E-03   0.20693075E-03
  -1.117   0.383   0.26841852E-01   0.10808144E-04   0.21603787E-05   0.82072495E-05   0.20534552E-03   0.28817620E-05   0.21806201E-03   0.22940305E-03   0.21806201E-03
  -1.100   0.400   0.28042862E-01   0.11963096E-04   0.23674575E-05   0.89588993E-05   0.21439365E-03   0.28658422E-05   0.22932732E-03   0.24054895E-03   0.22932732E-03
  -1.083   0.417   0.29253933E-01   0.13163233E-04   0.25804516E-05   0.97341308E-05   0.22350274E-03   0.28513176E-05   0.24071409E-03   0.25183187E-03   0.24071409E-03
  -1.067   0.433   0.30474199E-01   0.14404764E-04   0.27985181E-05   0.10530960E-04   0.23266555E-03   0.28380517E-05   0.25221020E-03   0.26323784E-03   0.25221020E-03
  -1.050   0.450   0.31702884E-01   0.15684124E-04   0.30208624E-05   0.11347514E-04   0.24187556E-03   0.28258880E-05   0.26380399E-03   0.27475395E-03   0.26380399E-03
  -1.033   0.467   0.32939273E-01   0.16998016E-04   0.32467525E-05   0.12182056E-04   0.25112674E-03   0.28146735E-05   0.27548433E-03   0.28636824E-03   0.27548433E-03
  -1.017   0.483   0.34182691E-01   0.18343442E-04   0.34755288E-05   0.13033006E-04   0.26041336E-03   0.28042693E-05   0.28724061E-03   0.29806960E-03   0.28724061E-03
  -1.000   0.500   0.35432486E-01   0.19717712E-04   0.37066090E-05   0.13898946E-04   0.26972987E-03   0.27945544E-05   0.29906277E-03   0.30984769E-03   0.29906277E-03
  -0.983   0.517   0.36688019E-01   0.21118445E-04   0.39394886E-05   0.14778626E-04   0.27907083E-03   0.27854264E-05   0.31094130E-03   0.32169282E-03   0.31094130E-03
  -0.967   0.533   0.37948658E-01   0.22543560E-04   0.41737392E-05   0.15670957E-04   0.28843089E-03   0.27767997E-05   0.32286723E-03   0.33359594E-03   0.32286723E-03
  -0.950   0.550   0.39213778E-01   0.23991253E-04   0.44090027E-05   0.16574999E-04   0.29780471E-03   0.27686033E-05   0.33483216E-03   0.34554857E-03   0.33483216E-03
  -0.933   0.567   0.40482756E-01   0.25459978E-04   0.46449851E-05   0.17489954E-04   0.30718704E-03   0.27607789E-05   0.34682824E-03   0.35754273E-03   0.34682824E-03
  -0.917   0.583   0.41754979E-01   0.26948421E-04   0.48814483E-05   0.18415147E-04   0.31657267E-03   0.27532782E-05   0.35884811E-03   0.36957096E-03   0.35884811E-03
  -0.900   0.600   0.43029843E-01   0.28455469E-04   0.51182023E-05   0.19350012E-04   0.32595649E-03   0.27460617E-05   0.37088496E-03   0.38162623E-03   0.37088496E-03
  -0.883   0.617   0.44306759E-01   0.29980186E-04   0.53550967E-05   0.20294080E-04   0.33533351E-03   0.27390965E-05   0.38293246E-03   0.39370197E-03   0.38293246E-03
  -0.867   0.633   0.45585152E-01   0.31521785E-04   0.55920133E-05   0.21246958E-04   0.34469887E-03   0.27323558E-05   0.39498474E-03   0.40579198E-03   0.39498474E-03
  -0.850   0.650   0.46864471E-01   0.33079604E-04   0.58288590E-05   0.22208326E-04   0.35404789E-03   0.27258169E-05   0.40703639E-03   0.41789049E-03   0.40703639E-03
  -0.833   0.667   0.48144185E-01   0.34653086E-04   0.60655599E-05   0.23177914E-04   0.36337607E-03   0.27194612E-05   0.41908242E-03   0.42999209E-03   0.41908242E-03
  -0.817   0.683   0.49423792E-01   0.36241755E-04   0.63020562E-05   0.24155502E-04   0.37267914E-03   0.27132728E-05   0.43111821E-03   0.44209172E-03   0.43111821E-03
  -0.800   0.700   0.50702817E-01   0.37845205E-04   0.65382975E-05   0.25140902E-04   0.38195304E-03   0.27072387E-05   0.44313954E-03   0.45418468E-03   0.44313954E-03
  -0.783   0.717   0.51980814E-01   0.39463081E-04   0.67742400E-05   0.26133960E-04   0.39119395E-03   0.27013472E-05   0.45514252E-03   0.46626658E-03   0.45514252E-03
  -0.767   0.733   0.53257367E-01   0.41095072E-04   0.70098432E-05   0.27134541E-04   0.40039829E-03   0.26955888E-05   0.46712358E-03   0.47833334E-03   0.46712358E-03
  -0.750   0.750   0.54532092E-01   0.42740897E-04   0.72450686E-05   0.28142531E-04   0.40956273E-03   0.26899550E-05   0.47907946E-03   0.49038118E-03   0.47907946E-03
  -0.733   0.767   0.55804633E-01   0.44400304E-04   0.74798777E-05   0.29157833E-04   0.41868418E-03   0.26844383E-05   0.49100716E-03   0.50240663E-03   0.49100716E-03
  -0.717   0.783   0.57074666E-01   0.46073058E-04   0.77142312E-05   0.30180359E-04   0.42775978E-03   0.26790322E-05   0.50290396E-03   0.51440646E-03   0.50290396E-03
  -0.700   0.800   0.58341895E-01   0.47758943E-04   0.79480886E-05   0.31210036E-04   0.43678689E-03   0.26737309E-05   0.51476737E-03   0.52637769E-03   0.51476737E-03
  -0.683   0.817   0.59606051E-01   0.49457753E-04   0.81814078E-05   0.32246797E-04   0.44576312E-03   0.26685290E-05   0.52659509E-03   0.53831761E-03   0.52659509E-03
  -0.667   0.833   0.60866892E-01   0.51169297E-04   0.84141449E-05   0.33290588E-04   0.45468627E-03   0.26634217E-05   0.53838508E-03   0.55022372E-03   0.53838508E-03
  -0.650   0.850   0.62124202E-01   0.52893392E-04   0.86462543E-05   0.34341361E-04   0.46355433E-03   0.26584047E-05   0.55013545E-03   0.56209374E-03   0.55013545E-03
  -0.633   0.867   0.63377785E-01   0.54629867E-04   0.88776889E-05   0.35399078E-04   0.47236548E-03   0.26534739E-05   0.56184449E-03   0.57392559E-03   0.56184449E-03
  -0.617   0.883   0.64627472E-01   0.56378561E-04   0.91084004E-05   0.36463710E-04   0.48111809E-03   0.26486254E-05   0.57351068E-03   0.58571738E-03   0.57351068E-03
  -0.600   0.900   0.65873109E-01   0.58139321E-04   0.93383394E-05   0.37535238E-04   0.48981066E-03   0.26438559E-05   0.58513262E-03   0.59746741E-03   0.58513262E-03
  -0.583   0.917   0.67114563E-01   0.59912007E-04   0.95674559E-05   0.38613651E-04   0.49844187E-03   0.26391618E-05   0.59670908E-03   0.60917414E-03   0.59670908E-03
  -0.567   0.933   0.68351720E-01   0.61696486E-04   0.97956992E-05   0.39698949E-04   0.50701050E-03   0.26345403E-05   0.60823895E-03   0.62083618E-03   0.60823895E-03
  -0.550   0.950   0.69584477E-01   0.63492641E-04   0.10023019E-04   0.40791142E-04   0.51551550E-03   0.26299882E-05   0.61972122E-03   0.63245228E-03   0.61972122E-03
  -0.533   0.967   0.70812751E-01   0.65300364E-04   0.10249363E-04   0.41890251E-04   0.52395588E-03   0.26255028E-05   0.63115504E-03   0.64402136E-03   0.63115504E-03
  -0.517   0.983   0.72036467E-01   0.67119557E-04   0.10474683E-04   0.42996308E-04   0.53233081E-03   0.26210815E-05   0.64253964E-03   0.65554243E-03   0.64253964E-03
  -0.500   1.000   0.73255565E-01   0.68950136E-04   0.10698928E-04   0.44109354E-04   0.54063950E-03   0.26167216E-05   0.65387434E-03   0.66701464E-03   0.65387434E-03
  -0.483   1.017   0.74469995E-01   0.70792031E-04   0.10922048E-04   0.45229443E-04   0.54888130E-03   0.26124208E-05   0.66515857E-03   0.67843725E-03   0.66515857E-03
  -0.467   1.033   0.75679718E-01   0.72645181E-04   0.11143994E-04   0.46356640E-04   0.55705561E-03   0.26081767E-05   0.67639186E-03   0.68980960E-03   0.67639186E-03
  -0.450   1.050   0.76884701E-01   0.74509538E-04   0.11364720E-04   0.47491018E-04   0.56516189E-03   0.26039872E-05   0.68757378E-03   0.70113115E-03   0.68757378E-03
  -0.433   1.067   0.78084921E-01   0.76385067E-04   0.11584177E-04   0.48632665E-04   0.57319968E-03   0.25998500E-05   0.69870401E-03   0.71240144E-03   0.69870401E-03
  -0.417   1.083   0.79280363E-01   0.78271744E-04   0.11802320E-04   0.49781676E-04   0.58116860E-03   0.25957631E-05   0.70978228E-03   0.72362010E-03   0.70978228E-03
  -0.400   1.100   0.80471016E-01   0.80169558E-04   0.12019103E-04   0.50938159E-04   0.58906828E-03   0.25917246E-05   0.72080841E-03   0.73478683E-03   0.72080841E-03
  -0.383   1.117   0.81656879E-01   0.82078509E-04   0.12234483E-04   0.52102230E-04   0.59689844E-03   0.25877326E-05   0.73178225E-03   0.74590139E-03   0.73178225E-03
  -0.367   1.133   0.82837952E-01   0.83998606E-04   0.12448417E-04   0.53274016E-04   0.60465880E-03   0.25837851E-05   0.74270373E-03   0.75696363E-03   0.74270373E-03
  -0.350   1.150   0.84014242E-01   0.85929872E-04   0.12660862E-04   0.54453654E-04   0.61234917E-03   0.25798805E-05   0.75357282E-03   0.76797343E-03   0.75357282E-03
  -0.333   1.167   0.85185760E-01   0.87872338E-04   0.12871778E-04   0.55641289E-04   0.61996935E-03   0.25760170E-05   0.76438953E-03   0.77893077E-03   0.76438953E-03
  -0.317   1.183   0.86352521E-01   0.89826046E-04   0.13081126E-04   0.56837074E-04   0.62751920E-03   0.25721930E-05   0.77515395E-03   0.78983563E-03   0.77515395E-03
  -0.300   1.200   0.87514544E-01   0.91791047E-04   0.13288865E-04   0.58041173E-04   0.63499860E-03   0.25684069E-05   0.78586619E-03   0.80068809E-03   0.78586619E-03
  -0.283   1.217   0.88671849E-01   0.93767402E-04   0.13494960E-04   0.59253755E-04   0.64240746E-03   0.25646571E-05   0.79652638E-03   0.81148824E-03   0.79652638E-03
  -0.267   1.233   0.89824462E-01   0.95755179E-04   0.13699372E-04   0.60474998E-04   0.64974572E-03   0.25609421E-05   0.80713471E-03   0.82223621E-03   0.80713471E-03
  -0.250   1.250   0.90972219E-01   0.97754389E-04   0.13902185E-04   0.61704846E-04   0.65701237E-03   0.25572589E-05   0.81768999E-03   0.83293105E-03   0.81768999E-03
  -0.233   1.267   0.92114816E-01   0.99764914E-04   0.14103449E-04   0.62943238E-04   0.66420570E-03   0.25536022E-05   0.82819018E-03   0.84357091E-03   0.82819018E-03
  -0.217   1.283   0.93252211E-01   0.10178673E-03   0.14303035E-04   0.64190439E-04   0.67132540E-03   0.25499705E-05   0.83863537E-03   0.85415558E-03   0.83863537E-03
  -0.200   1.300   0.94384390E-01   0.10381986E-03   0.14500863E-04   0.65446657E-04   0.67837127E-03   0.25463630E-05   0.84902572E-03   0.86468501E-03   0.84902572E-03
  -0.183   1.317   0.95511348E-01   0.10586432E-03   0.14696878E-04   0.66712083E-04   0.68534318E-03   0.25427787E-05   0.85936137E-03   0.87515924E-03   0.85936137E-03
  -0.167   1.333   0.96633086E-01   0.10792016E-03   0.14891035E-04   0.67986911E-04   0.69224106E-03   0.25392165E-05   0.86964249E-03   0.88557838E-03   0.86964249E-03
  -0.150   1.350   0.97749608E-01   0.10998744E-03   0.15083294E-04   0.69271339E-04   0.69906484E-03   0.25356754E-05   0.87986926E-03   0.89594259E-03   0.87986926E-03
  -0.133   1.367   0.98860919E-01   0.11206622E-03   0.15273615E-04   0.70565570E-04   0.70581449E-03   0.25321544E-05   0.89004191E-03   0.90625204E-03   0.89004191E-03
  -0.117   1.383   0.99967026E-01   0.11415655E-03   0.15461959E-04   0.71869817E-04   0.71248998E-03   0.25286523E-05   0.90016066E-03   0.91650695E-03   0.90016066E-03
  -0.100   1.400   0.10106794E+00   0.11625850E-03   0.15648291E-04   0.73184294E-04   0.71909130E-03   0.25251682E-05   0.91022575E-03   0.92670755E-03   0.91022575E-03
  -0.083   1.417   0.10216366E+00   0.11837216E-03   0.15832572E-04   0.74509223E-04   0.72561844E-03   0.25217011E-05   0.92023746E-03   0.93685410E-03   0.92023746E-03
  -0.067   1.433   0.10325420E+00   0.12049759E-03   0.16014769E-04   0.75844827E-04   0.73207143E-03   0.25182501E-05   0.93019606E-03   0.94694686E-03   0.93019606E-03
  -0.050   1.450   0.10433958E+00   0.12263488E-03   0.16194843E-04   0.77191335E-04   0.73845026E-03   0.25148142E-05   0.94010186E-03   0.95698613E-03   0.94010186E-03
  -0.033   1.467   0.10541980E+00   0.12478411E-03   0.16372762E-04   0.78548980E-04   0.74475497E-03   0.25113926E-05   0.94995516E-03   0.96697221E-03   0.94995516E-03
  -0.017   1.483   0.10649486E+00   0.12694537E-03   0.16548489E-04   0.79917995E-04   0.75098559E-03   0.25079844E-05   0.95975629E-03   0.97690542E-03   0.95975629E-03
   0.000   1.500   0.10756480E+00   0.12911873E-03   0.16721991E-04   0.81298617E-04   0.75714217E-03   0.25045887E-05   0.96950560E-03   0.98678609E-03   0.96950560E-03
   0.017   1.517   0.10862960E+00   0.13130429E-03   0.16893234E-04   0.82691084E-04   0.76322475E-03   0.25012047E-05   0.97920341E-03   0.99661456E-03   0.97920341E-03
   0.033   1.533   0.10968929E+00   0.13350213E-03   0.17062184E-04   0.84095639E-04   0.76923339E-03   0.24978318E-05   0.98885010E-03   0.10063912E-02   0.98885010E-03
   0.050   1.550   0.11074388E+00   0.13571235E-03   0.17228809E-04   0.85512521E-04   0.77516817E-03   0.24944690E-05   0.99844601E-03   0.10161163E-02   0.99844601E-03
   0.067   1.567   0.11179337E+00   0.13793504E-03   0.17393076E-04   0.86941973E-04   0.78102914E-03   0.24911158E-05   0.10079915E-02   0.10257903E-02   0.10079915E-02
   0.083   1.583   0.11283778E+00   0.14017027E-03   0.17554953E-04   0.88384238E-04   0.78681639E-03   0.24877713E-05   0.10174870E-02   0.10354136E-02   0.10174870E-02
   0.100   1.600   0.11387713E+00   0.14241815E-03   0.17714409E-04   0.89839558E-04   0.79252999E-03   0.24844350E-05   0.10269329E-02   0.10449865E-02   0.10269329E-02
   0.117   1.617   0.11491141E+00   0.14467877E-03   0.17871413E-04   0.91308176E-04   0.79817005E-03   0.24811061E-05   0.10363296E-02   0.10545095E-02   0.10363296E-02
   0.133   1.633   0.11594064E+00   0.14695220E-03   0.18025934E-04   0.92790334E-04   0.80373666E-03   0.24777841E-05   0.10456774E-02   0.10639829E-02   0.10456774E-02
   0.150   1.650   0.11696483E+00   0.14923854E-03   0.18177943E-04   0.94286272E-04   0.80922991E-03   0.24744683E-05   0.10549767E-02   0.10734071E-02   0.10549767E-02
   0.167   1.667   0.11798400E+00   0.15153787E-03   0.18327411E-04   0.95796230E-04   0.81464992E-03   0.24711582E-05   0.10642280E-02   0.10827826E-02   0.10642280E-02
   0.183   1.683   0.11899815E+00   0.15385029E-03   0.18474309E-04   0.97320445E-04   0.81999680E-03   0.24678531E-05   0.10734317E-02   0.10921097E-02   0.10734317E-02
   0.200   1.700   0.12000729E+00   0.15617588E-03   0.18618609E-04   0.98859154E-04   0.82527067E-03   0.24645527E-05   0.10825882E-02   0.11013889E-02   0.10825882E-02
   0.217   1.717   0.12101143E+00   0.15851471E-03   0.18760284E-04   0.10041259E-03   0.83047166E-03   0.24612563E-05   0.10916978E-02   0.11106205E-02   0.10916978E-02
   0.233   1.733   0.12201059E+00   0.16086687E-03   0.18899308E-04   0.10198098E-03   0.83559989E-03   0.24579635E-05   0.11007611E-02   0.11198050E-02   0.11007611E-02
   0.250   1.750   0.12300476E+00   0.16323244E-03   0.19035655E-04   0.10356456E-03   0.84065550E-03   0.24546737E-05   0.11097783E-02   0.11289428E-02   0.11097783E-02
   0.267   1.767   0.12399396E+00   0.16561150E-03   0.19169299E-04   0.10516354E-03   0.84563863E-03   0.24513867E-05   0.11187500E-02   0.11380344E-02   0.11187500E-02
   0.283   1.783   0.12497821E+00   0.16800412E-03   0.19300217E-04   0.10677816E-03   0.85054943E-03   0.24481018E-05   0.11276766E-02   0.11470800E-02   0.11276766E-02
   0.300   1.800   0.12595749E+00   0.17041038E-03   0.19428386E-04   0.10840862E-03   0.85538806E-03   0.24448188E-05   0.11365584E-02   0.11560803E-02   0.11365584E-02
   0.317   1.817   0.12693183E+00   0.17283034E-03   0.19553783E-04   0.11005514E-03   0.86015466E-03   0.24415372E-05   0.11453959E-02   0.11650355E-02   0.11453959E-02
   0.333   1.833   0.12790123E+00   0.17526407E-03   0.19676386E-04   0.11171793E-03   0.86484941E-03   0.24382567E-05   0.11541895E-02   0.11739460E-02   0.11541895E-02
   0.350   1.850   0.12886569E+00   0.17771164E-03   0.19796176E-04   0.11339718E-03   0.86947248E-03   0.24349769E-05   0.11629396E-02   0.11828125E-02   0.11629396E-02
   0.367   1.867   0.12982523E+00   0.18017311E-03   0.19913131E-04   0.11509311E-03   0.87402403E-03   0.24316975E-05   0.11716466E-02   0.11916351E-02   0.11716466E-02
   0.383   1.883   0.13077985E+00   0.18264854E-03   0.20027234E-04   0.11680591E-03   0.87850426E-03   0.24284182E-05   0.11803110E-02   0.12004144E-02   0.11803110E-02
   0.400   1.900   0.13172956E+00   0.18513798E-03   0.20138467E-04   0.11853575E-03   0.88291334E-03   0.24251386E-05   0.11889331E-02   0.12091507E-02   0.11889331E-02
   0.417   1.917   0.13267436E+00   0.18764149E-03   0.20246814E-04   0.12028282E-03   0.88725147E-03   0.24218586E-05   0.11975134E-02   0.12178445E-02   0.11975134E-02
   0.433   1.933   0.13361425E+00   0.19015912E-03   0.20352258E-04   0.12204731E-03   0.89151885E-03   0.24185778E-05   0.12060522E-02   0.12264961E-02   0.12060522E-02
   0.450   1.950   0.13454925E+00   0.19269091E-03   0.20454785E-04   0.12382937E-03   0.89571568E-03   0.24152959E-05   0.12145500E-02   0.12351060E-02   0.12145500E-02
   0.467   1.967   0.13547935E+00   0.19523690E-03   0.20554381E-04   0.12562917E-03   0.89984218E-03   0.24120129E-05   0.12230072E-02   0.12436746E-02   0.12230072E-02
   0.483   1.983   0.13640456E+00   0.19779714E-03   0.20651035E-04   0.12744687E-03   0.90389856E-03   0.24087284E-05   0.12314241E-02   0.12522023E-02   0.12314241E-02
   0.500   2.000   0.13732488E+00   0.20037165E-03   0.20744736E-04   0.12928262E-03   0.90788504E-03   0.24054422E-05   0.12398012E-02   0.12606895E-02   0.12398012E-02
   0.517   2.017   0.13824032E+00   0.20296047E-03   0.20835472E-04   0.13113657E-03   0.91180185E-03   0.24021543E-05   0.12481388E-02   0.12691365E-02   0.12481388E-02
   0.533   2.033   0.13915087E+00   0.20556362E-03   0.20923236E-04   0.13300883E-03   0.91564923E-03   0.23988643E-05   0.12564374E-02   0.12775438E-02   0.12564374E-02
   0.550   2.050   0.14005655E+00   0.20818113E-03   0.21008020E-04   0.13489956E-03   0.91942741E-03   0.23955722E-05   0.12646973E-02   0.12859117E-02   0.12646973E-02
   0.567   2.067   0.14095735E+00   0.21081301E-03   0.21089817E-04   0.13680885E-03   0.92313665E-03   0.23922778E-05   0.12729188E-02   0.12942406E-02   0.12729188E-02
   0.583   2.083   0.14185328E+00   0.21345928E-03   0.21168622E-04   0.13873684E-03   0.92677720E-03   0.23889810E-05   0.12811025E-02   0.13025309E-02   0.12811025E-02
   0.600   2.100   0.14274433E+00   0.21611995E-03   0.21244432E-04   0.14068362E-03   0.93034932E-03   0.23856817E-05   0.12892486E-02   0.13107830E-02   0.12892486E-02
   0.617   2.117   0.14363050E+00   0.21879502E-03   0.21317243E-04   0.14264929E-03   0.93385328E-03   0.23823798E-05   0.12973574E-02   0.13189972E-02   0.12973574E-02
   0.633   2.133   0.14451180E+00   0.22148449E-03   0.21387054E-04   0.14463393E-03   0.93728934E-03   0.23790752E-05   0.13054294E-02   0.13271739E-02   0.13054294E-02
   0.650   2.150   0.14538823E+00   0.22418835E-03   0.21453865E-04   0.14663764E-03   0.94065778E-03   0.23757678E-05   0.13134650E-02   0.13353134E-02   0.13134650E-02
   0.667   2.167   0.14625978E+00   0.22690661E-03   0.21517677E-04   0.14866047E-03   0.94395890E-03   0.23724575E-05   0.13214643E-02   0.13434161E-02   0.13214643E-02
   0.683   2.183   0.14712646E+00   0.22963924E-03   0.21578492E-04   0.15070250E-03   0.94719298E-03   0.23691444E-05   0.13294279E-02   0.13514824E-02   0.13294279E-02
   0.700   2.200   0.14798826E+00   0.23238622E-03   0.21636314E-04   0.15276377E-03   0.95036033E-03   0.23658284E-05   0.13373560E-02   0.13595125E-02   0.13373560E-02
   0.717   2.217   0.14884517E+00   0.23514754E-03   0.21691148E-04   0.15484434E-03   0.95346124E-03   0.23625094E-05   0.13452490E-02   0.13675068E-02   0.13452490E-02
   0.733   2.233   0.14969721E+00   0.23792316E-03   0.21743000E-04   0.15694423E-03   0.95649603E-03   0.23591876E-05   0.13531071E-02   0.13754656E-02   0.13531071E-02
   0.750   2.250   0.15054436E+00   0.24071305E-03   0.21791877E-04   0.15906349E-03   0.95946501E-03   0.23558627E-05   0.13609308E-02   0.13833893E-02   0.13609308E-02
   0.767   2.267   0.15138662E+00   0.24351716E-03   0.21837788E-04   0.16120212E-03   0.96236851E-03   0.23525349E-05   0.13687202E-02   0.13912781E-02   0.13687202E-02
   0.783   2.283   0.15222399E+00   0.24633546E-03   0.21880744E-04   0.16336014E-03   0.96520687E-03   0.23492043E-05   0.13764758E-02   0.13991324E-02   0.13764758E-02
   0.800   2.300   0.15305647E+00   0.24916789E-03   0.21920755E-04   0.16553754E-03   0.96798040E-03   0.23458707E-05   0.13841978E-02   0.14069525E-02   0.13841978E-02
   0.817   2.317   0.15388404E+00   0.25201440E-03   0.21957833E-04   0.16773432E-03   0.97068947E-03   0.23425343E-05   0.13918865E-02   0.14147386E-02   0.13918865E-02
   0.833   2.333   0.15470670E+00   0.25487493E-03   0.21991993E-04   0.16995046E-03   0.97333442E-03   0.23391952E-05   0.13995422E-02   0.14224910E-02   0.13995422E-02
   0.850   2.350   0.15552445E+00   0.25774941E-03   0.22023250E-04   0.17218593E-03   0.97591560E-03   0.23358533E-05   0.14071651E-02   0.14302100E-02   0.14071651E-02
   0.867   2.367   0.15633728E+00   0.26063777E-03   0.22051619E-04   0.17444070E-03   0.97843338E-03   0.23325088E-05   0.14147556E-02   0.14378960E-02   0.14147556E-02
   0.883   2.383   0.15714518E+00   0.26353993E-03   0.22077118E-04   0.17671472E-03   0.98088812E-03   0.23291618E-05   0.14223138E-02   0.14455490E-02   0.14223138E-02
   0.900   2.400   0.15794815E+00   0.26645581E-03   0.22099765E-04   0.17900793E-03   0.98328021E-03   0.23258123E-05   0.14298401E-02   0.14531695E-02   0.14298401E-02
   0.917   2.417   0.15874617E+00   0.26938532E-03   0.22119580E-04   0.18132027E-03   0.98561001E-03   0.23224604E-05   0.14373347E-02   0.14607576E-02   0.14373347E-02
   0.933   2.433   0.15953924E+00   0.27232836E-03   0.22136584E-04   0.18365167E-03   0.98787792E-03   0.23191064E-05   0.14447978E-02   0.14683136E-02   0.14447978E-02
   0.950   2.450   0.16032735E+00   0.27528484E-03   0.22150798E-04   0.18600203E-03   0.99008434E-03   0.23157503E-05   0.14522297E-02   0.14758378E-02   0.14522297E-02
   0.967   2.467   0.16111049E+00   0.27825464E-03   0.22162247E-04   0.18837128E-03   0.99222966E-03   0.23123922E-05   0.14596306E-02   0.14833302E-02   0.14596306E-02
   0.983   2.483   0.16188865E+00   0.28123765E-03   0.22170953E-04   0.19075930E-03   0.99431428E-03   0.23090322E-05   0.14670006E-02   0.14907912E-02   0.14670006E-02
   1.000   2.500   0.16266182E+00   0.28423428E-03   0.22176983E-04   0.19316620E-03   0.99633457E-03   0.23056719E-05   0.14743400E-02   0.14982177E-02   0.14743400E-02
   1.017   2.517   0.16343483E+00   0.28726972E-03   0.22178013E-04   0.19561430E-03   0.99808448E-03   0.23013877E-05   0.14816154E-02   0.15054479E-02   0.14816154E-02
   1.033   2.533   0.16420855E+00   0.29031478E-03   0.22172880E-04   0.19808306E-03   0.99981020E-03   0.22968962E-05   0.14888211E-02   0.15126778E-02   0.14888211E-02
   1.050   2.550   0.16498011E+00   0.29337038E-03   0.22164544E-04   0.20056740E-03   0.10014943E-02   0.22923887E-05   0.14959772E-02   0.15198890E-02   0.14959772E-02
   1.067   2.567   0.16574818E+00   0.29643712E-03   0.22153636E-04   0.20306731E-03   0.10031290E-02   0.22878734E-05   0.15030932E-02   0.15270750E-02   0.15030932E-02
   1.083   2.583   0.16651208E+00   0.29951560E-03   0.22140358E-04   0.20558316E-03   0.10047107E-02   0.22833571E-05   0.15101741E-02   0.15342331E-02   0.15101741E-02
   1.100   2.600   0.16727146E+00   0.30260620E-03   0.22124813E-04   0.20811518E-03   0.10062375E-02   0.22788442E-05   0.15172226E-02   0.15413626E-02   0.15172226E-02
   1.117   2.617   0.16802612E+00   0.30570913E-03   0.22107070E-04   0.21066347E-03   0.10077089E-02   0.22743373E-05   0.15242403E-02   0.15484629E-02   0.15242403E-02
   1.133   2.633   0.16877595E+00   0.30882443E-03   0.22087180E-04   0.21322802E-03   0.10091247E-02   0.22698382E-05   0.15312281E-02   0.15555342E-02   0.15312281E-02
   1.150   2.650   0.16952088E+00   0.31195208E-03   0.22065185E-04   0.21580878E-03   0.10104851E-02   0.22653478E-05   0.15381868E-02   0.15625765E-02   0.15381868E-02
   1.167   2.667   0.17026087E+00   0.31509199E-03   0.22041123E-04   0.21840562E-03   0.10117904E-02   0.22608670E-05   0.15451168E-02   0.15695900E-02   0.15451168E-02
   1.183   2.683   0.17099589E+00   0.31824405E-03   0.22015028E-04   0.22101840E-03   0.10130409E-02   0.22563961E-05   0.15520184E-02   0.15765748E-02   0.15520184E-02
   1.200   2.700   0.17172593E+00   0.32140812E-03   0.21986933E-04   0.22364697E-03   0.10142371E-02   0.22519357E-05   0.15588919E-02   0.15835311E-02   0.15588919E-02
   1.217   2.717   0.17245097E+00   0.32458403E-03   0.21956868E-04   0.22629115E-03   0.10153796E-02   0.22474860E-05   0.15657377E-02   0.15904591E-02   0.15657377E-02
   1.233   2.733   0.17317099E+00   0.32777161E-03   0.21924866E-04   0.22895076E-03   0.10164688E-02   0.22430473E-05   0.15725558E-02   0.15973591E-02   0.15725558E-02
   1.250   2.750   0.17388599E+00   0.33097070E-03   0.21890959E-04   0.23162560E-03   0.10175053E-02   0.22386200E-05   0.15793466E-02   0.16042311E-02   0.15793466E-02
   1.267   2.767   0.17459596E+00   0.33418109E-03   0.21855177E-04   0.23431547E-03   0.10184895E-02   0.22342042E-05   0.15861101E-02   0.16110755E-02   0.15861101E-02
   1.283   2.783   0.17530088E+00   0.33740262E-03   0.21817554E-04   0.23702016E-03   0.10194221E-02   0.22298003E-05   0.15928467E-02   0.16178923E-02   0.15928467E-02
   1.300   2.800   0.17600075E+00   0.34063507E-03   0.21778120E-04   0.23973946E-03   0.10203037E-02   0.22254085E-05   0.15995564E-02   0.16246817E-02   0.15995564E-02
   1.317   2.817   0.17669555E+00   0.34387824E-03   0.21736909E-04   0.24247315E-03   0.10211346E-02   0.22210292E-05   0.16062394E-02   0.16314439E-02   0.16062394E-02
   1.333   2.833   0.17738527E+00   0.34713194E-03   0.21693953E-04   0.24522100E-03   0.10219156E-02   0.22166625E-05   0.16128959E-02   0.16381791E-02   0.16128959E-02
   1.350   2.850   0.17806990E+00   0.35039594E-03   0.21649285E-04   0.24798278E-03   0.10226471E-02   0.22123088E-05   0.16195260E-02   0.16448874E-02   0.16195260E-02
   1.367   2.867   0.17874943E+00   0.35367003E-03   0.21602937E-04   0.25075824E-03   0.10233298E-02   0.22079684E-05   0.16261299E-02   0.16515690E-02   0.16261299E-02
   1.383   2.883   0.17942385E+00   0.35695399E-03   0.21554943E-04   0.25354715E-03   0.10239642E-02   0.22036416E-05   0.16327077E-02   0.16582239E-02   0.16327077E-02
   1.400   2.900   0.18009315E+00   0.36024759E-03   0.21505337E-04   0.25634926E-03   0.10245508E-02   0.21993286E-05   0.16392595E-02   0.16648523E-02   0.16392595E-02
   1.417   2.917   0.18075731E+00   0.36355059E-03   0.21454151E-04   0.25916430E-03   0.10250903E-02   0.21950299E-05   0.16457854E-02   0.16714544E-02   0.16457854E-02
   1.433   2.933   0.18141632E+00   0.36686277E-03   0.21401420E-04   0.26199202E-03   0.10255833E-02   0.21907456E-05   0.16522856E-02   0.16780302E-02   0.16522856E-02
   1.450   2.950   0.18207016E+00   0.37018387E-03   0.21347177E-04   0.26483214E-03   0.10260302E-02   0.21864761E-05   0.16587602E-02   0.16845799E-02   0.16587602E-02
   1.467   2.967   0.18271883E+00   0.37351366E-03   0.21291456E-04   0.26768441E-03   0.10264318E-02   0.21822218E-05   0.16652092E-02   0.16911036E-02   0.16652092E-02
   1.483   2.983   0.18336231E+00   0.37685187E-03   0.21234290E-04   0.27054853E-03   0.10267886E-02   0.21779829E-05   0.16716328E-02   0.16976012E-02   0.16716328E-02
   1.500   3.000   0.18400058E+00   0.38019826E-03   0.21175714E-04   0.27342422E-03   0.10271011E-02   0.21737599E-05   0.16780310E-02   0.17040731E-02   0.16780310E-02
   1.517   3.017   0.18463363E+00   0.38355255E-03   0.21115762E-04   0.27631121E-03   0.10273701E-02   0.21695529E-05   0.16844039E-02   0.17105191E-02   0.16844039E-02
   1.533   3.033   0.18526144E+00   0.38691448E-03   0.21054467E-04   0.27920918E-03   0.10275960E-02   0.21653625E-05   0.16907516E-02   0.17169395E-02   0.16907516E-02
   1.550   3.050   0.18588401E+00   0.39028379E-03   0.20991864E-04   0.28211785E-03   0.10277795E-02   0.21611889E-05   0.16970741E-02   0.17233341E-02   0.16970741E-02
   1.567   3.067   0.18650131E+00   0.39366018E-03   0.20927985E-04   0.28503690E-03   0.10279211E-02   0.21570324E-05   0.17033716E-02   0.17297032E-02   0.17033716E-02
   1.583   3.083   0.18711332E+00   0.39704338E-03   0.20862866E-04   0.28796604E-03   0.10280216E-02   0.21528936E-05   0.17096439E-02   0.17360468E-02   0.17096439E-02
   1.600   3.100   0.18772004E+00   0.40043311E-03   0.20796539E-04   0.29090494E-03   0.10280814E-02   0.21487726E-05   0.17158913E-02   0.17423648E-02   0.17158913E-02
   1.617   3.117   0.18832143E+00   0.40382907E-03   0.20729039E-04   0.29385329E-03   0.10281013E-02   0.21446699E-05   0.17221136E-02   0.17486574E-02   0.17221136E-02
   1.633   3.133   0.18891750E+00   0.40723096E-03   0.20660399E-04   0.29681077E-03   0.10280818E-02   0.21405859E-05   0.17283110E-02   0.17549245E-02   0.17283110E-02
   1.650   3.150   0.18950821E+00   0.41063848E-03   0.20590653E-04   0.29977704E-03   0.10280235E-02   0.21365209E-05   0.17344835E-02   0.17611662E-02   0.17344835E-02
   1.667   3.167   0.19009355E+00   0.41405132E-03   0.20519833E-04   0.30275177E-03   0.10279271E-02   0.21324753E-05   0.17406310E-02   0.17673825E-02   0.17406310E-02
   1.683   3.183   0.19067351E+00   0.41746919E-03   0.20447972E-04   0.30573462E-03   0.10277931E-02   0.21284495E-05   0.17467535E-02   0.17735733E-02   0.17467535E-02
   1.700   3.200   0.19124806E+00   0.42089175E-03   0.20375105E-04   0.30872526E-03   0.10276223E-02   0.21244440E-05   0.17528512E-02   0.17797388E-02   0.17528512E-02
   1.717   3.217   0.19181718E+00   0.42431868E-03   0.20301263E-04   0.31172333E-03   0.10274151E-02   0.21204590E-05   0.17589239E-02   0.17858788E-02   0.17589239E-02
   1.733   3.233   0.19238086E+00   0.42774967E-03   0.20226479E-04   0.31472849E-03   0.10271723E-02   0.21164951E-05   0.17649716E-02   0.17919934E-02   0.17649716E-02
   1.750   3.250   0.19293907E+00   0.43118438E-03   0.20150785E-04   0.31774038E-03   0.10268945E-02   0.21125526E-05   0.17709943E-02   0.17980826E-02   0.17709943E-02
   1.767   3.267   0.19349180E+00   0.43462247E-03   0.20074214E-04   0.32075864E-03   0.10265822E-02   0.21086319E-05   0.17769920E-02   0.18041462E-02   0.17769920E-02
   1.783   3.283   0.19403902E+00   0.43806360E-03   0.19996797E-04   0.32378290E-03   0.10262362E-02   0.21047335E-05   0.17829646E-02   0.18101843E-02   0.17829646E-02
   1.800   3.300   0.19458071E+00   0.44150744E-03   0.19918566E-04   0.32681280E-03   0.10258571E-02   0.21008578E-05   0.17889120E-02   0.18161967E-02   0.17889120E-02
   1.817   3.317   0.19511686E+00   0.44495363E-03   0.19839552E-04   0.32984797E-03   0.10254454E-02   0.20970051E-05   0.17948343E-02   0.18221836E-02   0.17948343E-02
   1.833   3.333   0.19564744E+00   0.44840181E-03   0.19759786E-04   0.33288803E-03   0.10250019E-02   0.20931761E-05   0.18007314E-02   0.18281447E-02   0.18007314E-02
   1.850   3.350   0.19617243E+00   0.45185163E-03   0.19679298E-04   0.33593260E-03   0.10245272E-02   0.20893710E-05   0.18066031E-02   0.18340801E-02   0.18066031E-02
   1.867   3.367   0.19669180E+00   0.45530273E-03   0.19598120E-04   0.33898130E-03   0.10240218E-02   0.20855903E-05   0.18124495E-02   0.18399895E-02   0.18124495E-02
   1.883   3.383   0.19720554E+00   0.45875473E-03   0.19516282E-04   0.34203374E-03   0.10234865E-02   0.20818345E-05   0.18182703E-02   0.18458731E-02   0.18182703E-02
   1.900   3.400   0.19771362E+00   0.46220726E-03   0.19433812E-04   0.34508953E-03   0.10229219E-02   0.20781041E-05   0.18240656E-02   0.18517306E-02   0.18240656E-02
   1.917   3.417   0.19821602E+00   0.46565995E-03   0.19350740E-04   0.34814827E-03   0.10223285E-02   0.20743994E-05   0.18298352E-02   0.18575619E-02   0.18298352E-02
   1.933   3.433   0.19871271E+00   0.46911242E-03   0.19267096E-04   0.35120957E-03   0.10217072E-02   0.20707210E-05   0.18355790E-02   0.18633670E-02   0.18355790E-02
   1.950   3.450   0.19920368E+00   0.47256427E-03   0.19182908E-04   0.35427303E-03   0.10210584E-02   0.20670693E-05   0.18412969E-02   0.18691457E-02   0.18412969E-02
   1.967   3.467   0.19968890E+00   0.47601512E-03   0.19098205E-04   0.35733824E-03   0.10203829E-02   0.20634448E-05   0.18469887E-02   0.18748979E-02   0.18469887E-02
   1.983   3.483   0.20016833E+00   0.47946457E-03   0.19013014E-04   0.36040478E-03   0.10196813E-02   0.20598480E-05   0.18526544E-02   0.18806235E-02   0.18526544E-02
   2.000   3.500   0.20064197E+00   0.48291223E-03   0.18927362E-04   0.36347226E-03   0.10189542E-02   0.20562793E-05   0.18582938E-02   0.18863223E-02   0.18582938E-02
   2.017   3.517   0.20110978E+00   0.48635768E-03   0.18841278E-04   0.36654026E-03   0.10182022E-02   0.20527392E-05   0.18639067E-02   0.18919942E-02   0.18639067E-02
   2.033   3.533   0.20157174E+00   0.48980053E-03   0.18754787E-04   0.36960835E-03   0.10174261E-02   0.20492282E-05   0.18694931E-02   0.18976390E-02   0.18694931E-02
   2.050   3.550   0.20202782E+00   0.49324035E-03   0.18667917E-04   0.37267611E-03   0.10166264E-02   0.20457468E-05   0.18750526E-02   0.19032565E-02   0.18750526E-02
   2.067   3.567   0.20247800E+00   0.49667674E-03   0.18580692E-04   0.37574313E-03   0.10158038E-02   0.20422956E-05   0.18805852E-02   0.19088467E-02   0.18805852E-02
   2.083   3.583   0.20292225E+00   0.50010927E-03   0.18493139E-04   0.37880897E-03   0.10149590E-02   0.20388749E-05   0.18860907E-02   0.19144092E-02   0.18860907E-02
   2.100   3.600   0.20336055E+00   0.50353751E-03   0.18405283E-04   0.38187321E-03   0.10140925E-02   0.20354853E-05   0.18915689E-02   0.19199440E-02   0.18915689E-02
   2.117   3.617   0.20379287E+00   0.50696104E-03   0.18317148E-04   0.38493541E-03   0.10132051E-02   0.20321274E-05   0.18970196E-02   0.19254508E-02   0.18970196E-02
   2.133   3.633   0.20421917E+00   0.51037942E-03   0.18228758E-04   0.38799513E-03   0.10122973E-02   0.20288015E-05   0.19024426E-02   0.19309294E-02   0.19024426E-02
   2.150   3.650   0.20463945E+00   0.51379222E-03   0.18140138E-04   0.39105195E-03   0.10113699E-02   0.20255083E-05   0.19078377E-02   0.19363797E-02   0.19078377E-02
   2.167   3.667   0.20505366E+00   0.51719900E-03   0.18051311E-04   0.39410541E-03   0.10104233E-02   0.20222483E-05   0.19132047E-02   0.19418013E-02   0.19132047E-02
   2.183   3.683   0.20546178E+00   0.52059930E-03   0.17962299E-04   0.39715507E-03   0.10094584E-02   0.20190219E-05   0.19185433E-02   0.19471941E-02   0.19185433E-02
   2.200   3.700   0.20586379E+00   0.52399268E-03   0.17873126E-04   0.40020049E-03   0.10084757E-02   0.20158297E-05   0.19238533E-02   0.19525578E-02   0.19238533E-02
   2.217   3.717   0.20625965E+00   0.52737870E-03   0.17783813E-04   0.40324122E-03   0.10074758E-02   0.20126722E-05   0.19291346E-02   0.19578922E-02   0.19291346E-02
   2.233   3.733   0.20664933E+00   0.53075688E-03   0.17694382E-04   0.40627681E-03   0.10064595E-02   0.20095500E-05   0.19343867E-02   0.19631971E-02   0.19343867E-02
   2.250   3.750   0.20703282E+00   0.53412677E-03   0.17604854E-04   0.40930681E-03   0.10054272E-02   0.20064636E-05   0.19396096E-02   0.19684721E-02   0.19396096E-02
   2.267   3.767   0.20741007E+00   0.53748790E-03   0.17515251E-04   0.41233075E-03   0.10043798E-02   0.20034135E-05   0.19448028E-02   0.19737171E-02   0.19448028E-02
   2.283   3.783   0.20778107E+00   0.54083981E-03   0.17425591E-04   0.41534819E-03   0.10033177E-02   0.20004002E-05   0.19499662E-02   0.19789317E-02   0.19499662E-02
   2.300   3.800   0.20814578E+00   0.54418203E-03   0.17335896E-04   0.41835866E-03   0.10022416E-02   0.19974244E-05   0.19550995E-02   0.19841156E-02   0.19550995E-02
   2.317   3.817   0.20850417E+00   0.54751408E-03   0.17246184E-04   0.42136171E-03   0.10011522E-02   0.19944865E-05   0.19602024E-02   0.19892686E-02   0.19602024E-02
   2.333   3.833   0.20885622E+00   0.55083548E-03   0.17156475E-04   0.42435686E-03   0.10000500E-02   0.19915871E-05   0.19652745E-02   0.19943904E-02   0.19652745E-02
   2.350   3.850   0.20920189E+00   0.55414574E-03   0.17066787E-04   0.42734366E-03   0.99893577E-03   0.19887267E-05   0.19703156E-02   0.19994807E-02   0.19703156E-02
   2.367   3.867   0.20954115E+00   0.55744439E-03   0.16977139E-04   0.43032163E-03   0.99781003E-03   0.19859059E-05   0.19753255E-02   0.20045391E-02   0.19753255E-02
   2.383   3.883   0.20987398E+00   0.56073094E-03   0.16887548E-04   0.43329030E-03   0.99667342E-03   0.19831253E-05   0.19803036E-02   0.20095653E-02   0.19803036E-02
   2.400   3.900   0.21020035E+00   0.56400489E-03   0.16798031E-04   0.43624922E-03   0.99552656E-03   0.19803853E-05   0.19852499E-02   0.20145591E-02   0.19852499E-02
   2.417   3.917   0.21052022E+00   0.56726575E-03   0.16708605E-04   0.43919790E-03   0.99437005E-03   0.19776866E-05   0.19901638E-02   0.20195200E-02   0.19901638E-02
   2.433   3.933   0.21083357E+00   0.57051301E-03   0.16619287E-04   0.44213587E-03   0.99320452E-03   0.19750296E-05   0.19950451E-02   0.20244477E-02   0.19950451E-02
   2.450   3.950   0.21114036E+00   0.57374619E-03   0.16530093E-04   0.44506265E-03   0.99203056E-03   0.19724151E-05   0.19998934E-02   0.20293419E-02   0.19998934E-02
   2.467   3.967   0.21144056E+00   0.57696476E-03   0.16441038E-04   0.44797777E-03   0.99084879E-03   0.19698434E-05   0.20047083E-02   0.20342022E-02   0.20047083E-02
   2.483   3.983   0.21173415E+00   0.58016824E-03   0.16352138E-04   0.45088075E-03   0.98965979E-03   0.19673152E-05   0.20094896E-02   0.20390282E-02   0.20094896E-02
   2.500   4.000   0.21202109E+00   0.58335610E-03   0.16263406E-04   0.45377112E-03   0.98846416E-03   0.19648311E-05   0.20142367E-02   0.20438196E-02   0.20142367E-02
   2.517   4.017   0.21230135E+00   0.58652783E-03   0.16174859E-04   0.45664838E-03   0.98726251E-03   0.19623915E-05   0.20189495E-02   0.20485760E-02   0.20189495E-02
   2.533   4.033   0.21257491E+00   0.58968292E-03   0.16086509E-04   0.45951206E-03   0.98605541E-03   0.19599971E-05   0.20236273E-02   0.20532969E-02   0.20236273E-02
   2.550   4.050   0.21284172E+00   0.59282085E-03   0.15998371E-04   0.46236168E-03   0.98484345E-03   0.19576484E-05   0.20282700E-02   0.20579820E-02   0.20282700E-02
   2.567   4.067   0.21310177E+00   0.59594111E-03   0.15910457E-04   0.46519676E-03   0.98362721E-03   0.19553459E-05   0.20328770E-02   0.20626309E-02   0.20328770E-02
   2.583   4.083   0.21335501E+00   0.59904315E-03   0.15822780E-04   0.46801680E-03   0.98240728E-03   0.19530903E-05   0.20374479E-02   0.20672431E-02   0.20374479E-02
   2.600   4.100   0.21360142E+00   0.60212647E-03   0.15735353E-04   0.47082132E-03   0.98118421E-03   0.19508821E-05   0.20419824E-02   0.20718182E-02   0.20419824E-02
   2.617   4.117   0.21384097E+00   0.60519053E-03   0.15648187E-04   0.47360984E-03   0.97995858E-03   0.19487218E-05   0.20464799E-02   0.20763558E-02   0.20464799E-02
   2.633   4.133   0.21407362E+00   0.60823481E-03   0.15561295E-04   0.47638187E-03   0.97873095E-03   0.19466100E-05   0.20509402E-02   0.20808555E-02   0.20509402E-02
   2.650   4.150   0.21429934E+00   0.61125877E-03   0.15474688E-04   0.47913692E-03   0.97750188E-03   0.19445472E-05   0.20553626E-02   0.20853168E-02   0.20553626E-02
   2.667   4.167   0.21451811E+00   0.61426188E-03   0.15388376E-04   0.48187451E-03   0.97627192E-03   0.19425341E-05   0.20597468E-02   0.20897392E-02   0.20597468E-02
   2.683   4.183   0.21472988E+00   0.61724360E-03   0.15302370E-04   0.48459414E-03   0.97504162E-03   0.19405711E-05   0.20640924E-02   0.20941223E-02   0.20640924E-02
   2.700   4.200   0.21493464E+00   0.62020339E-03   0.15216681E-04   0.48729533E-03   0.97381151E-03   0.19386588E-05   0.20683988E-02   0.20984656E-02   0.20683988E-02
   2.717   4.217   0.21513234E+00   0.62314072E-03   0.15131318E-04   0.48997759E-03   0.97258214E-03   0.19367977E-05   0.20726655E-02   0.21027685E-02   0.20726655E-02
   2.733   4.233   0.21532296E+00   0.62605505E-03   0.15046291E-04   0.49264043E-03   0.97135403E-03   0.19349884E-05   0.20768922E-02   0.21070308E-02   0.20768922E-02
   2.750   4.250   0.21550646E+00   0.62894583E-03   0.14961609E-04   0.49528336E-03   0.97012771E-03   0.19332315E-05   0.20810782E-02   0.21112517E-02   0.20810782E-02
   2.767   4.267   0.21568282E+00   0.63181251E-03   0.14877281E-04   0.49790589E-03   0.96890369E-03   0.19315274E-05   0.20852232E-02   0.21154309E-02   0.20852232E-02
   2.783   4.283   0.21585201E+00   0.63465457E-03   0.14793315E-04   0.50050754E-03   0.96768249E-03   0.19298767E-05   0.20893265E-02   0.21195678E-02   0.20893265E-02
   2.800   4.300   0.21601398E+00   0.63747144E-03   0.14709720E-04   0.50308780E-03   0.96646462E-03   0.19282799E-05   0.20933878E-02   0.21236618E-02   0.20933878E-02
   2.817   4.317   0.21616871E+00   0.64026258E-03   0.14626504E-04   0.50564621E-03   0.96525056E-03   0.19267376E-05   0.20974064E-02   0.21277126E-02   0.20974064E-02
   2.833   4.333   0.21631617E+00   0.64302744E-03   0.14543674E-04   0.50818225E-03   0.96404082E-03   0.19252502E-05   0.21013819E-02   0.21317194E-02   0.21013819E-02
   2.850   4.350   0.21645633E+00   0.64576548E-03   0.14461238E-04   0.51069546E-03   0.96283587E-03   0.19238183E-05   0.21053136E-02   0.21356819E-02   0.21053136E-02
   2.867   4.367   0.21658916E+00   0.64847615E-03   0.14379203E-04   0.51318533E-03   0.96163620E-03   0.19224425E-05   0.21092011E-02   0.21395993E-02   0.21092011E-02
   2.883   4.383   0.21671462E+00   0.65115889E-03   0.14297574E-04   0.51565139E-03   0.96044226E-03   0.19211231E-05   0.21130438E-02   0.21434712E-02   0.21130438E-02
   2.900   4.400   0.21683269E+00   0.65381315E-03   0.14216360E-04   0.51809315E-03   0.95925453E-03   0.19198607E-05   0.21168412E-02   0.21472970E-02   0.21168412E-02
   2.917   4.417   0.21694333E+00   0.65643838E-03   0.14135566E-04   0.52051012E-03   0.95807346E-03   0.19186558E-05   0.21205927E-02   0.21510762E-02   0.21205927E-02
   2.933   4.433   0.21704652E+00   0.65903404E-03   0.14055198E-04   0.52290182E-03   0.95689949E-03   0.19175088E-05   0.21242976E-02   0.21548080E-02   0.21242976E-02
   2.950   4.450   0.21714222E+00   0.66159957E-03   0.13975261E-04   0.52526776E-03   0.95573307E-03   0.19164203E-05   0.21279555E-02   0.21584921E-02   0.21279555E-02
   2.967   4.467   0.21723041E+00   0.66413442E-03   0.13895762E-04   0.52760747E-03   0.95457461E-03   0.19153907E-05   0.21315658E-02   0.21621276E-02   0.21315658E-02
   2.983   4.483   0.21731104E+00   0.66663803E-03   0.13816704E-04   0.52992046E-03   0.95342455E-03   0.19144205E-05   0.21351278E-02   0.21657141E-02   0.21351278E-02
   3.000   4.500   0.21738410E+00   0.66910987E-03   0.13738094E-04   0.53220625E-03   0.95228329E-03   0.19135102E-05   0.21386409E-02   0.21692510E-02   0.21386409E-02
   3.017   4.517   0.21744956E+00   0.67154937E-03   0.13659935E-04   0.53446436E-03   0.95115124E-03   0.19126601E-05   0.21421046E-02   0.21727375E-02   0.21421046E-02
   3.033   4.533   0.21750738E+00   0.67395599E-03   0.13582233E-04   0.53669433E-03   0.95002879E-03   0.19118707E-05   0.21455182E-02   0.21761732E-02   0.21455182E-02
   3.050   4.550   0.21755753E+00   0.67632918E-03   0.13504991E-04   0.53889567E-03   0.94891632E-03   0.19111424E-05   0.21488811E-02   0.21795573E-02   0.21488811E-02
   3.067   4.567   0.21759999E+00   0.67866839E-03   0.13428213E-04   0.54106790E-03   0.94781422E-03   0.19104758E-05   0.21521926E-02   0.21828892E-02   0.21521926E-02
   3.083   4.583   0.21763472E+00   0.68097308E-03   0.13351903E-04   0.54321057E-03   0.94672284E-03   0.19098710E-05   0.21554522E-02   0.21861683E-02   0.21554522E-02
   3.100   4.600   0.21766171E+00   0.68324271E-03   0.13276064E-04   0.54532321E-03   0.94564254E-03   0.19093287E-05   0.21586592E-02   0.21893938E-02   0.21586592E-02
   3.117   4.617   0.21768091E+00   0.68547672E-03   0.13200700E-04   0.54740533E-03   0.94457367E-03   0.19088490E-05   0.21618129E-02   0.21925653E-02   0.21618129E-02
   3.133   4.633   0.21769231E+00   0.68767457E-03   0.13125815E-04   0.54945649E-03   0.94351657E-03   0.19084325E-05   0.21649126E-02   0.21956819E-02   0.21649126E-02
   3.150   4.650   0.21769587E+00   0.68983573E-03   0.13051410E-04   0.55147622E-03   0.94247155E-03   0.19080795E-05   0.21679579E-02   0.21987430E-02   0.21679579E-02
   3.167   4.667   0.21769157E+00   0.69195966E-03   0.12977488E-04   0.55346405E-03   0.94143893E-03   0.19077902E-05   0.21709478E-02   0.22017479E-02   0.21709478E-02
   3.183   4.683   0.21767938E+00   0.69404582E-03   0.12904053E-04   0.55541955E-03   0.94041901E-03   0.19075651E-05   0.21738818E-02   0.22046960E-02   0.21738818E-02
   3.200   4.700   0.21765927E+00   0.69609368E-03   0.12831106E-04   0.55734224E-03   0.93941208E-03   0.19074045E-05   0.21767593E-02   0.22075865E-02   0.21767593E-02
   3.217   4.717   0.21763122E+00   0.69810271E-03   0.12758649E-04   0.55923169E-03   0.93841844E-03   0.19073087E-05   0.21795794E-02   0.22104188E-02   0.21795794E-02
   3.233   4.733   0.21759520E+00   0.70007238E-03   0.12686685E-04   0.56108744E-03   0.93743833E-03   0.19072779E-05   0.21823415E-02   0.22131921E-02   0.21823415E-02
   3.250   4.750   0.21755119E+00   0.70200217E-03   0.12615215E-04   0.56290906E-03   0.93647203E-03   0.19073124E-05   0.21850450E-02   0.22159058E-02   0.21850450E-02
   3.267   4.767   0.21749916E+00   0.70389155E-03   0.12544242E-04   0.56469610E-03   0.93551978E-03   0.19074125E-05   0.21876891E-02   0.22185591E-02   0.21876891E-02
   3.283   4.783   0.21743909E+00   0.70574001E-03   0.12473766E-04   0.56644812E-03   0.93458181E-03   0.19075785E-05   0.21902731E-02   0.22211513E-02   0.21902731E-02
   3.300   4.800   0.21737095E+00   0.70754703E-03   0.12403788E-04   0.56816470E-03   0.93365834E-03   0.19078105E-05   0.21927963E-02   0.22236817E-02   0.21927963E-02
   3.317   4.817   0.21729473E+00   0.70931210E-03   0.12334310E-04   0.56984541E-03   0.93274958E-03   0.19081088E-05   0.21952580E-02   0.22261495E-02   0.21952580E-02
   3.333   4.833   0.21721039E+00   0.71103472E-03   0.12265334E-04   0.57148983E-03   0.93185573E-03   0.19084735E-05   0.21976575E-02   0.22285541E-02   0.21976575E-02
   3.350   4.850   0.21711791E+00   0.71271438E-03   0.12196859E-04   0.57309753E-03   0.93097697E-03   0.19089049E-05   0.21999940E-02   0.22308946E-02   0.21999940E-02
   3.367   4.867   0.21701728E+00   0.71435060E-03   0.12128887E-04   0.57466811E-03   0.93011347E-03   0.19094030E-05   0.22022668E-02   0.22331704E-02   0.22022668E-02
   3.383   4.883   0.21690848E+00   0.71594287E-03   0.12061418E-04   0.57620115E-03   0.92926539E-03   0.19099680E-05   0.22044752E-02   0.22353808E-02   0.22044752E-02
   3.400   4.900   0.21679148E+00   0.71749071E-03   0.11994452E-04   0.57769625E-03   0.92843288E-03   0.19106000E-05   0.22066185E-02   0.22375249E-02   0.22066185E-02
   3.417   4.917   0.21666626E+00   0.71899364E-03   0.11927991E-04   0.57915301E-03   0.92761605E-03   0.19112990E-05   0.22086959E-02   0.22396020E-02   0.22086959E-02
   3.433   4.933   0.21653281E+00   0.72045119E-03   0.11862034E-04   0.58057105E-03   0.92681504E-03   0.19120653E-05   0.22107066E-02   0.22416114E-02   0.22107066E-02
   3.450   4.950   0.21639110E+00   0.72186288E-03   0.11796580E-04   0.58194997E-03   0.92602994E-03   0.19128987E-05   0.22126500E-02   0.22435523E-02   0.22126500E-02
   3.467   4.967   0.21624113E+00   0.72322826E-03   0.11731631E-04   0.58328939E-03   0.92526084E-03   0.19137993E-05   0.22145254E-02   0.22454239E-02   0.22145254E-02
   3.483   4.983   0.21608287E+00   0.72454688E-03   0.11667186E-04   0.58458895E-03   0.92450782E-03   0.19147671E-05   0.22163318E-02   0.22472256E-02   0.22163318E-02
   3.500   5.000   0.21591632E+00   0.72581827E-03   0.11603245E-04   0.58584826E-03   0.92377093E-03   0.19158020E-05   0.22180687E-02   0.22489565E-02   0.22180687E-02
   3.517   5.017   0.21574145E+00   0.72704201E-03   0.11539807E-04   0.58706698E-03   0.92305023E-03   0.19169041E-05   0.22197353E-02   0.22506159E-02   0.22197353E-02
   3.533   5.033   0.21555825E+00   0.72821766E-03   0.11476872E-04   0.58824475E-03   0.92234574E-03   0.19180732E-05   0.22213308E-02   0.22522031E-02   0.22213308E-02
   3.550   5.050   0.21536672E+00   0.72934479E-03   0.11414439E-04   0.58938123E-03   0.92165748E-03   0.19193091E-05   0.22228545E-02   0.22537172E-02   0.22228545E-02
   3.567   5.067   0.21516684E+00   0.73042300E-03   0.11352508E-04   0.59047607E-03   0.92098545E-03   0.19206119E-05   0.22243056E-02   0.22551576E-02   0.22243056E-02
   3.583   5.083   0.21495860E+00   0.73145187E-03   0.11291077E-04   0.59152895E-03   0.92032964E-03   0.19219812E-05   0.22256835E-02   0.22565235E-02   0.22256835E-02
   3.600   5.100   0.21474199E+00   0.73243102E-03   0.11230146E-04   0.59253954E-03   0.91969002E-03   0.19234169E-05   0.22269873E-02   0.22578141E-02   0.22269873E-02
   3.617   5.117   0.21451701E+00   0.73336004E-03   0.11169713E-04   0.59350754E-03   0.91906653E-03   0.19249188E-05   0.22282164E-02   0.22590287E-02   0.22282164E-02
   3.633   5.133   0.21428365E+00   0.73423857E-03   0.11109778E-04   0.59443264E-03   0.91845914E-03   0.19264866E-05   0.22293699E-02   0.22601666E-02   0.22293699E-02
   3.650   5.150   0.21404190E+00   0.73506624E-03   0.11050340E-04   0.59531455E-03   0.91786775E-03   0.19281200E-05   0.22304473E-02   0.22612270E-02   0.22304473E-02
   3.667   5.167   0.21379178E+00   0.73584270E-03   0.10991396E-04   0.59615298E-03   0.91729228E-03   0.19298188E-05   0.22314478E-02   0.22622092E-02   0.22314478E-02
   3.683   5.183   0.21353326E+00   0.73656759E-03   0.10932946E-04   0.59694767E-03   0.91673262E-03   0.19315824E-05   0.22323706E-02   0.22631124E-02   0.22323706E-02
   3.700   5.200   0.21326636E+00   0.73724061E-03   0.10874988E-04   0.59769834E-03   0.91618864E-03   0.19334106E-05   0.22332150E-02   0.22639360E-02   0.22332150E-02
   3.717   5.217   0.21299107E+00   0.73786141E-03   0.10817521E-04   0.59840474E-03   0.91566022E-03   0.19353030E-05   0.22339804E-02   0.22646792E-02   0.22339804E-02
   3.733   5.233   0.21270740E+00   0.73842971E-03   0.10760542E-04   0.59906664E-03   0.91514719E-03   0.19372590E-05   0.22346661E-02   0.22653413E-02   0.22346661E-02
   3.750   5.250   0.21241536E+00   0.73894521E-03   0.10704050E-04   0.59968381E-03   0.91464938E-03   0.19392782E-05   0.22352713E-02   0.22659217E-02   0.22352713E-02
   3.767   5.267   0.21211495E+00   0.73940763E-03   0.10648044E-04   0.60025603E-03   0.91416661E-03   0.19413600E-05   0.22357955E-02   0.22664197E-02   0.22357955E-02
   3.783   5.283   0.21180619E+00   0.73981671E-03   0.10592520E-04   0.60078309E-03   0.91369868E-03   0.19435039E-05   0.22362379E-02   0.22668345E-02   0.22362379E-02
   3.800   5.300   0.21148908E+00   0.74017221E-03   0.10537478E-04   0.60126480E-03   0.91324536E-03   0.19457094E-05   0.22365979E-02   0.22671655E-02   0.22365979E-02
   3.817   5.317   0.21116364E+00   0.74047389E-03   0.10482915E-04   0.60170099E-03   0.91280641E-03   0.19479756E-05   0.22368748E-02   0.22674122E-02   0.22368748E-02
   3.833   5.333   0.21082989E+00   0.74072154E-03   0.10428828E-04   0.60209149E-03   0.91238160E-03   0.19503020E-05   0.22370681E-02   0.22675738E-02   0.22370681E-02
   3.850   5.350   0.21048784E+00   0.74091497E-03   0.10375216E-04   0.60243616E-03   0.91197065E-03   0.19526879E-05   0.22371772E-02   0.22676497E-02   0.22371772E-02
   3.867   5.367   0.21013752E+00   0.74105399E-03   0.10322076E-04   0.60273486E-03   0.91157328E-03   0.19551324E-05   0.22372014E-02   0.22676393E-02   0.22372014E-02
   3.883   5.383   0.20977894E+00   0.74113845E-03   0.10269405E-04   0.60298747E-03   0.91118919E-03   0.19576348E-05   0.22371401E-02   0.22675421E-02   0.22371401E-02
   3.900   5.400   0.20941215E+00   0.74116821E-03   0.10217201E-04   0.60319389E-03   0.91081807E-03   0.19601943E-05   0.22369929E-02   0.22673575E-02   0.22369929E-02
   3.917   5.417   0.20903716E+00   0.74114314E-03   0.10165462E-04   0.60335403E-03   0.91045958E-03   0.19628099E-05   0.22367592E-02   0.22670850E-02   0.22367592E-02
   3.933   5.433   0.20865400E+00   0.74106314E-03   0.10114184E-04   0.60346783E-03   0.91011338E-03   0.19654808E-05   0.22364384E-02   0.22667240E-02   0.22364384E-02
   3.950   5.450   0.20826272E+00   0.74092813E-03   0.10063364E-04   0.60353523E-03   0.90977911E-03   0.19682059E-05   0.22360301E-02   0.22662740E-02   0.22360301E-02
   3.967   5.467   0.20786335E+00   0.74073806E-03   0.10013000E-04   0.60355620E-03   0.90945640E-03   0.19709843E-05   0.22355339E-02   0.22657346E-02   0.22355339E-02
   3.983   5.483   0.20745594E+00   0.74049289E-03   0.99630883E-05   0.60353073E-03   0.90914485E-03   0.19738150E-05   0.22349492E-02   0.22651054E-02   0.22349492E-02
   4.000   5.500   0.20704052E+00   0.74019261E-03   0.99136261E-05   0.60345882E-03   0.90884406E-03   0.19766967E-05   0.22342758E-02   0.22643858E-02   0.22342758E-02
   4.017   5.517   0.20661715E+00   0.73983723E-03   0.98646099E-05   0.60334049E-03   0.90855360E-03   0.19796285E-05   0.22335131E-02   0.22635755E-02   0.22335131E-02
   4.033   5.533   0.20618587E+00   0.73942678E-03   0.98160365E-05   0.60317579E-03   0.90827305E-03   0.19826091E-05   0.22326608E-02   0.22626743E-02   0.22326608E-02
   4.050   5.550   0.20574675E+00   0.73896133E-03   0.97679023E-05   0.60296479E-03   0.90800196E-03   0.19856373E-05   0.22317187E-02   0.22616816E-02   0.22317187E-02
   4.067   5.567   0.20529984E+00   0.73844097E-03   0.97202037E-05   0.60270757E-03   0.90773986E-03   0.19887119E-05   0.22306864E-02   0.22605973E-02   0.22306864E-02
   4.083   5.583   0.20484521E+00   0.73786581E-03   0.96729371E-05   0.60240425E-03   0.90748629E-03   0.19918315E-05   0.22295637E-02   0.22594211E-02   0.22295637E-02
   4.100   5.600   0.20438292E+00   0.73723600E-03   0.96260988E-05   0.60205495E-03   0.90724076E-03   0.19949948E-05   0.22283504E-02   0.22581528E-02   0.22283504E-02
   4.117   5.617   0.20391305E+00   0.73655171E-03   0.95796848E-05   0.60165983E-03   0.90700277E-03   0.19982004E-05   0.22270463E-02   0.22567922E-02   0.22270463E-02
   4.133   5.633   0.20343566E+00   0.73581313E-03   0.95336911E-05   0.60121907E-03   0.90677180E-03   0.20014469E-05   0.22256512E-02   0.22553391E-02   0.22256512E-02
   4.150   5.650   0.20295085E+00   0.73502050E-03   0.94881136E-05   0.60073288E-03   0.90654736E-03   0.20047328E-05   0.22241651E-02   0.22537936E-02   0.22241651E-02
   4.167   5.667   0.20245869E+00   0.73417408E-03   0.94429481E-05   0.60020149E-03   0.90632889E-03   0.20080567E-05   0.22225880E-02   0.22521555E-02   0.22225880E-02
   4.183   5.683   0.20195928E+00   0.73327417E-03   0.93981903E-05   0.59962514E-03   0.90611587E-03   0.20114169E-05   0.22209197E-02   0.22504248E-02   0.22209197E-02
   4.200   5.700   0.20145271E+00   0.73232108E-03   0.93538357E-05   0.59900412E-03   0.90590774E-03   0.20148119E-05   0.22191605E-02   0.22486016E-02   0.22191605E-02
   4.217   5.717   0.20093908E+00   0.73131517E-03   0.93098798E-05   0.59833874E-03   0.90570395E-03   0.20182401E-05   0.22173103E-02   0.22466860E-02   0.22173103E-02
   4.233   5.733   0.20041849E+00   0.73025684E-03   0.92663178E-05   0.59762933E-03   0.90550394E-03   0.20216998E-05   0.22153693E-02   0.22446781E-02   0.22153693E-02
   4.250   5.750   0.19989105E+00   0.72914651E-03   0.92231450E-05   0.59687625E-03   0.90530713E-03   0.20251893E-05   0.22133378E-02   0.22425782E-02   0.22133378E-02
   4.267   5.767   0.19935688E+00   0.72798464E-03   0.91803566E-05   0.59607989E-03   0.90511295E-03   0.20287070E-05   0.22112160E-02   0.22403865E-02   0.22112160E-02
   4.283   5.783   0.19881610E+00   0.72677173E-03   0.91379473E-05   0.59524068E-03   0.90492083E-03   0.20322509E-05   0.22090042E-02   0.22381034E-02   0.22090042E-02
   4.300   5.800   0.19826882E+00   0.72550829E-03   0.90959122E-05   0.59435905E-03   0.90473016E-03   0.20358195E-05   0.22067027E-02   0.22357292E-02   0.22067027E-02
   4.317   5.817   0.19771519E+00   0.72419491E-03   0.90542459E-05   0.59343549E-03   0.90454038E-03   0.20394108E-05   0.22043121E-02   0.22332644E-02   0.22043121E-02
   4.333   5.833   0.19715534E+00   0.72283218E-03   0.90129432E-05   0.59247050E-03   0.90435088E-03   0.20430230E-05   0.22018328E-02   0.22307095E-02   0.22018328E-02
   4.350   5.850   0.19658941E+00   0.72142074E-03   0.89719984E-05   0.59146462E-03   0.90416109E-03   0.20466544E-05   0.21992654E-02   0.22280651E-02   0.21992654E-02
   4.367   5.867   0.19601755E+00   0.71996127E-03   0.89314061E-05   0.59041841E-03   0.90397041E-03   0.20503029E-05   0.21966105E-02   0.22253318E-02   0.21966105E-02
   4.383   5.883   0.19543990E+00   0.71845448E-03   0.88911605E-05   0.58933247E-03   0.90377825E-03   0.20539666E-05   0.21938689E-02   0.22225103E-02   0.21938689E-02
   4.400   5.900   0.19485664E+00   0.71690113E-03   0.88512559E-05   0.58820743E-03   0.90358403E-03   0.20576438E-05   0.21910412E-02   0.22196015E-02   0.21910412E-02
   4.417   5.917   0.19426792E+00   0.71530201E-03   0.88116863E-05   0.58704394E-03   0.90338717E-03   0.20613325E-05   0.21881284E-02   0.22166061E-02   0.21881284E-02
   4.433   5.933   0.19367392E+00   0.71365794E-03   0.87724459E-05   0.58584269E-03   0.90318709E-03   0.20650306E-05   0.21851313E-02   0.22135252E-02   0.21851313E-02
   4.450   5.950   0.19307481E+00   0.71196979E-03   0.87335284E-05   0.58460440E-03   0.90298323E-03   0.20687364E-05   0.21820509E-02   0.22103597E-02   0.21820509E-02
   4.467   5.967   0.19247078E+00   0.71023846E-03   0.86949277E-05   0.58332981E-03   0.90277502E-03   0.20724478E-05   0.21788883E-02   0.22071107E-02   0.21788883E-02
   4.483   5.983   0.19186201E+00   0.70846490E-03   0.86566376E-05   0.58201971E-03   0.90256192E-03   0.20761629E-05   0.21756447E-02   0.22037793E-02   0.21756447E-02
   4.500   6.000   0.19124869E+00   0.70665009E-03   0.86186519E-05   0.58067489E-03   0.90234337E-03   0.20798798E-05   0.21723211E-02   0.22003669E-02   0.21723211E-02
   4.517   6.017   0.19063103E+00   0.70479503E-03   0.85809641E-05   0.57929621E-03   0.90211885E-03   0.20835965E-05   0.21689190E-02   0.21968746E-02   0.21689190E-02
   4.533   6.033   0.19000923E+00   0.70290079E-03   0.85435679E-05   0.57788452E-03   0.90188785E-03   0.20873111E-05   0.21654397E-02   0.21933040E-02   0.21654397E-02
   4.550   6.050   0.18938350E+00   0.70096844E-03   0.85064567E-05   0.57644072E-03   0.90164986E-03   0.20910217E-05   0.21618846E-02   0.21896565E-02   0.21618846E-02
   4.567   6.067   0.18875406E+00   0.69899912E-03   0.84696242E-05   0.57496574E-03   0.90140439E-03   0.20947265E-05   0.21582552E-02   0.21859336E-02   0.21582552E-02
   4.583   6.083   0.18812113E+00   0.69699397E-03   0.84330637E-05   0.57346051E-03   0.90115098E-03   0.20984235E-05   0.21545531E-02   0.21821369E-02   0.21545531E-02
   4.600   6.100   0.18748492E+00   0.69495419E-03   0.83967689E-05   0.57192602E-03   0.90088917E-03   0.21021110E-05   0.21507801E-02   0.21782682E-02   0.21507801E-02
   4.617   6.117   0.18684568E+00   0.69288099E-03   0.83607332E-05   0.57036326E-03   0.90061853E-03   0.21057871E-05   0.21469377E-02   0.21743293E-02   0.21469377E-02
   4.633   6.133   0.18620364E+00   0.69077564E-03   0.83249501E-05   0.56877327E-03   0.90033865E-03   0.21094501E-05   0.21430280E-02   0.21703219E-02   0.21430280E-02
   4.650   6.150   0.18555904E+00   0.68863940E-03   0.82894132E-05   0.56715708E-03   0.90004915E-03   0.21130982E-05   0.21390527E-02   0.21662481E-02   0.21390527E-02
   4.667   6.167   0.18491212E+00   0.68647360E-03   0.82541161E-05   0.56551578E-03   0.89974965E-03   0.21167299E-05   0.21350138E-02   0.21621099E-02   0.21350138E-02
   4.683   6.183   0.18426312E+00   0.68427956E-03   0.82190524E-05   0.56385044E-03   0.89943982E-03   0.21203433E-05   0.21309133E-02   0.21579092E-02   0.21309133E-02
   4.700   6.200   0.18361231E+00   0.68205865E-03   0.81842159E-05   0.56216219E-03   0.89911934E-03   0.21239371E-05   0.21267534E-02   0.21536483E-02   0.21267534E-02
   4.717   6.217   0.18295993E+00   0.67981225E-03   0.81496004E-05   0.56045214E-03   0.89878793E-03   0.21275096E-05   0.21225361E-02   0.21493294E-02   0.21225361E-02
   4.733   6.233   0.18230625E+00   0.67754177E-03   0.81151999E-05   0.55872144E-03   0.89844531E-03   0.21310594E-05   0.21182639E-02   0.21449548E-02   0.21182639E-02
   4.750   6.250   0.18165151E+00   0.67524862E-03   0.80810085E-05   0.55697125E-03   0.89809126E-03   0.21345851E-05   0.21139388E-02   0.21405267E-02   0.21139388E-02
   4.767   6.267   0.18099598E+00   0.67293425E-03   0.80470203E-05   0.55520275E-03   0.89772557E-03   0.21380854E-05   0.21095633E-02   0.21360477E-02   0.21095633E-02
   4.783   6.283   0.18033994E+00   0.67060012E-03   0.80132298E-05   0.55341710E-03   0.89734806E-03   0.21415590E-05   0.21051398E-02   0.21315201E-02   0.21051398E-02
   4.800   6.300   0.17968363E+00   0.66824768E-03   0.79796315E-05   0.55161551E-03   0.89695860E-03   0.21450048E-05   0.21006707E-02   0.21269464E-02   0.21006707E-02
   4.817   6.317   0.17902733E+00   0.66587842E-03   0.79462202E-05   0.54979916E-03   0.89655705E-03   0.21484216E-05   0.20961585E-02   0.21223293E-02   0.20961585E-02
   4.833   6.333   0.17837130E+00   0.66349382E-03   0.79129908E-05   0.54796928E-03   0.89614335E-03   0.21518085E-05   0.20916058E-02   0.21176712E-02   0.20916058E-02
   4.850   6.350   0.17771581E+00   0.66109537E-03   0.78799385E-05   0.54612705E-03   0.89571742E-03   0.21551645E-05   0.20870151E-02   0.21129749E-02   0.20870151E-02
   4.867   6.367   0.17706112E+00   0.65868456E-03   0.78470586E-05   0.54427368E-03   0.89527926E-03   0.21584888E-05   0.20823890E-02   0.21082430E-02   0.20823890E-02
   4.883   6.383   0.17640751E+00   0.65626288E-03   0.78143470E-05   0.54241039E-03   0.89482887E-03   0.21617806E-05   0.20777302E-02   0.21034783E-02   0.20777302E-02
   4.900   6.400   0.17575522E+00   0.65383181E-03   0.77817994E-05   0.54053838E-03   0.89436628E-03   0.21650393E-05   0.20730414E-02   0.20986833E-02   0.20730414E-02
   4.917   6.417   0.17510453E+00   0.65139285E-03   0.77494122E-05   0.53865884E-03   0.89389156E-03   0.21682643E-05   0.20683252E-02   0.20938609E-02   0.20683252E-02
   4.933   6.433   0.17445570E+00   0.64894745E-03   0.77171817E-05   0.53677295E-03   0.89340482E-03   0.21714551E-05   0.20635843E-02   0.20890139E-02   0.20635843E-02
   4.950   6.450   0.17380897E+00   0.64649709E-03   0.76851047E-05   0.53488191E-03   0.89290618E-03   0.21746114E-05   0.20588214E-02   0.20841449E-02   0.20588214E-02
   4.967   6.467   0.17316461E+00   0.64404322E-03   0.76531783E-05   0.53298688E-03   0.89239580E-03   0.21777328E-05   0.20540392E-02   0.20792568E-02   0.20540392E-02
   4.983   6.483   0.17252286E+00   0.64158725E-03   0.76213998E-05   0.53108901E-03   0.89187387E-03   0.21808192E-05   0.20492405E-02   0.20743523E-02   0.20492405E-02
   5.000   6.500   0.17188397E+00   0.63913062E-03   0.75897670E-05   0.52918943E-03   0.89134059E-03   0.21838705E-05   0.20444278E-02   0.20694343E-02   0.20444278E-02
   5.017   6.517   0.17124818E+00   0.63667470E-03   0.75582778E-05   0.52728928E-03   0.89079621E-03   0.21868866E-05   0.20396040E-02   0.20645053E-02   0.20396040E-02
   5.033   6.533   0.17061572E+00   0.63422087E-03   0.75269305E-05   0.52538964E-03   0.89024098E-03   0.21898677E-05   0.20347717E-02   0.20595683E-02   0.20347717E-02
   5.050   6.550   0.16998683E+00   0.63177047E-03   0.74957237E-05   0.52349160E-03   0.88967520E-03   0.21928140E-05   0.20299335E-02   0.20546258E-02   0.20299335E-02
   5.067   6.567   0.16936173E+00   0.62932481E-03   0.74646563E-05   0.52159621E-03   0.88909918E-03   0.21957258E-05   0.20250921E-02   0.20496806E-02   0.20250921E-02
   5.083   6.583   0.16874064E+00   0.62688517E-03   0.74337275E-05   0.51970450E-03   0.88851325E-03   0.21986033E-05   0.20202500E-02   0.20447353E-02   0.20202500E-02
   5.100   6.600   0.16812377E+00   0.62445281E-03   0.74029369E-05   0.51781747E-03   0.88791777E-03   0.22014471E-05   0.20154097E-02   0.20397924E-02   0.20154097E-02
   5.117   6.617   0.16751132E+00   0.62202894E-03   0.73722842E-05   0.51593609E-03   0.88731310E-03   0.22042578E-05   0.20105738E-02   0.20348547E-02   0.20105738E-02
   5.133   6.633   0.16690350E+00   0.61961474E-03   0.73417695E-05   0.51406132E-03   0.88669963E-03   0.22070358E-05   0.20057448E-02   0.20299245E-02   0.20057448E-02
   5.150   6.650   0.16630049E+00   0.61721135E-03   0.73113932E-05   0.51219405E-03   0.88607778E-03   0.22097820E-05   0.20009250E-02   0.20250043E-02   0.20009250E-02
   5.167   6.667   0.16570247E+00   0.61481988E-03   0.72811558E-05   0.51033518E-03   0.88544795E-03   0.22124971E-05   0.19961168E-02   0.20200967E-02   0.19961168E-02
   5.183   6.683   0.16510962E+00   0.61244138E-03   0.72510583E-05   0.50848555E-03   0.88481057E-03   0.22151819E-05   0.19913224E-02   0.20152037E-02   0.19913224E-02
   5.200   6.700   0.16452211E+00   0.61007688E-03   0.72211017E-05   0.50664598E-03   0.88416610E-03   0.22178375E-05   0.19865442E-02   0.20103279E-02   0.19865442E-02
   5.217   6.717   0.16394009E+00   0.60772735E-03   0.71912873E-05   0.50481723E-03   0.88351498E-03   0.22204647E-05   0.19817842E-02   0.20054713E-02   0.19817842E-02
   5.233   6.733   0.16336372E+00   0.60539373E-03   0.71616166E-05   0.50300007E-03   0.88285767E-03   0.22230646E-05   0.19770446E-02   0.20006361E-02   0.19770446E-02
   5.250   6.750   0.16279313E+00   0.60307690E-03   0.71320914E-05   0.50119520E-03   0.88219464E-03   0.22256383E-05   0.19723273E-02   0.19958245E-02   0.19723273E-02
   5.267   6.767   0.16222846E+00   0.60077772E-03   0.71027134E-05   0.49940328E-03   0.88152635E-03   0.22281870E-05   0.19676344E-02   0.19910382E-02   0.19676344E-02
   5.283   6.783   0.16166983E+00   0.59849698E-03   0.70734847E-05   0.49762495E-03   0.88085328E-03   0.22307119E-05   0.19629676E-02   0.19862794E-02   0.19629676E-02
   5.300   6.800   0.16111735E+00   0.59623543E-03   0.70444075E-05   0.49586082E-03   0.88017591E-03   0.22332142E-05   0.19583288E-02   0.19815498E-02   0.19583288E-02
   5.317   6.817   0.16057114E+00   0.59399379E-03   0.70154840E-05   0.49411144E-03   0.87949471E-03   0.22356953E-05   0.19537197E-02   0.19768511E-02   0.19537197E-02
   5.333   6.833   0.16003129E+00   0.59177271E-03   0.69867165E-05   0.49237733E-03   0.87881015E-03   0.22381564E-05   0.19491419E-02   0.19721851E-02   0.19491419E-02
   5.350   6.850   0.15949789E+00   0.58957281E-03   0.69581075E-05   0.49065899E-03   0.87812270E-03   0.22405989E-05   0.19445970E-02   0.19675532E-02   0.19445970E-02
   5.367   6.867   0.15897102E+00   0.58739468E-03   0.69296594E-05   0.48895687E-03   0.87743283E-03   0.22430243E-05   0.19400863E-02   0.19629571E-02   0.19400863E-02
   5.383   6.883   0.15845076E+00   0.58523882E-03   0.69013749E-05   0.48727139E-03   0.87674101E-03   0.22454338E-05   0.19356114E-02   0.19583980E-02   0.19356114E-02
   5.400   6.900   0.15793716E+00   0.58310573E-03   0.68732564E-05   0.48560292E-03   0.87604769E-03   0.22478291E-05   0.19311735E-02   0.19538774E-02   0.19311735E-02
   5.417   6.917   0.15743029E+00   0.58099585E-03   0.68453066E-05   0.48395181E-03   0.87535332E-03   0.22502114E-05   0.19267738E-02   0.19493965E-02   0.19267738E-02
   5.433   6.933   0.15693018E+00   0.57890957E-03   0.68175280E-05   0.48231837E-03   0.87465833E-03   0.22525824E-05   0.19224134E-02   0.19449564E-02   0.19224134E-02
   5.450   6.950   0.15643689E+00   0.57684726E-03   0.67899231E-05   0.48070289E-03   0.87396316E-03   0.22549434E-05   0.19180933E-02   0.19405582E-02   0.19180933E-02
   5.467   6.967   0.15595044E+00   0.57480922E-03   0.67624944E-05   0.47910560E-03   0.87326823E-03   0.22572960E-05   0.19138147E-02   0.19362028E-02   0.19138147E-02
   5.483   6.983   0.15547086E+00   0.57279572E-03   0.67352445E-05   0.47752672E-03   0.87257395E-03   0.22596416E-05   0.19095782E-02   0.19318913E-02   0.19095782E-02
   5.500   7.000   0.15499817E+00   0.57080702E-03   0.67081757E-05   0.47596644E-03   0.87188072E-03   0.22619818E-05   0.19053848E-02   0.19276243E-02   0.19053848E-02
   5.517   7.017   0.15453238E+00   0.56884329E-03   0.66812903E-05   0.47442491E-03   0.87118892E-03   0.22643179E-05   0.19012351E-02   0.19234027E-02   0.19012351E-02
   5.533   7.033   0.15407349E+00   0.56690472E-03   0.66545905E-05   0.47290225E-03   0.87049892E-03   0.22666516E-05   0.18971298E-02   0.19192271E-02   0.18971298E-02
   5.550   7.050   0.15362150E+00   0.56499141E-03   0.66280785E-05   0.47139855E-03   0.86981109E-03   0.22689843E-05   0.18930695E-02   0.19150981E-02   0.18930695E-02
   5.567   7.067   0.15317640E+00   0.56310346E-03   0.66017564E-05   0.46991389E-03   0.86912577E-03   0.22713174E-05   0.18890547E-02   0.19110162E-02   0.18890547E-02
   5.583   7.083   0.15273818E+00   0.56124093E-03   0.65756259E-05   0.46844831E-03   0.86844328E-03   0.22736523E-05   0.18850857E-02   0.19069818E-02   0.18850857E-02
   5.600   7.100   0.15230681E+00   0.55940385E-03   0.65496891E-05   0.46700182E-03   0.86776396E-03   0.22759906E-05   0.18811630E-02   0.19029953E-02   0.18811630E-02
   5.617   7.117   0.15188228E+00   0.55759222E-03   0.65239474E-05   0.46557441E-03   0.86708809E-03   0.22783337E-05   0.18772869E-02   0.18990570E-02   0.18772869E-02
   5.633   7.133   0.15146455E+00   0.55580599E-03   0.64984025E-05   0.46416607E-03   0.86641598E-03   0.22806829E-05   0.18734575E-02   0.18951671E-02   0.18734575E-02
   5.650   7.150   0.15105359E+00   0.55404512E-03   0.64730558E-05   0.46277672E-03   0.86574788E-03   0.22830396E-05   0.18696750E-02   0.18913258E-02   0.18696750E-02
   5.667   7.167   0.15064934E+00   0.55230951E-03   0.64479085E-05   0.46140631E-03   0.86508405E-03   0.22854052E-05   0.18659395E-02   0.18875332E-02   0.18659395E-02
   5.683   7.183   0.15025178E+00   0.55059905E-03   0.64229617E-05   0.46005474E-03   0.86442474E-03   0.22877810E-05   0.18622511E-02   0.18837893E-02   0.18622511E-02
   5.700   7.200   0.14986085E+00   0.54891360E-03   0.63982165E-05   0.45872190E-03   0.86377017E-03   0.22901683E-05   0.18586097E-02   0.18800941E-02   0.18586097E-02
   5.717   7.217   0.14947650E+00   0.54725301E-03   0.63736736E-05   0.45740765E-03   0.86312056E-03   0.22925684E-05   0.18550153E-02   0.18764475E-02   0.18550153E-02
   5.733   7.233   0.14909866E+00   0.54561710E-03   0.63493338E-05   0.45611185E-03   0.86247609E-03   0.22949827E-05   0.18514677E-02   0.18728494E-02   0.18514677E-02
   5.750   7.250   0.14872729E+00   0.54400566E-03   0.63251975E-05   0.45483434E-03   0.86183696E-03   0.22974122E-05   0.18479668E-02   0.18692996E-02   0.18479668E-02
   5.767   7.267   0.14836231E+00   0.54241847E-03   0.63012652E-05   0.45357494E-03   0.86120332E-03   0.22998583E-05   0.18445123E-02   0.18657978E-02   0.18445123E-02
   5.783   7.283   0.14800366E+00   0.54085529E-03   0.62775371E-05   0.45233345E-03   0.86057534E-03   0.23023221E-05   0.18411039E-02   0.18623439E-02   0.18411039E-02
   5.800   7.300   0.14765127E+00   0.53931588E-03   0.62540133E-05   0.45110968E-03   0.85995313E-03   0.23048047E-05   0.18377414E-02   0.18589375E-02   0.18377414E-02
   5.817   7.317   0.14730507E+00   0.53779995E-03   0.62306937E-05   0.44990340E-03   0.85933684E-03   0.23073073E-05   0.18344244E-02   0.18555782E-02   0.18344244E-02
   5.833   7.333   0.14696499E+00   0.53630722E-03   0.62075782E-05   0.44871439E-03   0.85872656E-03   0.23098310E-05   0.18311524E-02   0.18522656E-02   0.18311524E-02
   5.850   7.350   0.14663094E+00   0.53483739E-03   0.61846665E-05   0.44754240E-03   0.85812240E-03   0.23123769E-05   0.18279251E-02   0.18489992E-02   0.18279251E-02
   5.867   7.367   0.14630284E+00   0.53339015E-03   0.61619580E-05   0.44638719E-03   0.85752444E-03   0.23149460E-05   0.18247419E-02   0.18457787E-02   0.18247419E-02
   5.883   7.383   0.14598063E+00   0.53196518E-03   0.61394521E-05   0.44524849E-03   0.85693273E-03   0.23175393E-05   0.18216024E-02   0.18426034E-02   0.18216024E-02
   5.900   7.400   0.14566421E+00   0.53056213E-03   0.61171482E-05   0.44412604E-03   0.85634735E-03   0.23201578E-05   0.18185061E-02   0.18394728E-02   0.18185061E-02
   5.917   7.417   0.14535350E+00   0.52918065E-03   0.60950453E-05   0.44301956E-03   0.85576834E-03   0.23228025E-05   0.18154523E-02   0.18363864E-02   0.18154523E-02
   5.933   7.433   0.14504841E+00   0.52782041E-03   0.60731425E-05   0.44192877E-03   0.85519572E-03   0.23254743E-05   0.18124404E-02   0.18333435E-02   0.18124404E-02
   5.950   7.450   0.14474887E+00   0.52648102E-03   0.60514388E-05   0.44085338E-03   0.85462951E-03   0.23281741E-05   0.18094699E-02   0.18303435E-02   0.18094699E-02
   5.967   7.467   0.14445477E+00   0.52516212E-03   0.60299328E-05   0.43979309E-03   0.85406973E-03   0.23309028E-05   0.18065400E-02   0.18273858E-02   0.18065400E-02
   5.983   7.483   0.14416604E+00   0.52386332E-03   0.60086232E-05   0.43874759E-03   0.85351638E-03   0.23336613E-05   0.18036502E-02   0.18244696E-02   0.18036502E-02
   6.000   7.500   0.14388258E+00   0.52258425E-03   0.59875087E-05   0.43771660E-03   0.85296942E-03   0.23364503E-05   0.18007997E-02   0.18215942E-02   0.18007997E-02
