        RT(hours)            [NO3]         L_R_22           L_R_24           P_R_23           P_R_25           tot_loss         tot_prod
  -1.483   0.017   0.69176771E-04   0.14227074E-05   0.17440712E-06   0.22921521E-05   0.78671172E-07   0.15971145E-05   0.23708233E-05
  -1.467   0.033   0.11201874E-03   0.16372167E-05   0.30109452E-06   0.24414931E-05   0.19484469E-06   0.19383112E-05   0.26363378E-05
  -1.450   0.050   0.15448688E-03   0.17058321E-05   0.43179633E-06   0.25370087E-05   0.31748700E-06   0.21376285E-05   0.28544957E-05
  -1.433   0.067   0.19743131E-03   0.17711258E-05   0.56554417E-06   0.25985305E-05   0.44524869E-06   0.23366699E-05   0.30437792E-05
  -1.417   0.083   0.23829294E-03   0.18707741E-05   0.69347787E-06   0.26385806E-05   0.57313146E-06   0.25642520E-05   0.32117120E-05
  -1.400   0.100   0.27411271E-03   0.20104457E-05   0.80611952E-06   0.26650517E-05   0.69314126E-06   0.28165652E-05   0.33581929E-05
  -1.383   0.117   0.30254008E-03   0.21793955E-05   0.89610881E-06   0.26829071E-05   0.79718592E-06   0.30755043E-05   0.34800930E-05
  -1.367   0.133   0.32227653E-03   0.23596703E-05   0.95941757E-06   0.26952542E-05   0.87914628E-06   0.33190879E-05   0.35744005E-05
  -1.350   0.150   0.33314098E-03   0.25330465E-05   0.99547001E-06   0.27040265E-05   0.93586302E-06   0.35285165E-05   0.36398896E-05
  -1.333   0.167   0.33587642E-03   0.26853631E-05   0.10065145E-05   0.27104193E-05   0.96718976E-06   0.36918776E-05   0.36776090E-05
  -1.317   0.183   0.33183119E-03   0.28082688E-05   0.99664195E-06   0.27151683E-05   0.97541791E-06   0.38049108E-05   0.36905862E-05
  -1.300   0.200   0.32262800E-03   0.28990369E-05   0.97078084E-06   0.27187281E-05   0.96441257E-06   0.38698177E-05   0.36831406E-05
  -1.283   0.217   0.30989166E-03   0.29592996E-05   0.93387463E-06   0.27213827E-05   0.93873603E-06   0.38931742E-05   0.36601187E-05
  -1.267   0.233   0.29506516E-03   0.29934269E-05   0.89032476E-06   0.27233156E-05   0.90293063E-06   0.38837516E-05   0.36262462E-05
  -1.250   0.250   0.27931341E-03   0.30070214E-05   0.84369707E-06   0.27246505E-05   0.86103267E-06   0.38507185E-05   0.35856832E-05
  -1.233   0.267   0.26349787E-03   0.30057697E-05   0.79664134E-06   0.27254762E-05   0.81631591E-06   0.38024110E-05   0.35417921E-05
  -1.217   0.283   0.24819907E-03   0.29947126E-05   0.75095579E-06   0.27258597E-05   0.77122170E-06   0.37456684E-05   0.34970814E-05
  -1.200   0.300   0.23376500E-03   0.29778924E-05   0.70773104E-06   0.27258546E-05   0.72741687E-06   0.36856234E-05   0.34532715E-05
  -1.183   0.317   0.22036818E-03   0.29582824E-05   0.66752121E-06   0.27255043E-05   0.68592213E-06   0.36258036E-05   0.34114265E-05
  -1.167   0.333   0.20805960E-03   0.29378925E-05   0.63050707E-06   0.27248451E-05   0.64726513E-06   0.35683995E-05   0.33721102E-05
  -1.150   0.350   0.19681369E-03   0.29179592E-05   0.59663233E-06   0.27239070E-05   0.61162723E-06   0.35145915E-05   0.33355343E-05
  -1.133   0.367   0.18656205E-03   0.28991526E-05   0.56570660E-06   0.27227155E-05   0.57896706E-06   0.34648592E-05   0.33016825E-05
  -1.117   0.383   0.17721676E-03   0.28817620E-05   0.53747666E-06   0.27212918E-05   0.54911478E-06   0.34192387E-05   0.32704065E-05
  -1.100   0.400   0.16868502E-03   0.28658422E-05   0.51167172E-06   0.27196539E-05   0.52183824E-06   0.33775139E-05   0.32414922E-05
  -1.083   0.417   0.16087756E-03   0.28513176E-05   0.48802940E-06   0.27178176E-05   0.49688563E-06   0.33393470E-05   0.32147032E-05
  -1.067   0.433   0.15371274E-03   0.28380517E-05   0.46630875E-06   0.27157965E-05   0.47401057E-06   0.33043604E-05   0.31898070E-05
  -1.050   0.450   0.14711804E-03   0.28258880E-05   0.44629523E-06   0.27136028E-05   0.45298515E-06   0.32721833E-05   0.31665880E-05
  -1.033   0.467   0.14103010E-03   0.28146735E-05   0.42780108E-06   0.27112480E-05   0.43360525E-06   0.32424746E-05   0.31448533E-05
  -1.017   0.483   0.13539401E-03   0.28042693E-05   0.41066337E-06   0.27087426E-05   0.41569145E-06   0.32149326E-05   0.31244341E-05
  -1.000   0.500   0.13016232E-03   0.27945544E-05   0.39474123E-06   0.27060969E-05   0.39908757E-06   0.31892956E-05   0.31051844E-05
  -0.983   0.517   0.12529401E-03   0.27854264E-05   0.37991279E-06   0.27033206E-05   0.38365823E-06   0.31653392E-05   0.30869788E-05
  -0.967   0.533   0.12075351E-03   0.27767997E-05   0.36607233E-06   0.27004235E-05   0.36928612E-06   0.31428720E-05   0.30697096E-05
  -0.950   0.550   0.11650984E-03   0.27686033E-05   0.35312781E-06   0.26974149E-05   0.35586935E-06   0.31217311E-05   0.30532842E-05
  -0.933   0.567   0.11253593E-03   0.27607789E-05   0.34099870E-06   0.26943042E-05   0.34331915E-06   0.31017776E-05   0.30376234E-05
  -0.917   0.583   0.10880799E-03   0.27532782E-05   0.32961420E-06   0.26911005E-05   0.33155779E-06   0.30828924E-05   0.30226583E-05
  -0.900   0.600   0.10530500E-03   0.27460617E-05   0.31891173E-06   0.26878126E-05   0.32051690E-06   0.30649734E-05   0.30083295E-05
  -0.883   0.617   0.10200830E-03   0.27390965E-05   0.30883574E-06   0.26844492E-05   0.31013606E-06   0.30479323E-05   0.29945853E-05
  -0.867   0.633   0.98901281E-04   0.27323557E-05   0.29933664E-06   0.26810185E-05   0.30036159E-06   0.30316924E-05   0.29813801E-05
  -0.850   0.650   0.95969045E-04   0.27258169E-05   0.29036998E-06   0.26775286E-05   0.29114556E-06   0.30161868E-05   0.29686741E-05
  -0.833   0.667   0.93198213E-04   0.27194611E-05   0.28189576E-06   0.26739869E-05   0.28244502E-06   0.30013569E-05   0.29564319E-05
  -0.817   0.683   0.90576710E-04   0.27132728E-05   0.27387784E-06   0.26704007E-05   0.27422130E-06   0.29871507E-05   0.29446220E-05
  -0.800   0.700   0.88093607E-04   0.27072387E-05   0.26628345E-06   0.26667767E-05   0.26643946E-06   0.29735221E-05   0.29332161E-05
  -0.783   0.717   0.85738980E-04   0.27013472E-05   0.25908278E-06   0.26631211E-05   0.25906782E-06   0.29604300E-05   0.29221889E-05
  -0.767   0.733   0.83503794E-04   0.26955888E-05   0.25224867E-06   0.26594399E-05   0.25207755E-06   0.29478375E-05   0.29115175E-05
  -0.750   0.750   0.81379801E-04   0.26899550E-05   0.24575624E-06   0.26557384E-05   0.24544236E-06   0.29357112E-05   0.29011808E-05
  -0.733   0.767   0.79359459E-04   0.26844383E-05   0.23958274E-06   0.26520216E-05   0.23913823E-06   0.29240211E-05   0.28911598E-05
  -0.717   0.783   0.77435855E-04   0.26790322E-05   0.23370724E-06   0.26482939E-05   0.23314311E-06   0.29127395E-05   0.28814370E-05
  -0.700   0.800   0.75602641E-04   0.26737309E-05   0.22811051E-06   0.26445595E-05   0.22743678E-06   0.29018414E-05   0.28719962E-05
  -0.683   0.817   0.73853980E-04   0.26685290E-05   0.22277482E-06   0.26408220E-05   0.22200062E-06   0.28913038E-05   0.28628226E-05
  -0.667   0.833   0.72184497E-04   0.26634217E-05   0.21768383E-06   0.26370847E-05   0.21681749E-06   0.28811055E-05   0.28539022E-05
  -0.650   0.850   0.70589232E-04   0.26584047E-05   0.21282243E-06   0.26333507E-05   0.21187157E-06   0.28712271E-05   0.28452223E-05
  -0.633   0.867   0.69063609E-04   0.26534739E-05   0.20817664E-06   0.26296225E-05   0.20714823E-06   0.28616505E-05   0.28367707E-05
  -0.617   0.883   0.67603394E-04   0.26486254E-05   0.20373352E-06   0.26259024E-05   0.20263395E-06   0.28523589E-05   0.28285364E-05
  -0.600   0.900   0.66204671E-04   0.26438558E-05   0.19948107E-06   0.26221925E-05   0.19831620E-06   0.28433369E-05   0.28205087E-05
  -0.583   0.917   0.64863809E-04   0.26391618E-05   0.19540817E-06   0.26184945E-05   0.19418336E-06   0.28345700E-05   0.28126779E-05
  -0.567   0.933   0.63577444E-04   0.26345403E-05   0.19150447E-06   0.26148100E-05   0.19022467E-06   0.28260447E-05   0.28050346E-05
  -0.550   0.950   0.62342449E-04   0.26299882E-05   0.18776036E-06   0.26111401E-05   0.18643012E-06   0.28177486E-05   0.27975703E-05
  -0.533   0.967   0.61155921E-04   0.26255028E-05   0.18416689E-06   0.26074861E-05   0.18279038E-06   0.28096697E-05   0.27902765E-05
  -0.517   0.983   0.60015159E-04   0.26210815E-05   0.18071575E-06   0.26038489E-05   0.17929681E-06   0.28017972E-05   0.27831457E-05
  -0.500   1.000   0.58917649E-04   0.26167216E-05   0.17739916E-06   0.26002291E-05   0.17594134E-06   0.27941208E-05   0.27761704E-05
  -0.483   1.017   0.57861049E-04   0.26124208E-05   0.17420988E-06   0.25966274E-05   0.17271644E-06   0.27866307E-05   0.27693438E-05
  -0.467   1.033   0.56843172E-04   0.26081767E-05   0.17114115E-06   0.25930442E-05   0.16961510E-06   0.27793179E-05   0.27626593E-05
  -0.450   1.050   0.55861979E-04   0.26039872E-05   0.16818665E-06   0.25894800E-05   0.16663077E-06   0.27721738E-05   0.27561107E-05
  -0.433   1.067   0.54915565E-04   0.25998500E-05   0.16534048E-06   0.25859348E-05   0.16375733E-06   0.27651905E-05   0.27496921E-05
  -0.417   1.083   0.54002149E-04   0.25957631E-05   0.16259711E-06   0.25824088E-05   0.16098905E-06   0.27583603E-05   0.27433979E-05
  -0.400   1.100   0.53120062E-04   0.25917246E-05   0.15995135E-06   0.25789021E-05   0.15832058E-06   0.27516760E-05   0.27372227E-05
  -0.383   1.117   0.52267744E-04   0.25877326E-05   0.15739835E-06   0.25754146E-05   0.15574690E-06   0.27451309E-05   0.27311615E-05
  -0.367   1.133   0.51443730E-04   0.25837851E-05   0.15493357E-06   0.25719462E-05   0.15326330E-06   0.27387187E-05   0.27252095E-05
  -0.350   1.150   0.50646647E-04   0.25798805E-05   0.15255272E-06   0.25684968E-05   0.15086537E-06   0.27324332E-05   0.27193621E-05
  -0.333   1.167   0.49875207E-04   0.25760170E-05   0.15025179E-06   0.25650660E-05   0.14854896E-06   0.27262688E-05   0.27136150E-05
  -0.317   1.183   0.49128197E-04   0.25721930E-05   0.14802701E-06   0.25616536E-05   0.14631019E-06   0.27202200E-05   0.27079638E-05
  -0.300   1.200   0.48404479E-04   0.25684069E-05   0.14587482E-06   0.25582593E-05   0.14414539E-06   0.27142817E-05   0.27024047E-05
  -0.283   1.217   0.47702981E-04   0.25646571E-05   0.14379187E-06   0.25548827E-05   0.14205111E-06   0.27084489E-05   0.26969338E-05
  -0.267   1.233   0.47022694E-04   0.25609421E-05   0.14177502E-06   0.25515234E-05   0.14002412E-06   0.27027171E-05   0.26915475E-05
  -0.250   1.250   0.46362737E-04   0.25572589E-05   0.13982127E-06   0.25481784E-05   0.13806132E-06   0.26970802E-05   0.26862397E-05
  -0.233   1.267   0.45722307E-04   0.25536022E-05   0.13792771E-06   0.25448439E-05   0.13615982E-06   0.26915299E-05   0.26810037E-05
  -0.217   1.283   0.45100576E-04   0.25499705E-05   0.13609177E-06   0.25415201E-05   0.13431696E-06   0.26860622E-05   0.26758370E-05
  -0.200   1.300   0.44496759E-04   0.25463630E-05   0.13431102E-06   0.25382067E-05   0.13253018E-06   0.26806740E-05   0.26707369E-05
  -0.183   1.317   0.43910105E-04   0.25427787E-05   0.13258313E-06   0.25349035E-05   0.13079708E-06   0.26753618E-05   0.26657006E-05
  -0.167   1.333   0.43339901E-04   0.25392165E-05   0.13090587E-06   0.25316101E-05   0.12911539E-06   0.26701224E-05   0.26607254E-05
  -0.150   1.350   0.42785470E-04   0.25356754E-05   0.12927714E-06   0.25283260E-05   0.12748296E-06   0.26649526E-05   0.26558089E-05
  -0.133   1.367   0.42246170E-04   0.25321544E-05   0.12769494E-06   0.25250508E-05   0.12589774E-06   0.26598493E-05   0.26509486E-05
  -0.117   1.383   0.41721393E-04   0.25286523E-05   0.12615739E-06   0.25217842E-05   0.12435778E-06   0.26548097E-05   0.26461420E-05
  -0.100   1.400   0.41210562E-04   0.25251682E-05   0.12466268E-06   0.25185256E-05   0.12286126E-06   0.26498309E-05   0.26413868E-05
  -0.083   1.417   0.40713128E-04   0.25217011E-05   0.12320912E-06   0.25152746E-05   0.12140642E-06   0.26449102E-05   0.26366810E-05
  -0.067   1.433   0.40228572E-04   0.25182501E-05   0.12179509E-06   0.25120306E-05   0.11999162E-06   0.26400452E-05   0.26320222E-05
  -0.050   1.450   0.39756399E-04   0.25148142E-05   0.12041905E-06   0.25087933E-05   0.11861528E-06   0.26352333E-05   0.26274086E-05
  -0.033   1.467   0.39296141E-04   0.25113926E-05   0.11907955E-06   0.25055623E-05   0.11727590E-06   0.26304721E-05   0.26228382E-05
  -0.017   1.483   0.38847350E-04   0.25079843E-05   0.11777519E-06   0.25023369E-05   0.11597208E-06   0.26257595E-05   0.26183090E-05
   0.000   1.500   0.38409601E-04   0.25045887E-05   0.11650466E-06   0.24991168E-05   0.11470246E-06   0.26210933E-05   0.26138193E-05
   0.017   1.517   0.37982491E-04   0.25012047E-05   0.11526670E-06   0.24959015E-05   0.11346576E-06   0.26164714E-05   0.26093673E-05
   0.033   1.533   0.37565633E-04   0.24978318E-05   0.11406012E-06   0.24926907E-05   0.11226076E-06   0.26118919E-05   0.26049514E-05
   0.050   1.550   0.37158662E-04   0.24944690E-05   0.11288377E-06   0.24894837E-05   0.11108630E-06   0.26073528E-05   0.26005700E-05
   0.067   1.567   0.36761226E-04   0.24911158E-05   0.11173657E-06   0.24862803E-05   0.10994127E-06   0.26028523E-05   0.25962216E-05
   0.083   1.583   0.36372993E-04   0.24877713E-05   0.11061748E-06   0.24830800E-05   0.10882461E-06   0.25983888E-05   0.25919046E-05
   0.100   1.600   0.35993643E-04   0.24844350E-05   0.10952552E-06   0.24798823E-05   0.10773532E-06   0.25939605E-05   0.25876177E-05
   0.117   1.617   0.35622873E-04   0.24811061E-05   0.10845974E-06   0.24766870E-05   0.10667244E-06   0.25895658E-05   0.25833594E-05
   0.133   1.633   0.35260392E-04   0.24777841E-05   0.10741924E-06   0.24734935E-05   0.10563505E-06   0.25852033E-05   0.25791286E-05
   0.150   1.650   0.34905923E-04   0.24744683E-05   0.10640316E-06   0.24703016E-05   0.10462227E-06   0.25808714E-05   0.25749239E-05
   0.167   1.667   0.34559200E-04   0.24711581E-05   0.10541068E-06   0.24671108E-05   0.10363327E-06   0.25765688E-05   0.25707441E-05
   0.183   1.683   0.34219970E-04   0.24678531E-05   0.10444101E-06   0.24639208E-05   0.10266725E-06   0.25722941E-05   0.25665881E-05
   0.200   1.700   0.33887989E-04   0.24645527E-05   0.10349340E-06   0.24607313E-05   0.10172344E-06   0.25680461E-05   0.25624547E-05
   0.217   1.717   0.33563026E-04   0.24612563E-05   0.10256713E-06   0.24575419E-05   0.10080112E-06   0.25638234E-05   0.25583430E-05
   0.233   1.733   0.33244858E-04   0.24579635E-05   0.10166151E-06   0.24543523E-05   0.99899575E-07   0.25596250E-05   0.25542518E-05
   0.250   1.750   0.32933272E-04   0.24546737E-05   0.10077589E-06   0.24511621E-05   0.99018148E-07   0.25554496E-05   0.25501803E-05
   0.267   1.767   0.32628064E-04   0.24513867E-05   0.99909618E-07   0.24479712E-05   0.98156192E-07   0.25512963E-05   0.25461274E-05
   0.283   1.783   0.32329037E-04   0.24481018E-05   0.99062105E-07   0.24447792E-05   0.97313093E-07   0.25471639E-05   0.25420923E-05
   0.300   1.800   0.32036004E-04   0.24448188E-05   0.98232764E-07   0.24415858E-05   0.96488262E-07   0.25430516E-05   0.25380741E-05
   0.317   1.817   0.31748785E-04   0.24415372E-05   0.97421040E-07   0.24383909E-05   0.95681135E-07   0.25389583E-05   0.25340720E-05
   0.333   1.833   0.31467206E-04   0.24382567E-05   0.96626397E-07   0.24351941E-05   0.94891168E-07   0.25348831E-05   0.25300852E-05
   0.350   1.850   0.31191103E-04   0.24349769E-05   0.95848322E-07   0.24319952E-05   0.94117843E-07   0.25308252E-05   0.25261130E-05
   0.367   1.867   0.30920314E-04   0.24316975E-05   0.95086324E-07   0.24287940E-05   0.93360661E-07   0.25267838E-05   0.25221546E-05
   0.383   1.883   0.30654688E-04   0.24284182E-05   0.94339929E-07   0.24255902E-05   0.92619142E-07   0.25227581E-05   0.25182094E-05
   0.400   1.900   0.30394077E-04   0.24251386E-05   0.93608683E-07   0.24223838E-05   0.91892827E-07   0.25187473E-05   0.25142767E-05
   0.417   1.917   0.30138339E-04   0.24218586E-05   0.92892149E-07   0.24191746E-05   0.91181273E-07   0.25147507E-05   0.25103558E-05
   0.433   1.933   0.29887338E-04   0.24185778E-05   0.92189908E-07   0.24159622E-05   0.90484055E-07   0.25107677E-05   0.25064463E-05
   0.450   1.950   0.29640943E-04   0.24152959E-05   0.91501554E-07   0.24127467E-05   0.89800764E-07   0.25067975E-05   0.25025474E-05
   0.467   1.967   0.29399029E-04   0.24120129E-05   0.90826701E-07   0.24095278E-05   0.89131009E-07   0.25028396E-05   0.24986588E-05
   0.483   1.983   0.29161473E-04   0.24087284E-05   0.90164974E-07   0.24063054E-05   0.88474410E-07   0.24988933E-05   0.24947798E-05
   0.500   2.000   0.28928160E-04   0.24054422E-05   0.89516014E-07   0.24030794E-05   0.87830604E-07   0.24949582E-05   0.24909100E-05
   0.517   2.017   0.28698976E-04   0.24021543E-05   0.88879473E-07   0.23998497E-05   0.87199241E-07   0.24910337E-05   0.24870490E-05
   0.533   2.033   0.28473813E-04   0.23988643E-05   0.88255018E-07   0.23966163E-05   0.86579983E-07   0.24871193E-05   0.24831962E-05
   0.550   2.050   0.28252566E-04   0.23955722E-05   0.87642328E-07   0.23933789E-05   0.85972506E-07   0.24832145E-05   0.24793514E-05
   0.567   2.067   0.28035136E-04   0.23922778E-05   0.87041092E-07   0.23901375E-05   0.85376496E-07   0.24793189E-05   0.24755140E-05
   0.583   2.083   0.27821424E-04   0.23889810E-05   0.86451013E-07   0.23868921E-05   0.84791652E-07   0.24754320E-05   0.24716838E-05
   0.600   2.100   0.27611338E-04   0.23856817E-05   0.85871801E-07   0.23836426E-05   0.84217683E-07   0.24715535E-05   0.24678603E-05
   0.617   2.117   0.27404786E-04   0.23823798E-05   0.85303180E-07   0.23803890E-05   0.83654308E-07   0.24676830E-05   0.24640434E-05
   0.633   2.133   0.27201682E-04   0.23790751E-05   0.84744880E-07   0.23771313E-05   0.83101258E-07   0.24638200E-05   0.24602325E-05
   0.650   2.150   0.27001941E-04   0.23757677E-05   0.84196644E-07   0.23738693E-05   0.82558271E-07   0.24599644E-05   0.24564276E-05
   0.667   2.167   0.26805483E-04   0.23724575E-05   0.83658221E-07   0.23706032E-05   0.82025095E-07   0.24561157E-05   0.24526283E-05
   0.683   2.183   0.26612228E-04   0.23691444E-05   0.83129371E-07   0.23673329E-05   0.81501486E-07   0.24522738E-05   0.24488344E-05
   0.700   2.200   0.26422101E-04   0.23658284E-05   0.82609862E-07   0.23640584E-05   0.80987212E-07   0.24484383E-05   0.24450456E-05
   0.717   2.217   0.26235030E-04   0.23625094E-05   0.82099467E-07   0.23607798E-05   0.80482043E-07   0.24446089E-05   0.24412618E-05
   0.733   2.233   0.26050942E-04   0.23591875E-05   0.81597969E-07   0.23574970E-05   0.79985763E-07   0.24407855E-05   0.24374828E-05
   0.750   2.250   0.25869771E-04   0.23558627E-05   0.81105160E-07   0.23542101E-05   0.79498158E-07   0.24369679E-05   0.24337083E-05
   0.767   2.267   0.25691449E-04   0.23525349E-05   0.80620836E-07   0.23509193E-05   0.79019026E-07   0.24331558E-05   0.24299383E-05
   0.783   2.283   0.25515913E-04   0.23492042E-05   0.80144800E-07   0.23476244E-05   0.78548167E-07   0.24293491E-05   0.24261726E-05
   0.800   2.300   0.25343101E-04   0.23458707E-05   0.79676864E-07   0.23443256E-05   0.78085391E-07   0.24255476E-05   0.24224110E-05
   0.817   2.317   0.25172954E-04   0.23425343E-05   0.79216844E-07   0.23410230E-05   0.77630513E-07   0.24217512E-05   0.24186535E-05
   0.833   2.333   0.25005414E-04   0.23391951E-05   0.78764562E-07   0.23377167E-05   0.77183355E-07   0.24179597E-05   0.24149000E-05
   0.850   2.350   0.24840424E-04   0.23358533E-05   0.78319847E-07   0.23344067E-05   0.76743743E-07   0.24141731E-05   0.24111504E-05
   0.867   2.367   0.24677932E-04   0.23325088E-05   0.77882532E-07   0.23310932E-05   0.76311512E-07   0.24103913E-05   0.24074047E-05
   0.883   2.383   0.24517884E-04   0.23291617E-05   0.77452458E-07   0.23277762E-05   0.75886498E-07   0.24066142E-05   0.24036627E-05
   0.900   2.400   0.24360231E-04   0.23258123E-05   0.77029468E-07   0.23244560E-05   0.75468545E-07   0.24028417E-05   0.23999246E-05
   0.917   2.417   0.24204922E-04   0.23224604E-05   0.76613413E-07   0.23211326E-05   0.75057502E-07   0.23990738E-05   0.23961901E-05
   0.933   2.433   0.24051912E-04   0.23191064E-05   0.76204146E-07   0.23178062E-05   0.74653223E-07   0.23953105E-05   0.23924595E-05
   0.950   2.450   0.23901153E-04   0.23157502E-05   0.75801526E-07   0.23144770E-05   0.74255564E-07   0.23915518E-05   0.23887325E-05
   0.967   2.467   0.23752602E-04   0.23123921E-05   0.75405417E-07   0.23111450E-05   0.73864390E-07   0.23877976E-05   0.23850094E-05
   0.983   2.483   0.23606216E-04   0.23090322E-05   0.75015686E-07   0.23078105E-05   0.73479566E-07   0.23840479E-05   0.23812901E-05
   1.000   2.500   0.23461932E-04   0.23056719E-05   0.74632207E-07   0.23044566E-05   0.73098266E-07   0.23803041E-05   0.23775549E-05
   1.017   2.517   0.23307797E-04   0.23013877E-05   0.74219206E-07   0.23000481E-05   0.72620197E-07   0.23756069E-05   0.23726683E-05
   1.033   2.533   0.23152956E-04   0.22968962E-05   0.73801380E-07   0.22955860E-05   0.72191223E-07   0.23706976E-05   0.23677773E-05
   1.050   2.550   0.22999738E-04   0.22923886E-05   0.73387178E-07   0.22911017E-05   0.71777720E-07   0.23657758E-05   0.23628794E-05
   1.067   2.567   0.22848381E-04   0.22878734E-05   0.72977849E-07   0.22866098E-05   0.71371742E-07   0.23608513E-05   0.23579816E-05
   1.083   2.583   0.22699008E-04   0.22833571E-05   0.72574028E-07   0.22821179E-05   0.70971631E-07   0.23559312E-05   0.23530895E-05
   1.100   2.600   0.22551672E-04   0.22788442E-05   0.72176014E-07   0.22776299E-05   0.70577211E-07   0.23510202E-05   0.23482071E-05
   1.117   2.617   0.22406385E-04   0.22743373E-05   0.71783925E-07   0.22731481E-05   0.70188555E-07   0.23461212E-05   0.23433366E-05
   1.133   2.633   0.22263140E-04   0.22698381E-05   0.71397778E-07   0.22686738E-05   0.69805720E-07   0.23412359E-05   0.23384796E-05
   1.150   2.650   0.22121914E-04   0.22653478E-05   0.71017534E-07   0.22642081E-05   0.69428708E-07   0.23363653E-05   0.23336368E-05
   1.167   2.667   0.21982682E-04   0.22608670E-05   0.70643127E-07   0.22597514E-05   0.69057477E-07   0.23315101E-05   0.23288088E-05
   1.183   2.683   0.21845414E-04   0.22563961E-05   0.70274474E-07   0.22553042E-05   0.68691963E-07   0.23266706E-05   0.23239961E-05
   1.200   2.700   0.21710078E-04   0.22519357E-05   0.69911487E-07   0.22508669E-05   0.68332085E-07   0.23218472E-05   0.23191989E-05
   1.217   2.717   0.21576642E-04   0.22474860E-05   0.69554073E-07   0.22464397E-05   0.67977757E-07   0.23170401E-05   0.23144175E-05
   1.233   2.733   0.21445076E-04   0.22430473E-05   0.69202140E-07   0.22420231E-05   0.67628888E-07   0.23122495E-05   0.23096520E-05
   1.250   2.750   0.21315348E-04   0.22386200E-05   0.68855596E-07   0.22376174E-05   0.67285388E-07   0.23074756E-05   0.23049027E-05
   1.267   2.767   0.21187429E-04   0.22342042E-05   0.68514351E-07   0.22332226E-05   0.66947167E-07   0.23027185E-05   0.23001698E-05
   1.283   2.783   0.21061288E-04   0.22298003E-05   0.68178317E-07   0.22288393E-05   0.66614139E-07   0.22979786E-05   0.22954534E-05
   1.300   2.800   0.20936897E-04   0.22254085E-05   0.67847409E-07   0.22244676E-05   0.66286215E-07   0.22932559E-05   0.22907538E-05
   1.317   2.817   0.20814228E-04   0.22210292E-05   0.67521542E-07   0.22201079E-05   0.65963314E-07   0.22885507E-05   0.22860712E-05
   1.333   2.833   0.20693255E-04   0.22166625E-05   0.67200636E-07   0.22157604E-05   0.65645353E-07   0.22838631E-05   0.22814058E-05
   1.350   2.850   0.20573949E-04   0.22123088E-05   0.66884612E-07   0.22114255E-05   0.65332252E-07   0.22791934E-05   0.22767577E-05
   1.367   2.867   0.20456287E-04   0.22079684E-05   0.66573393E-07   0.22071034E-05   0.65023935E-07   0.22745418E-05   0.22721273E-05
   1.383   2.883   0.20340242E-04   0.22036416E-05   0.66266905E-07   0.22027945E-05   0.64720327E-07   0.22699085E-05   0.22675148E-05
   1.400   2.900   0.20225791E-04   0.21993286E-05   0.65965075E-07   0.21984990E-05   0.64421355E-07   0.22652937E-05   0.22629204E-05
   1.417   2.917   0.20112911E-04   0.21950299E-05   0.65667833E-07   0.21942174E-05   0.64126949E-07   0.22606977E-05   0.22583443E-05
   1.433   2.933   0.20001577E-04   0.21907456E-05   0.65375112E-07   0.21899498E-05   0.63837038E-07   0.22561207E-05   0.22537868E-05
   1.450   2.950   0.19891769E-04   0.21864761E-05   0.65086844E-07   0.21856967E-05   0.63551558E-07   0.22515630E-05   0.22492483E-05
   1.467   2.967   0.19783464E-04   0.21822218E-05   0.64802966E-07   0.21814584E-05   0.63270443E-07   0.22470248E-05   0.22447288E-05
   1.483   2.983   0.19676642E-04   0.21779829E-05   0.64523414E-07   0.21772352E-05   0.62993630E-07   0.22425063E-05   0.22402288E-05
   1.500   3.000   0.19571282E-04   0.21737599E-05   0.64248129E-07   0.21730274E-05   0.62721058E-07   0.22380080E-05   0.22357485E-05
   1.517   3.017   0.19467364E-04   0.21695529E-05   0.63977052E-07   0.21688355E-05   0.62452668E-07   0.22335300E-05   0.22312881E-05
   1.533   3.033   0.19364870E-04   0.21653625E-05   0.63710126E-07   0.21646597E-05   0.62188402E-07   0.22290726E-05   0.22268481E-05
   1.550   3.050   0.19263780E-04   0.21611889E-05   0.63447294E-07   0.21605004E-05   0.61928204E-07   0.22246362E-05   0.22224286E-05
   1.567   3.067   0.19164076E-04   0.21570324E-05   0.63188504E-07   0.21563580E-05   0.61672020E-07   0.22202209E-05   0.22180301E-05
   1.583   3.083   0.19065741E-04   0.21528936E-05   0.62933702E-07   0.21522329E-05   0.61419798E-07   0.22158273E-05   0.22136527E-05
   1.600   3.100   0.18968758E-04   0.21487726E-05   0.62682839E-07   0.21481254E-05   0.61171486E-07   0.22114554E-05   0.22092969E-05
   1.617   3.117   0.18873110E-04   0.21446699E-05   0.62435866E-07   0.21440359E-05   0.60927035E-07   0.22071058E-05   0.22049630E-05
   1.633   3.133   0.18778782E-04   0.21405859E-05   0.62192734E-07   0.21399648E-05   0.60686396E-07   0.22027786E-05   0.22006512E-05
   1.650   3.150   0.18685756E-04   0.21365209E-05   0.61953397E-07   0.21359125E-05   0.60449523E-07   0.21984743E-05   0.21963620E-05
   1.667   3.167   0.18594019E-04   0.21324753E-05   0.61717811E-07   0.21318793E-05   0.60216371E-07   0.21941931E-05   0.21920957E-05
   1.683   3.183   0.18503555E-04   0.21284495E-05   0.61485932E-07   0.21278657E-05   0.59986896E-07   0.21899355E-05   0.21878526E-05
   1.700   3.200   0.18414351E-04   0.21244440E-05   0.61257718E-07   0.21238721E-05   0.59761054E-07   0.21857017E-05   0.21836332E-05
   1.717   3.217   0.18326392E-04   0.21204590E-05   0.61033128E-07   0.21198989E-05   0.59538806E-07   0.21814922E-05   0.21794377E-05
   1.733   3.233   0.18239665E-04   0.21164951E-05   0.60812123E-07   0.21159464E-05   0.59320111E-07   0.21773072E-05   0.21752665E-05
   1.750   3.250   0.18154156E-04   0.21125526E-05   0.60594665E-07   0.21120151E-05   0.59104930E-07   0.21731472E-05   0.21711201E-05
   1.767   3.267   0.18069854E-04   0.21086319E-05   0.60380716E-07   0.21081055E-05   0.58893226E-07   0.21690126E-05   0.21669987E-05
   1.783   3.283   0.17986747E-04   0.21047335E-05   0.60170240E-07   0.21042179E-05   0.58684962E-07   0.21649037E-05   0.21629029E-05
   1.800   3.300   0.17904821E-04   0.21008578E-05   0.59963203E-07   0.21003528E-05   0.58480104E-07   0.21608210E-05   0.21588329E-05
   1.817   3.317   0.17824066E-04   0.20970051E-05   0.59759571E-07   0.20965106E-05   0.58278617E-07   0.21567647E-05   0.21547893E-05
   1.833   3.333   0.17744471E-04   0.20931761E-05   0.59559312E-07   0.20926918E-05   0.58080468E-07   0.21527354E-05   0.21507723E-05
   1.850   3.350   0.17666024E-04   0.20893710E-05   0.59362394E-07   0.20888968E-05   0.57885626E-07   0.21487334E-05   0.21467824E-05
   1.867   3.367   0.17588716E-04   0.20855903E-05   0.59168788E-07   0.20851260E-05   0.57694060E-07   0.21447591E-05   0.21428201E-05
   1.883   3.383   0.17512536E-04   0.20818345E-05   0.58978463E-07   0.20813800E-05   0.57505740E-07   0.21408130E-05   0.21388857E-05
   1.900   3.400   0.17437475E-04   0.20781041E-05   0.58791392E-07   0.20776591E-05   0.57320637E-07   0.21368955E-05   0.21349797E-05
   1.917   3.417   0.17363523E-04   0.20743994E-05   0.58607547E-07   0.20739638E-05   0.57138725E-07   0.21330070E-05   0.21311026E-05
   1.933   3.433   0.17290671E-04   0.20707210E-05   0.58426902E-07   0.20702947E-05   0.56959975E-07   0.21291479E-05   0.21272546E-05
   1.950   3.450   0.17218910E-04   0.20670693E-05   0.58249432E-07   0.20666521E-05   0.56784363E-07   0.21253187E-05   0.21234364E-05
   1.967   3.467   0.17148233E-04   0.20634448E-05   0.58075112E-07   0.20630365E-05   0.56611863E-07   0.21215199E-05   0.21196484E-05
   1.983   3.483   0.17078629E-04   0.20598480E-05   0.57903919E-07   0.20594485E-05   0.56442452E-07   0.21177519E-05   0.21158909E-05
   2.000   3.500   0.17010093E-04   0.20562793E-05   0.57735830E-07   0.20558884E-05   0.56276106E-07   0.21140151E-05   0.21121645E-05
   2.017   3.517   0.16942616E-04   0.20527392E-05   0.57570824E-07   0.20523569E-05   0.56112804E-07   0.21103100E-05   0.21084697E-05
   2.033   3.533   0.16876190E-04   0.20492282E-05   0.57408879E-07   0.20488543E-05   0.55952525E-07   0.21066371E-05   0.21048069E-05
   2.050   3.550   0.16810809E-04   0.20457468E-05   0.57249976E-07   0.20453813E-05   0.55795246E-07   0.21029968E-05   0.21011765E-05
   2.067   3.567   0.16746466E-04   0.20422956E-05   0.57094096E-07   0.20419382E-05   0.55640950E-07   0.20993897E-05   0.20975791E-05
   2.083   3.583   0.16683155E-04   0.20388749E-05   0.56941220E-07   0.20385256E-05   0.55489618E-07   0.20958161E-05   0.20940152E-05
   2.100   3.600   0.16620869E-04   0.20354853E-05   0.56791331E-07   0.20351440E-05   0.55341231E-07   0.20922767E-05   0.20904852E-05
   2.117   3.617   0.16559602E-04   0.20321274E-05   0.56644411E-07   0.20317939E-05   0.55195771E-07   0.20887718E-05   0.20869896E-05
   2.133   3.633   0.16499349E-04   0.20288015E-05   0.56500445E-07   0.20284758E-05   0.55053224E-07   0.20853020E-05   0.20835290E-05
   2.150   3.650   0.16440103E-04   0.20255083E-05   0.56359418E-07   0.20251902E-05   0.54913573E-07   0.20818677E-05   0.20801038E-05
   2.167   3.667   0.16381860E-04   0.20222483E-05   0.56221315E-07   0.20219377E-05   0.54776802E-07   0.20784696E-05   0.20767145E-05
   2.183   3.683   0.16324615E-04   0.20190219E-05   0.56086122E-07   0.20187188E-05   0.54642898E-07   0.20751080E-05   0.20733617E-05
   2.200   3.700   0.16268363E-04   0.20158297E-05   0.55953827E-07   0.20155340E-05   0.54511848E-07   0.20717835E-05   0.20700458E-05
   2.217   3.717   0.16213100E-04   0.20126722E-05   0.55824416E-07   0.20123838E-05   0.54383637E-07   0.20684967E-05   0.20667675E-05
   2.233   3.733   0.16158820E-04   0.20095500E-05   0.55697877E-07   0.20092688E-05   0.54258255E-07   0.20652479E-05   0.20635271E-05
   2.250   3.750   0.16105520E-04   0.20064636E-05   0.55574201E-07   0.20061895E-05   0.54135690E-07   0.20620378E-05   0.20603252E-05
   2.267   3.767   0.16053197E-04   0.20034135E-05   0.55453376E-07   0.20031465E-05   0.54015930E-07   0.20588669E-05   0.20571624E-05
   2.283   3.783   0.16001846E-04   0.20004002E-05   0.55335393E-07   0.20001403E-05   0.53898966E-07   0.20557356E-05   0.20540392E-05
   2.300   3.800   0.15951463E-04   0.19974244E-05   0.55220242E-07   0.19971714E-05   0.53784787E-07   0.20526446E-05   0.20509561E-05
   2.317   3.817   0.15902047E-04   0.19944865E-05   0.55107916E-07   0.19942403E-05   0.53673386E-07   0.20495944E-05   0.20479137E-05
   2.333   3.833   0.15853593E-04   0.19915871E-05   0.54998405E-07   0.19913477E-05   0.53564753E-07   0.20465855E-05   0.20449125E-05
   2.350   3.850   0.15806099E-04   0.19887267E-05   0.54891703E-07   0.19884941E-05   0.53458881E-07   0.20436184E-05   0.20419530E-05
   2.367   3.867   0.15759562E-04   0.19859059E-05   0.54787803E-07   0.19856800E-05   0.53355762E-07   0.20406937E-05   0.20390358E-05
   2.383   3.883   0.15713979E-04   0.19831252E-05   0.54686698E-07   0.19829060E-05   0.53255390E-07   0.20378119E-05   0.20361614E-05
   2.400   3.900   0.15669349E-04   0.19803853E-05   0.54588384E-07   0.19801727E-05   0.53157759E-07   0.20349737E-05   0.20333304E-05
   2.417   3.917   0.15625669E-04   0.19776865E-05   0.54492854E-07   0.19774805E-05   0.53062863E-07   0.20321794E-05   0.20305434E-05
   2.433   3.933   0.15582938E-04   0.19750296E-05   0.54400105E-07   0.19748301E-05   0.52970698E-07   0.20294297E-05   0.20278008E-05
   2.450   3.950   0.15541154E-04   0.19724151E-05   0.54310132E-07   0.19722221E-05   0.52881258E-07   0.20267252E-05   0.20251033E-05
   2.467   3.967   0.15500314E-04   0.19698434E-05   0.54222932E-07   0.19696569E-05   0.52794540E-07   0.20240663E-05   0.20224514E-05
   2.483   3.983   0.15460419E-04   0.19673152E-05   0.54138502E-07   0.19671351E-05   0.52710541E-07   0.20214537E-05   0.20198456E-05
   2.500   4.000   0.15421466E-04   0.19648311E-05   0.54056839E-07   0.19646573E-05   0.52629256E-07   0.20188879E-05   0.20172866E-05
   2.517   4.017   0.15383455E-04   0.19623915E-05   0.53977942E-07   0.19622242E-05   0.52550685E-07   0.20163694E-05   0.20147748E-05
   2.533   4.033   0.15346385E-04   0.19599971E-05   0.53901807E-07   0.19598361E-05   0.52474824E-07   0.20138989E-05   0.20123109E-05
   2.550   4.050   0.15310255E-04   0.19576484E-05   0.53828436E-07   0.19574937E-05   0.52401673E-07   0.20114768E-05   0.20098954E-05
   2.567   4.067   0.15275065E-04   0.19553459E-05   0.53757826E-07   0.19551975E-05   0.52331229E-07   0.20091038E-05   0.20075288E-05
   2.583   4.083   0.15240815E-04   0.19530903E-05   0.53689977E-07   0.19529482E-05   0.52263493E-07   0.20067803E-05   0.20052117E-05
   2.600   4.100   0.15207503E-04   0.19508821E-05   0.53624890E-07   0.19507463E-05   0.52198465E-07   0.20045070E-05   0.20029447E-05
   2.617   4.117   0.15175131E-04   0.19487218E-05   0.53562566E-07   0.19485922E-05   0.52136143E-07   0.20022843E-05   0.20007284E-05
   2.633   4.133   0.15143698E-04   0.19466100E-05   0.53503005E-07   0.19464867E-05   0.52076529E-07   0.20001130E-05   0.19985632E-05
   2.650   4.150   0.15113205E-04   0.19445472E-05   0.53446208E-07   0.19444301E-05   0.52019625E-07   0.19979934E-05   0.19964498E-05
   2.667   4.167   0.15083653E-04   0.19425341E-05   0.53392178E-07   0.19424232E-05   0.51965430E-07   0.19959262E-05   0.19943887E-05
   2.683   4.183   0.15055041E-04   0.19405710E-05   0.53340917E-07   0.19404665E-05   0.51913947E-07   0.19939120E-05   0.19923804E-05
   2.700   4.200   0.15027371E-04   0.19386587E-05   0.53292427E-07   0.19385604E-05   0.51865179E-07   0.19919512E-05   0.19904256E-05
   2.717   4.217   0.15000643E-04   0.19367977E-05   0.53246710E-07   0.19367056E-05   0.51819126E-07   0.19900444E-05   0.19885247E-05
   2.733   4.233   0.14974859E-04   0.19349884E-05   0.53203771E-07   0.19349025E-05   0.51775793E-07   0.19881922E-05   0.19866783E-05
   2.750   4.250   0.14950020E-04   0.19332314E-05   0.53163612E-07   0.19331518E-05   0.51735182E-07   0.19863951E-05   0.19848870E-05
   2.767   4.267   0.14926127E-04   0.19315274E-05   0.53126239E-07   0.19314540E-05   0.51697297E-07   0.19846536E-05   0.19831513E-05
   2.783   4.283   0.14903181E-04   0.19298767E-05   0.53091653E-07   0.19298096E-05   0.51662142E-07   0.19829683E-05   0.19814717E-05
   2.800   4.300   0.14881185E-04   0.19282799E-05   0.53059861E-07   0.19282191E-05   0.51629720E-07   0.19813398E-05   0.19798488E-05
   2.817   4.317   0.14860140E-04   0.19267376E-05   0.53030867E-07   0.19266830E-05   0.51600036E-07   0.19797684E-05   0.19782831E-05
   2.833   4.333   0.14840048E-04   0.19252502E-05   0.53004675E-07   0.19252020E-05   0.51573094E-07   0.19782549E-05   0.19767751E-05
   2.850   4.350   0.14820912E-04   0.19238183E-05   0.52981292E-07   0.19237764E-05   0.51548899E-07   0.19767996E-05   0.19753253E-05
   2.867   4.367   0.14802732E-04   0.19224424E-05   0.52960722E-07   0.19224069E-05   0.51527457E-07   0.19754032E-05   0.19739344E-05
   2.883   4.383   0.14785512E-04   0.19211231E-05   0.52942972E-07   0.19210939E-05   0.51508773E-07   0.19740660E-05   0.19726027E-05
   2.900   4.400   0.14769254E-04   0.19198607E-05   0.52928046E-07   0.19198379E-05   0.51492852E-07   0.19727887E-05   0.19713308E-05
   2.917   4.417   0.14753961E-04   0.19186557E-05   0.52915952E-07   0.19186394E-05   0.51479700E-07   0.19715717E-05   0.19701191E-05
   2.933   4.433   0.14739635E-04   0.19175088E-05   0.52906696E-07   0.19174989E-05   0.51469323E-07   0.19704155E-05   0.19689683E-05
   2.950   4.450   0.14726279E-04   0.19164203E-05   0.52900285E-07   0.19164169E-05   0.51461728E-07   0.19693206E-05   0.19678786E-05
   2.967   4.467   0.14713896E-04   0.19153907E-05   0.52896724E-07   0.19153939E-05   0.51456920E-07   0.19682874E-05   0.19668508E-05
   2.983   4.483   0.14702489E-04   0.19144205E-05   0.52896021E-07   0.19144302E-05   0.51454906E-07   0.19673165E-05   0.19658851E-05
   3.000   4.500   0.14692062E-04   0.19135101E-05   0.52898183E-07   0.19135264E-05   0.51455693E-07   0.19664083E-05   0.19649821E-05
   3.017   4.517   0.14682617E-04   0.19126600E-05   0.52903217E-07   0.19126830E-05   0.51459288E-07   0.19655633E-05   0.19641422E-05
   3.033   4.533   0.14674158E-04   0.19118707E-05   0.52911130E-07   0.19119002E-05   0.51465697E-07   0.19647818E-05   0.19633659E-05
   3.050   4.550   0.14666689E-04   0.19111424E-05   0.52921929E-07   0.19111787E-05   0.51474928E-07   0.19640644E-05   0.19626536E-05
   3.067   4.567   0.14660212E-04   0.19104757E-05   0.52935623E-07   0.19105188E-05   0.51486987E-07   0.19634114E-05   0.19620058E-05
   3.083   4.583   0.14654733E-04   0.19098710E-05   0.52952218E-07   0.19099208E-05   0.51501882E-07   0.19628232E-05   0.19614227E-05
   3.100   4.600   0.14650254E-04   0.19093286E-05   0.52971721E-07   0.19093853E-05   0.51519620E-07   0.19623004E-05   0.19609049E-05
   3.117   4.617   0.14646780E-04   0.19088490E-05   0.52994142E-07   0.19089126E-05   0.51540208E-07   0.19618432E-05   0.19604528E-05
   3.133   4.633   0.14644315E-04   0.19084325E-05   0.53019485E-07   0.19085030E-05   0.51563654E-07   0.19614520E-05   0.19600667E-05
   3.150   4.650   0.14642862E-04   0.19080794E-05   0.53047761E-07   0.19081570E-05   0.51589965E-07   0.19611272E-05   0.19597469E-05
   3.167   4.667   0.14642427E-04   0.19077902E-05   0.53078975E-07   0.19078748E-05   0.51619147E-07   0.19608692E-05   0.19594939E-05
   3.183   4.683   0.14643013E-04   0.19075651E-05   0.53113136E-07   0.19076568E-05   0.51651209E-07   0.19606783E-05   0.19593080E-05
   3.200   4.700   0.14644625E-04   0.19074045E-05   0.53150251E-07   0.19075033E-05   0.51686158E-07   0.19605547E-05   0.19591895E-05
   3.217   4.717   0.14647268E-04   0.19073086E-05   0.53190327E-07   0.19074147E-05   0.51724001E-07   0.19604990E-05   0.19591387E-05
   3.233   4.733   0.14650945E-04   0.19072779E-05   0.53233371E-07   0.19073912E-05   0.51764744E-07   0.19605112E-05   0.19591559E-05
   3.250   4.750   0.14655662E-04   0.19073124E-05   0.53279391E-07   0.19074331E-05   0.51808395E-07   0.19605918E-05   0.19592415E-05
   3.267   4.767   0.14661424E-04   0.19074125E-05   0.53328394E-07   0.19075406E-05   0.51854961E-07   0.19607409E-05   0.19593956E-05
   3.283   4.783   0.14668234E-04   0.19075785E-05   0.53380385E-07   0.19077140E-05   0.51904448E-07   0.19609589E-05   0.19596185E-05
   3.300   4.800   0.14676099E-04   0.19078105E-05   0.53435373E-07   0.19079536E-05   0.51956862E-07   0.19612459E-05   0.19599104E-05
   3.317   4.817   0.14685023E-04   0.19081088E-05   0.53493363E-07   0.19082595E-05   0.52012211E-07   0.19616022E-05   0.19602717E-05
   3.333   4.833   0.14695012E-04   0.19084735E-05   0.53554361E-07   0.19086319E-05   0.52070500E-07   0.19620279E-05   0.19607024E-05
   3.350   4.850   0.14706070E-04   0.19089049E-05   0.53618374E-07   0.19090709E-05   0.52131735E-07   0.19625232E-05   0.19612027E-05
   3.367   4.867   0.14718202E-04   0.19094030E-05   0.53685407E-07   0.19095769E-05   0.52195922E-07   0.19630884E-05   0.19617728E-05
   3.383   4.883   0.14731414E-04   0.19099680E-05   0.53755465E-07   0.19101497E-05   0.52263066E-07   0.19637234E-05   0.19624128E-05
   3.400   4.900   0.14745711E-04   0.19106000E-05   0.53828554E-07   0.19107897E-05   0.52333172E-07   0.19644285E-05   0.19631229E-05
   3.417   4.917   0.14761098E-04   0.19112990E-05   0.53904678E-07   0.19114968E-05   0.52406245E-07   0.19652037E-05   0.19639030E-05
   3.433   4.933   0.14777580E-04   0.19120653E-05   0.53983841E-07   0.19122711E-05   0.52482289E-07   0.19660491E-05   0.19647534E-05
   3.450   4.950   0.14795164E-04   0.19128987E-05   0.54066048E-07   0.19131127E-05   0.52561308E-07   0.19669647E-05   0.19656740E-05
   3.467   4.967   0.14813855E-04   0.19137993E-05   0.54151301E-07   0.19140216E-05   0.52643306E-07   0.19679506E-05   0.19666649E-05
   3.483   4.983   0.14833657E-04   0.19147671E-05   0.54239603E-07   0.19149977E-05   0.52728286E-07   0.19690067E-05   0.19677260E-05
   3.500   5.000   0.14854576E-04   0.19158020E-05   0.54330958E-07   0.19160411E-05   0.52816249E-07   0.19701330E-05   0.19688574E-05
   3.517   5.017   0.14876618E-04   0.19169041E-05   0.54425367E-07   0.19171517E-05   0.52907200E-07   0.19713295E-05   0.19700589E-05
   3.533   5.033   0.14899789E-04   0.19180732E-05   0.54522831E-07   0.19183294E-05   0.53001139E-07   0.19725960E-05   0.19713305E-05
   3.550   5.050   0.14924093E-04   0.19193091E-05   0.54623351E-07   0.19195741E-05   0.53098067E-07   0.19739325E-05   0.19726721E-05
   3.567   5.067   0.14949536E-04   0.19206119E-05   0.54726927E-07   0.19208856E-05   0.53197984E-07   0.19753388E-05   0.19740836E-05
   3.583   5.083   0.14976124E-04   0.19219812E-05   0.54833560E-07   0.19222638E-05   0.53300891E-07   0.19768148E-05   0.19755647E-05
   3.600   5.100   0.15003862E-04   0.19234169E-05   0.54943247E-07   0.19237084E-05   0.53406787E-07   0.19783602E-05   0.19771152E-05
   3.617   5.117   0.15032755E-04   0.19249188E-05   0.55055986E-07   0.19252194E-05   0.53515671E-07   0.19799748E-05   0.19787351E-05
   3.633   5.133   0.15062809E-04   0.19264866E-05   0.55171777E-07   0.19267963E-05   0.53627539E-07   0.19816584E-05   0.19804239E-05
   3.650   5.150   0.15094029E-04   0.19281200E-05   0.55290613E-07   0.19284390E-05   0.53742390E-07   0.19834107E-05   0.19821814E-05
   3.667   5.167   0.15126420E-04   0.19298188E-05   0.55412493E-07   0.19301470E-05   0.53860219E-07   0.19852312E-05   0.19840072E-05
   3.683   5.183   0.15159987E-04   0.19315824E-05   0.55537410E-07   0.19319201E-05   0.53981022E-07   0.19871198E-05   0.19859011E-05
   3.700   5.200   0.15194736E-04   0.19334106E-05   0.55665358E-07   0.19337578E-05   0.54104794E-07   0.19890760E-05   0.19878626E-05
   3.717   5.217   0.15230671E-04   0.19353030E-05   0.55796331E-07   0.19356598E-05   0.54231528E-07   0.19910993E-05   0.19898913E-05
   3.733   5.233   0.15267798E-04   0.19372590E-05   0.55930320E-07   0.19376255E-05   0.54361218E-07   0.19931893E-05   0.19919867E-05
   3.750   5.250   0.15306121E-04   0.19392782E-05   0.56067317E-07   0.19396545E-05   0.54493854E-07   0.19953455E-05   0.19941484E-05
   3.767   5.267   0.15345644E-04   0.19413600E-05   0.56207312E-07   0.19417463E-05   0.54629428E-07   0.19975673E-05   0.19963757E-05
   3.783   5.283   0.15386373E-04   0.19435039E-05   0.56350294E-07   0.19439002E-05   0.54767930E-07   0.19998542E-05   0.19986681E-05
   3.800   5.300   0.15428311E-04   0.19457093E-05   0.56496251E-07   0.19461157E-05   0.54909348E-07   0.20022056E-05   0.20010251E-05
   3.817   5.317   0.15471463E-04   0.19479756E-05   0.56645169E-07   0.19483922E-05   0.55053670E-07   0.20046208E-05   0.20034458E-05
   3.833   5.333   0.15515833E-04   0.19503020E-05   0.56797034E-07   0.19507289E-05   0.55200883E-07   0.20070990E-05   0.20059298E-05
   3.850   5.350   0.15561425E-04   0.19526878E-05   0.56951830E-07   0.19531252E-05   0.55350971E-07   0.20096397E-05   0.20084762E-05
   3.867   5.367   0.15608242E-04   0.19551324E-05   0.57109541E-07   0.19555802E-05   0.55503920E-07   0.20122419E-05   0.20110842E-05
   3.883   5.383   0.15656288E-04   0.19576348E-05   0.57270148E-07   0.19580933E-05   0.55659711E-07   0.20149050E-05   0.20137530E-05
   3.900   5.400   0.15705565E-04   0.19601943E-05   0.57433631E-07   0.19606635E-05   0.55818327E-07   0.20176279E-05   0.20164818E-05
   3.917   5.417   0.15756077E-04   0.19628099E-05   0.57599969E-07   0.19632900E-05   0.55979748E-07   0.20204099E-05   0.20192697E-05
   3.933   5.433   0.15807827E-04   0.19654808E-05   0.57769141E-07   0.19659718E-05   0.56143952E-07   0.20232499E-05   0.20221157E-05
   3.950   5.450   0.15860816E-04   0.19682059E-05   0.57941121E-07   0.19687080E-05   0.56310918E-07   0.20261470E-05   0.20250189E-05
   3.967   5.467   0.15915048E-04   0.19709843E-05   0.58115886E-07   0.19714976E-05   0.56480620E-07   0.20291002E-05   0.20279782E-05
   3.983   5.483   0.15970522E-04   0.19738150E-05   0.58293408E-07   0.19743395E-05   0.56653034E-07   0.20321084E-05   0.20309925E-05
   4.000   5.500   0.16027242E-04   0.19766967E-05   0.58473658E-07   0.19772327E-05   0.56828133E-07   0.20351704E-05   0.20340608E-05
   4.017   5.517   0.16085207E-04   0.19796285E-05   0.58656607E-07   0.19801759E-05   0.57005889E-07   0.20382851E-05   0.20371818E-05
   4.033   5.533   0.16144419E-04   0.19826091E-05   0.58842223E-07   0.19831681E-05   0.57186271E-07   0.20414513E-05   0.20403544E-05
   4.050   5.550   0.16204877E-04   0.19856373E-05   0.59030473E-07   0.19862080E-05   0.57369248E-07   0.20446678E-05   0.20435773E-05
   4.067   5.567   0.16266582E-04   0.19887119E-05   0.59221322E-07   0.19892944E-05   0.57554787E-07   0.20479332E-05   0.20468492E-05
   4.083   5.583   0.16329533E-04   0.19918315E-05   0.59414733E-07   0.19924260E-05   0.57742854E-07   0.20512462E-05   0.20501688E-05
   4.100   5.600   0.16393728E-04   0.19949948E-05   0.59610669E-07   0.19956013E-05   0.57933411E-07   0.20546054E-05   0.20535347E-05
   4.117   5.617   0.16459166E-04   0.19982004E-05   0.59809089E-07   0.19988191E-05   0.58126421E-07   0.20580095E-05   0.20569455E-05
   4.133   5.633   0.16525845E-04   0.20014469E-05   0.60009952E-07   0.20020778E-05   0.58321844E-07   0.20614568E-05   0.20603997E-05
   4.150   5.650   0.16593762E-04   0.20047328E-05   0.60213214E-07   0.20053761E-05   0.58519638E-07   0.20649460E-05   0.20638958E-05
   4.167   5.667   0.16662913E-04   0.20080567E-05   0.60418830E-07   0.20087125E-05   0.58719762E-07   0.20684755E-05   0.20674322E-05
   4.183   5.683   0.16733296E-04   0.20114169E-05   0.60626753E-07   0.20120853E-05   0.58922169E-07   0.20720437E-05   0.20710074E-05
   4.200   5.700   0.16804905E-04   0.20148119E-05   0.60836934E-07   0.20154930E-05   0.59126813E-07   0.20756488E-05   0.20746198E-05
   4.217   5.717   0.16877735E-04   0.20182401E-05   0.61049324E-07   0.20189340E-05   0.59333647E-07   0.20792894E-05   0.20782676E-05
   4.233   5.733   0.16951780E-04   0.20216998E-05   0.61263869E-07   0.20224066E-05   0.59542620E-07   0.20829637E-05   0.20819492E-05
   4.250   5.750   0.17027035E-04   0.20251893E-05   0.61480517E-07   0.20259091E-05   0.59753680E-07   0.20866698E-05   0.20856628E-05
   4.267   5.767   0.17103491E-04   0.20287069E-05   0.61699211E-07   0.20294398E-05   0.59966775E-07   0.20904062E-05   0.20894066E-05
   4.283   5.783   0.17181141E-04   0.20322509E-05   0.61919894E-07   0.20329970E-05   0.60181849E-07   0.20941708E-05   0.20931789E-05
   4.300   5.800   0.17259977E-04   0.20358195E-05   0.62142507E-07   0.20365789E-05   0.60398847E-07   0.20979620E-05   0.20969778E-05
   4.317   5.817   0.17339988E-04   0.20394108E-05   0.62366991E-07   0.20401837E-05   0.60617709E-07   0.21017778E-05   0.21008014E-05
   4.333   5.833   0.17421164E-04   0.20430230E-05   0.62593281E-07   0.20438094E-05   0.60838377E-07   0.21056163E-05   0.21046478E-05
   4.350   5.850   0.17503495E-04   0.20466543E-05   0.62821316E-07   0.20474544E-05   0.61060789E-07   0.21094757E-05   0.21085152E-05
   4.367   5.867   0.17586969E-04   0.20503028E-05   0.63051029E-07   0.20511166E-05   0.61284883E-07   0.21133539E-05   0.21124015E-05
   4.383   5.883   0.17671572E-04   0.20539666E-05   0.63282355E-07   0.20547942E-05   0.61510594E-07   0.21172490E-05   0.21163048E-05
   4.400   5.900   0.17757292E-04   0.20576438E-05   0.63515226E-07   0.20584853E-05   0.61737858E-07   0.21211590E-05   0.21202232E-05
   4.417   5.917   0.17844113E-04   0.20613325E-05   0.63749572E-07   0.20621879E-05   0.61966608E-07   0.21250820E-05   0.21241546E-05
   4.433   5.933   0.17932020E-04   0.20650306E-05   0.63985322E-07   0.20659002E-05   0.62196776E-07   0.21290159E-05   0.21280970E-05
   4.450   5.950   0.18020997E-04   0.20687364E-05   0.64222407E-07   0.20696201E-05   0.62428293E-07   0.21329588E-05   0.21320484E-05
   4.467   5.967   0.18111027E-04   0.20724478E-05   0.64460753E-07   0.20733458E-05   0.62661089E-07   0.21369085E-05   0.21360069E-05
   4.483   5.983   0.18202091E-04   0.20761629E-05   0.64700287E-07   0.20770753E-05   0.62895094E-07   0.21408632E-05   0.21399704E-05
   4.500   6.000   0.18294170E-04   0.20798797E-05   0.64940936E-07   0.20808066E-05   0.63130236E-07   0.21448207E-05   0.21439368E-05
   4.517   6.017   0.18387244E-04   0.20835964E-05   0.65182623E-07   0.20845378E-05   0.63366444E-07   0.21487791E-05   0.21479043E-05
   4.533   6.033   0.18481293E-04   0.20873111E-05   0.65425275E-07   0.20882670E-05   0.63603643E-07   0.21527363E-05   0.21518707E-05
   4.550   6.050   0.18576293E-04   0.20910217E-05   0.65668815E-07   0.20919923E-05   0.63841760E-07   0.21566905E-05   0.21558341E-05
   4.567   6.067   0.18672223E-04   0.20947265E-05   0.65913168E-07   0.20957118E-05   0.64080723E-07   0.21606396E-05   0.21597926E-05
   4.583   6.083   0.18769058E-04   0.20984235E-05   0.66158258E-07   0.20994237E-05   0.64320458E-07   0.21645818E-05   0.21637442E-05
   4.600   6.100   0.18866774E-04   0.21021110E-05   0.66404009E-07   0.21031261E-05   0.64560890E-07   0.21685150E-05   0.21676869E-05
   4.617   6.117   0.18965344E-04   0.21057871E-05   0.66650345E-07   0.21068171E-05   0.64801946E-07   0.21724374E-05   0.21716191E-05
   4.633   6.133   0.19064743E-04   0.21094501E-05   0.66897191E-07   0.21104951E-05   0.65043552E-07   0.21763473E-05   0.21755387E-05
   4.650   6.150   0.19164942E-04   0.21130982E-05   0.67144472E-07   0.21141583E-05   0.65285637E-07   0.21802427E-05   0.21794440E-05
   4.667   6.167   0.19265914E-04   0.21167299E-05   0.67392114E-07   0.21178051E-05   0.65528127E-07   0.21841220E-05   0.21833332E-05
   4.683   6.183   0.19367630E-04   0.21203433E-05   0.67640044E-07   0.21214337E-05   0.65770950E-07   0.21879834E-05   0.21872047E-05
   4.700   6.200   0.19470059E-04   0.21239371E-05   0.67888190E-07   0.21250427E-05   0.66014037E-07   0.21918253E-05   0.21910567E-05
   4.717   6.217   0.19573171E-04   0.21275096E-05   0.68136481E-07   0.21286304E-05   0.66257318E-07   0.21956461E-05   0.21948878E-05
   4.733   6.233   0.19676934E-04   0.21310594E-05   0.68384847E-07   0.21321956E-05   0.66500724E-07   0.21994442E-05   0.21986963E-05
   4.750   6.250   0.19781317E-04   0.21345851E-05   0.68633221E-07   0.21357366E-05   0.66744190E-07   0.22032183E-05   0.22024808E-05
   4.767   6.267   0.19886287E-04   0.21380854E-05   0.68881537E-07   0.21392523E-05   0.66987649E-07   0.22069669E-05   0.22062399E-05
   4.783   6.283   0.19991810E-04   0.21415590E-05   0.69129730E-07   0.21427413E-05   0.67231038E-07   0.22106887E-05   0.22099723E-05
   4.800   6.300   0.20097853E-04   0.21450048E-05   0.69377739E-07   0.21462025E-05   0.67474297E-07   0.22143825E-05   0.22136768E-05
   4.817   6.317   0.20204382E-04   0.21484216E-05   0.69625505E-07   0.21496348E-05   0.67717366E-07   0.22180471E-05   0.22173522E-05
   4.833   6.333   0.20311361E-04   0.21518085E-05   0.69872969E-07   0.21530372E-05   0.67960188E-07   0.22216815E-05   0.22209974E-05
   4.850   6.350   0.20418757E-04   0.21551645E-05   0.70120079E-07   0.21564088E-05   0.68202709E-07   0.22252846E-05   0.22246115E-05
   4.867   6.367   0.20526534E-04   0.21584888E-05   0.70366781E-07   0.21597486E-05   0.68444878E-07   0.22288556E-05   0.22281935E-05
   4.883   6.383   0.20634656E-04   0.21617806E-05   0.70613029E-07   0.21630559E-05   0.68686644E-07   0.22323936E-05   0.22317426E-05
   4.900   6.400   0.20743088E-04   0.21650393E-05   0.70858775E-07   0.21663302E-05   0.68927963E-07   0.22358981E-05   0.22352582E-05
   4.917   6.417   0.20851793E-04   0.21682643E-05   0.71103978E-07   0.21695708E-05   0.69168791E-07   0.22393683E-05   0.22387395E-05
   4.933   6.433   0.20960738E-04   0.21714551E-05   0.71348599E-07   0.21727771E-05   0.69409089E-07   0.22428037E-05   0.22421862E-05
   4.950   6.450   0.21069885E-04   0.21746114E-05   0.71592602E-07   0.21759490E-05   0.69648819E-07   0.22462040E-05   0.22455978E-05
   4.967   6.467   0.21179199E-04   0.21777328E-05   0.71835956E-07   0.21790860E-05   0.69887949E-07   0.22495687E-05   0.22489739E-05
   4.983   6.483   0.21288646E-04   0.21808192E-05   0.72078631E-07   0.21821880E-05   0.70126449E-07   0.22528978E-05   0.22523144E-05
   5.000   6.500   0.21398189E-04   0.21838705E-05   0.72320604E-07   0.21852548E-05   0.70364292E-07   0.22561911E-05   0.22556191E-05
   5.017   6.517   0.21507796E-04   0.21868866E-05   0.72561854E-07   0.21882865E-05   0.70601457E-07   0.22594485E-05   0.22588880E-05
   5.033   6.533   0.21617430E-04   0.21898677E-05   0.72802363E-07   0.21912832E-05   0.70837924E-07   0.22626701E-05   0.22621212E-05
   5.050   6.550   0.21727060E-04   0.21928140E-05   0.73042120E-07   0.21942451E-05   0.71073677E-07   0.22658562E-05   0.22653188E-05
   5.067   6.567   0.21836651E-04   0.21957258E-05   0.73281114E-07   0.21971724E-05   0.71308706E-07   0.22690069E-05   0.22684811E-05
   5.083   6.583   0.21946171E-04   0.21986033E-05   0.73519339E-07   0.22000655E-05   0.71543003E-07   0.22721227E-05   0.22716085E-05
   5.100   6.600   0.22055590E-04   0.22014471E-05   0.73756796E-07   0.22029249E-05   0.71776563E-07   0.22752039E-05   0.22747014E-05
   5.117   6.617   0.22164874E-04   0.22042578E-05   0.73993486E-07   0.22057510E-05   0.72009386E-07   0.22782512E-05   0.22777604E-05
   5.133   6.633   0.22273995E-04   0.22070358E-05   0.74229416E-07   0.22085446E-05   0.72241476E-07   0.22812652E-05   0.22807861E-05
   5.150   6.650   0.22382924E-04   0.22097820E-05   0.74464595E-07   0.22113063E-05   0.72472839E-07   0.22842466E-05   0.22837792E-05
   5.167   6.667   0.22491631E-04   0.22124971E-05   0.74699038E-07   0.22140369E-05   0.72703486E-07   0.22871961E-05   0.22867404E-05
   5.183   6.683   0.22600090E-04   0.22151819E-05   0.74932761E-07   0.22167373E-05   0.72933432E-07   0.22901147E-05   0.22896707E-05
   5.200   6.700   0.22708275E-04   0.22178375E-05   0.75165787E-07   0.22194083E-05   0.73162694E-07   0.22930033E-05   0.22925710E-05
   5.217   6.717   0.22816159E-04   0.22204647E-05   0.75398140E-07   0.22220511E-05   0.73391293E-07   0.22958628E-05   0.22954423E-05
   5.233   6.733   0.22923720E-04   0.22230646E-05   0.75629847E-07   0.22246665E-05   0.73619254E-07   0.22986944E-05   0.22982857E-05
   5.250   6.750   0.23030934E-04   0.22256383E-05   0.75860940E-07   0.22272557E-05   0.73846604E-07   0.23014993E-05   0.23011023E-05
   5.267   6.767   0.23137779E-04   0.22281870E-05   0.76091454E-07   0.22298199E-05   0.74073375E-07   0.23042785E-05   0.23038933E-05
   5.283   6.783   0.23244235E-04   0.22307119E-05   0.76321425E-07   0.22323603E-05   0.74299599E-07   0.23070333E-05   0.23066599E-05
   5.300   6.800   0.23350282E-04   0.22332142E-05   0.76550896E-07   0.22348781E-05   0.74525314E-07   0.23097651E-05   0.23094035E-05
   5.317   6.817   0.23455902E-04   0.22356953E-05   0.76779908E-07   0.22373747E-05   0.74750560E-07   0.23124752E-05   0.23121253E-05
   5.333   6.833   0.23561078E-04   0.22381564E-05   0.77008508E-07   0.22398514E-05   0.74975377E-07   0.23151649E-05   0.23148267E-05
   5.350   6.850   0.23665795E-04   0.22405989E-05   0.77236745E-07   0.22423094E-05   0.75199812E-07   0.23178357E-05   0.23175092E-05
   5.367   6.867   0.23770038E-04   0.22430243E-05   0.77464669E-07   0.22447503E-05   0.75423910E-07   0.23204889E-05   0.23201743E-05
   5.383   6.883   0.23873793E-04   0.22454338E-05   0.77692333E-07   0.22471755E-05   0.75647723E-07   0.23231262E-05   0.23228232E-05
   5.400   6.900   0.23977050E-04   0.22478291E-05   0.77919794E-07   0.22495864E-05   0.75871299E-07   0.23257489E-05   0.23254577E-05
   5.417   6.917   0.24079796E-04   0.22502114E-05   0.78147108E-07   0.22519844E-05   0.76094695E-07   0.23283585E-05   0.23280791E-05
   5.433   6.933   0.24182024E-04   0.22525824E-05   0.78374334E-07   0.22543710E-05   0.76317963E-07   0.23309567E-05   0.23306890E-05
   5.450   6.950   0.24283723E-04   0.22549434E-05   0.78601533E-07   0.22567477E-05   0.76541163E-07   0.23335449E-05   0.23332889E-05
   5.467   6.967   0.24384888E-04   0.22572960E-05   0.78828768E-07   0.22591161E-05   0.76764352E-07   0.23361247E-05   0.23358804E-05
   5.483   6.983   0.24485512E-04   0.22596416E-05   0.79056103E-07   0.22614775E-05   0.76987589E-07   0.23386977E-05   0.23384651E-05
   5.500   7.000   0.24585591E-04   0.22619817E-05   0.79283602E-07   0.22638335E-05   0.77210938E-07   0.23412654E-05   0.23410444E-05
   5.517   7.017   0.24685120E-04   0.22643179E-05   0.79511331E-07   0.22661856E-05   0.77434460E-07   0.23438293E-05   0.23436201E-05
   5.533   7.033   0.24784098E-04   0.22666516E-05   0.79739359E-07   0.22685352E-05   0.77658219E-07   0.23463910E-05   0.23461935E-05
   5.550   7.050   0.24882522E-04   0.22689843E-05   0.79967754E-07   0.22708839E-05   0.77882280E-07   0.23489520E-05   0.23487662E-05
   5.567   7.067   0.24980393E-04   0.22713174E-05   0.80196583E-07   0.22732331E-05   0.78106708E-07   0.23515139E-05   0.23513398E-05
   5.583   7.083   0.25077710E-04   0.22736523E-05   0.80425918E-07   0.22755843E-05   0.78331571E-07   0.23540783E-05   0.23539159E-05
   5.600   7.100   0.25174476E-04   0.22759906E-05   0.80655829E-07   0.22779388E-05   0.78556933E-07   0.23566465E-05   0.23564958E-05
   5.617   7.117   0.25270692E-04   0.22783337E-05   0.80886387E-07   0.22802982E-05   0.78782865E-07   0.23592201E-05   0.23590811E-05
   5.633   7.133   0.25366362E-04   0.22806829E-05   0.81117662E-07   0.22826638E-05   0.79009432E-07   0.23618005E-05   0.23616732E-05
   5.650   7.150   0.25461491E-04   0.22830396E-05   0.81349727E-07   0.22850370E-05   0.79236705E-07   0.23643893E-05   0.23642737E-05
   5.667   7.167   0.25556083E-04   0.22854052E-05   0.81582654E-07   0.22874192E-05   0.79464751E-07   0.23669878E-05   0.23668840E-05
   5.683   7.183   0.25650144E-04   0.22877810E-05   0.81816515E-07   0.22898117E-05   0.79693641E-07   0.23695975E-05   0.23695054E-05
   5.700   7.200   0.25743681E-04   0.22901683E-05   0.82051381E-07   0.22922159E-05   0.79923442E-07   0.23722197E-05   0.23721393E-05
   5.717   7.217   0.25836702E-04   0.22925684E-05   0.82287326E-07   0.22946330E-05   0.80154225E-07   0.23748558E-05   0.23747872E-05
   5.733   7.233   0.25929213E-04   0.22949827E-05   0.82524422E-07   0.22970642E-05   0.80386059E-07   0.23775071E-05   0.23774503E-05
   5.750   7.250   0.26021225E-04   0.22974122E-05   0.82762740E-07   0.22995110E-05   0.80619013E-07   0.23801750E-05   0.23801300E-05
   5.767   7.267   0.26112746E-04   0.22998583E-05   0.83002354E-07   0.23019743E-05   0.80853157E-07   0.23828606E-05   0.23828275E-05
   5.783   7.283   0.26203786E-04   0.23023221E-05   0.83243335E-07   0.23044555E-05   0.81088560E-07   0.23855654E-05   0.23855441E-05
   5.800   7.300   0.26294356E-04   0.23048047E-05   0.83485755E-07   0.23069557E-05   0.81325291E-07   0.23882904E-05   0.23882810E-05
   5.817   7.317   0.26384467E-04   0.23073073E-05   0.83729686E-07   0.23094761E-05   0.81563420E-07   0.23910370E-05   0.23910395E-05
   5.833   7.333   0.26474131E-04   0.23098310E-05   0.83975199E-07   0.23120176E-05   0.81803016E-07   0.23938062E-05   0.23938207E-05
   5.850   7.350   0.26563360E-04   0.23123769E-05   0.84222366E-07   0.23145815E-05   0.82044146E-07   0.23965993E-05   0.23966257E-05
   5.867   7.367   0.26652166E-04   0.23149460E-05   0.84471257E-07   0.23171688E-05   0.82286880E-07   0.23994173E-05   0.23994556E-05
   5.883   7.383   0.26740561E-04   0.23175393E-05   0.84721944E-07   0.23197804E-05   0.82531286E-07   0.24022613E-05   0.24023117E-05
   5.900   7.400   0.26828561E-04   0.23201578E-05   0.84974497E-07   0.23224174E-05   0.82777432E-07   0.24051323E-05   0.24051948E-05
   5.917   7.417   0.26916178E-04   0.23228025E-05   0.85228985E-07   0.23250808E-05   0.83025386E-07   0.24080315E-05   0.24081061E-05
   5.933   7.433   0.27003426E-04   0.23254743E-05   0.85485480E-07   0.23277714E-05   0.83275215E-07   0.24109598E-05   0.24110466E-05
   5.950   7.450   0.27090319E-04   0.23281741E-05   0.85744050E-07   0.23304902E-05   0.83526986E-07   0.24139182E-05   0.24140172E-05
   5.967   7.467   0.27176874E-04   0.23309028E-05   0.86004766E-07   0.23332381E-05   0.83780768E-07   0.24169076E-05   0.24170189E-05
   5.983   7.483   0.27263103E-04   0.23336613E-05   0.86267695E-07   0.23360160E-05   0.84036626E-07   0.24199290E-05   0.24200526E-05
   6.000   7.500   0.27349023E-04   0.23364503E-05   0.86532907E-07   0.23388246E-05   0.84294628E-07   0.24229832E-05   0.24231192E-05
