        RT(hours)             [O2]         L_R_04           P_R_01           P_R_23           P_R_28           P_R_31           tot_loss         tot_prod
  -1.483   0.017   0.20000000E+09   0.13545204E-05   0.62336855E-05   0.22921521E-05   0.44910246E-07   0.15458010E-07   0.13545204E-05   0.85862059E-05
  -1.467   0.033   0.20000000E+09   0.15680195E-05   0.72164082E-05   0.24414931E-05   0.10251569E-06   0.18990180E-07   0.15680195E-05   0.97794072E-05
  -1.450   0.050   0.20000000E+09   0.17992099E-05   0.82806065E-05   0.25370087E-05   0.16792047E-06   0.22281195E-07   0.17992099E-05   0.11007817E-04
  -1.433   0.067   0.20000000E+09   0.20478120E-05   0.94250033E-05   0.25985305E-05   0.24064277E-06   0.25668219E-07   0.20478120E-05   0.12289845E-04
  -1.417   0.083   0.20000000E+09   0.23134640E-05   0.10647943E-04   0.26385806E-05   0.32134434E-06   0.29374962E-07   0.23134640E-05   0.13637243E-04
  -1.400   0.100   0.20000000E+09   0.25957338E-05   0.11947445E-04   0.26650517E-05   0.41114326E-06   0.33541082E-07   0.25957338E-05   0.15057181E-04
  -1.383   0.117   0.20000000E+09   0.28941294E-05   0.13321257E-04   0.26829071E-05   0.51129411E-06   0.38258946E-07   0.28941294E-05   0.16553718E-04
  -1.367   0.133   0.20000000E+09   0.32081095E-05   0.14766897E-04   0.26952542E-05   0.62295234E-06   0.43596851E-07   0.32081095E-05   0.18128701E-04
  -1.350   0.150   0.20000000E+09   0.35370923E-05   0.16281697E-04   0.27040265E-05   0.74699516E-06   0.49610793E-07   0.35370923E-05   0.19782330E-04
  -1.333   0.167   0.20000000E+09   0.38804638E-05   0.17862842E-04   0.27104193E-05   0.88390451E-06   0.56348985E-07   0.38804638E-05   0.21513515E-04
  -1.317   0.183   0.20000000E+09   0.42375856E-05   0.19507404E-04   0.27151683E-05   0.10337110E-05   0.63852430E-07   0.42375856E-05   0.23320136E-04
  -1.300   0.200   0.20000000E+09   0.46078011E-05   0.21212371E-04   0.27187281E-05   0.11959901E-05   0.72153684E-07   0.46078011E-05   0.25199242E-04
  -1.283   0.217   0.20000000E+09   0.49904420E-05   0.22974677E-04   0.27213827E-05   0.13698976E-05   0.81275142E-07   0.49904420E-05   0.27147232E-04
  -1.267   0.233   0.20000000E+09   0.53848335E-05   0.24791227E-04   0.27233156E-05   0.15542331E-05   0.91227575E-07   0.53848335E-05   0.29160004E-04
  -1.250   0.250   0.20000000E+09   0.57902993E-05   0.26658919E-04   0.27246505E-05   0.17475202E-05   0.10200932E-06   0.57902993E-05   0.31233099E-04
  -1.233   0.267   0.20000000E+09   0.62061652E-05   0.28574659E-04   0.27254762E-05   0.19480937E-05   0.11360628E-06   0.62061652E-05   0.33361835E-04
  -1.217   0.283   0.20000000E+09   0.66317632E-05   0.30535383E-04   0.27258597E-05   0.21541871E-05   0.12599275E-06   0.66317632E-05   0.35541422E-04
  -1.200   0.300   0.20000000E+09   0.70664342E-05   0.32538066E-04   0.27258546E-05   0.23640138E-05   0.13913281E-06   0.70664342E-05   0.37767068E-04
  -1.183   0.317   0.20000000E+09   0.75095308E-05   0.34579739E-04   0.27255043E-05   0.25758366E-05   0.15298228E-06   0.75095308E-05   0.40034063E-04
  -1.167   0.333   0.20000000E+09   0.79604190E-05   0.36657493E-04   0.27248451E-05   0.27880244E-05   0.16749077E-06   0.79604190E-05   0.42337854E-04
  -1.150   0.350   0.20000000E+09   0.84184802E-05   0.38768490E-04   0.27239070E-05   0.29990936E-05   0.18260384E-06   0.84184802E-05   0.44674095E-04
  -1.133   0.367   0.20000000E+09   0.88831125E-05   0.40909968E-04   0.27227155E-05   0.32077361E-05   0.19826498E-06   0.88831125E-05   0.47038685E-04
  -1.117   0.383   0.20000000E+09   0.93537315E-05   0.43079247E-04   0.27212918E-05   0.34128338E-05   0.21441733E-06   0.93537315E-05   0.49427790E-04
  -1.100   0.400   0.20000000E+09   0.98297713E-05   0.45273730E-04   0.27196539E-05   0.36134634E-05   0.23100512E-06   0.98297713E-05   0.51837852E-04
  -1.083   0.417   0.20000000E+09   0.10310685E-04   0.47490908E-04   0.27178176E-05   0.38088916E-05   0.24797482E-06   0.10310685E-04   0.54265592E-04
  -1.067   0.433   0.20000000E+09   0.10795945E-04   0.49728360E-04   0.27157965E-05   0.39985653E-05   0.26527596E-06   0.10795945E-04   0.56707998E-04
  -1.050   0.450   0.20000000E+09   0.11285043E-04   0.51983755E-04   0.27136028E-05   0.41820961E-05   0.28286171E-06   0.11285043E-04   0.59162316E-04
  -1.033   0.467   0.20000000E+09   0.11777490E-04   0.54254850E-04   0.27112480E-05   0.43592431E-05   0.30068916E-06   0.11777490E-04   0.61626031E-04
  -1.017   0.483   0.20000000E+09   0.12272817E-04   0.56539493E-04   0.27087426E-05   0.45298934E-05   0.31871953E-06   0.12272817E-04   0.64096848E-04
  -1.000   0.500   0.20000000E+09   0.12770574E-04   0.58835617E-04   0.27060969E-05   0.46940430E-05   0.33691805E-06   0.12770574E-04   0.66572675E-04
  -0.983   0.517   0.20000000E+09   0.13270329E-04   0.61141245E-04   0.27033206E-05   0.48517773E-05   0.35525386E-06   0.13270329E-04   0.69051597E-04
  -0.967   0.533   0.20000000E+09   0.13771669E-04   0.63454483E-04   0.27004235E-05   0.50032536E-05   0.37369977E-06   0.13771669E-04   0.71531860E-04
  -0.950   0.550   0.20000000E+09   0.14274201E-04   0.65773521E-04   0.26974149E-05   0.51486836E-05   0.39223191E-06   0.14274201E-04   0.74011852E-04
  -0.933   0.567   0.20000000E+09   0.14777546E-04   0.68096632E-04   0.26943042E-05   0.52883197E-05   0.41082939E-06   0.14777546E-04   0.76490085E-04
  -0.917   0.583   0.20000000E+09   0.15281347E-04   0.70422165E-04   0.26911005E-05   0.54224409E-05   0.42947398E-06   0.15281347E-04   0.78965180E-04
  -0.900   0.600   0.20000000E+09   0.15785259E-04   0.72748549E-04   0.26878126E-05   0.55513426E-05   0.44814972E-06   0.15785259E-04   0.81435854E-04
  -0.883   0.617   0.20000000E+09   0.16288957E-04   0.75074288E-04   0.26844492E-05   0.56753272E-05   0.46684258E-06   0.16288957E-04   0.83900907E-04
  -0.867   0.633   0.20000000E+09   0.16792130E-04   0.77397955E-04   0.26810185E-05   0.57946965E-05   0.48554013E-06   0.16792130E-04   0.86359211E-04
  -0.850   0.650   0.20000000E+09   0.17294484E-04   0.79718198E-04   0.26775286E-05   0.59097464E-05   0.50423131E-06   0.17294484E-04   0.88809704E-04
  -0.833   0.667   0.20000000E+09   0.17795736E-04   0.82033728E-04   0.26739869E-05   0.60207623E-05   0.52290609E-06   0.17795736E-04   0.91251383E-04
  -0.817   0.683   0.20000000E+09   0.18295621E-04   0.84343324E-04   0.26704007E-05   0.61280160E-05   0.54155534E-06   0.18295621E-04   0.93683296E-04
  -0.800   0.700   0.20000000E+09   0.18793885E-04   0.86645825E-04   0.26667767E-05   0.62317639E-05   0.56017060E-06   0.18793885E-04   0.96104536E-04
  -0.783   0.717   0.20000000E+09   0.19290291E-04   0.88940134E-04   0.26631211E-05   0.63322458E-05   0.57874392E-06   0.19290291E-04   0.98514245E-04
  -0.767   0.733   0.20000000E+09   0.19784609E-04   0.91225207E-04   0.26594399E-05   0.64296845E-05   0.59726778E-06   0.19784609E-04   0.10091160E-03
  -0.750   0.750   0.20000000E+09   0.20276626E-04   0.93500061E-04   0.26557384E-05   0.65242855E-05   0.61573497E-06   0.20276626E-04   0.10329582E-03
  -0.733   0.767   0.20000000E+09   0.20766138E-04   0.95763761E-04   0.26520216E-05   0.66162381E-05   0.63413854E-06   0.20766138E-04   0.10566616E-03
  -0.717   0.783   0.20000000E+09   0.21252953E-04   0.98015426E-04   0.26482939E-05   0.67057156E-05   0.65247169E-06   0.21252953E-04   0.10802191E-03
  -0.700   0.800   0.20000000E+09   0.21736890E-04   0.10025422E-03   0.26445595E-05   0.67928765E-05   0.67072782E-06   0.21736890E-04   0.11036239E-03
  -0.683   0.817   0.20000000E+09   0.22217776E-04   0.10247937E-03   0.26408220E-05   0.68778656E-05   0.68890044E-06   0.22217776E-04   0.11268696E-03
  -0.667   0.833   0.20000000E+09   0.22695451E-04   0.10469011E-03   0.26370847E-05   0.69608151E-05   0.70698317E-06   0.22695451E-04   0.11499500E-03
  -0.650   0.850   0.20000000E+09   0.23169762E-04   0.10688577E-03   0.26333507E-05   0.70418454E-05   0.72496975E-06   0.23169762E-04   0.11728593E-03
  -0.633   0.867   0.20000000E+09   0.23640565E-04   0.10906567E-03   0.26296225E-05   0.71210668E-05   0.74285403E-06   0.23640565E-04   0.11955921E-03
  -0.617   0.883   0.20000000E+09   0.24107727E-04   0.11122919E-03   0.26259024E-05   0.71985798E-05   0.76062995E-06   0.24107727E-04   0.12181431E-03
  -0.600   0.900   0.20000000E+09   0.24571119E-04   0.11337577E-03   0.26221925E-05   0.72744768E-05   0.77829158E-06   0.24571119E-04   0.12405073E-03
  -0.583   0.917   0.20000000E+09   0.25030623E-04   0.11550484E-03   0.26184945E-05   0.73488424E-05   0.79583309E-06   0.25030623E-04   0.12626801E-03
  -0.567   0.933   0.20000000E+09   0.25486127E-04   0.11761589E-03   0.26148100E-05   0.74217545E-05   0.81324878E-06   0.25486127E-04   0.12846570E-03
  -0.550   0.950   0.20000000E+09   0.25937526E-04   0.11970845E-03   0.26111401E-05   0.74932849E-05   0.83053308E-06   0.25937526E-04   0.13064340E-03
  -0.533   0.967   0.20000000E+09   0.26384722E-04   0.12178205E-03   0.26074861E-05   0.75635001E-05   0.84768054E-06   0.26384722E-04   0.13280072E-03
  -0.517   0.983   0.20000000E+09   0.26827624E-04   0.12383629E-03   0.26038489E-05   0.76324619E-05   0.86468586E-06   0.26827624E-04   0.13493729E-03
  -0.500   1.000   0.20000000E+09   0.27266145E-04   0.12587077E-03   0.26002291E-05   0.77002276E-05   0.88154386E-06   0.27266145E-04   0.13705277E-03
  -0.483   1.017   0.20000000E+09   0.27700206E-04   0.12788511E-03   0.25966274E-05   0.77668507E-05   0.89824952E-06   0.27700206E-04   0.13914684E-03
  -0.467   1.033   0.20000000E+09   0.28129732E-04   0.12987898E-03   0.25930442E-05   0.78323813E-05   0.91479795E-06   0.28129732E-04   0.14121921E-03
  -0.450   1.050   0.20000000E+09   0.28554654E-04   0.13185206E-03   0.25894800E-05   0.78968665E-05   0.93118441E-06   0.28554654E-04   0.14326959E-03
  -0.433   1.067   0.20000000E+09   0.28974909E-04   0.13380405E-03   0.25859348E-05   0.79603504E-05   0.94740429E-06   0.28974909E-04   0.14529774E-03
  -0.417   1.083   0.20000000E+09   0.29390435E-04   0.13573468E-03   0.25824088E-05   0.80228745E-05   0.96345313E-06   0.29390435E-04   0.14730342E-03
  -0.400   1.100   0.20000000E+09   0.29801180E-04   0.13764369E-03   0.25789021E-05   0.80844782E-05   0.97932663E-06   0.29801180E-04   0.14928640E-03
  -0.383   1.117   0.20000000E+09   0.30207091E-04   0.13953086E-03   0.25754146E-05   0.81451986E-05   0.99502059E-06   0.30207091E-04   0.15124649E-03
  -0.367   1.133   0.20000000E+09   0.30608122E-04   0.14139595E-03   0.25719462E-05   0.82050708E-05   0.10105310E-05   0.30608122E-04   0.15318350E-03
  -0.350   1.150   0.20000000E+09   0.31004231E-04   0.14323879E-03   0.25684968E-05   0.82641282E-05   0.10258539E-05   0.31004231E-04   0.15509727E-03
  -0.333   1.167   0.20000000E+09   0.31395379E-04   0.14505918E-03   0.25650660E-05   0.83224026E-05   0.10409855E-05   0.31395379E-04   0.15698763E-03
  -0.317   1.183   0.20000000E+09   0.31781529E-04   0.14685696E-03   0.25616536E-05   0.83799240E-05   0.10559223E-05   0.31781529E-04   0.15885446E-03
  -0.300   1.200   0.20000000E+09   0.32162651E-04   0.14863199E-03   0.25582593E-05   0.84367210E-05   0.10706607E-05   0.32162651E-04   0.16069763E-03
  -0.283   1.217   0.20000000E+09   0.32538714E-04   0.15038412E-03   0.25548827E-05   0.84928210E-05   0.10851972E-05   0.32538714E-04   0.16251702E-03
  -0.267   1.233   0.20000000E+09   0.32909693E-04   0.15211324E-03   0.25515234E-05   0.85482500E-05   0.10995288E-05   0.32909693E-04   0.16431254E-03
  -0.250   1.250   0.20000000E+09   0.33275581E-04   0.15381931E-03   0.25481784E-05   0.86030496E-05   0.11136544E-05   0.33275581E-04   0.16608419E-03
  -0.233   1.267   0.20000000E+09   0.33636383E-04   0.15550234E-03   0.25448439E-05   0.86572662E-05   0.11275736E-05   0.33636383E-04   0.16783203E-03
  -0.217   1.283   0.20000000E+09   0.33992089E-04   0.15716229E-03   0.25415201E-05   0.87109209E-05   0.11412823E-05   0.33992089E-04   0.16955601E-03
  -0.200   1.300   0.20000000E+09   0.34342687E-04   0.15879908E-03   0.25382067E-05   0.87640339E-05   0.11547770E-05   0.34342687E-04   0.17125610E-03
  -0.183   1.317   0.20000000E+09   0.34688169E-04   0.16041268E-03   0.25349035E-05   0.88166250E-05   0.11680544E-05   0.34688169E-04   0.17293226E-03
  -0.167   1.333   0.20000000E+09   0.35028528E-04   0.16200305E-03   0.25316101E-05   0.88687130E-05   0.11811114E-05   0.35028528E-04   0.17458448E-03
  -0.150   1.350   0.20000000E+09   0.35363761E-04   0.16357017E-03   0.25283260E-05   0.89203161E-05   0.11939449E-05   0.35363761E-04   0.17621275E-03
  -0.133   1.367   0.20000000E+09   0.35693864E-04   0.16511402E-03   0.25250508E-05   0.89714518E-05   0.12065521E-05   0.35693864E-04   0.17781707E-03
  -0.117   1.383   0.20000000E+09   0.36018838E-04   0.16663460E-03   0.25217842E-05   0.90221371E-05   0.12189300E-05   0.36018838E-04   0.17939745E-03
  -0.100   1.400   0.20000000E+09   0.36338684E-04   0.16813191E-03   0.25185256E-05   0.90723881E-05   0.12310760E-05   0.36338684E-04   0.18095390E-03
  -0.083   1.417   0.20000000E+09   0.36653406E-04   0.16960596E-03   0.25152746E-05   0.91222205E-05   0.12429873E-05   0.36653406E-04   0.18248644E-03
  -0.067   1.433   0.20000000E+09   0.36963009E-04   0.17105677E-03   0.25120306E-05   0.91716492E-05   0.12546615E-05   0.36963009E-04   0.18399512E-03
  -0.050   1.450   0.20000000E+09   0.37267500E-04   0.17248438E-03   0.25087933E-05   0.92206885E-05   0.12660960E-05   0.37267500E-04   0.18547996E-03
  -0.033   1.467   0.20000000E+09   0.37566888E-04   0.17388881E-03   0.25055623E-05   0.92693521E-05   0.12772884E-05   0.37566888E-04   0.18694101E-03
  -0.017   1.483   0.20000000E+09   0.37861182E-04   0.17527010E-03   0.25023369E-05   0.93176529E-05   0.12882364E-05   0.37861182E-04   0.18837833E-03
   0.000   1.500   0.20000000E+09   0.38150393E-04   0.17662830E-03   0.24991168E-05   0.93656036E-05   0.12989377E-05   0.38150393E-04   0.18979196E-03
   0.017   1.517   0.20000000E+09   0.38434536E-04   0.17796348E-03   0.24959015E-05   0.94132159E-05   0.13093903E-05   0.38434536E-04   0.19118198E-03
   0.033   1.533   0.20000000E+09   0.38713623E-04   0.17927568E-03   0.24926907E-05   0.94605012E-05   0.13195920E-05   0.38713623E-04   0.19254846E-03
   0.050   1.550   0.20000000E+09   0.38987669E-04   0.18056497E-03   0.24894837E-05   0.95074704E-05   0.13295408E-05   0.38987669E-04   0.19389146E-03
   0.067   1.567   0.20000000E+09   0.39256693E-04   0.18183142E-03   0.24862803E-05   0.95541336E-05   0.13392348E-05   0.39256693E-04   0.19521107E-03
   0.083   1.583   0.20000000E+09   0.39520710E-04   0.18307512E-03   0.24830800E-05   0.96005007E-05   0.13486723E-05   0.39520710E-04   0.19650737E-03
   0.100   1.600   0.20000000E+09   0.39779741E-04   0.18429614E-03   0.24798823E-05   0.96465810E-05   0.13578515E-05   0.39779741E-04   0.19778046E-03
   0.117   1.617   0.20000000E+09   0.40033805E-04   0.18549457E-03   0.24766870E-05   0.96923833E-05   0.13667707E-05   0.40033805E-04   0.19903041E-03
   0.133   1.633   0.20000000E+09   0.40282922E-04   0.18667050E-03   0.24734935E-05   0.97379159E-05   0.13754284E-05   0.40282922E-04   0.20025734E-03
   0.150   1.650   0.20000000E+09   0.40527115E-04   0.18782403E-03   0.24703016E-05   0.97831869E-05   0.13838232E-05   0.40527115E-04   0.20146134E-03
   0.167   1.667   0.20000000E+09   0.40766407E-04   0.18895525E-03   0.24671108E-05   0.98282038E-05   0.13919538E-05   0.40766407E-04   0.20264252E-03
   0.183   1.683   0.20000000E+09   0.41000820E-04   0.19006428E-03   0.24639208E-05   0.98729736E-05   0.13998188E-05   0.41000820E-04   0.20380099E-03
   0.200   1.700   0.20000000E+09   0.41230381E-04   0.19115121E-03   0.24607313E-05   0.99175031E-05   0.14074172E-05   0.41230381E-04   0.20493686E-03
   0.217   1.717   0.20000000E+09   0.41455113E-04   0.19221617E-03   0.24575419E-05   0.99617986E-05   0.14147479E-05   0.41455113E-04   0.20605026E-03
   0.233   1.733   0.20000000E+09   0.41675043E-04   0.19325926E-03   0.24543523E-05   0.10005866E-04   0.14218099E-05   0.41675043E-04   0.20714129E-03
   0.250   1.750   0.20000000E+09   0.41890198E-04   0.19428060E-03   0.24511621E-05   0.10049711E-04   0.14286025E-05   0.41890198E-04   0.20821008E-03
   0.267   1.767   0.20000000E+09   0.42100606E-04   0.19528033E-03   0.24479712E-05   0.10093340E-04   0.14351249E-05   0.42100606E-04   0.20925676E-03
   0.283   1.783   0.20000000E+09   0.42306295E-04   0.19625855E-03   0.24447792E-05   0.10136756E-04   0.14413764E-05   0.42306295E-04   0.21028146E-03
   0.300   1.800   0.20000000E+09   0.42507294E-04   0.19721540E-03   0.24415858E-05   0.10179964E-04   0.14473566E-05   0.42507294E-04   0.21128431E-03
   0.317   1.817   0.20000000E+09   0.42703632E-04   0.19815102E-03   0.24383909E-05   0.10222970E-04   0.14530651E-05   0.42703632E-04   0.21226545E-03
   0.333   1.833   0.20000000E+09   0.42895340E-04   0.19906553E-03   0.24351941E-05   0.10265776E-04   0.14585017E-05   0.42895340E-04   0.21322501E-03
   0.350   1.850   0.20000000E+09   0.43082448E-04   0.19995908E-03   0.24319952E-05   0.10308388E-04   0.14636660E-05   0.43082448E-04   0.21416313E-03
   0.367   1.867   0.20000000E+09   0.43264989E-04   0.20083180E-03   0.24287940E-05   0.10350807E-04   0.14685582E-05   0.43264989E-04   0.21507996E-03
   0.383   1.883   0.20000000E+09   0.43442993E-04   0.20168383E-03   0.24255902E-05   0.10393038E-04   0.14731782E-05   0.43442993E-04   0.21597563E-03
   0.400   1.900   0.20000000E+09   0.43616493E-04   0.20251532E-03   0.24223838E-05   0.10435083E-04   0.14775262E-05   0.43616493E-04   0.21685031E-03
   0.417   1.917   0.20000000E+09   0.43785523E-04   0.20332641E-03   0.24191746E-05   0.10476946E-04   0.14816027E-05   0.43785523E-04   0.21770414E-03
   0.433   1.933   0.20000000E+09   0.43950116E-04   0.20411726E-03   0.24159622E-05   0.10518628E-04   0.14854079E-05   0.43950116E-04   0.21853726E-03
   0.450   1.950   0.20000000E+09   0.44110306E-04   0.20488802E-03   0.24127467E-05   0.10560131E-04   0.14889424E-05   0.44110306E-04   0.21934984E-03
   0.467   1.967   0.20000000E+09   0.44266127E-04   0.20563884E-03   0.24095278E-05   0.10601459E-04   0.14922069E-05   0.44266127E-04   0.22014203E-03
   0.483   1.983   0.20000000E+09   0.44417614E-04   0.20636987E-03   0.24063054E-05   0.10642613E-04   0.14952023E-05   0.44417614E-04   0.22091399E-03
   0.500   2.000   0.20000000E+09   0.44564802E-04   0.20708127E-03   0.24030794E-05   0.10683594E-04   0.14979293E-05   0.44564802E-04   0.22166587E-03
   0.517   2.017   0.20000000E+09   0.44707727E-04   0.20777320E-03   0.23998497E-05   0.10724404E-04   0.15003890E-05   0.44707727E-04   0.22239784E-03
   0.533   2.033   0.20000000E+09   0.44846426E-04   0.20844582E-03   0.23966163E-05   0.10765043E-04   0.15025826E-05   0.44846426E-04   0.22311007E-03
   0.550   2.050   0.20000000E+09   0.44980934E-04   0.20909930E-03   0.23933789E-05   0.10805514E-04   0.15045114E-05   0.44980934E-04   0.22380271E-03
   0.567   2.067   0.20000000E+09   0.45111289E-04   0.20973380E-03   0.23901375E-05   0.10845818E-04   0.15061767E-05   0.45111289E-04   0.22447593E-03
   0.583   2.083   0.20000000E+09   0.45237527E-04   0.21034948E-03   0.23868921E-05   0.10885954E-04   0.15075800E-05   0.45237527E-04   0.22512991E-03
   0.600   2.100   0.20000000E+09   0.45359686E-04   0.21094652E-03   0.23836426E-05   0.10925923E-04   0.15087231E-05   0.45359686E-04   0.22576481E-03
   0.617   2.117   0.20000000E+09   0.45477805E-04   0.21152508E-03   0.23803890E-05   0.10965726E-04   0.15096075E-05   0.45477805E-04   0.22638080E-03
   0.633   2.133   0.20000000E+09   0.45591921E-04   0.21208533E-03   0.23771313E-05   0.11005364E-04   0.15102353E-05   0.45591921E-04   0.22697806E-03
   0.650   2.150   0.20000000E+09   0.45702073E-04   0.21262745E-03   0.23738693E-05   0.11044836E-04   0.15106083E-05   0.45702073E-04   0.22755676E-03
   0.667   2.167   0.20000000E+09   0.45808299E-04   0.21315161E-03   0.23706032E-05   0.11084142E-04   0.15107286E-05   0.45808299E-04   0.22811708E-03
   0.683   2.183   0.20000000E+09   0.45910639E-04   0.21365798E-03   0.23673329E-05   0.11123283E-04   0.15105985E-05   0.45910639E-04   0.22865920E-03
   0.700   2.200   0.20000000E+09   0.46009133E-04   0.21414674E-03   0.23640584E-05   0.11162259E-04   0.15102203E-05   0.46009133E-04   0.22918328E-03
   0.717   2.217   0.20000000E+09   0.46103819E-04   0.21461807E-03   0.23607798E-05   0.11201068E-04   0.15095964E-05   0.46103819E-04   0.22968952E-03
   0.733   2.233   0.20000000E+09   0.46194738E-04   0.21507215E-03   0.23574970E-05   0.11239711E-04   0.15087294E-05   0.46194738E-04   0.23017809E-03
   0.750   2.250   0.20000000E+09   0.46281931E-04   0.21550916E-03   0.23542101E-05   0.11278187E-04   0.15076217E-05   0.46281931E-04   0.23064918E-03
   0.767   2.267   0.20000000E+09   0.46365436E-04   0.21592927E-03   0.23509193E-05   0.11316496E-04   0.15062763E-05   0.46365436E-04   0.23110297E-03
   0.783   2.283   0.20000000E+09   0.46445296E-04   0.21633268E-03   0.23476244E-05   0.11354638E-04   0.15046960E-05   0.46445296E-04   0.23153964E-03
   0.800   2.300   0.20000000E+09   0.46521552E-04   0.21671956E-03   0.23443256E-05   0.11392610E-04   0.15028836E-05   0.46521552E-04   0.23195938E-03
   0.817   2.317   0.20000000E+09   0.46594243E-04   0.21709010E-03   0.23410230E-05   0.11430414E-04   0.15008422E-05   0.46594243E-04   0.23236238E-03
   0.833   2.333   0.20000000E+09   0.46663412E-04   0.21744449E-03   0.23377167E-05   0.11468048E-04   0.14985749E-05   0.46663412E-04   0.23274883E-03
   0.850   2.350   0.20000000E+09   0.46729101E-04   0.21778290E-03   0.23344067E-05   0.11505511E-04   0.14960850E-05   0.46729101E-04   0.23311891E-03
   0.867   2.367   0.20000000E+09   0.46791351E-04   0.21810554E-03   0.23310932E-05   0.11542802E-04   0.14933757E-05   0.46791351E-04   0.23347281E-03
   0.883   2.383   0.20000000E+09   0.46850204E-04   0.21841259E-03   0.23277762E-05   0.11579921E-04   0.14904504E-05   0.46850204E-04   0.23381073E-03
   0.900   2.400   0.20000000E+09   0.46905702E-04   0.21870423E-03   0.23244560E-05   0.11616867E-04   0.14873126E-05   0.46905702E-04   0.23413286E-03
   0.917   2.417   0.20000000E+09   0.46957889E-04   0.21898066E-03   0.23211326E-05   0.11653638E-04   0.14839658E-05   0.46957889E-04   0.23443940E-03
   0.933   2.433   0.20000000E+09   0.47006805E-04   0.21924207E-03   0.23178062E-05   0.11690234E-04   0.14804137E-05   0.47006805E-04   0.23473053E-03
   0.950   2.450   0.20000000E+09   0.47052495E-04   0.21948866E-03   0.23144770E-05   0.11726654E-04   0.14766598E-05   0.47052495E-04   0.23500645E-03
   0.967   2.467   0.20000000E+09   0.47095002E-04   0.21972060E-03   0.23111450E-05   0.11762897E-04   0.14727080E-05   0.47095002E-04   0.23526736E-03
   0.983   2.483   0.20000000E+09   0.47134367E-04   0.21993811E-03   0.23078105E-05   0.11798962E-04   0.14685621E-05   0.47134367E-04   0.23551345E-03
   1.000   2.500   0.20000000E+09   0.47170630E-04   0.22014138E-03   0.23044566E-05   0.11834832E-04   0.14642226E-05   0.47170630E-04   0.23574489E-03
   1.017   2.517   0.20000000E+09   0.47203506E-04   0.22033067E-03   0.23000481E-05   0.11869069E-04   0.14594897E-05   0.47203506E-04   0.23595928E-03
   1.033   2.533   0.20000000E+09   0.47233402E-04   0.22050621E-03   0.22955860E-05   0.11902564E-04   0.14545839E-05   0.47233402E-04   0.23615894E-03
   1.050   2.550   0.20000000E+09   0.47260349E-04   0.22066812E-03   0.22911017E-05   0.11935568E-04   0.14495133E-05   0.47260349E-04   0.23634431E-03
   1.067   2.567   0.20000000E+09   0.47284385E-04   0.22081658E-03   0.22866098E-05   0.11968208E-04   0.14442847E-05   0.47284385E-04   0.23651569E-03
   1.083   2.583   0.20000000E+09   0.47305548E-04   0.22095177E-03   0.22821179E-05   0.12000562E-04   0.14389047E-05   0.47305548E-04   0.23667335E-03
   1.100   2.600   0.20000000E+09   0.47323878E-04   0.22107385E-03   0.22776299E-05   0.12032674E-04   0.14333792E-05   0.47323878E-04   0.23681753E-03
   1.117   2.617   0.20000000E+09   0.47339418E-04   0.22118302E-03   0.22731481E-05   0.12064572E-04   0.14277133E-05   0.47339418E-04   0.23694845E-03
   1.133   2.633   0.20000000E+09   0.47352209E-04   0.22127947E-03   0.22686738E-05   0.12096270E-04   0.14219113E-05   0.47352209E-04   0.23706632E-03
   1.150   2.650   0.20000000E+09   0.47362293E-04   0.22136338E-03   0.22642081E-05   0.12127776E-04   0.14159775E-05   0.47362293E-04   0.23717134E-03
   1.167   2.667   0.20000000E+09   0.47369712E-04   0.22143494E-03   0.22597514E-05   0.12159094E-04   0.14099156E-05   0.47369712E-04   0.23726370E-03
   1.183   2.683   0.20000000E+09   0.47374509E-04   0.22149435E-03   0.22553042E-05   0.12190226E-04   0.14037297E-05   0.47374509E-04   0.23734361E-03
   1.200   2.700   0.20000000E+09   0.47376725E-04   0.22154180E-03   0.22508669E-05   0.12221172E-04   0.13974233E-05   0.47376725E-04   0.23741126E-03
   1.217   2.717   0.20000000E+09   0.47376402E-04   0.22157747E-03   0.22464397E-05   0.12251933E-04   0.13910001E-05   0.47376402E-04   0.23746685E-03
   1.233   2.733   0.20000000E+09   0.47373584E-04   0.22160156E-03   0.22420231E-05   0.12282507E-04   0.13844639E-05   0.47373584E-04   0.23751056E-03
   1.250   2.750   0.20000000E+09   0.47368313E-04   0.22161426E-03   0.22376174E-05   0.12312895E-04   0.13778183E-05   0.47368313E-04   0.23754259E-03
   1.267   2.767   0.20000000E+09   0.47360630E-04   0.22161576E-03   0.22332226E-05   0.12343095E-04   0.13710669E-05   0.47360630E-04   0.23756315E-03
   1.283   2.783   0.20000000E+09   0.47350578E-04   0.22160625E-03   0.22288393E-05   0.12373107E-04   0.13642134E-05   0.47350578E-04   0.23757241E-03
   1.300   2.800   0.20000000E+09   0.47338200E-04   0.22158592E-03   0.22244676E-05   0.12402931E-04   0.13572614E-05   0.47338200E-04   0.23757058E-03
   1.317   2.817   0.20000000E+09   0.47323537E-04   0.22155496E-03   0.22201079E-05   0.12432564E-04   0.13502145E-05   0.47323537E-04   0.23755785E-03
   1.333   2.833   0.20000000E+09   0.47306631E-04   0.22151356E-03   0.22157604E-05   0.12462007E-04   0.13430763E-05   0.47306631E-04   0.23753441E-03
   1.350   2.850   0.20000000E+09   0.47287526E-04   0.22146192E-03   0.22114255E-05   0.12491260E-04   0.13358503E-05   0.47287526E-04   0.23750046E-03
   1.367   2.867   0.20000000E+09   0.47266263E-04   0.22140023E-03   0.22071034E-05   0.12520322E-04   0.13285402E-05   0.47266263E-04   0.23745619E-03
   1.383   2.883   0.20000000E+09   0.47242884E-04   0.22132867E-03   0.22027945E-05   0.12549192E-04   0.13211495E-05   0.47242884E-04   0.23740181E-03
   1.400   2.900   0.20000000E+09   0.47217431E-04   0.22124744E-03   0.21984990E-05   0.12577870E-04   0.13136817E-05   0.47217431E-04   0.23733749E-03
   1.417   2.917   0.20000000E+09   0.47189946E-04   0.22115672E-03   0.21942174E-05   0.12606357E-04   0.13061403E-05   0.47189946E-04   0.23726344E-03
   1.433   2.933   0.20000000E+09   0.47160471E-04   0.22105671E-03   0.21899498E-05   0.12634652E-04   0.12985288E-05   0.47160471E-04   0.23717984E-03
   1.450   2.950   0.20000000E+09   0.47129048E-04   0.22094760E-03   0.21856967E-05   0.12662755E-04   0.12908507E-05   0.47129048E-04   0.23708690E-03
   1.467   2.967   0.20000000E+09   0.47095719E-04   0.22082958E-03   0.21814584E-05   0.12690666E-04   0.12831093E-05   0.47095719E-04   0.23698481E-03
   1.483   2.983   0.20000000E+09   0.47060526E-04   0.22070283E-03   0.21772352E-05   0.12718386E-04   0.12753080E-05   0.47060526E-04   0.23687376E-03
   1.500   3.000   0.20000000E+09   0.47023510E-04   0.22056755E-03   0.21730274E-05   0.12745915E-04   0.12674503E-05   0.47023510E-04   0.23675395E-03
   1.517   3.017   0.20000000E+09   0.46984713E-04   0.22042393E-03   0.21688355E-05   0.12773253E-04   0.12595394E-05   0.46984713E-04   0.23662556E-03
   1.533   3.033   0.20000000E+09   0.46944176E-04   0.22027215E-03   0.21646597E-05   0.12800401E-04   0.12515787E-05   0.46944176E-04   0.23648879E-03
   1.550   3.050   0.20000000E+09   0.46901941E-04   0.22011241E-03   0.21605004E-05   0.12827359E-04   0.12435714E-05   0.46901941E-04   0.23634384E-03
   1.567   3.067   0.20000000E+09   0.46858050E-04   0.21994489E-03   0.21563580E-05   0.12854129E-04   0.12355207E-05   0.46858050E-04   0.23619089E-03
   1.583   3.083   0.20000000E+09   0.46812543E-04   0.21976978E-03   0.21522329E-05   0.12880712E-04   0.12274298E-05   0.46812543E-04   0.23603015E-03
   1.600   3.100   0.20000000E+09   0.46765461E-04   0.21958726E-03   0.21481254E-05   0.12907107E-04   0.12193018E-05   0.46765461E-04   0.23586180E-03
   1.617   3.117   0.20000000E+09   0.46716847E-04   0.21939753E-03   0.21440359E-05   0.12933317E-04   0.12111399E-05   0.46716847E-04   0.23568603E-03
   1.633   3.133   0.20000000E+09   0.46666740E-04   0.21920078E-03   0.21399648E-05   0.12959342E-04   0.12029471E-05   0.46666740E-04   0.23550303E-03
   1.650   3.150   0.20000000E+09   0.46615182E-04   0.21899718E-03   0.21359125E-05   0.12985185E-04   0.11947264E-05   0.46615182E-04   0.23531301E-03
   1.667   3.167   0.20000000E+09   0.46562214E-04   0.21878693E-03   0.21318793E-05   0.13010846E-04   0.11864808E-05   0.46562214E-04   0.23511614E-03
   1.683   3.183   0.20000000E+09   0.46507875E-04   0.21857021E-03   0.21278657E-05   0.13036327E-04   0.11782133E-05   0.46507875E-04   0.23491262E-03
   1.700   3.200   0.20000000E+09   0.46452208E-04   0.21834721E-03   0.21238721E-05   0.13061630E-04   0.11699266E-05   0.46452208E-04   0.23470264E-03
   1.717   3.217   0.20000000E+09   0.46395252E-04   0.21811811E-03   0.21198989E-05   0.13086756E-04   0.11616237E-05   0.46395252E-04   0.23448639E-03
   1.733   3.233   0.20000000E+09   0.46337047E-04   0.21788310E-03   0.21159464E-05   0.13111708E-04   0.11533073E-05   0.46337047E-04   0.23426406E-03
   1.750   3.250   0.20000000E+09   0.46277634E-04   0.21764236E-03   0.21120151E-05   0.13136487E-04   0.11449801E-05   0.46277634E-04   0.23403584E-03
   1.767   3.267   0.20000000E+09   0.46217053E-04   0.21739607E-03   0.21081055E-05   0.13161096E-04   0.11366449E-05   0.46217053E-04   0.23380191E-03
   1.783   3.283   0.20000000E+09   0.46155344E-04   0.21714442E-03   0.21042179E-05   0.13185538E-04   0.11283042E-05   0.46155344E-04   0.23356248E-03
   1.800   3.300   0.20000000E+09   0.46092546E-04   0.21688759E-03   0.21003528E-05   0.13209814E-04   0.11199608E-05   0.46092546E-04   0.23331771E-03
   1.817   3.317   0.20000000E+09   0.46028700E-04   0.21662576E-03   0.20965106E-05   0.13233927E-04   0.11116170E-05   0.46028700E-04   0.23306781E-03
   1.833   3.333   0.20000000E+09   0.45963845E-04   0.21635911E-03   0.20926918E-05   0.13257879E-04   0.11032753E-05   0.45963845E-04   0.23281296E-03
   1.850   3.350   0.20000000E+09   0.45898020E-04   0.21608783E-03   0.20888968E-05   0.13281675E-04   0.10949383E-05   0.45898020E-04   0.23255334E-03
   1.867   3.367   0.20000000E+09   0.45831265E-04   0.21581210E-03   0.20851260E-05   0.13305316E-04   0.10866083E-05   0.45831265E-04   0.23228915E-03
   1.883   3.383   0.20000000E+09   0.45763619E-04   0.21553209E-03   0.20813800E-05   0.13328805E-04   0.10782875E-05   0.45763619E-04   0.23202056E-03
   1.900   3.400   0.20000000E+09   0.45695120E-04   0.21524799E-03   0.20776591E-05   0.13352146E-04   0.10699784E-05   0.45695120E-04   0.23174777E-03
   1.917   3.417   0.20000000E+09   0.45625808E-04   0.21495996E-03   0.20739638E-05   0.13375343E-04   0.10616830E-05   0.45625808E-04   0.23147095E-03
   1.933   3.433   0.20000000E+09   0.45555721E-04   0.21466820E-03   0.20702947E-05   0.13398398E-04   0.10534036E-05   0.45555721E-04   0.23119030E-03
   1.950   3.450   0.20000000E+09   0.45484899E-04   0.21437288E-03   0.20666521E-05   0.13421315E-04   0.10451423E-05   0.45484899E-04   0.23090599E-03
   1.967   3.467   0.20000000E+09   0.45413378E-04   0.21407417E-03   0.20630365E-05   0.13444097E-04   0.10369011E-05   0.45413378E-04   0.23061821E-03
   1.983   3.483   0.20000000E+09   0.45341198E-04   0.21377226E-03   0.20594485E-05   0.13466750E-04   0.10286821E-05   0.45341198E-04   0.23032714E-03
   2.000   3.500   0.20000000E+09   0.45268396E-04   0.21346731E-03   0.20558884E-05   0.13489275E-04   0.10204871E-05   0.45268396E-04   0.23003296E-03
   2.017   3.517   0.20000000E+09   0.45195011E-04   0.21315950E-03   0.20523569E-05   0.13511679E-04   0.10123181E-05   0.45195011E-04   0.22973586E-03
   2.033   3.533   0.20000000E+09   0.45121079E-04   0.21284901E-03   0.20488543E-05   0.13533964E-04   0.10041770E-05   0.45121079E-04   0.22943601E-03
   2.050   3.550   0.20000000E+09   0.45046639E-04   0.21253601E-03   0.20453813E-05   0.13556135E-04   0.99606550E-06   0.45046639E-04   0.22913359E-03
   2.067   3.567   0.20000000E+09   0.44971728E-04   0.21222067E-03   0.20419382E-05   0.13578196E-04   0.98798535E-06   0.44971728E-04   0.22882879E-03
   2.083   3.583   0.20000000E+09   0.44896384E-04   0.21190316E-03   0.20385256E-05   0.13600152E-04   0.97993827E-06   0.44896384E-04   0.22852178E-03
   2.100   3.600   0.20000000E+09   0.44820642E-04   0.21158366E-03   0.20351440E-05   0.13622008E-04   0.97192588E-06   0.44820642E-04   0.22821274E-03
   2.117   3.617   0.20000000E+09   0.44744540E-04   0.21126233E-03   0.20317939E-05   0.13643768E-04   0.96394976E-06   0.44744540E-04   0.22790184E-03
   2.133   3.633   0.20000000E+09   0.44668115E-04   0.21093935E-03   0.20284758E-05   0.13665437E-04   0.95601146E-06   0.44668115E-04   0.22758927E-03
   2.150   3.650   0.20000000E+09   0.44591403E-04   0.21061488E-03   0.20251902E-05   0.13687020E-04   0.94811245E-06   0.44591403E-04   0.22727520E-03
   2.167   3.667   0.20000000E+09   0.44514441E-04   0.21028909E-03   0.20219377E-05   0.13708523E-04   0.94025416E-06   0.44514441E-04   0.22695981E-03
   2.183   3.683   0.20000000E+09   0.44437263E-04   0.20996216E-03   0.20187188E-05   0.13729950E-04   0.93243799E-06   0.44437263E-04   0.22664326E-03
   2.200   3.700   0.20000000E+09   0.44359907E-04   0.20963423E-03   0.20155340E-05   0.13751308E-04   0.92466525E-06   0.44359907E-04   0.22632574E-03
   2.217   3.717   0.20000000E+09   0.44282408E-04   0.20930549E-03   0.20123838E-05   0.13772600E-04   0.91693725E-06   0.44282408E-04   0.22600741E-03
   2.233   3.733   0.20000000E+09   0.44204802E-04   0.20897610E-03   0.20092688E-05   0.13793833E-04   0.90925520E-06   0.44204802E-04   0.22568846E-03
   2.250   3.750   0.20000000E+09   0.44127123E-04   0.20864621E-03   0.20061895E-05   0.13815013E-04   0.90162030E-06   0.44127123E-04   0.22536904E-03
   2.267   3.767   0.20000000E+09   0.44049407E-04   0.20831600E-03   0.20031465E-05   0.13836146E-04   0.89403370E-06   0.44049407E-04   0.22504933E-03
   2.283   3.783   0.20000000E+09   0.43971689E-04   0.20798562E-03   0.20001403E-05   0.13857236E-04   0.88649648E-06   0.43971689E-04   0.22472950E-03
   2.300   3.800   0.20000000E+09   0.43894003E-04   0.20765524E-03   0.19971714E-05   0.13878291E-04   0.87900969E-06   0.43894003E-04   0.22440972E-03
   2.317   3.817   0.20000000E+09   0.43816384E-04   0.20732502E-03   0.19942403E-05   0.13899316E-04   0.87157434E-06   0.43816384E-04   0.22409015E-03
   2.333   3.833   0.20000000E+09   0.43738867E-04   0.20699512E-03   0.19913477E-05   0.13920318E-04   0.86419140E-06   0.43738867E-04   0.22377097E-03
   2.350   3.850   0.20000000E+09   0.43661484E-04   0.20666569E-03   0.19884941E-05   0.13941303E-04   0.85686176E-06   0.43661484E-04   0.22345234E-03
   2.367   3.867   0.20000000E+09   0.43584271E-04   0.20633689E-03   0.19856800E-05   0.13962277E-04   0.84958631E-06   0.43584271E-04   0.22313443E-03
   2.383   3.883   0.20000000E+09   0.43507261E-04   0.20600888E-03   0.19829060E-05   0.13983246E-04   0.84236588E-06   0.43507261E-04   0.22281740E-03
   2.400   3.900   0.20000000E+09   0.43430486E-04   0.20568182E-03   0.19801727E-05   0.14004218E-04   0.83520126E-06   0.43430486E-04   0.22250142E-03
   2.417   3.917   0.20000000E+09   0.43353981E-04   0.20535587E-03   0.19774805E-05   0.14025199E-04   0.82809319E-06   0.43353981E-04   0.22218664E-03
   2.433   3.933   0.20000000E+09   0.43277779E-04   0.20503116E-03   0.19748301E-05   0.14046196E-04   0.82104238E-06   0.43277779E-04   0.22187323E-03
   2.450   3.950   0.20000000E+09   0.43201912E-04   0.20470787E-03   0.19722221E-05   0.14067216E-04   0.81404950E-06   0.43201912E-04   0.22156136E-03
   2.467   3.967   0.20000000E+09   0.43126412E-04   0.20438614E-03   0.19696569E-05   0.14088265E-04   0.80711519E-06   0.43126412E-04   0.22125117E-03
   2.483   3.983   0.20000000E+09   0.43051312E-04   0.20406612E-03   0.19671351E-05   0.14109351E-04   0.80024002E-06   0.43051312E-04   0.22094284E-03
   2.500   4.000   0.20000000E+09   0.42976645E-04   0.20374796E-03   0.19646573E-05   0.14130481E-04   0.79342457E-06   0.42976645E-04   0.22063652E-03
   2.517   4.017   0.20000000E+09   0.42902441E-04   0.20343181E-03   0.19622242E-05   0.14151662E-04   0.78666935E-06   0.42902441E-04   0.22033236E-03
   2.533   4.033   0.20000000E+09   0.42828733E-04   0.20311782E-03   0.19598361E-05   0.14172901E-04   0.77997484E-06   0.42828733E-04   0.22003053E-03
   2.550   4.050   0.20000000E+09   0.42755552E-04   0.20280614E-03   0.19574937E-05   0.14194207E-04   0.77334149E-06   0.42755552E-04   0.21973118E-03
   2.567   4.067   0.20000000E+09   0.42682930E-04   0.20249691E-03   0.19551975E-05   0.14215585E-04   0.76676972E-06   0.42682930E-04   0.21943446E-03
   2.583   4.083   0.20000000E+09   0.42610896E-04   0.20219028E-03   0.19529482E-05   0.14237044E-04   0.76025991E-06   0.42610896E-04   0.21914053E-03
   2.600   4.100   0.20000000E+09   0.42539482E-04   0.20188639E-03   0.19507463E-05   0.14258592E-04   0.75381241E-06   0.42539482E-04   0.21884954E-03
   2.617   4.117   0.20000000E+09   0.42468719E-04   0.20158539E-03   0.19485922E-05   0.14280235E-04   0.74742755E-06   0.42468719E-04   0.21856165E-03
   2.633   4.133   0.20000000E+09   0.42398636E-04   0.20128741E-03   0.19464867E-05   0.14301982E-04   0.74110561E-06   0.42398636E-04   0.21827699E-03
   2.650   4.150   0.20000000E+09   0.42329264E-04   0.20099261E-03   0.19444301E-05   0.14323841E-04   0.73484684E-06   0.42329264E-04   0.21799573E-03
   2.667   4.167   0.20000000E+09   0.42260632E-04   0.20070111E-03   0.19424232E-05   0.14345819E-04   0.72865149E-06   0.42260632E-04   0.21771800E-03
   2.683   4.183   0.20000000E+09   0.42192770E-04   0.20041305E-03   0.19404665E-05   0.14367925E-04   0.72251974E-06   0.42192770E-04   0.21744397E-03
   2.700   4.200   0.20000000E+09   0.42125707E-04   0.20012859E-03   0.19385604E-05   0.14390166E-04   0.71645178E-06   0.42125707E-04   0.21717376E-03
   2.717   4.217   0.20000000E+09   0.42059473E-04   0.19984784E-03   0.19367056E-05   0.14412550E-04   0.71044775E-06   0.42059473E-04   0.21690754E-03
   2.733   4.233   0.20000000E+09   0.41994095E-04   0.19957095E-03   0.19349025E-05   0.14435085E-04   0.70450778E-06   0.41994095E-04   0.21664544E-03
   2.750   4.250   0.20000000E+09   0.41929603E-04   0.19929805E-03   0.19331518E-05   0.14457780E-04   0.69863195E-06   0.41929603E-04   0.21638761E-03
   2.767   4.267   0.20000000E+09   0.41866024E-04   0.19902927E-03   0.19314540E-05   0.14480643E-04   0.69282035E-06   0.41866024E-04   0.21613419E-03
   2.783   4.283   0.20000000E+09   0.41803388E-04   0.19876475E-03   0.19298096E-05   0.14503681E-04   0.68707301E-06   0.41803388E-04   0.21588532E-03
   2.800   4.300   0.20000000E+09   0.41741721E-04   0.19850462E-03   0.19282191E-05   0.14526904E-04   0.68138997E-06   0.41741721E-04   0.21564113E-03
   2.817   4.317   0.20000000E+09   0.41681051E-04   0.19824900E-03   0.19266830E-05   0.14550319E-04   0.67577122E-06   0.41681051E-04   0.21540178E-03
   2.833   4.333   0.20000000E+09   0.41621406E-04   0.19799803E-03   0.19252020E-05   0.14573935E-04   0.67021676E-06   0.41621406E-04   0.21516739E-03
   2.850   4.350   0.20000000E+09   0.41562812E-04   0.19775184E-03   0.19237764E-05   0.14597759E-04   0.66472653E-06   0.41562812E-04   0.21493810E-03
   2.867   4.367   0.20000000E+09   0.41505296E-04   0.19751054E-03   0.19224069E-05   0.14621802E-04   0.65930047E-06   0.41505296E-04   0.21471405E-03
   2.883   4.383   0.20000000E+09   0.41448885E-04   0.19727426E-03   0.19210939E-05   0.14646070E-04   0.65393852E-06   0.41448885E-04   0.21449537E-03
   2.900   4.400   0.20000000E+09   0.41393605E-04   0.19704314E-03   0.19198379E-05   0.14670572E-04   0.64864056E-06   0.41393605E-04   0.21428219E-03
   2.917   4.417   0.20000000E+09   0.41339482E-04   0.19681728E-03   0.19186394E-05   0.14695316E-04   0.64340648E-06   0.41339482E-04   0.21407464E-03
   2.933   4.433   0.20000000E+09   0.41286542E-04   0.19659682E-03   0.19174989E-05   0.14720312E-04   0.63823616E-06   0.41286542E-04   0.21387287E-03
   2.950   4.450   0.20000000E+09   0.41234809E-04   0.19638187E-03   0.19164169E-05   0.14745567E-04   0.63312942E-06   0.41234809E-04   0.21367698E-03
   2.967   4.467   0.20000000E+09   0.41184310E-04   0.19617255E-03   0.19153939E-05   0.14771090E-04   0.62808612E-06   0.41184310E-04   0.21348712E-03
   2.983   4.483   0.20000000E+09   0.41135069E-04   0.19596898E-03   0.19144302E-05   0.14796889E-04   0.62310605E-06   0.41135069E-04   0.21330340E-03
   3.000   4.500   0.20000000E+09   0.41087111E-04   0.19577127E-03   0.19135264E-05   0.14822973E-04   0.61818904E-06   0.41087111E-04   0.21312596E-03
   3.017   4.517   0.20000000E+09   0.41040461E-04   0.19557955E-03   0.19126830E-05   0.14849351E-04   0.61333485E-06   0.41040461E-04   0.21295492E-03
   3.033   4.533   0.20000000E+09   0.40995141E-04   0.19539392E-03   0.19119002E-05   0.14876029E-04   0.60854327E-06   0.40995141E-04   0.21279039E-03
   3.050   4.550   0.20000000E+09   0.40951177E-04   0.19521449E-03   0.19111787E-05   0.14903018E-04   0.60381405E-06   0.40951177E-04   0.21263250E-03
   3.067   4.567   0.20000000E+09   0.40908591E-04   0.19504138E-03   0.19105188E-05   0.14930325E-04   0.59914694E-06   0.40908591E-04   0.21248138E-03
   3.083   4.583   0.20000000E+09   0.40867407E-04   0.19487470E-03   0.19099208E-05   0.14957959E-04   0.59454167E-06   0.40867407E-04   0.21233713E-03
   3.100   4.600   0.20000000E+09   0.40827647E-04   0.19471456E-03   0.19093853E-05   0.14985927E-04   0.58999797E-06   0.40827647E-04   0.21219987E-03
   3.117   4.617   0.20000000E+09   0.40789336E-04   0.19456106E-03   0.19089126E-05   0.15014239E-04   0.58551554E-06   0.40789336E-04   0.21206973E-03
   3.133   4.633   0.20000000E+09   0.40752494E-04   0.19441431E-03   0.19085030E-05   0.15042903E-04   0.58109409E-06   0.40752494E-04   0.21194680E-03
   3.150   4.650   0.20000000E+09   0.40717143E-04   0.19427440E-03   0.19081570E-05   0.15071926E-04   0.57673331E-06   0.40717143E-04   0.21183122E-03
   3.167   4.667   0.20000000E+09   0.40683307E-04   0.19414146E-03   0.19078748E-05   0.15101316E-04   0.57243286E-06   0.40683307E-04   0.21172308E-03
   3.183   4.683   0.20000000E+09   0.40651005E-04   0.19401557E-03   0.19076568E-05   0.15131083E-04   0.56819243E-06   0.40651005E-04   0.21162250E-03
   3.200   4.700   0.20000000E+09   0.40620260E-04   0.19389684E-03   0.19075033E-05   0.15161233E-04   0.56401168E-06   0.40620260E-04   0.21152958E-03
   3.217   4.717   0.20000000E+09   0.40591092E-04   0.19378536E-03   0.19074147E-05   0.15191776E-04   0.55989024E-06   0.40591092E-04   0.21144444E-03
   3.233   4.733   0.20000000E+09   0.40563522E-04   0.19368123E-03   0.19073912E-05   0.15222718E-04   0.55582778E-06   0.40563522E-04   0.21136717E-03
   3.250   4.750   0.20000000E+09   0.40537569E-04   0.19358455E-03   0.19074331E-05   0.15254068E-04   0.55182393E-06   0.40537569E-04   0.21129787E-03
   3.267   4.767   0.20000000E+09   0.40513254E-04   0.19349541E-03   0.19075406E-05   0.15285833E-04   0.54787831E-06   0.40513254E-04   0.21123666E-03
   3.283   4.783   0.20000000E+09   0.40490596E-04   0.19341390E-03   0.19077140E-05   0.15318021E-04   0.54399055E-06   0.40490596E-04   0.21118362E-03
   3.300   4.800   0.20000000E+09   0.40469615E-04   0.19334011E-03   0.19079536E-05   0.15350639E-04   0.54016026E-06   0.40469615E-04   0.21113887E-03
   3.317   4.817   0.20000000E+09   0.40450329E-04   0.19327414E-03   0.19082595E-05   0.15383695E-04   0.53638705E-06   0.40450329E-04   0.21110248E-03
   3.333   4.833   0.20000000E+09   0.40432757E-04   0.19321606E-03   0.19086319E-05   0.15417197E-04   0.53267053E-06   0.40432757E-04   0.21107456E-03
   3.350   4.850   0.20000000E+09   0.40416917E-04   0.19316597E-03   0.19090709E-05   0.15451151E-04   0.52901028E-06   0.40416917E-04   0.21105520E-03
   3.367   4.867   0.20000000E+09   0.40402827E-04   0.19312394E-03   0.19095769E-05   0.15485565E-04   0.52540591E-06   0.40402827E-04   0.21104449E-03
   3.383   4.883   0.20000000E+09   0.40390504E-04   0.19309007E-03   0.19101497E-05   0.15520445E-04   0.52185700E-06   0.40390504E-04   0.21104252E-03
   3.400   4.900   0.20000000E+09   0.40379966E-04   0.19306442E-03   0.19107897E-05   0.15555799E-04   0.51836312E-06   0.40379966E-04   0.21104937E-03
   3.417   4.917   0.20000000E+09   0.40371229E-04   0.19304708E-03   0.19114968E-05   0.15591633E-04   0.51492387E-06   0.40371229E-04   0.21106513E-03
   3.433   4.933   0.20000000E+09   0.40364309E-04   0.19303812E-03   0.19122711E-05   0.15627954E-04   0.51153881E-06   0.40364309E-04   0.21108988E-03
   3.450   4.950   0.20000000E+09   0.40359223E-04   0.19303762E-03   0.19131127E-05   0.15664768E-04   0.50820751E-06   0.40359223E-04   0.21112371E-03
   3.467   4.967   0.20000000E+09   0.40355985E-04   0.19304565E-03   0.19140216E-05   0.15702081E-04   0.50492954E-06   0.40355985E-04   0.21116668E-03
   3.483   4.983   0.20000000E+09   0.40354612E-04   0.19306228E-03   0.19149977E-05   0.15739900E-04   0.50170446E-06   0.40354612E-04   0.21121888E-03
   3.500   5.000   0.20000000E+09   0.40355117E-04   0.19308758E-03   0.19160411E-05   0.15778231E-04   0.49853183E-06   0.40355117E-04   0.21128038E-03
   3.517   5.017   0.20000000E+09   0.40357515E-04   0.19312161E-03   0.19171517E-05   0.15817079E-04   0.49541120E-06   0.40357515E-04   0.21135125E-03
   3.533   5.033   0.20000000E+09   0.40361820E-04   0.19316444E-03   0.19183294E-05   0.15856450E-04   0.49234213E-06   0.40361820E-04   0.21143156E-03
   3.550   5.050   0.20000000E+09   0.40368045E-04   0.19321613E-03   0.19195741E-05   0.15896349E-04   0.48932417E-06   0.40368045E-04   0.21152137E-03
   3.567   5.067   0.20000000E+09   0.40376203E-04   0.19327673E-03   0.19208856E-05   0.15936781E-04   0.48635687E-06   0.40376203E-04   0.21162076E-03
   3.583   5.083   0.20000000E+09   0.40386306E-04   0.19334632E-03   0.19222638E-05   0.15977752E-04   0.48343977E-06   0.40386306E-04   0.21172977E-03
   3.600   5.100   0.20000000E+09   0.40398367E-04   0.19342493E-03   0.19237084E-05   0.16019266E-04   0.48057242E-06   0.40398367E-04   0.21184848E-03
   3.617   5.117   0.20000000E+09   0.40412396E-04   0.19351263E-03   0.19252194E-05   0.16061327E-04   0.47775435E-06   0.40412396E-04   0.21197693E-03
   3.633   5.133   0.20000000E+09   0.40428405E-04   0.19360945E-03   0.19267963E-05   0.16103940E-04   0.47498512E-06   0.40428405E-04   0.21211518E-03
   3.650   5.150   0.20000000E+09   0.40446404E-04   0.19371546E-03   0.19284390E-05   0.16147109E-04   0.47226425E-06   0.40446404E-04   0.21226327E-03
   3.667   5.167   0.20000000E+09   0.40466403E-04   0.19383069E-03   0.19301470E-05   0.16190838E-04   0.46959128E-06   0.40466403E-04   0.21242126E-03
   3.683   5.183   0.20000000E+09   0.40488411E-04   0.19395518E-03   0.19319201E-05   0.16235129E-04   0.46696575E-06   0.40488411E-04   0.21258919E-03
   3.700   5.200   0.20000000E+09   0.40512436E-04   0.19408897E-03   0.19337578E-05   0.16279987E-04   0.46438719E-06   0.40512436E-04   0.21276710E-03
   3.717   5.217   0.20000000E+09   0.40538488E-04   0.19423210E-03   0.19356598E-05   0.16325414E-04   0.46185514E-06   0.40538488E-04   0.21295503E-03
   3.733   5.233   0.20000000E+09   0.40566572E-04   0.19438460E-03   0.19376255E-05   0.16371412E-04   0.45936912E-06   0.40566572E-04   0.21315301E-03
   3.750   5.250   0.20000000E+09   0.40596697E-04   0.19454650E-03   0.19396545E-05   0.16417985E-04   0.45692867E-06   0.40596697E-04   0.21336107E-03
   3.767   5.267   0.20000000E+09   0.40628867E-04   0.19471783E-03   0.19417463E-05   0.16465133E-04   0.45453331E-06   0.40628867E-04   0.21357924E-03
   3.783   5.283   0.20000000E+09   0.40663090E-04   0.19489860E-03   0.19439002E-05   0.16512860E-04   0.45218257E-06   0.40663090E-04   0.21380755E-03
   3.800   5.300   0.20000000E+09   0.40699369E-04   0.19508884E-03   0.19461157E-05   0.16561165E-04   0.44987597E-06   0.40699369E-04   0.21404600E-03
   3.817   5.317   0.20000000E+09   0.40737708E-04   0.19528857E-03   0.19483922E-05   0.16610050E-04   0.44761305E-06   0.40737708E-04   0.21429462E-03
   3.833   5.333   0.20000000E+09   0.40778111E-04   0.19549779E-03   0.19507289E-05   0.16659516E-04   0.44539333E-06   0.40778111E-04   0.21455343E-03
   3.850   5.350   0.20000000E+09   0.40820581E-04   0.19571652E-03   0.19531252E-05   0.16709562E-04   0.44321633E-06   0.40820581E-04   0.21482242E-03
   3.867   5.367   0.20000000E+09   0.40865119E-04   0.19594475E-03   0.19555802E-05   0.16760190E-04   0.44108157E-06   0.40865119E-04   0.21510160E-03
   3.883   5.383   0.20000000E+09   0.40911726E-04   0.19618249E-03   0.19580933E-05   0.16811397E-04   0.43898858E-06   0.40911726E-04   0.21539097E-03
   3.900   5.400   0.20000000E+09   0.40960403E-04   0.19642974E-03   0.19606635E-05   0.16863184E-04   0.43693687E-06   0.40960403E-04   0.21569053E-03
   3.917   5.417   0.20000000E+09   0.41011148E-04   0.19668649E-03   0.19632900E-05   0.16915549E-04   0.43492596E-06   0.41011148E-04   0.21600025E-03
   3.933   5.433   0.20000000E+09   0.41063959E-04   0.19695272E-03   0.19659718E-05   0.16968489E-04   0.43295538E-06   0.41063959E-04   0.21632014E-03
   3.950   5.450   0.20000000E+09   0.41118835E-04   0.19722843E-03   0.19687080E-05   0.17022004E-04   0.43102464E-06   0.41118835E-04   0.21665016E-03
   3.967   5.467   0.20000000E+09   0.41175772E-04   0.19751358E-03   0.19714976E-05   0.17076089E-04   0.42913325E-06   0.41175772E-04   0.21699030E-03
   3.983   5.483   0.20000000E+09   0.41234765E-04   0.19780815E-03   0.19743395E-05   0.17130743E-04   0.42728073E-06   0.41234765E-04   0.21734052E-03
   4.000   5.500   0.20000000E+09   0.41295808E-04   0.19811212E-03   0.19772327E-05   0.17185961E-04   0.42546661E-06   0.41295808E-04   0.21770078E-03
   4.017   5.517   0.20000000E+09   0.41358895E-04   0.19842544E-03   0.19801759E-05   0.17241739E-04   0.42369037E-06   0.41358895E-04   0.21807105E-03
   4.033   5.533   0.20000000E+09   0.41424019E-04   0.19874808E-03   0.19831681E-05   0.17298074E-04   0.42195155E-06   0.41424019E-04   0.21845127E-03
   4.050   5.550   0.20000000E+09   0.41491171E-04   0.19907999E-03   0.19862080E-05   0.17354958E-04   0.42024965E-06   0.41491171E-04   0.21884140E-03
   4.067   5.567   0.20000000E+09   0.41560340E-04   0.19942111E-03   0.19892944E-05   0.17412388E-04   0.41858417E-06   0.41560340E-04   0.21924138E-03
   4.083   5.583   0.20000000E+09   0.41631515E-04   0.19977139E-03   0.19924260E-05   0.17470357E-04   0.41695463E-06   0.41631515E-04   0.21965113E-03
   4.100   5.600   0.20000000E+09   0.41704684E-04   0.20013077E-03   0.19956013E-05   0.17528858E-04   0.41536053E-06   0.41704684E-04   0.22007059E-03
   4.117   5.617   0.20000000E+09   0.41779835E-04   0.20049917E-03   0.19988191E-05   0.17587884E-04   0.41380137E-06   0.41779835E-04   0.22049967E-03
   4.133   5.633   0.20000000E+09   0.41856950E-04   0.20087652E-03   0.20020778E-05   0.17647427E-04   0.41227666E-06   0.41856950E-04   0.22093830E-03
   4.150   5.650   0.20000000E+09   0.41936015E-04   0.20126274E-03   0.20053761E-05   0.17707479E-04   0.41078589E-06   0.41936015E-04   0.22138639E-03
   4.167   5.667   0.20000000E+09   0.42017012E-04   0.20165775E-03   0.20087125E-05   0.17768031E-04   0.40932856E-06   0.42017012E-04   0.22184382E-03
   4.183   5.683   0.20000000E+09   0.42099922E-04   0.20206144E-03   0.20120853E-05   0.17829074E-04   0.40790418E-06   0.42099922E-04   0.22231050E-03
   4.200   5.700   0.20000000E+09   0.42184725E-04   0.20247371E-03   0.20154930E-05   0.17890597E-04   0.40651223E-06   0.42184725E-04   0.22278631E-03
   4.217   5.717   0.20000000E+09   0.42271398E-04   0.20289446E-03   0.20189340E-05   0.17952589E-04   0.40515220E-06   0.42271398E-04   0.22327113E-03
   4.233   5.733   0.20000000E+09   0.42359918E-04   0.20332357E-03   0.20224066E-05   0.18015040E-04   0.40382360E-06   0.42359918E-04   0.22376484E-03
   4.250   5.750   0.20000000E+09   0.42450261E-04   0.20376091E-03   0.20259091E-05   0.18077938E-04   0.40252589E-06   0.42450261E-04   0.22426728E-03
   4.267   5.767   0.20000000E+09   0.42542400E-04   0.20420637E-03   0.20294398E-05   0.18141269E-04   0.40125857E-06   0.42542400E-04   0.22477833E-03
   4.283   5.783   0.20000000E+09   0.42636307E-04   0.20465979E-03   0.20329970E-05   0.18205021E-04   0.40002113E-06   0.42636307E-04   0.22529783E-03
   4.300   5.800   0.20000000E+09   0.42731952E-04   0.20512104E-03   0.20365789E-05   0.18269181E-04   0.39881304E-06   0.42731952E-04   0.22582561E-03
   4.317   5.817   0.20000000E+09   0.42829305E-04   0.20558996E-03   0.20401837E-05   0.18333733E-04   0.39763377E-06   0.42829305E-04   0.22636151E-03
   4.333   5.833   0.20000000E+09   0.42928331E-04   0.20606640E-03   0.20438094E-05   0.18398663E-04   0.39648282E-06   0.42928331E-04   0.22690535E-03
   4.350   5.850   0.20000000E+09   0.43028996E-04   0.20655017E-03   0.20474544E-05   0.18463955E-04   0.39535964E-06   0.43028996E-04   0.22745694E-03
   4.367   5.867   0.20000000E+09   0.43131265E-04   0.20704112E-03   0.20511166E-05   0.18529593E-04   0.39426371E-06   0.43131265E-04   0.22801609E-03
   4.383   5.883   0.20000000E+09   0.43235098E-04   0.20753904E-03   0.20547942E-05   0.18595561E-04   0.39319450E-06   0.43235098E-04   0.22858259E-03
   4.400   5.900   0.20000000E+09   0.43340456E-04   0.20804376E-03   0.20584853E-05   0.18661840E-04   0.39215148E-06   0.43340456E-04   0.22915624E-03
   4.417   5.917   0.20000000E+09   0.43447297E-04   0.20855507E-03   0.20621879E-05   0.18728413E-04   0.39113409E-06   0.43447297E-04   0.22973680E-03
   4.433   5.933   0.20000000E+09   0.43555578E-04   0.20907275E-03   0.20659002E-05   0.18795261E-04   0.39014182E-06   0.43555578E-04   0.23032406E-03
   4.450   5.950   0.20000000E+09   0.43665253E-04   0.20959660E-03   0.20696201E-05   0.18862365E-04   0.38917411E-06   0.43665253E-04   0.23091776E-03
   4.467   5.967   0.20000000E+09   0.43776275E-04   0.21012638E-03   0.20733458E-05   0.18929706E-04   0.38823043E-06   0.43776275E-04   0.23151767E-03
   4.483   5.983   0.20000000E+09   0.43888596E-04   0.21066187E-03   0.20770753E-05   0.18997262E-04   0.38731022E-06   0.43888596E-04   0.23212352E-03
   4.500   6.000   0.20000000E+09   0.44002164E-04   0.21120282E-03   0.20808066E-05   0.19065014E-04   0.38641293E-06   0.44002164E-04   0.23273505E-03
   4.517   6.017   0.20000000E+09   0.44116927E-04   0.21174898E-03   0.20845378E-05   0.19132939E-04   0.38553803E-06   0.44116927E-04   0.23335200E-03
   4.533   6.033   0.20000000E+09   0.44232831E-04   0.21230009E-03   0.20882670E-05   0.19201016E-04   0.38468495E-06   0.44232831E-04   0.23397406E-03
   4.550   6.050   0.20000000E+09   0.44349819E-04   0.21285589E-03   0.20919923E-05   0.19269224E-04   0.38385315E-06   0.44349819E-04   0.23460096E-03
   4.567   6.067   0.20000000E+09   0.44467834E-04   0.21341610E-03   0.20957118E-05   0.19337538E-04   0.38304206E-06   0.44467834E-04   0.23523240E-03
   4.583   6.083   0.20000000E+09   0.44586817E-04   0.21398045E-03   0.20994237E-05   0.19405936E-04   0.38225114E-06   0.44586817E-04   0.23586806E-03
   4.600   6.100   0.20000000E+09   0.44706706E-04   0.21454863E-03   0.21031261E-05   0.19474394E-04   0.38147983E-06   0.44706706E-04   0.23650763E-03
   4.617   6.117   0.20000000E+09   0.44827439E-04   0.21512036E-03   0.21068171E-05   0.19542889E-04   0.38072757E-06   0.44827439E-04   0.23715080E-03
   4.633   6.133   0.20000000E+09   0.44948950E-04   0.21569534E-03   0.21104951E-05   0.19611395E-04   0.37999380E-06   0.44948950E-04   0.23779722E-03
   4.650   6.150   0.20000000E+09   0.45071175E-04   0.21627324E-03   0.21141583E-05   0.19679890E-04   0.37927797E-06   0.45071175E-04   0.23844657E-03
   4.667   6.167   0.20000000E+09   0.45194046E-04   0.21685376E-03   0.21178051E-05   0.19748347E-04   0.37857952E-06   0.45194046E-04   0.23909850E-03
   4.683   6.183   0.20000000E+09   0.45317494E-04   0.21743658E-03   0.21214337E-05   0.19816742E-04   0.37789789E-06   0.45317494E-04   0.23975265E-03
   4.700   6.200   0.20000000E+09   0.45441449E-04   0.21802136E-03   0.21250427E-05   0.19885049E-04   0.37723254E-06   0.45441449E-04   0.24040869E-03
   4.717   6.217   0.20000000E+09   0.45565839E-04   0.21860778E-03   0.21286304E-05   0.19953244E-04   0.37658290E-06   0.45565839E-04   0.24106623E-03
   4.733   6.233   0.20000000E+09   0.45690593E-04   0.21919548E-03   0.21321956E-05   0.20021301E-04   0.37594843E-06   0.45690593E-04   0.24172493E-03
   4.750   6.250   0.20000000E+09   0.45815636E-04   0.21978414E-03   0.21357366E-05   0.20089193E-04   0.37532858E-06   0.45815636E-04   0.24238440E-03
   4.767   6.267   0.20000000E+09   0.45940895E-04   0.22037340E-03   0.21392523E-05   0.20156897E-04   0.37472281E-06   0.45940895E-04   0.24304427E-03
   4.783   6.283   0.20000000E+09   0.46066292E-04   0.22096291E-03   0.21427413E-05   0.20224387E-04   0.37413057E-06   0.46066292E-04   0.24370417E-03
   4.800   6.300   0.20000000E+09   0.46191754E-04   0.22155232E-03   0.21462025E-05   0.20291636E-04   0.37355132E-06   0.46191754E-04   0.24436371E-03
   4.817   6.317   0.20000000E+09   0.46317201E-04   0.22214127E-03   0.21496348E-05   0.20358620E-04   0.37298454E-06   0.46317201E-04   0.24502251E-03
   4.833   6.333   0.20000000E+09   0.46442558E-04   0.22272941E-03   0.21530372E-05   0.20425314E-04   0.37242969E-06   0.46442558E-04   0.24568019E-03
   4.850   6.350   0.20000000E+09   0.46567745E-04   0.22331636E-03   0.21564088E-05   0.20491693E-04   0.37188625E-06   0.46567745E-04   0.24633635E-03
   4.867   6.367   0.20000000E+09   0.46692686E-04   0.22390178E-03   0.21597486E-05   0.20557733E-04   0.37135372E-06   0.46692686E-04   0.24699061E-03
   4.883   6.383   0.20000000E+09   0.46817301E-04   0.22448529E-03   0.21630559E-05   0.20623408E-04   0.37083156E-06   0.46817301E-04   0.24764259E-03
   4.900   6.400   0.20000000E+09   0.46941512E-04   0.22506655E-03   0.21663302E-05   0.20688696E-04   0.37031929E-06   0.46941512E-04   0.24829190E-03
   4.917   6.417   0.20000000E+09   0.47065241E-04   0.22564519E-03   0.21695708E-05   0.20753573E-04   0.36981642E-06   0.47065241E-04   0.24893815E-03
   4.933   6.433   0.20000000E+09   0.47188410E-04   0.22622084E-03   0.21727771E-05   0.20818016E-04   0.36932244E-06   0.47188410E-04   0.24958096E-03
   4.950   6.450   0.20000000E+09   0.47310941E-04   0.22679316E-03   0.21759490E-05   0.20882002E-04   0.36883689E-06   0.47310941E-04   0.25021995E-03
   4.967   6.467   0.20000000E+09   0.47432757E-04   0.22736179E-03   0.21790860E-05   0.20945510E-04   0.36835930E-06   0.47432757E-04   0.25085474E-03
   4.983   6.483   0.20000000E+09   0.47553780E-04   0.22792638E-03   0.21821880E-05   0.21008517E-04   0.36788921E-06   0.47553780E-04   0.25148497E-03
   5.000   6.500   0.20000000E+09   0.47673936E-04   0.22848658E-03   0.21852548E-05   0.21071005E-04   0.36742616E-06   0.47673936E-04   0.25211027E-03
   5.017   6.517   0.20000000E+09   0.47793150E-04   0.22904205E-03   0.21882865E-05   0.21132951E-04   0.36696973E-06   0.47793150E-04   0.25273026E-03
   5.033   6.533   0.20000000E+09   0.47911346E-04   0.22959246E-03   0.21912832E-05   0.21194338E-04   0.36651948E-06   0.47911346E-04   0.25334460E-03
   5.050   6.550   0.20000000E+09   0.48028453E-04   0.23013747E-03   0.21942451E-05   0.21255146E-04   0.36607500E-06   0.48028453E-04   0.25395293E-03
   5.067   6.567   0.20000000E+09   0.48144398E-04   0.23067675E-03   0.21971724E-05   0.21315357E-04   0.36563589E-06   0.48144398E-04   0.25455492E-03
   5.083   6.583   0.20000000E+09   0.48259112E-04   0.23121000E-03   0.22000655E-05   0.21374954E-04   0.36520175E-06   0.48259112E-04   0.25515022E-03
   5.100   6.600   0.20000000E+09   0.48372525E-04   0.23173689E-03   0.22029249E-05   0.21433921E-04   0.36477221E-06   0.48372525E-04   0.25573851E-03
   5.117   6.617   0.20000000E+09   0.48484570E-04   0.23225712E-03   0.22057510E-05   0.21492243E-04   0.36434689E-06   0.48484570E-04   0.25631946E-03
   5.133   6.633   0.20000000E+09   0.48595181E-04   0.23277040E-03   0.22085446E-05   0.21549905E-04   0.36392545E-06   0.48595181E-04   0.25689278E-03
   5.150   6.650   0.20000000E+09   0.48704296E-04   0.23327644E-03   0.22113063E-05   0.21606892E-04   0.36350754E-06   0.48704296E-04   0.25745815E-03
   5.167   6.667   0.20000000E+09   0.48811851E-04   0.23377496E-03   0.22140369E-05   0.21663192E-04   0.36309283E-06   0.48811851E-04   0.25801528E-03
   5.183   6.683   0.20000000E+09   0.48917787E-04   0.23426569E-03   0.22167373E-05   0.21718792E-04   0.36268102E-06   0.48917787E-04   0.25856390E-03
   5.200   6.700   0.20000000E+09   0.49022045E-04   0.23474838E-03   0.22194083E-05   0.21773682E-04   0.36227180E-06   0.49022045E-04   0.25910374E-03
   5.217   6.717   0.20000000E+09   0.49124570E-04   0.23522276E-03   0.22220511E-05   0.21827852E-04   0.36186488E-06   0.49124570E-04   0.25963453E-03
   5.233   6.733   0.20000000E+09   0.49225307E-04   0.23568860E-03   0.22246665E-05   0.21881290E-04   0.36145999E-06   0.49225307E-04   0.26015602E-03
   5.250   6.750   0.20000000E+09   0.49324205E-04   0.23614568E-03   0.22272557E-05   0.21933990E-04   0.36105686E-06   0.49324205E-04   0.26066798E-03
   5.267   6.767   0.20000000E+09   0.49421214E-04   0.23659376E-03   0.22298199E-05   0.21985942E-04   0.36065526E-06   0.49421214E-04   0.26117017E-03
   5.283   6.783   0.20000000E+09   0.49516287E-04   0.23703264E-03   0.22323603E-05   0.22037140E-04   0.36025495E-06   0.49516287E-04   0.26166239E-03
   5.300   6.800   0.20000000E+09   0.49609379E-04   0.23746212E-03   0.22348781E-05   0.22087579E-04   0.35985570E-06   0.49609379E-04   0.26214443E-03
   5.317   6.817   0.20000001E+09   0.49700447E-04   0.23788201E-03   0.22373747E-05   0.22137251E-04   0.35945730E-06   0.49700447E-04   0.26261609E-03
   5.333   6.833   0.20000001E+09   0.49789449E-04   0.23829213E-03   0.22398514E-05   0.22186154E-04   0.35905957E-06   0.49789449E-04   0.26307719E-03
   5.350   6.850   0.20000001E+09   0.49876349E-04   0.23869231E-03   0.22423094E-05   0.22234283E-04   0.35866232E-06   0.49876349E-04   0.26352757E-03
   5.367   6.867   0.20000001E+09   0.49961109E-04   0.23908240E-03   0.22447503E-05   0.22281634E-04   0.35826537E-06   0.49961109E-04   0.26396705E-03
   5.383   6.883   0.20000001E+09   0.50043696E-04   0.23946225E-03   0.22471755E-05   0.22328207E-04   0.35786856E-06   0.50043696E-04   0.26439550E-03
   5.400   6.900   0.20000001E+09   0.50124078E-04   0.23983172E-03   0.22495864E-05   0.22373999E-04   0.35747176E-06   0.50124078E-04   0.26481277E-03
   5.417   6.917   0.20000001E+09   0.50202226E-04   0.24019068E-03   0.22519844E-05   0.22419009E-04   0.35707481E-06   0.50202226E-04   0.26521875E-03
   5.433   6.933   0.20000001E+09   0.50278113E-04   0.24053902E-03   0.22543710E-05   0.22463237E-04   0.35667760E-06   0.50278113E-04   0.26561330E-03
   5.450   6.950   0.20000001E+09   0.50351714E-04   0.24087662E-03   0.22567477E-05   0.22506683E-04   0.35628002E-06   0.50351714E-04   0.26599633E-03
   5.467   6.967   0.20000001E+09   0.50423004E-04   0.24120340E-03   0.22591161E-05   0.22549349E-04   0.35588194E-06   0.50423004E-04   0.26636774E-03
   5.483   6.983   0.20000001E+09   0.50491965E-04   0.24151925E-03   0.22614775E-05   0.22591235E-04   0.35548328E-06   0.50491965E-04   0.26672745E-03
   5.500   7.000   0.20000001E+09   0.50558575E-04   0.24182411E-03   0.22638335E-05   0.22632345E-04   0.35508395E-06   0.50558575E-04   0.26707537E-03
   5.517   7.017   0.20000001E+09   0.50622819E-04   0.24211790E-03   0.22661856E-05   0.22672679E-04   0.35468388E-06   0.50622819E-04   0.26741145E-03
   5.533   7.033   0.20000001E+09   0.50684682E-04   0.24240055E-03   0.22685352E-05   0.22712243E-04   0.35428299E-06   0.50684682E-04   0.26773561E-03
   5.550   7.050   0.20000001E+09   0.50744149E-04   0.24267202E-03   0.22708839E-05   0.22751038E-04   0.35388122E-06   0.50744149E-04   0.26804782E-03
   5.567   7.067   0.20000001E+09   0.50801210E-04   0.24293225E-03   0.22732331E-05   0.22789069E-04   0.35347851E-06   0.50801210E-04   0.26834803E-03
   5.583   7.083   0.20000001E+09   0.50855855E-04   0.24318122E-03   0.22755843E-05   0.22826340E-04   0.35307483E-06   0.50855855E-04   0.26863621E-03
   5.600   7.100   0.20000001E+09   0.50908074E-04   0.24341887E-03   0.22779388E-05   0.22862855E-04   0.35267013E-06   0.50908074E-04   0.26891234E-03
   5.617   7.117   0.20000001E+09   0.50957862E-04   0.24364520E-03   0.22802982E-05   0.22898621E-04   0.35226437E-06   0.50957862E-04   0.26917639E-03
   5.633   7.133   0.20000001E+09   0.51005214E-04   0.24386018E-03   0.22826638E-05   0.22933641E-04   0.35185753E-06   0.51005214E-04   0.26942835E-03
   5.650   7.150   0.20000001E+09   0.51050125E-04   0.24406381E-03   0.22850370E-05   0.22967921E-04   0.35144958E-06   0.51050125E-04   0.26966822E-03
   5.667   7.167   0.20000001E+09   0.51092594E-04   0.24425607E-03   0.22874192E-05   0.23001468E-04   0.35104051E-06   0.51092594E-04   0.26989600E-03
   5.683   7.183   0.20000001E+09   0.51132619E-04   0.24443697E-03   0.22898117E-05   0.23034287E-04   0.35063030E-06   0.51132619E-04   0.27011169E-03
   5.700   7.200   0.20000001E+09   0.51170200E-04   0.24460650E-03   0.22922159E-05   0.23066384E-04   0.35021895E-06   0.51170200E-04   0.27031532E-03
   5.717   7.217   0.20000001E+09   0.51205340E-04   0.24476469E-03   0.22946330E-05   0.23097766E-04   0.34980645E-06   0.51205340E-04   0.27050690E-03
   5.733   7.233   0.20000001E+09   0.51238039E-04   0.24491155E-03   0.22970642E-05   0.23128438E-04   0.34939279E-06   0.51238039E-04   0.27068645E-03
   5.750   7.250   0.20000001E+09   0.51268302E-04   0.24504710E-03   0.22995110E-05   0.23158409E-04   0.34897798E-06   0.51268302E-04   0.27085400E-03
   5.767   7.267   0.20000001E+09   0.51296133E-04   0.24517136E-03   0.23019743E-05   0.23187684E-04   0.34856203E-06   0.51296133E-04   0.27100958E-03
   5.783   7.283   0.20000001E+09   0.51321537E-04   0.24528436E-03   0.23044555E-05   0.23216270E-04   0.34814493E-06   0.51321537E-04   0.27115323E-03
   5.800   7.300   0.20000001E+09   0.51344521E-04   0.24538613E-03   0.23069557E-05   0.23244174E-04   0.34772671E-06   0.51344521E-04   0.27128499E-03
   5.817   7.317   0.20000001E+09   0.51365092E-04   0.24547671E-03   0.23094761E-05   0.23271403E-04   0.34730736E-06   0.51365092E-04   0.27140490E-03
   5.833   7.333   0.20000001E+09   0.51383256E-04   0.24555614E-03   0.23120176E-05   0.23297964E-04   0.34688690E-06   0.51383256E-04   0.27151301E-03
   5.850   7.350   0.20000001E+09   0.51399024E-04   0.24562445E-03   0.23145815E-05   0.23323863E-04   0.34646535E-06   0.51399024E-04   0.27160936E-03
   5.867   7.367   0.20000001E+09   0.51412402E-04   0.24568169E-03   0.23171688E-05   0.23349108E-04   0.34604271E-06   0.51412402E-04   0.27169401E-03
   5.883   7.383   0.20000001E+09   0.51423402E-04   0.24572790E-03   0.23197804E-05   0.23373705E-04   0.34561900E-06   0.51423402E-04   0.27176701E-03
   5.900   7.400   0.20000001E+09   0.51432032E-04   0.24576314E-03   0.23224174E-05   0.23397661E-04   0.34519425E-06   0.51432032E-04   0.27182842E-03
   5.917   7.417   0.20000001E+09   0.51438304E-04   0.24578746E-03   0.23250808E-05   0.23420984E-04   0.34476845E-06   0.51438304E-04   0.27187829E-03
   5.933   7.433   0.20000001E+09   0.51442228E-04   0.24580089E-03   0.23277714E-05   0.23443679E-04   0.34434164E-06   0.51442228E-04   0.27191668E-03
   5.950   7.450   0.20000001E+09   0.51443816E-04   0.24580351E-03   0.23304902E-05   0.23465753E-04   0.34391381E-06   0.51443816E-04   0.27194366E-03
   5.967   7.467   0.20000001E+09   0.51443079E-04   0.24579535E-03   0.23332381E-05   0.23487213E-04   0.34348500E-06   0.51443079E-04   0.27195929E-03
   5.983   7.483   0.20000001E+09   0.51440029E-04   0.24577649E-03   0.23360160E-05   0.23508065E-04   0.34305520E-06   0.51440029E-04   0.27196362E-03
   6.000   7.500   0.20000001E+09   0.51434678E-04   0.24574696E-03   0.23388246E-05   0.23528315E-04   0.34262444E-06   0.51434678E-04   0.27195673E-03
