        RT(hours)             [O3]         L_R_01           L_R_21           L_R_23           L_R_28           L_R_29           L_R_31           P_R_03           P_R_04           P_R_05           tot_loss         tot_prod
  -1.483   0.017   0.17481714E+02   0.62336884E-05   0.26280254E-03   0.22927217E-05   0.22466126E-07   0.27118798E-05   0.15476636E-07   0.42494285E-05   0.13545525E-05   0.26008002E-04   0.27407878E-03   0.31611983E-04
  -1.467   0.033   0.17469271E+02   0.72164222E-05   0.18661229E-03   0.24427271E-05   0.51303050E-07   0.27060913E-05   0.19030281E-07   0.49193337E-05   0.15680953E-05   0.32121265E-04   0.19904786E-03   0.38608694E-04
  -1.450   0.050   0.17460364E+02   0.82806435E-05   0.14089241E-03   0.25389465E-05   0.84062752E-07   0.27020330E-05   0.22340589E-07   0.56447769E-05   0.17993426E-05   0.38345970E-04   0.15452044E-03   0.45790089E-04
  -1.433   0.067   0.17453543E+02   0.94250796E-05   0.11440274E-03   0.26011890E-05   0.12050122E-06   0.26994785E-05   0.25741869E-07   0.64248869E-05   0.20480171E-05   0.44746434E-04   0.12927473E-03   0.53219338E-04
  -1.417   0.083   0.17447899E+02   0.10648079E-04   0.10006970E-03   0.26419686E-05   0.16094399E-06   0.26982845E-05   0.29455132E-07   0.72585342E-05   0.23137590E-05   0.51373366E-04   0.11624843E-03   0.60945660E-04
  -1.400   0.100   0.17442862E+02   0.11947668E-04   0.93446863E-04   0.26691762E-05   0.20594328E-06   0.26983591E-05   0.33616471E-07   0.81443684E-05   0.25961381E-05   0.58264441E-04   0.11100163E-03   0.69004948E-04
  -1.383   0.117   0.17438076E+02   0.13321597E-04   0.91743221E-04   0.26877757E-05   0.25611896E-06   0.26996430E-05   0.38313388E-07   0.90808520E-05   0.28946646E-05   0.65445656E-04   0.11074667E-03   0.77421172E-04
  -1.367   0.133   0.17433320E+02   0.14767392E-04   0.93210318E-04   0.27008759E-05   0.31204160E-06   0.27020967E-05   0.43607855E-07   0.10066293E-04   0.32087993E-05   0.72932891E-04   0.11373633E-03   0.86207983E-04
  -1.350   0.150   0.17428456E+02   0.16282392E-04   0.96754575E-04   0.27104114E-05   0.37414387E-06   0.27056932E-05   0.49548024E-07   0.11098871E-04   0.35379626E-05   0.80733527E-04   0.11887676E-03   0.95370361E-04
  -1.333   0.167   0.17423399E+02   0.17863787E-04   0.10169166E-03   0.27175783E-05   0.44266286E-06   0.27104128E-05   0.56172718E-07   0.12176667E-04   0.38815428E-05   0.88848056E-04   0.12548228E-03   0.10490627E-03
  -1.317   0.183   0.17418096E+02   0.19508658E-04   0.10759121E-03   0.27231133E-05   0.51761267E-06   0.27162403E-05   0.63512011E-07   0.13297683E-04   0.42389036E-05   0.97271617E-04   0.13312035E-03   0.11480820E-03
  -1.300   0.200   0.17412516E+02   0.21214001E-04   0.11417930E-03   0.27274710E-05   0.59878284E-06   0.27231629E-05   0.71586063E-07   0.14459865E-04   0.46093907E-05   0.10599539E-03   0.14151431E-03   0.12506464E-03
  -1.283   0.217   0.17406638E+02   0.22976759E-04   0.12127781E-03   0.27309361E-05   0.68575630E-06   0.27311695E-05   0.80403521E-07   0.15661125E-04   0.49923382E-05   0.11500778E-03   0.15048283E-03   0.13566125E-03
  -1.267   0.233   0.17400452E+02   0.24793846E-04   0.12876726E-03   0.27336922E-05   0.77794092E-06   0.27402497E-05   0.89960243E-07   0.16899350E-04   0.53870738E-05   0.12429544E-03   0.15990295E-03   0.14658186E-03
  -1.250   0.250   0.17393950E+02   0.26662168E-04   0.13656438E-03   0.27358635E-05   0.87460903E-06   0.27503937E-05   0.10023874E-06   0.18172425E-04   0.57929232E-05   0.13384394E-03   0.16968765E-03   0.15780929E-03
  -1.233   0.267   0.17387130E+02   0.28578644E-04   0.14460872E-03   0.27375393E-05   0.97494064E-06   0.27615919E-05   0.11120848E-06   0.19478242E-04   0.62092149E-05   0.14363837E-03   0.17977264E-03   0.16932583E-03
  -1.217   0.283   0.17379992E+02   0.30540218E-04   0.15285476E-03   0.27387873E-05   0.10780663E-05   0.27738354E-05   0.12282697E-06   0.20814712E-04   0.66352833E-05   0.15366366E-03   0.19010850E-03   0.18111366E-03
  -1.200   0.300   0.17372536E+02   0.32543878E-04   0.16126725E-03   0.27396618E-05   0.11831070E-05   0.27871151E-05   0.13504154E-06   0.22179774E-04   0.70704720E-05   0.16390484E-03   0.20065606E-03   0.19315508E-03
  -1.183   0.317   0.17364765E+02   0.34586666E-04   0.16981831E-03   0.27402070E-05   0.12892080E-05   0.28014226E-05   0.14779153E-06   0.23571403E-04   0.75141360E-05   0.17434712E-03   0.21138361E-03   0.20543266E-03
  -1.167   0.333   0.17356682E+02   0.36665686E-04   0.17848562E-03   0.27404601E-05   0.13955669E-05   0.28167497E-05   0.16101066E-06   0.24987620E-04   0.79656442E-05   0.18497604E-03   0.22226510E-03   0.21792930E-03
  -1.150   0.350   0.17348290E+02   0.38778113E-04   0.18725114E-03   0.27404521E-05   0.15014536E-05   0.28330883E-05   0.17462937E-06   0.26426489E-04   0.84243806E-05   0.19577745E-03   0.23327888E-03   0.23062832E-03
  -1.133   0.367   0.17339593E+02   0.40921198E-04   0.19610016E-03   0.27402092E-05   0.16062240E-05   0.28504311E-05   0.18857701E-06   0.27886132E-04   0.88897462E-05   0.20673758E-03   0.24440680E-03   0.24351346E-03
  -1.117   0.383   0.17330595E+02   0.43092276E-04   0.20502055E-03   0.27397537E-05   0.17093277E-05   0.28687706E-05   0.20278369E-06   0.29364722E-04   0.93611597E-05   0.21784304E-03   0.25563346E-03   0.25656892E-03
  -1.100   0.400   0.17321299E+02   0.45288766E-04   0.21400215E-03   0.27391044E-05   0.18103094E-05   0.28880999E-05   0.21718184E-06   0.30860494E-04   0.98380583E-05   0.22908085E-03   0.26694561E-03   0.26977941E-03
  -1.083   0.417   0.17311708E+02   0.47508174E-04   0.22303628E-03   0.27382778E-05   0.19088079E-05   0.29084123E-05   0.23170739E-06   0.32371740E-04   0.10319898E-04   0.24043850E-03   0.27833166E-03   0.28313014E-03
  -1.067   0.433   0.17301826E+02   0.49748097E-04   0.23211534E-03   0.27372881E-05   0.20045506E-05   0.29297012E-05   0.24630067E-06   0.33896815E-04   0.10806155E-04   0.25190391E-03   0.28978128E-03   0.29660688E-03
  -1.050   0.450   0.17291657E+02   0.52006221E-04   0.24123250E-03   0.27361484E-05   0.20973464E-05   0.29519603E-05   0.26090695E-06   0.35434134E-04   0.11296325E-04   0.26346553E-03   0.30128508E-03   0.31019599E-03
  -1.033   0.467   0.17281203E+02   0.54280322E-04   0.25038146E-03   0.27348705E-05   0.21870773E-05   0.29751835E-05   0.27547676E-06   0.36982175E-04   0.11789921E-04   0.27511230E-03   0.31283439E-03   0.32388439E-03
  -1.017   0.483   0.17270467E+02   0.56568266E-04   0.25955626E-03   0.27334655E-05   0.22736889E-05   0.29993647E-05   0.28996596E-06   0.38539475E-04   0.12286480E-04   0.28683370E-03   0.32442101E-03   0.33765966E-03
  -1.000   0.500   0.17259452E+02   0.58868008E-04   0.26875118E-03   0.27319441E-05   0.23571814E-05   0.30244979E-05   0.30433571E-06   0.40104634E-04   0.12785553E-04   0.29861978E-03   0.33603715E-03   0.35150997E-03
  -0.983   0.517   0.17248160E+02   0.61177591E-04   0.27796064E-03   0.27303166E-05   0.24375995E-05   0.30505771E-05   0.31855219E-06   0.41676311E-04   0.13286715E-04   0.31046112E-03   0.34767528E-03   0.36542414E-03
  -0.967   0.533   0.17236592E+02   0.63495143E-04   0.28717917E-03   0.27285928E-05   0.25150238E-05   0.30775963E-05   0.33258635E-06   0.43253223E-04   0.13789557E-04   0.32234885E-03   0.35932811E-03   0.37939163E-03
  -0.950   0.550   0.17224752E+02   0.65818878E-04   0.29640135E-03   0.27267827E-05   0.25895630E-05   0.31055496E-05   0.34641349E-06   0.44834146E-04   0.14293689E-04   0.33427469E-03   0.37098853E-03   0.39340252E-03
  -0.933   0.567   0.17212640E+02   0.68147092E-04   0.30562186E-03   0.27248956E-05   0.26613455E-05   0.31344310E-05   0.36001286E-06   0.46417913E-04   0.14798739E-04   0.34623085E-03   0.38264964E-03   0.40744751E-03
  -0.917   0.583   0.17200260E+02   0.70478161E-04   0.31483546E-03   0.27229411E-05   0.27305139E-05   0.31642342E-05   0.37336723E-06   0.48003410E-04   0.15304352E-04   0.35821012E-03   0.39430468E-03   0.42151788E-03
  -0.900   0.600   0.17187612E+02   0.72810538E-04   0.32403702E-03   0.27209281E-05   0.27972189E-05   0.31949531E-05   0.38646249E-06   0.49589577E-04   0.15810190E-04   0.37020576E-03   0.40594712E-03   0.43560553E-03
  -0.883   0.617   0.17174698E+02   0.75142755E-04   0.33322154E-03   0.27188654E-05   0.28616146E-05   0.32265814E-05   0.39928724E-06   0.51175406E-04   0.16315934E-04   0.38221153E-03   0.41757064E-03   0.44970287E-03
  -0.867   0.633   0.17161521E+02   0.77473413E-04   0.34238416E-03   0.27167616E-05   0.29238554E-05   0.32591125E-05   0.41183243E-06   0.52759940E-04   0.16821277E-04   0.39422167E-03   0.42916914E-03   0.46380289E-03
  -0.850   0.650   0.17148082E+02   0.79801189E-04   0.35152024E-03   0.27146247E-05   0.29840921E-05   0.32925399E-05   0.42409100E-06   0.54342270E-04   0.17325931E-04   0.40623085E-03   0.44073677E-03   0.47789905E-03
  -0.833   0.667   0.17134382E+02   0.82124825E-04   0.36062529E-03   0.27124623E-05   0.30424706E-05   0.33268569E-05   0.43605762E-06   0.55921533E-04   0.17829620E-04   0.41823414E-03   0.45226797E-03   0.49198529E-03
  -0.817   0.683   0.17120424E+02   0.84443130E-04   0.36969510E-03   0.27102818E-05   0.30991297E-05   0.33620565E-05   0.44772842E-06   0.57496913E-04   0.18332085E-04   0.43022702E-03   0.46375743E-03   0.50605601E-03
  -0.800   0.700   0.17106209E+02   0.86754977E-04   0.37872566E-03   0.27080899E-05   0.31542005E-05   0.33981317E-05   0.45910077E-06   0.59067636E-04   0.18833078E-04   0.44220532E-03   0.47520016E-03   0.52010603E-03
  -0.783   0.717   0.17091739E+02   0.89059301E-04   0.38771322E-03   0.27058930E-05   0.32078053E-05   0.34350752E-05   0.47017309E-06   0.60632971E-04   0.19332369E-04   0.45416521E-03   0.48659146E-03   0.53413055E-03
  -0.767   0.733   0.17077016E+02   0.91355095E-04   0.39665426E-03   0.27036969E-05   0.32600579E-05   0.34728797E-05   0.48094471E-06   0.62192227E-04   0.19829735E-04   0.46610317E-03   0.49792693E-03   0.54812513E-03
  -0.750   0.750   0.17062042E+02   0.93641409E-04   0.40554555E-03   0.27015070E-05   0.33110632E-05   0.35115376E-05   0.49141574E-06   0.63744752E-04   0.20324970E-04   0.47801597E-03   0.50920248E-03   0.56208569E-03
  -0.733   0.767   0.17046820E+02   0.95917347E-04   0.41438407E-03   0.26993282E-05   0.33609175E-05   0.35510412E-05   0.50158695E-06   0.65289931E-04   0.20817879E-04   0.48990065E-03   0.52041429E-03   0.57600846E-03
  -0.717   0.783   0.17031350E+02   0.98182067E-04   0.42316709E-03   0.26971649E-05   0.34097091E-05   0.35913827E-05   0.51145970E-06   0.66827186E-04   0.21308275E-04   0.50175447E-03   0.53155887E-03   0.58988993E-03
  -0.700   0.800   0.17015636E+02   0.10043477E-03   0.43189207E-03   0.26950211E-05   0.34575186E-05   0.36325539E-05   0.52103586E-06   0.68355971E-04   0.21795987E-04   0.51357495E-03   0.54263297E-03   0.60372691E-03
  -0.683   0.817   0.16999679E+02   0.10267472E-03   0.44055672E-03   0.26929003E-05   0.35044194E-05   0.36745466E-05   0.53031778E-06   0.69875773E-04   0.22280850E-04   0.52535980E-03   0.55363363E-03   0.61751642E-03
  -0.667   0.833   0.16983482E+02   0.10490121E-03   0.44915897E-03   0.26908058E-05   0.35504783E-05   0.37173525E-05   0.53930819E-06   0.71386114E-04   0.22762712E-04   0.53710691E-03   0.56455813E-03   0.63125574E-03
  -0.650   0.850   0.16967047E+02   0.10711359E-03   0.45769695E-03   0.26887403E-05   0.35957562E-05   0.37609630E-05   0.54801022E-06   0.72886541E-04   0.23241430E-04   0.54881437E-03   0.57540401E-03   0.64494234E-03
  -0.633   0.867   0.16950376E+02   0.10931123E-03   0.46616897E-03   0.26867062E-05   0.36403084E-05   0.38053695E-05   0.55642731E-06   0.74376633E-04   0.23716868E-04   0.56048040E-03   0.58616901E-03   0.65857390E-03
  -0.617   0.883   0.16933472E+02   0.11149357E-03   0.47457352E-03   0.26847056E-05   0.36841854E-05   0.38505629E-05   0.56456324E-06   0.75855996E-04   0.24188902E-04   0.57210339E-03   0.59685111E-03   0.67214829E-03
  -0.600   0.900   0.16916338E+02   0.11366008E-03   0.48290925E-03   0.26827403E-05   0.37274331E-05   0.38965343E-05   0.57242203E-06   0.77324261E-04   0.24657414E-04   0.58368187E-03   0.60744846E-03   0.68566354E-03
  -0.583   0.917   0.16898975E+02   0.11581025E-03   0.49117498E-03   0.26808117E-05   0.37700935E-05   0.39432745E-05   0.58000797E-06   0.78781085E-04   0.25122296E-04   0.59521447E-03   0.61795941E-03   0.69911785E-03
  -0.567   0.933   0.16881387E+02   0.11794361E-03   0.49936964E-03   0.26789211E-05   0.38122052E-05   0.39907740E-05   0.58732558E-06   0.80226150E-04   0.25583444E-04   0.60669995E-03   0.62838247E-03   0.71250955E-03
  -0.550   0.950   0.16863576E+02   0.12005974E-03   0.50749230E-03   0.26770695E-05   0.38538034E-05   0.40390234E-05   0.59437958E-06   0.81659158E-04   0.26040766E-04   0.61813719E-03   0.63871631E-03   0.72583711E-03
  -0.533   0.967   0.16845545E+02   0.12215823E-03   0.51554214E-03   0.26752576E-05   0.38949205E-05   0.40880129E-05   0.60117489E-06   0.83079837E-04   0.26494173E-04   0.62952513E-03   0.64895974E-03   0.73909914E-03
  -0.517   0.983   0.16827297E+02   0.12423873E-03   0.52351845E-03   0.26734861E-05   0.39355864E-05   0.41377327E-05   0.60771656E-06   0.84487932E-04   0.26943585E-04   0.64086284E-03   0.65911170E-03   0.75229435E-03
  -0.500   1.000   0.16808834E+02   0.12630088E-03   0.53142061E-03   0.26717552E-05   0.39758288E-05   0.41881727E-05   0.61400981E-06   0.85883210E-04   0.27388928E-04   0.65214943E-03   0.66917126E-03   0.76542157E-03
  -0.483   1.017   0.16790160E+02   0.12834438E-03   0.53924808E-03   0.26700651E-05   0.40156732E-05   0.42393227E-05   0.62005996E-06   0.87265456E-04   0.27830134E-04   0.66338411E-03   0.67913758E-03   0.77847970E-03
  -0.467   1.033   0.16771277E+02   0.13036894E-03   0.54700041E-03   0.26684161E-05   0.40551433E-05   0.42911725E-05   0.62587245E-06   0.88634475E-04   0.28267139E-04   0.67456616E-03   0.68900995E-03   0.79146778E-03
  -0.450   1.050   0.16752188E+02   0.13237429E-03   0.55467719E-03   0.26668078E-05   0.40942613E-05   0.43437113E-05   0.63145279E-06   0.89990088E-04   0.28699887E-04   0.68569491E-03   0.69878772E-03   0.80438488E-03
  -0.433   1.067   0.16732897E+02   0.13436021E-03   0.56227811E-03   0.26652403E-05   0.41330476E-05   0.43969287E-05   0.63680657E-06   0.91332131E-04   0.29128327E-04   0.69676974E-03   0.70847035E-03   0.81723020E-03
  -0.417   1.083   0.16713406E+02   0.13632648E-03   0.56980289E-03   0.26637131E-05   0.41715216E-05   0.44508137E-05   0.64193940E-06   0.92660460E-04   0.29552411E-04   0.70779009E-03   0.71805736E-03   0.83000296E-03
  -0.400   1.100   0.16693719E+02   0.13827291E-03   0.57725130E-03   0.26622258E-05   0.42097012E-05   0.45053552E-05   0.64685695E-06   0.93974941E-04   0.29972099E-04   0.71875546E-03   0.72754835E-03   0.84270250E-03
  -0.383   1.117   0.16673840E+02   0.14019932E-03   0.58462317E-03   0.26607780E-05   0.42476032E-05   0.45605422E-05   0.65156489E-06   0.95275459E-04   0.30387351E-04   0.72966536E-03   0.73694297E-03   0.85532817E-03
  -0.367   1.133   0.16653770E+02   0.14210556E-03   0.59191834E-03   0.26593690E-05   0.42852435E-05   0.46163633E-05   0.65606890E-06   0.96561910E-04   0.30798137E-04   0.74051936E-03   0.74624095E-03   0.86787940E-03
  -0.350   1.150   0.16633514E+02   0.14399151E-03   0.59913672E-03   0.26579981E-05   0.43226370E-05   0.46728070E-05   0.66037465E-06   0.97834205E-04   0.31204427E-04   0.75131705E-03   0.75544205E-03   0.88035568E-03
  -0.333   1.167   0.16613076E+02   0.14585705E-03   0.60627823E-03   0.26566647E-05   0.43597976E-05   0.47298617E-05   0.66448778E-06   0.99092265E-04   0.31606196E-04   0.76205805E-03   0.76454610E-03   0.89275651E-03
  -0.317   1.183   0.16592459E+02   0.14770209E-03   0.61334282E-03   0.26553680E-05   0.43967384E-05   0.47875154E-05   0.66841389E-06   0.10033603E-03   0.32003423E-04   0.77274202E-03   0.77355294E-03   0.90508147E-03
  -0.300   1.200   0.16571665E+02   0.14952654E-03   0.62033046E-03   0.26541070E-05   0.44334719E-05   0.48457563E-05   0.67215855E-06   0.10156543E-03   0.32396092E-04   0.78336862E-03   0.78246249E-03   0.91733014E-03
  -0.283   1.217   0.16550701E+02   0.15133033E-03   0.62724114E-03   0.26528809E-05   0.44700097E-05   0.49045721E-05   0.67572727E-06   0.10278045E-03   0.32784189E-04   0.79393754E-03   0.79127467E-03   0.92950217E-03
  -0.267   1.233   0.16529568E+02   0.15311344E-03   0.63407489E-03   0.26516887E-05   0.45063629E-05   0.49639506E-05   0.67912550E-06   0.10398103E-03   0.33167704E-04   0.80444848E-03   0.79998946E-03   0.94159721E-03
  -0.250   1.250   0.16508270E+02   0.15487581E-03   0.64083173E-03   0.26505295E-05   0.45425420E-05   0.50238792E-05   0.68235861E-06   0.10516716E-03   0.33546629E-04   0.81490116E-03   0.80860685E-03   0.95361495E-03
  -0.233   1.267   0.16486813E+02   0.15661742E-03   0.64751171E-03   0.26494023E-05   0.45785566E-05   0.50843454E-05   0.68543189E-06   0.10633883E-03   0.33920960E-04   0.82529529E-03   0.81712687E-03   0.96555509E-03
  -0.217   1.283   0.16465199E+02   0.15833828E-03   0.65411487E-03   0.26483059E-05   0.46144161E-05   0.51453364E-05   0.68835057E-06   0.10749604E-03   0.34290696E-04   0.83563063E-03   0.82554956E-03   0.97741736E-03
  -0.200   1.300   0.16443434E+02   0.16003839E-03   0.66064128E-03   0.26472394E-05   0.46501294E-05   0.52068391E-05   0.69111978E-06   0.10863878E-03   0.34655840E-04   0.84590689E-03   0.83387500E-03   0.98920151E-03
  -0.183   1.317   0.16421520E+02   0.16171777E-03   0.66709101E-03   0.26462016E-05   0.46857046E-05   0.52688405E-05   0.69374456E-06   0.10976708E-03   0.35016396E-04   0.85612381E-03   0.84210327E-03   0.10009073E-02
  -0.167   1.333   0.16399463E+02   0.16337644E-03   0.67346415E-03   0.26451914E-05   0.47211496E-05   0.53313273E-05   0.69622984E-06   0.11088095E-03   0.35372370E-04   0.86628114E-03   0.85023449E-03   0.10125345E-02
  -0.150   1.350   0.16377267E+02   0.16501446E-03   0.67976076E-03   0.26442076E-05   0.47564718E-05   0.53942860E-05   0.69858047E-06   0.11198043E-03   0.35723772E-04   0.87637862E-03   0.85826877E-03   0.10240828E-02
  -0.133   1.367   0.16354936E+02   0.16663186E-03   0.68598095E-03   0.26432491E-05   0.47916783E-05   0.54577030E-05   0.70080119E-06   0.11306555E-03   0.36070615E-04   0.88641596E-03   0.86620624E-03   0.10355521E-02
  -0.117   1.383   0.16332475E+02   0.16822872E-03   0.69212479E-03   0.26423147E-05   0.48267756E-05   0.55215645E-05   0.70289666E-06   0.11413637E-03   0.36412912E-04   0.89639290E-03   0.87404706E-03   0.10469422E-02
  -0.100   1.400   0.16309889E+02   0.16980511E-03   0.69819237E-03   0.26414033E-05   0.48617701E-05   0.55858565E-05   0.70487139E-06   0.11519292E-03   0.36750681E-04   0.90630915E-03   0.88179138E-03   0.10582528E-02
  -0.083   1.417   0.16287182E+02   0.17136111E-03   0.70418379E-03   0.26405135E-05   0.48966676E-05   0.56505650E-05   0.70672983E-06   0.11623528E-03   0.37083940E-04   0.91616442E-03   0.88943938E-03   0.10694836E-02
  -0.067   1.433   0.16264360E+02   0.17289681E-03   0.71009913E-03   0.26396442E-05   0.49314738E-05   0.57156756E-05   0.70847631E-06   0.11726350E-03   0.37412709E-04   0.92595841E-03   0.89699122E-03   0.10806346E-02
  -0.050   1.450   0.16241427E+02   0.17441232E-03   0.71593849E-03   0.26387942E-05   0.49661940E-05   0.57811740E-05   0.71011504E-06   0.11827766E-03   0.37737012E-04   0.93569081E-03   0.90444709E-03   0.10917055E-02
  -0.033   1.467   0.16218390E+02   0.17590774E-03   0.72170194E-03   0.26379623E-05   0.50008331E-05   0.58470454E-05   0.71165015E-06   0.11927783E-03   0.38056873E-04   0.94536127E-03   0.91180717E-03   0.11026960E-02
  -0.017   1.483   0.16195252E+02   0.17738319E-03   0.72738956E-03   0.26371471E-05   0.50353961E-05   0.59132751E-05   0.71308566E-06   0.12026411E-03   0.38372319E-04   0.95496945E-03   0.91907166E-03   0.11136059E-02
   0.000   1.500   0.16172019E+02   0.17883881E-03   0.73300144E-03   0.26363475E-05   0.50698873E-05   0.59798481E-05   0.71442546E-06   0.12123657E-03   0.38683378E-04   0.96451499E-03   0.92624076E-03   0.11244349E-02
   0.017   1.517   0.16148698E+02   0.18027472E-03   0.73853764E-03   0.26355621E-05   0.51043112E-05   0.60467492E-05   0.71567337E-06   0.12219532E-03   0.38990081E-04   0.97399750E-03   0.93331466E-03   0.11351829E-02
   0.033   1.533   0.16125293E+02   0.18169106E-03   0.74399824E-03   0.26347898E-05   0.51386716E-05   0.61139632E-05   0.71683311E-06   0.12314045E-03   0.39292460E-04   0.98341658E-03   0.94029356E-03   0.11458495E-02
   0.050   1.550   0.16101810E+02   0.18308799E-03   0.74938329E-03   0.26340293E-05   0.51729725E-05   0.61814745E-05   0.71790827E-06   0.12407208E-03   0.39590548E-04   0.99277179E-03   0.94717767E-03   0.11564344E-02
   0.067   1.567   0.16078256E+02   0.18446567E-03   0.75469285E-03   0.26332792E-05   0.52072176E-05   0.62492673E-05   0.71890238E-06   0.12499030E-03   0.39884380E-04   0.10020627E-02   0.95396718E-03   0.11669374E-02
   0.083   1.583   0.16054637E+02   0.18582425E-03   0.75992696E-03   0.26325384E-05   0.52414103E-05   0.63173259E-05   0.71981885E-06   0.12589525E-03   0.40173994E-04   0.10112888E-02   0.96066231E-03   0.11773580E-02
   0.100   1.600   0.16030958E+02   0.18716391E-03   0.76508567E-03   0.26318055E-05   0.52755539E-05   0.63856341E-05   0.72066100E-06   0.12678703E-03   0.40459428E-04   0.10204496E-02   0.96726324E-03   0.11876961E-02
   0.117   1.617   0.16007227E+02   0.18848484E-03   0.77016900E-03   0.26310793E-05   0.53096517E-05   0.64541757E-05   0.72143208E-06   0.12766578E-03   0.40740721E-04   0.10295446E-02   0.97377018E-03   0.11979511E-02
   0.133   1.633   0.15983450E+02   0.18978720E-03   0.77517698E-03   0.26303585E-05   0.53437066E-05   0.65229341E-05   0.72213521E-06   0.12853163E-03   0.41017917E-04   0.10385732E-02   0.98018332E-03   0.12081227E-02
   0.150   1.650   0.15959633E+02   0.19107121E-03   0.78010962E-03   0.26296417E-05   0.53777215E-05   0.65918927E-05   0.72277347E-06   0.12938470E-03   0.41291056E-04   0.10475348E-02   0.98650285E-03   0.12182106E-02
   0.167   1.667   0.15935783E+02   0.19233704E-03   0.78496691E-03   0.26289276E-05   0.54116993E-05   0.66610345E-05   0.72334983E-06   0.13022515E-03   0.41560186E-04   0.10564288E-02   0.99272897E-03   0.12282141E-02
   0.183   1.683   0.15911908E+02   0.19358492E-03   0.78974886E-03   0.26282150E-05   0.54456425E-05   0.67303426E-05   0.72386718E-06   0.13105311E-03   0.41825350E-04   0.10652546E-02   0.99886185E-03   0.12381330E-02
   0.200   1.700   0.15888016E+02   0.19481505E-03   0.79445544E-03   0.26275026E-05   0.54795539E-05   0.67997994E-05   0.72432835E-06   0.13186874E-03   0.42086597E-04   0.10740113E-02   0.10049017E-02   0.12479667E-02
   0.217   1.717   0.15864112E+02   0.19602765E-03   0.79908661E-03   0.26267890E-05   0.55134358E-05   0.68693875E-05   0.72473606E-06   0.13267219E-03   0.42343975E-04   0.10826984E-02   0.10108486E-02   0.12577146E-02
   0.233   1.733   0.15840206E+02   0.19722295E-03   0.80364234E-03   0.26260728E-05   0.55472908E-05   0.69390889E-05   0.72509300E-06   0.13346362E-03   0.42597535E-04   0.10913150E-02   0.10167028E-02   0.12673762E-02
   0.250   1.750   0.15816305E+02   0.19840117E-03   0.80812256E-03   0.26253528E-05   0.55811211E-05   0.70088857E-05   0.72540175E-06   0.13424319E-03   0.42847329E-04   0.10998604E-02   0.10224645E-02   0.12769509E-02
   0.267   1.767   0.15792417E+02   0.19956256E-03   0.81252720E-03   0.26246276E-05   0.56149292E-05   0.70787596E-05   0.72566485E-06   0.13501107E-03   0.43093411E-04   0.11083336E-02   0.10281337E-02   0.12864381E-02
   0.283   1.783   0.15768550E+02   0.20070735E-03   0.81685617E-03   0.26238957E-05   0.56487172E-05   0.71486918E-05   0.72588476E-06   0.13576743E-03   0.43335834E-04   0.11167337E-02   0.10337107E-02   0.12958370E-02
   0.300   1.800   0.15744714E+02   0.20183580E-03   0.82110937E-03   0.26231559E-05   0.56824874E-05   0.72186635E-05   0.72606390E-06   0.13651245E-03   0.43574655E-04   0.11250599E-02   0.10391955E-02   0.13051470E-02
   0.317   1.817   0.15720916E+02   0.20294817E-03   0.82528667E-03   0.26224067E-05   0.57162421E-05   0.72886556E-05   0.72620460E-06   0.13724630E-03   0.43809932E-04   0.11333111E-02   0.10445883E-02   0.13143673E-02
   0.333   1.833   0.15697167E+02   0.20404471E-03   0.82938795E-03   0.26216468E-05   0.57499834E-05   0.73586485E-05   0.72630916E-06   0.13796919E-03   0.44041724E-04   0.11414862E-02   0.10498892E-02   0.13234971E-02
   0.350   1.850   0.15673475E+02   0.20512571E-03   0.83341303E-03   0.26208746E-05   0.57837137E-05   0.74286225E-05   0.72637982E-06   0.13868129E-03   0.44270091E-04   0.11495842E-02   0.10550983E-02   0.13325355E-02
   0.367   1.867   0.15649850E+02   0.20619144E-03   0.83736175E-03   0.26200887E-05   0.58174350E-05   0.74985574E-05   0.72641876E-06   0.13938280E-03   0.44495097E-04   0.11576038E-02   0.10602157E-02   0.13414817E-02
   0.383   1.883   0.15626302E+02   0.20724218E-03   0.84123391E-03   0.26192877E-05   0.58511496E-05   0.75684326E-05   0.72642814E-06   0.14007392E-03   0.44716804E-04   0.11655440E-02   0.10652414E-02   0.13503347E-02
   0.400   1.900   0.15602842E+02   0.20827822E-03   0.84502928E-03   0.26184700E-05   0.58848599E-05   0.76382274E-05   0.72641003E-06   0.14075487E-03   0.44935279E-04   0.11734033E-02   0.10701755E-02   0.13590934E-02
   0.417   1.917   0.15579479E+02   0.20929987E-03   0.84874763E-03   0.26176341E-05   0.59185681E-05   0.77079204E-05   0.72636652E-06   0.14142585E-03   0.45150589E-04   0.11811804E-02   0.10750180E-02   0.13677569E-02
   0.433   1.933   0.15556225E+02   0.21030743E-03   0.85238869E-03   0.26167785E-05   0.59522766E-05   0.77774900E-05   0.72629961E-06   0.14208707E-03   0.45362802E-04   0.11888740E-02   0.10797690E-02   0.13763239E-02
   0.450   1.950   0.15533091E+02   0.21130121E-03   0.85595216E-03   0.26159015E-05   0.59859879E-05   0.78469140E-05   0.72621129E-06   0.14273876E-03   0.45571989E-04   0.11964825E-02   0.10844284E-02   0.13847932E-02
   0.467   1.967   0.15510089E+02   0.21228154E-03   0.85943772E-03   0.26150014E-05   0.60197044E-05   0.79161698E-05   0.72610352E-06   0.14338115E-03   0.45778222E-04   0.12040043E-02   0.10889962E-02   0.13931637E-02
   0.483   1.983   0.15487230E+02   0.21324876E-03   0.86284503E-03   0.26140767E-05   0.60534288E-05   0.79852343E-05   0.72597823E-06   0.14401448E-03   0.45981577E-04   0.12114379E-02   0.10934725E-02   0.14014339E-02
   0.500   2.000   0.15464528E+02   0.21420319E-03   0.86617369E-03   0.26131256E-05   0.60871637E-05   0.80540840E-05   0.72583731E-06   0.14463897E-03   0.46182129E-04   0.12187814E-02   0.10978571E-02   0.14096025E-02
   0.517   2.017   0.15441995E+02   0.21514519E-03   0.86942330E-03   0.26121463E-05   0.61209120E-05   0.81226945E-05   0.72568266E-06   0.14525488E-03   0.46379957E-04   0.12260331E-02   0.11021499E-02   0.14176679E-02
   0.533   2.033   0.15419644E+02   0.21607512E-03   0.87259340E-03   0.26111370E-05   0.61546765E-05   0.81910411E-05   0.72551613E-06   0.14586246E-03   0.46575141E-04   0.12331910E-02   0.11063509E-02   0.14256286E-02
   0.550   2.050   0.15397489E+02   0.21699335E-03   0.87568351E-03   0.26100958E-05   0.61884603E-05   0.82590984E-05   0.72533958E-06   0.14646198E-03   0.46767763E-04   0.12402532E-02   0.11104598E-02   0.14334829E-02
   0.567   2.067   0.15375545E+02   0.21790025E-03   0.87869308E-03   0.26090207E-05   0.62222666E-05   0.83268403E-05   0.72515484E-06   0.14705369E-03   0.46957910E-04   0.12472174E-02   0.11144766E-02   0.14412290E-02
   0.583   2.083   0.15353826E+02   0.21879621E-03   0.88162156E-03   0.26079097E-05   0.62560988E-05   0.83942399E-05   0.72496376E-06   0.14763787E-03   0.47145668E-04   0.12540816E-02   0.11184010E-02   0.14488651E-02
   0.600   2.100   0.15332348E+02   0.21968163E-03   0.88446831E-03   0.26067607E-05   0.62899603E-05   0.84612696E-05   0.72476816E-06   0.14821481E-03   0.47331127E-04   0.12608433E-02   0.11222327E-02   0.14563892E-02
   0.617   2.117   0.15311127E+02   0.22055693E-03   0.88723267E-03   0.26055715E-05   0.63238549E-05   0.85279010E-05   0.72456986E-06   0.14878479E-03   0.47514381E-04   0.12675000E-02   0.11259715E-02   0.14637992E-02
   0.633   2.133   0.15290180E+02   0.22142253E-03   0.88991392E-03   0.26043398E-05   0.63577865E-05   0.85941047E-05   0.72437072E-06   0.14934812E-03   0.47695523E-04   0.12740493E-02   0.11296171E-02   0.14710929E-02
   0.650   2.150   0.15269523E+02   0.22227887E-03   0.89251127E-03   0.26030633E-05   0.63917593E-05   0.86598503E-05   0.72417257E-06   0.14990511E-03   0.47874654E-04   0.12804882E-02   0.11331690E-02   0.14782680E-02
   0.667   2.167   0.15249175E+02   0.22312640E-03   0.89502388E-03   0.26017394E-05   0.64257775E-05   0.87251066E-05   0.72397728E-06   0.15045607E-03   0.48051874E-04   0.12868140E-02   0.11366269E-02   0.14853219E-02
   0.683   2.183   0.15229156E+02   0.22396559E-03   0.89745085E-03   0.26003655E-05   0.64598459E-05   0.87898410E-05   0.72378673E-06   0.15100134E-03   0.48227289E-04   0.12930235E-02   0.11399903E-02   0.14922522E-02
   0.700   2.200   0.15209484E+02   0.22479691E-03   0.89979119E-03   0.25989388E-05   0.64939692E-05   0.88540198E-05   0.72360283E-06   0.15154126E-03   0.48401007E-04   0.12991137E-02   0.11432586E-02   0.14990559E-02
   0.717   2.217   0.15190179E+02   0.22562087E-03   0.90204385E-03   0.25974565E-05   0.65281527E-05   0.89176080E-05   0.72342751E-06   0.15207617E-03   0.48573141E-04   0.13050809E-02   0.11464314E-02   0.15057302E-02
   0.733   2.233   0.15171265E+02   0.22643799E-03   0.90420769E-03   0.25959154E-05   0.65624019E-05   0.89805693E-05   0.72326274E-06   0.15260644E-03   0.48743806E-04   0.13109218E-02   0.11495078E-02   0.15122720E-02
   0.750   2.250   0.15152762E+02   0.22724879E-03   0.90628147E-03   0.25943124E-05   0.65967225E-05   0.90428657E-05   0.72311055E-06   0.15313246E-03   0.48913123E-04   0.13166324E-02   0.11524873E-02   0.15186779E-02
   0.767   2.267   0.15134695E+02   0.22805384E-03   0.90826387E-03   0.25926441E-05   0.66311208E-05   0.91044576E-05   0.72297298E-06   0.15365462E-03   0.49081217E-04   0.13222087E-02   0.11553689E-02   0.15249445E-02
   0.783   2.283   0.15117088E+02   0.22885371E-03   0.91015346E-03   0.25909067E-05   0.66656033E-05   0.91653036E-05   0.72285218E-06   0.15417331E-03   0.49248218E-04   0.13276465E-02   0.11581518E-02   0.15310681E-02
   0.800   2.300   0.15099967E+02   0.22964900E-03   0.91194869E-03   0.25890965E-05   0.67001769E-05   0.92253604E-05   0.72275031E-06   0.15468898E-03   0.49414262E-04   0.13329413E-02   0.11608351E-02   0.15370446E-02
   0.817   2.317   0.15083359E+02   0.23044034E-03   0.91364789E-03   0.25872093E-05   0.67348491E-05   0.92845826E-05   0.72266964E-06   0.15520205E-03   0.49579489E-04   0.13380883E-02   0.11634175E-02   0.15428698E-02
   0.833   2.333   0.15067293E+02   0.23122837E-03   0.91524926E-03   0.25852407E-05   0.67696276E-05   0.93429224E-05   0.72261251E-06   0.15571299E-03   0.49744045E-04   0.13430824E-02   0.11658980E-02   0.15485394E-02
   0.850   2.350   0.15051799E+02   0.23201378E-03   0.91675086E-03   0.25831861E-05   0.68045209E-05   0.94003297E-05   0.72258135E-06   0.15622229E-03   0.49908085E-04   0.13479181E-02   0.11682753E-02   0.15540485E-02
   0.867   2.367   0.15036908E+02   0.23279728E-03   0.91815056E-03   0.25810404E-05   0.68395378E-05   0.94567513E-05   0.72257870E-06   0.15673044E-03   0.50071768E-04   0.13525898E-02   0.11705477E-02   0.15593920E-02
   0.883   2.383   0.15022655E+02   0.23357960E-03   0.91944609E-03   0.25787982E-05   0.68746878E-05   0.95121313E-05   0.72260720E-06   0.15723797E-03   0.50235261E-04   0.13570914E-02   0.11727139E-02   0.15645646E-02
   0.900   2.400   0.15009074E+02   0.23436153E-03   0.92063498E-03   0.25764538E-05   0.69099810E-05   0.95664105E-05   0.72266965E-06   0.15774543E-03   0.50398741E-04   0.13614162E-02   0.11747720E-02   0.15695604E-02
   0.917   2.417   0.14996203E+02   0.23514387E-03   0.92171455E-03   0.25740010E-05   0.69454280E-05   0.96195261E-05   0.72276895E-06   0.15825340E-03   0.50562392E-04   0.13655575E-02   0.11767201E-02   0.15743733E-02
   0.933   2.433   0.14984081E+02   0.23592750E-03   0.92268190E-03   0.25714329E-05   0.69810403E-05   0.96714112E-05   0.72290821E-06   0.15876249E-03   0.50726407E-04   0.13695077E-02   0.11785562E-02   0.15789966E-02
   0.950   2.450   0.14972751E+02   0.23671331E-03   0.92353386E-03   0.25687425E-05   0.70168300E-05   0.97219949E-05   0.72309068E-06   0.15927334E-03   0.50890992E-04   0.13732589E-02   0.11802778E-02   0.15834232E-02
   0.967   2.467   0.14962258E+02   0.23750226E-03   0.92426702E-03   0.25659217E-05   0.70528102E-05   0.97712012E-05   0.72331981E-06   0.15978662E-03   0.51056361E-04   0.13768026E-02   0.11818825E-02   0.15876456E-02
   0.983   2.483   0.14952648E+02   0.23829534E-03   0.92487766E-03   0.25629621E-05   0.70889946E-05   0.98189492E-05   0.72359930E-06   0.16030306E-03   0.51222741E-04   0.13801298E-02   0.11833675E-02   0.15916556E-02
   1.000   2.500   0.14943972E+02   0.23909362E-03   0.92535804E-03   0.25598360E-05   0.71253888E-05   0.98651445E-05   0.72393118E-06   0.16082341E-03   0.51390368E-04   0.13832306E-02   0.11847260E-02   0.15954444E-02
   1.017   2.517   0.14936124E+02   0.23989564E-03   0.92553782E-03   0.25554543E-05   0.71610616E-05   0.99095276E-05   0.72418220E-06   0.16134718E-03   0.51558537E-04   0.13861022E-02   0.11857837E-02   0.15990079E-02
   1.033   2.533   0.14928976E+02   0.24069959E-03   0.92565478E-03   0.25509339E-05   0.71965225E-05   0.99527421E-05   0.72446100E-06   0.16187256E-03   0.51727220E-04   0.13887692E-02   0.11867790E-02   0.16023690E-02
   1.050   2.550   0.14922549E+02   0.24150601E-03   0.92569088E-03   0.25463018E-05   0.72319332E-05   0.99947449E-05   0.72477210E-06   0.16239991E-03   0.51896539E-04   0.13912443E-02   0.11876946E-02   0.16055407E-02
   1.067   2.567   0.14916865E+02   0.24231545E-03   0.92563755E-03   0.25415673E-05   0.72673669E-05   0.10035492E-04   0.72511852E-06   0.16292965E-03   0.52066621E-04   0.13935307E-02   0.11885225E-02   0.16085269E-02
   1.083   2.583   0.14911946E+02   0.24312851E-03   0.92549000E-03   0.25367327E-05   0.73028707E-05   0.10074940E-04   0.72550350E-06   0.16346219E-03   0.52237599E-04   0.13956277E-02   0.11892586E-02   0.16113275E-02
   1.100   2.600   0.14907817E+02   0.24394578E-03   0.92524512E-03   0.25317968E-05   0.73384747E-05   0.10113042E-04   0.72593000E-06   0.16399796E-03   0.52409610E-04   0.13975329E-02   0.11899001E-02   0.16139405E-02
   1.117   2.617   0.14904501E+02   0.24476787E-03   0.92490057E-03   0.25267569E-05   0.73741985E-05   0.10149751E-04   0.72640066E-06   0.16453740E-03   0.52582793E-04   0.13992428E-02   0.11904455E-02   0.16163630E-02
   1.133   2.633   0.14902023E+02   0.24559540E-03   0.92445440E-03   0.25216092E-05   0.74100556E-05   0.10185019E-04   0.72691792E-06   0.16508096E-03   0.52757290E-04   0.14007534E-02   0.11908934E-02   0.16185916E-02
   1.150   2.650   0.14900409E+02   0.24642900E-03   0.92390480E-03   0.25163492E-05   0.74460556E-05   0.10218796E-04   0.72748414E-06   0.16562908E-03   0.52933245E-04   0.14020603E-02   0.11912425E-02   0.16206227E-02
   1.167   2.667   0.14899685E+02   0.24726932E-03   0.92325005E-03   0.25109721E-05   0.74822062E-05   0.10251029E-04   0.72810163E-06   0.16618222E-03   0.53110804E-04   0.14031591E-02   0.11914917E-02   0.16224522E-02
   1.183   2.683   0.14899875E+02   0.24811700E-03   0.92248842E-03   0.25054725E-05   0.75185135E-05   0.10281667E-04   0.72877270E-06   0.16674086E-03   0.53290116E-04   0.14040451E-02   0.11916399E-02   0.16240760E-02
   1.200   2.700   0.14901007E+02   0.24897270E-03   0.92161819E-03   0.24998451E-05   0.75549829E-05   0.10310655E-04   0.72949969E-06   0.16730547E-03   0.53471331E-04   0.14047133E-02   0.11916859E-02   0.16254900E-02
   1.217   2.717   0.14903107E+02   0.24983708E-03   0.92063758E-03   0.24940841E-05   0.75916191E-05   0.10337937E-04   0.73028497E-06   0.16787651E-03   0.53654599E-04   0.14051588E-02   0.11916286E-02   0.16266899E-02
   1.233   2.733   0.14906202E+02   0.25071079E-03   0.91954479E-03   0.24881833E-05   0.76284264E-05   0.10363455E-04   0.73113097E-06   0.16845447E-03   0.53840074E-04   0.14053768E-02   0.11914668E-02   0.16276713E-02
   1.250   2.750   0.14910317E+02   0.25159452E-03   0.91833798E-03   0.24821367E-05   0.76654085E-05   0.10387152E-04   0.73204014E-06   0.16903984E-03   0.54027909E-04   0.14053621E-02   0.11911992E-02   0.16284298E-02
   1.267   2.767   0.14915479E+02   0.25248891E-03   0.91701528E-03   0.24759379E-05   0.77025687E-05   0.10408968E-04   0.73301499E-06   0.16963309E-03   0.54218258E-04   0.14051098E-02   0.11908247E-02   0.16289611E-02
   1.283   2.783   0.14921715E+02   0.25339465E-03   0.91557481E-03   0.24695800E-05   0.77399097E-05   0.10428842E-04   0.73405808E-06   0.17023471E-03   0.54411274E-04   0.14046147E-02   0.11903418E-02   0.16292607E-02
   1.300   2.800   0.14929050E+02   0.25431238E-03   0.91401467E-03   0.24630565E-05   0.77774335E-05   0.10446712E-04   0.73517199E-06   0.17084518E-03   0.54607109E-04   0.14038721E-02   0.11897494E-02   0.16293244E-02
   1.317   2.817   0.14937509E+02   0.25524276E-03   0.91233296E-03   0.24563604E-05   0.78151416E-05   0.10462516E-04   0.73635934E-06   0.17146497E-03   0.54805916E-04   0.14028769E-02   0.11890461E-02   0.16291478E-02
   1.333   2.833   0.14947116E+02   0.25618642E-03   0.91052782E-03   0.24494846E-05   0.78530345E-05   0.10476192E-04   0.73762276E-06   0.17209455E-03   0.55007842E-04   0.14016245E-02   0.11882306E-02   0.16287269E-02
   1.350   2.850   0.14957895E+02   0.25714399E-03   0.90859742E-03   0.24424220E-05   0.78911121E-05   0.10487676E-04   0.73896489E-06   0.17273439E-03   0.55213032E-04   0.14001102E-02   0.11873016E-02   0.16280576E-02
   1.367   2.867   0.14969868E+02   0.25811606E-03   0.90654002E-03   0.24351655E-05   0.79293728E-05   0.10496908E-04   0.74038838E-06   0.17338492E-03   0.55421628E-04   0.13983298E-02   0.11862579E-02   0.16271363E-02
   1.383   2.883   0.14983055E+02   0.25910322E-03   0.90435395E-03   0.24277079E-05   0.79678144E-05   0.10503825E-04   0.74189584E-06   0.17404656E-03   0.55633764E-04   0.13962791E-02   0.11850984E-02   0.16259595E-02
   1.400   2.900   0.14997474E+02   0.26010599E-03   0.90203769E-03   0.24200422E-05   0.80064329E-05   0.10508367E-04   0.74348985E-06   0.17471973E-03   0.55849568E-04   0.13939546E-02   0.11838220E-02   0.16245239E-02
   1.417   2.917   0.15013141E+02   0.26112488E-03   0.89958989E-03   0.24121615E-05   0.80452232E-05   0.10510478E-04   0.74517290E-06   0.17540479E-03   0.56069158E-04   0.13913530E-02   0.11824278E-02   0.16228270E-02
   1.433   2.933   0.15030071E+02   0.26216033E-03   0.89700940E-03   0.24040592E-05   0.80841785E-05   0.10510100E-04   0.74694741E-06   0.17610210E-03   0.56292643E-04   0.13884717E-02   0.11809150E-02   0.16208664E-02
   1.450   2.950   0.15048271E+02   0.26321274E-03   0.89429534E-03   0.23957291E-05   0.81232901E-05   0.10507184E-04   0.74881566E-06   0.17681194E-03   0.56520118E-04   0.13853085E-02   0.11792831E-02   0.16186405E-02
   1.467   2.967   0.15067750E+02   0.26428244E-03   0.89144713E-03   0.23871652E-05   0.81625477E-05   0.10501682E-04   0.75077978E-06   0.17753458E-03   0.56751665E-04   0.13818621E-02   0.11775317E-02   0.16161484E-02
   1.483   2.983   0.15088509E+02   0.26536966E-03   0.88846456E-03   0.23783624E-05   0.82019386E-05   0.10493554E-04   0.75284169E-06   0.17827023E-03   0.56987348E-04   0.13781322E-02   0.11756609E-02   0.16133897E-02
   1.500   3.000   0.15110546E+02   0.26647458E-03   0.88534784E-03   0.23693162E-05   0.82414482E-05   0.10482763E-04   0.75500306E-06   0.17901903E-03   0.57227211E-04   0.13741190E-02   0.11736710E-02   0.16103653E-02
   1.517   3.017   0.15133853E+02   0.26759726E-03   0.88209768E-03   0.23600231E-05   0.82810593E-05   0.10469285E-04   0.75726528E-06   0.17978105E-03   0.57471277E-04   0.13698244E-02   0.11715626E-02   0.16070767E-02
   1.533   3.033   0.15158416E+02   0.26873766E-03   0.87871532E-03   0.23504803E-05   0.83207525E-05   0.10453101E-04   0.75962939E-06   0.18055630E-03   0.57719545E-04   0.13652508E-02   0.11693369E-02   0.16035267E-02
   1.550   3.050   0.15184215E+02   0.26989561E-03   0.87520265E-03   0.23406866E-05   0.83605056E-05   0.10434205E-04   0.76209602E-06   0.18134469E-03   0.57971987E-04   0.13604026E-02   0.11669958E-02   0.15997193E-02
   1.567   3.067   0.15211224E+02   0.27107082E-03   0.87156222E-03   0.23306421E-05   0.84002940E-05   0.10412602E-04   0.76466537E-06   0.18214605E-03   0.58228546E-04   0.13552851E-02   0.11645412E-02   0.15956597E-02
   1.583   3.083   0.15239408E+02   0.27226287E-03   0.86779733E-03   0.23203483E-05   0.84400904E-05   0.10388309E-04   0.76733710E-06   0.18296010E-03   0.58489133E-04   0.13499055E-02   0.11619763E-02   0.15913547E-02
   1.600   3.100   0.15268726E+02   0.27347117E-03   0.86391208E-03   0.23098086E-05   0.84798652E-05   0.10361361E-04   0.77011034E-06   0.18378647E-03   0.58753626E-04   0.13442723E-02   0.11593044E-02   0.15868124E-02
   1.617   3.117   0.15299127E+02   0.27469499E-03   0.85991141E-03   0.22990282E-05   0.85195862E-05   0.10331804E-04   0.77298357E-06   0.18462467E-03   0.59021868E-04   0.13383959E-02   0.11565298E-02   0.15820424E-02
   1.633   3.133   0.15330555E+02   0.27593345E-03   0.85580114E-03   0.22880142E-05   0.85592191E-05   0.10299704E-04   0.77595465E-06   0.18547409E-03   0.59293665E-04   0.13322885E-02   0.11536575E-02   0.15770562E-02
   1.650   3.150   0.15362942E+02   0.27718551E-03   0.85158796E-03   0.22767760E-05   0.85987276E-05   0.10265142E-04   0.77902074E-06   0.18633402E-03   0.59568789E-04   0.13259637E-02   0.11506931E-02   0.15718665E-02
   1.667   3.167   0.15396216E+02   0.27844995E-03   0.84727946E-03   0.22653250E-05   0.86380739E-05   0.10228217E-04   0.78217826E-06   0.18720365E-03   0.59846974E-04   0.13194371E-02   0.11476432E-02   0.15664878E-02
   1.683   3.183   0.15430296E+02   0.27972543E-03   0.84288410E-03   0.22536750E-05   0.86772191E-05   0.10189047E-04   0.78542293E-06   0.18808202E-03   0.60127921E-04   0.13127259E-02   0.11445149E-02   0.15609358E-02
   1.700   3.200   0.15465093E+02   0.28101046E-03   0.83841113E-03   0.22418417E-05   0.87161235E-05   0.10147764E-04   0.78874976E-06   0.18896811E-03   0.60411296E-04   0.13058485E-02   0.11413161E-02   0.15552279E-02
   1.717   3.217   0.15500513E+02   0.28230342E-03   0.83387055E-03   0.22298430E-05   0.87547475E-05   0.10104519E-04   0.79215304E-06   0.18986078E-03   0.60696738E-04   0.12988250E-02   0.11380552E-02   0.15493825E-02
   1.733   3.233   0.15536458E+02   0.28360260E-03   0.82927298E-03   0.22176987E-05   0.87930519E-05   0.10059477E-04   0.79562644E-06   0.19075882E-03   0.60983858E-04   0.12916764E-02   0.11347414E-02   0.15434191E-02
   1.750   3.250   0.15572826E+02   0.28490617E-03   0.82462959E-03   0.22054301E-05   0.88309988E-05   0.10012814E-04   0.79916301E-06   0.19166095E-03   0.61272249E-04   0.12844247E-02   0.11313842E-02   0.15373579E-02
   1.767   3.267   0.15609511E+02   0.28621228E-03   0.81995190E-03   0.21930602E-05   0.88685521E-05   0.99647187E-05   0.80275532E-06   0.19256584E-03   0.61561486E-04   0.12770923E-02   0.11279933E-02   0.15312196E-02
   1.783   3.283   0.15646408E+02   0.28751900E-03   0.81525168E-03   0.21806129E-05   0.89056778E-05   0.99153889E-05   0.80639549E-06   0.19347214E-03   0.61851135E-04   0.12697021E-02   0.11245788E-02   0.15250254E-02
   1.800   3.300   0.15683410E+02   0.28882443E-03   0.81054074E-03   0.21681130E-05   0.89423452E-05   0.98650264E-05   0.81007537E-06   0.19437848E-03   0.62140759E-04   0.12622769E-02   0.11211507E-02   0.15187962E-02
   1.817   3.317   0.15720414E+02   0.29012665E-03   0.80583080E-03   0.21555858E-05   0.89785267E-05   0.98138361E-05   0.81378656E-06   0.19528349E-03   0.62429924E-04   0.12548392E-02   0.11177192E-02   0.15125526E-02
   1.833   3.333   0.15757321E+02   0.29142383E-03   0.80113330E-03   0.21430563E-05   0.90141987E-05   0.97620227E-05   0.81752062E-06   0.19618584E-03   0.62718204E-04   0.12474108E-02   0.11142939E-02   0.15063149E-02
   1.850   3.350   0.15794034E+02   0.29271417E-03   0.79645929E-03   0.21305495E-05   0.90493414E-05   0.97097877E-05   0.82126912E-06   0.19708425E-03   0.63005187E-04   0.12400126E-02   0.11108844E-02   0.15001020E-02
   1.867   3.367   0.15830464E+02   0.29399597E-03   0.79181922E-03   0.21180896E-05   0.90839394E-05   0.96573270E-05   0.82502378E-06   0.19797747E-03   0.63290483E-04   0.12326644E-02   0.11074996E-02   0.14939324E-02
   1.883   3.383   0.15866526E+02   0.29526766E-03   0.78722289E-03   0.21056997E-05   0.91179814E-05   0.96048278E-05   0.82877657E-06   0.19886437E-03   0.63573724E-04   0.12253846E-02   0.11041478E-02   0.14878226E-02
   1.900   3.400   0.15902146E+02   0.29652778E-03   0.78267932E-03   0.20934020E-05   0.91514601E-05   0.95524676E-05   0.83251980E-06   0.19974387E-03   0.63854570E-04   0.12181899E-02   0.11008370E-02   0.14817884E-02
   1.917   3.417   0.15937255E+02   0.29777500E-03   0.77819671E-03   0.20812166E-05   0.91843725E-05   0.95004115E-05   0.83624618E-06   0.20061500E-03   0.64132712E-04   0.12110958E-02   0.10975740E-02   0.14758435E-02
   1.933   3.433   0.15971793E+02   0.29900813E-03   0.77378233E-03   0.20691626E-05   0.92167188E-05   0.94488117E-05   0.83994890E-06   0.20147688E-03   0.64407870E-04   0.12041156E-02   0.10943651E-02   0.14700004E-02
   1.950   3.450   0.16005707E+02   0.30022615E-03   0.76944258E-03   0.20572568E-05   0.92485028E-05   0.93978061E-05   0.84362167E-06   0.20232874E-03   0.64679801E-04   0.11972612E-02   0.10912159E-02   0.14642698E-02
   1.967   3.467   0.16038954E+02   0.30142816E-03   0.76518292E-03   0.20455144E-05   0.92797314E-05   0.93475182E-05   0.84725875E-06   0.20316992E-03   0.64948291E-04   0.11905427E-02   0.10881311E-02   0.14586609E-02
   1.983   3.483   0.16071498E+02   0.30261341E-03   0.76100794E-03   0.20339487E-05   0.93104138E-05   0.92980572E-05   0.85085496E-06   0.20399983E-03   0.65213159E-04   0.11839683E-02   0.10851146E-02   0.14531813E-02
   2.000   3.500   0.16103310E+02   0.30378128E-03   0.75692137E-03   0.20225711E-05   0.93405615E-05   0.92495174E-05   0.85440568E-06   0.20481801E-03   0.65474255E-04   0.11775449E-02   0.10821697E-02   0.14478372E-02
   2.017   3.517   0.16134368E+02   0.30493128E-03   0.75292612E-03   0.20113912E-05   0.93701878E-05   0.92019794E-05   0.85790687E-06   0.20562406E-03   0.65731459E-04   0.11712779E-02   0.10792989E-02   0.14426334E-02
   2.033   3.533   0.16164655E+02   0.30606304E-03   0.74902435E-03   0.20004168E-05   0.93993074E-05   0.91555108E-05   0.86135499E-06   0.20641771E-03   0.65984676E-04   0.11651710E-02   0.10765040E-02   0.14375734E-02
   2.050   3.550   0.16194164E+02   0.30717630E-03   0.74521754E-03   0.19896543E-05   0.94279359E-05   0.91101663E-05   0.86474706E-06   0.20719871E-03   0.66233837E-04   0.11592270E-02   0.10737864E-02   0.14326596E-02
   2.067   3.567   0.16222888E+02   0.30827090E-03   0.74150654E-03   0.19791084E-05   0.94560897E-05   0.90659895E-05   0.86808055E-06   0.20796693E-03   0.66478897E-04   0.11534474E-02   0.10711467E-02   0.14278932E-02
   2.083   3.583   0.16250827E+02   0.30934676E-03   0.73789163E-03   0.19687824E-05   0.94837858E-05   0.90230133E-05   0.87135339E-06   0.20872228E-03   0.66719829E-04   0.11478326E-02   0.10685853E-02   0.14232747E-02
   2.100   3.600   0.16277986E+02   0.31040387E-03   0.73437262E-03   0.19586785E-05   0.95110410E-05   0.89812610E-05   0.87456395E-06   0.20946472E-03   0.66956625E-04   0.11423822E-02   0.10661020E-02   0.14188035E-02
   2.117   3.617   0.16304371E+02   0.31144231E-03   0.73094889E-03   0.19487976E-05   0.95378725E-05   0.89407477E-05   0.87771095E-06   0.21019429E-03   0.67189293E-04   0.11370951E-02   0.10636963E-02   0.14144787E-02
   2.133   3.633   0.16329992E+02   0.31246220E-03   0.72761944E-03   0.19391398E-05   0.95642971E-05   0.89014807E-05   0.88079346E-06   0.21091103E-03   0.67417854E-04   0.11319695E-02   0.10613674E-02   0.14102984E-02
   2.150   3.650   0.16354863E+02   0.31346371E-03   0.72438297E-03   0.19297042E-05   0.95903312E-05   0.88634609E-05   0.88381087E-06   0.21161506E-03   0.67642341E-04   0.11270030E-02   0.10591140E-02   0.14062604E-02
   2.167   3.667   0.16378997E+02   0.31444706E-03   0.72123792E-03   0.19204892E-05   0.96159910E-05   0.88266833E-05   0.88676284E-06   0.21230650E-03   0.67862797E-04   0.11221927E-02   0.10569349E-02   0.14023620E-02
   2.183   3.683   0.16402411E+02   0.31541249E-03   0.71818253E-03   0.19114926E-05   0.96412920E-05   0.87911383E-05   0.88964926E-06   0.21298550E-03   0.68079271E-04   0.11175355E-02   0.10548286E-02   0.13986003E-02
   2.200   3.700   0.16425121E+02   0.31636029E-03   0.71521484E-03   0.19027114E-05   0.96662491E-05   0.87568118E-05   0.89247025E-06   0.21365225E-03   0.68291821E-04   0.11130279E-02   0.10527934E-02   0.13949720E-02
   2.217   3.717   0.16447146E+02   0.31729074E-03   0.71233278E-03   0.18941426E-05   0.96908768E-05   0.87236866E-05   0.89522610E-06   0.21430693E-03   0.68500509E-04   0.11086661E-02   0.10508275E-02   0.13914735E-02
   2.233   3.733   0.16468506E+02   0.31820416E-03   0.70953419E-03   0.18857823E-05   0.97151886E-05   0.86917422E-05   0.89791726E-06   0.21494975E-03   0.68705402E-04   0.11044462E-02   0.10489290E-02   0.13881014E-02
   2.250   3.750   0.16489218E+02   0.31910087E-03   0.70681682E-03   0.18776267E-05   0.97391976E-05   0.86609562E-05   0.90054434E-06   0.21558093E-03   0.68906570E-04   0.11003642E-02   0.10470960E-02   0.13848517E-02
   2.267   3.767   0.16509304E+02   0.31998121E-03   0.70417838E-03   0.18696717E-05   0.97629162E-05   0.86313041E-05   0.90310804E-06   0.21620069E-03   0.69104084E-04   0.10964161E-02   0.10453266E-02   0.13817209E-02
   2.283   3.783   0.16528781E+02   0.32084551E-03   0.70161654E-03   0.18619128E-05   0.97863561E-05   0.86027599E-05   0.90560917E-06   0.21680925E-03   0.69298018E-04   0.10925976E-02   0.10436187E-02   0.13787049E-02
   2.300   3.800   0.16547671E+02   0.32169413E-03   0.69912900E-03   0.18543456E-05   0.98095284E-05   0.85752966E-05   0.90804860E-06   0.21740685E-03   0.69488446E-04   0.10889047E-02   0.10419703E-02   0.13758000E-02
   2.317   3.817   0.16565993E+02   0.32252739E-03   0.69671343E-03   0.18469656E-05   0.98324435E-05   0.85488865E-05   0.91042730E-06   0.21799372E-03   0.69675442E-04   0.10853332E-02   0.10403795E-02   0.13730024E-02
   2.333   3.833   0.16583766E+02   0.32334563E-03   0.69436753E-03   0.18397680E-05   0.98551113E-05   0.85235014E-05   0.91274627E-06   0.21857009E-03   0.69859081E-04   0.10818791E-02   0.10388443E-02   0.13703082E-02
   2.350   3.850   0.16601008E+02   0.32414920E-03   0.69208905E-03   0.18327483E-05   0.98775411E-05   0.84991127E-05   0.91500655E-06   0.21913618E-03   0.70039436E-04   0.10785383E-02   0.10373627E-02   0.13677139E-02
   2.367   3.867   0.16617738E+02   0.32493841E-03   0.68987574E-03   0.18259017E-05   0.98997415E-05   0.84756918E-05   0.91720922E-06   0.21969223E-03   0.70216580E-04   0.10753068E-02   0.10359327E-02   0.13652157E-02
   2.383   3.883   0.16633975E+02   0.32571361E-03   0.68772544E-03   0.18192239E-05   0.99217208E-05   0.84532102E-05   0.91935540E-06   0.22023846E-03   0.70390585E-04   0.10721810E-02   0.10345526E-02   0.13628100E-02
   2.400   3.900   0.16649735E+02   0.32647509E-03   0.68563600E-03   0.18127100E-05   0.99434867E-05   0.84316396E-05   0.92144618E-06   0.22077508E-03   0.70561521E-04   0.10691569E-02   0.10332204E-02   0.13604935E-02
   2.417   3.917   0.16665037E+02   0.32722318E-03   0.68360535E-03   0.18063557E-05   0.99650464E-05   0.84109521E-05   0.92348271E-06   0.22130232E-03   0.70729456E-04   0.10662309E-02   0.10319344E-02   0.13582626E-02
   2.433   3.933   0.16679895E+02   0.32795817E-03   0.68163147E-03   0.18001566E-05   0.99864068E-05   0.83911202E-05   0.92546611E-06   0.22182037E-03   0.70894458E-04   0.10633994E-02   0.10306928E-02   0.13561143E-02
   2.450   3.950   0.16694327E+02   0.32868037E-03   0.67971240E-03   0.17941082E-05   0.10007574E-04   0.83721169E-05   0.92739750E-06   0.22232945E-03   0.71056593E-04   0.10606591E-02   0.10294940E-02   0.13540451E-02
   2.467   3.967   0.16708348E+02   0.32939005E-03   0.67784624E-03   0.17882065E-05   0.10028555E-04   0.83539157E-05   0.92927802E-06   0.22282975E-03   0.71215924E-04   0.10580065E-02   0.10283362E-02   0.13520522E-02
   2.483   3.983   0.16721973E+02   0.33008750E-03   0.67603114E-03   0.17824472E-05   0.10049354E-04   0.83364908E-05   0.93110878E-06   0.22332147E-03   0.71372513E-04   0.10554385E-02   0.10272180E-02   0.13501325E-02
   2.500   4.000   0.16735216E+02   0.33077297E-03   0.67426534E-03   0.17768262E-05   0.10069977E-04   0.83198170E-05   0.93289087E-06   0.22380478E-03   0.71526420E-04   0.10529520E-02   0.10261378E-02   0.13482832E-02
   2.517   4.017   0.16748092E+02   0.33144675E-03   0.67254712E-03   0.17713398E-05   0.10090428E-04   0.83038699E-05   0.93462539E-06   0.22427989E-03   0.71677703E-04   0.10505439E-02   0.10250941E-02   0.13465014E-02
   2.533   4.033   0.16760612E+02   0.33210907E-03   0.67087481E-03   0.17659840E-05   0.10110714E-04   0.82886255E-05   0.93631341E-06   0.22474695E-03   0.71826418E-04   0.10482113E-02   0.10240855E-02   0.13447846E-02
   2.550   4.050   0.16772791E+02   0.33276017E-03   0.66924682E-03   0.17607552E-05   0.10130837E-04   0.82740608E-05   0.93795599E-06   0.22520614E-03   0.71972621E-04   0.10459515E-02   0.10231106E-02   0.13431302E-02
   2.567   4.067   0.16784641E+02   0.33340031E-03   0.66766162E-03   0.17556497E-05   0.10150803E-04   0.82601533E-05   0.93955415E-06   0.22565763E-03   0.72116364E-04   0.10437617E-02   0.10221681E-02   0.13415357E-02
   2.583   4.083   0.16796173E+02   0.33402969E-03   0.66611773E-03   0.17506641E-05   0.10170614E-04   0.82468814E-05   0.94110893E-06   0.22610157E-03   0.72257697E-04   0.10416395E-02   0.10212567E-02   0.13399988E-02
   2.600   4.100   0.16807400E+02   0.33464855E-03   0.66461371E-03   0.17457950E-05   0.10190275E-04   0.82342239E-05   0.94262131E-06   0.22653812E-03   0.72396671E-04   0.10395823E-02   0.10203752E-02   0.13385171E-02
   2.617   4.117   0.16818331E+02   0.33525709E-03   0.66314820E-03   0.17410392E-05   0.10209789E-04   0.82221605E-05   0.94409226E-06   0.22696742E-03   0.72533332E-04   0.10375878E-02   0.10195224E-02   0.13370885E-02
   2.633   4.133   0.16828977E+02   0.33585552E-03   0.66171988E-03   0.17363934E-05   0.10229159E-04   0.82106716E-05   0.94552275E-06   0.22738963E-03   0.72667727E-04   0.10356536E-02   0.10186971E-02   0.13357109E-02
   2.650   4.150   0.16839350E+02   0.33644403E-03   0.66032748E-03   0.17318547E-05   0.10248389E-04   0.81997381E-05   0.94691369E-06   0.22780487E-03   0.72799900E-04   0.10337775E-02   0.10178984E-02   0.13343823E-02
   2.667   4.167   0.16849457E+02   0.33702282E-03   0.65896978E-03   0.17274200E-05   0.10267481E-04   0.81893416E-05   0.94826600E-06   0.22821328E-03   0.72929894E-04   0.10319576E-02   0.10171251E-02   0.13331007E-02
   2.683   4.183   0.16859309E+02   0.33759207E-03   0.65764561E-03   0.17230866E-05   0.10286437E-04   0.81794645E-05   0.94958057E-06   0.22861500E-03   0.73057750E-04   0.10301916E-02   0.10163762E-02   0.13318644E-02
   2.700   4.200   0.16868915E+02   0.33815195E-03   0.65635384E-03   0.17188517E-05   0.10305262E-04   0.81700896E-05   0.95085826E-06   0.22901014E-03   0.73183508E-04   0.10284777E-02   0.10156509E-02   0.13306714E-02
   2.717   4.217   0.16878283E+02   0.33870264E-03   0.65509340E-03   0.17147125E-05   0.10323956E-04   0.81612003E-05   0.95209991E-06   0.22939882E-03   0.73307207E-04   0.10268141E-02   0.10149480E-02   0.13295201E-02
   2.733   4.233   0.16887421E+02   0.33924431E-03   0.65386323E-03   0.17106666E-05   0.10342522E-04   0.81527808E-05   0.95330634E-06   0.22978117E-03   0.73428883E-04   0.10251988E-02   0.10142668E-02   0.13284089E-02
   2.750   4.250   0.16896337E+02   0.33977710E-03   0.65266234E-03   0.17067115E-05   0.10360962E-04   0.81448157E-05   0.95447835E-06   0.23015729E-03   0.73548573E-04   0.10236303E-02   0.10136064E-02   0.13273361E-02
   2.767   4.267   0.16905040E+02   0.34030118E-03   0.65148977E-03   0.17028447E-05   0.10379279E-04   0.81372900E-05   0.95561673E-06   0.23052729E-03   0.73666310E-04   0.10221068E-02   0.10129660E-02   0.13263004E-02
   2.783   4.283   0.16913535E+02   0.34081669E-03   0.65034460E-03   0.16990640E-05   0.10397474E-04   0.81301896E-05   0.95672223E-06   0.23089128E-03   0.73782130E-04   0.10206267E-02   0.10123447E-02   0.13253001E-02
   2.800   4.300   0.16921831E+02   0.34132378E-03   0.64922594E-03   0.16953672E-05   0.10415550E-04   0.81235006E-05   0.95779558E-06   0.23124936E-03   0.73896063E-04   0.10191886E-02   0.10117419E-02   0.13243340E-02
   2.817   4.317   0.16929933E+02   0.34182258E-03   0.64813293E-03   0.16917520E-05   0.10433507E-04   0.81172096E-05   0.95883752E-06   0.23160161E-03   0.74008141E-04   0.10177909E-02   0.10111568E-02   0.13234007E-02
   2.833   4.333   0.16937400E+02   0.34230415E-03   0.64711866E-03   0.16883629E-05   0.10451108E-04   0.81124030E-05   0.95976535E-06   0.23194117E-03   0.74116189E-04   0.10165338E-02   0.10106344E-02   0.13225912E-02
   2.850   4.350   0.16943715E+02   0.34275802E-03   0.64624681E-03   0.16853659E-05   0.10468459E-04   0.81103580E-05   0.96051408E-06   0.23225995E-03   0.74217657E-04   0.10155323E-02   0.10102295E-02   0.13220099E-02
   2.867   4.367   0.16949079E+02   0.34318821E-03   0.64549419E-03   0.16826939E-05   0.10485786E-04   0.81105948E-05   0.96112832E-06   0.23256101E-03   0.74313512E-04   0.10147395E-02   0.10099226E-02   0.13216141E-02
   2.883   4.383   0.16953647E+02   0.34359784E-03   0.64484149E-03   0.16802973E-05   0.10503134E-04   0.81127423E-05   0.96163204E-06   0.23284672E-03   0.74404503E-04   0.10141209E-02   0.10096971E-02   0.13213721E-02
   2.900   4.400   0.16957539E+02   0.34398929E-03   0.64427335E-03   0.16781388E-05   0.10520520E-04   0.81165156E-05   0.96204207E-06   0.23311889E-03   0.74491207E-04   0.10136503E-02   0.10095399E-02   0.13212604E-02
   2.917   4.417   0.16960848E+02   0.34436444E-03   0.64377760E-03   0.16761892E-05   0.10537946E-04   0.81216901E-05   0.96237102E-06   0.23337897E-03   0.74574076E-04   0.10133073E-02   0.10094402E-02   0.13212604E-02
   2.933   4.433   0.16963651E+02   0.34472483E-03   0.64334459E-03   0.16744246E-05   0.10555409E-04   0.81280854E-05   0.96262863E-06   0.23362810E-03   0.74653478E-04   0.10130755E-02   0.10093900E-02   0.13213571E-02
   2.950   4.450   0.16966008E+02   0.34507168E-03   0.64296655E-03   0.16728252E-05   0.10572896E-04   0.81355543E-05   0.96282268E-06   0.23386724E-03   0.74729711E-04   0.10129411E-02   0.10093823E-02   0.13215381E-02
   2.967   4.467   0.16967972E+02   0.34540603E-03   0.64263709E-03   0.16713745E-05   0.10590398E-04   0.81439745E-05   0.96295956E-06   0.23409717E-03   0.74803025E-04   0.10128928E-02   0.10094118E-02   0.13217930E-02
   2.983   4.483   0.16969584E+02   0.34572876E-03   0.64235093E-03   0.16700585E-05   0.10607902E-04   0.81532433E-05   0.96304459E-06   0.23431854E-03   0.74873628E-04   0.10129209E-02   0.10094739E-02   0.13221131E-02
   3.000   4.500   0.16970881E+02   0.34604061E-03   0.64210359E-03   0.16688652E-05   0.10625400E-04   0.81632737E-05   0.96308232E-06   0.23453194E-03   0.74941700E-04   0.10130173E-02   0.10095648E-02   0.13224909E-02
   3.017   4.517   0.16971895E+02   0.34634221E-03   0.64189125E-03   0.16677842E-05   0.10642881E-04   0.81739911E-05   0.96307669E-06   0.23473784E-03   0.75007393E-04   0.10131749E-02   0.10096812E-02   0.13229201E-02
   3.033   4.533   0.16972652E+02   0.34663411E-03   0.64171061E-03   0.16668067E-05   0.10660339E-04   0.81853308E-05   0.96303113E-06   0.23493665E-03   0.75070841E-04   0.10133876E-02   0.10098202E-02   0.13233951E-02
   3.050   4.550   0.16973176E+02   0.34691680E-03   0.64155880E-03   0.16659248E-05   0.10677768E-04   0.81972368E-05   0.96294866E-06   0.23512876E-03   0.75132160E-04   0.10136502E-02   0.10099795E-02   0.13239111E-02
   3.067   4.567   0.16973487E+02   0.34719070E-03   0.64143330E-03   0.16651317E-05   0.10695162E-04   0.82096596E-05   0.96283195E-06   0.23531448E-03   0.75191452E-04   0.10139580E-02   0.10101568E-02   0.13244639E-02
   3.083   4.583   0.16973604E+02   0.34745620E-03   0.64133188E-03   0.16644213E-05   0.10712516E-04   0.82225557E-05   0.96268339E-06   0.23549410E-03   0.75248808E-04   0.10143070E-02   0.10103503E-02   0.13250499E-02
   3.100   4.600   0.16973543E+02   0.34771363E-03   0.64125258E-03   0.16637883E-05   0.10729827E-04   0.82358865E-05   0.96250512E-06   0.23566787E-03   0.75304309E-04   0.10146935E-02   0.10105582E-02   0.13256657E-02
   3.117   4.617   0.16973318E+02   0.34796328E-03   0.64119364E-03   0.16632278E-05   0.10747091E-04   0.82496176E-05   0.96229907E-06   0.23583603E-03   0.75358027E-04   0.10151144E-02   0.10107792E-02   0.13263085E-02
   3.133   4.633   0.16972942E+02   0.34820544E-03   0.64115348E-03   0.16627356E-05   0.10764305E-04   0.82637179E-05   0.96206698E-06   0.23599878E-03   0.75410029E-04   0.10155667E-02   0.10110117E-02   0.13269755E-02
   3.150   4.650   0.16972426E+02   0.34844034E-03   0.64113068E-03   0.16623079E-05   0.10781467E-04   0.82781597E-05   0.96181043E-06   0.23615631E-03   0.75460372E-04   0.10160479E-02   0.10112548E-02   0.13276646E-02
   3.167   4.667   0.16971781E+02   0.34866822E-03   0.64112396E-03   0.16619409E-05   0.10798574E-04   0.82929178E-05   0.96153087E-06   0.23630878E-03   0.75509112E-04   0.10165556E-02   0.10115071E-02   0.13283735E-02
   3.183   4.683   0.16971017E+02   0.34888927E-03   0.64113216E-03   0.16616317E-05   0.10815626E-04   0.83079694E-05   0.96122962E-06   0.23645636E-03   0.75556296E-04   0.10170878E-02   0.10117679E-02   0.13291004E-02
   3.200   4.700   0.16970142E+02   0.34910369E-03   0.64115422E-03   0.16613774E-05   0.10832618E-04   0.83232936E-05   0.96090789E-06   0.23659918E-03   0.75601969E-04   0.10176424E-02   0.10120361E-02   0.13298436E-02
   3.217   4.717   0.16969163E+02   0.34931164E-03   0.64118920E-03   0.16611751E-05   0.10849552E-04   0.83388715E-05   0.96056680E-06   0.23673738E-03   0.75646174E-04   0.10182179E-02   0.10123110E-02   0.13306014E-02
   3.233   4.733   0.16968089E+02   0.34951329E-03   0.64123619E-03   0.16610227E-05   0.10866423E-04   0.83546856E-05   0.96020737E-06   0.23687108E-03   0.75688948E-04   0.10188125E-02   0.10125918E-02   0.13313725E-02
   3.250   4.750   0.16966926E+02   0.34970878E-03   0.64129441E-03   0.16609178E-05   0.10883233E-04   0.83707199E-05   0.95983056E-06   0.23700038E-03   0.75730327E-04   0.10194247E-02   0.10128779E-02   0.13321555E-02
   3.267   4.767   0.16965679E+02   0.34989825E-03   0.64136311E-03   0.16608583E-05   0.10899979E-04   0.83869597E-05   0.95943725E-06   0.23712539E-03   0.75770342E-04   0.10200534E-02   0.10131686E-02   0.13329491E-02
   3.283   4.783   0.16964355E+02   0.35008182E-03   0.64144160E-03   0.16608425E-05   0.10916661E-04   0.84033913E-05   0.95902826E-06   0.23724621E-03   0.75809026E-04   0.10206971E-02   0.10134633E-02   0.13337524E-02
   3.300   4.800   0.16962959E+02   0.35025962E-03   0.64152926E-03   0.16608685E-05   0.10933277E-04   0.84200021E-05   0.95860437E-06   0.23736292E-03   0.75846404E-04   0.10213549E-02   0.10137616E-02   0.13345642E-02
   3.317   4.817   0.16961496E+02   0.35043175E-03   0.64162550E-03   0.16609347E-05   0.10949826E-04   0.84367803E-05   0.95816627E-06   0.23747561E-03   0.75882505E-04   0.10220255E-02   0.10140629E-02   0.13353836E-02
   3.333   4.833   0.16959969E+02   0.35059831E-03   0.64172978E-03   0.16610397E-05   0.10966309E-04   0.84537151E-05   0.95771464E-06   0.23758437E-03   0.75917353E-04   0.10227081E-02   0.10143669E-02   0.13362098E-02
   3.350   4.850   0.16958384E+02   0.35075942E-03   0.64184161E-03   0.16611820E-05   0.10982724E-04   0.84707963E-05   0.95725011E-06   0.23768925E-03   0.75950972E-04   0.10234017E-02   0.10146730E-02   0.13370419E-02
   3.367   4.867   0.16956744E+02   0.35091515E-03   0.64196051E-03   0.16613604E-05   0.10999071E-04   0.84880143E-05   0.95677326E-06   0.23779033E-03   0.75983382E-04   0.10241054E-02   0.10149809E-02   0.13378792E-02
   3.383   4.883   0.16955052E+02   0.35106559E-03   0.64208605E-03   0.16615736E-05   0.11015348E-04   0.85053604E-05   0.95628465E-06   0.23788768E-03   0.76014605E-04   0.10248186E-02   0.10152902E-02   0.13387209E-02
   3.400   4.900   0.16953313E+02   0.35121082E-03   0.64221783E-03   0.16618204E-05   0.11031556E-04   0.85228262E-05   0.95578480E-06   0.23798136E-03   0.76044661E-04   0.10255403E-02   0.10156006E-02   0.13395664E-02
   3.417   4.917   0.16951529E+02   0.35135093E-03   0.64235546E-03   0.16620999E-05   0.11047694E-04   0.85404038E-05   0.95527419E-06   0.23807142E-03   0.76073566E-04   0.10262701E-02   0.10159119E-02   0.13404150E-02
   3.433   4.933   0.16949704E+02   0.35148598E-03   0.64249860E-03   0.16624110E-05   0.11063762E-04   0.85580859E-05   0.95475329E-06   0.23815792E-03   0.76101340E-04   0.10270071E-02   0.10162236E-02   0.13412663E-02
   3.450   4.950   0.16947840E+02   0.35161604E-03   0.64264690E-03   0.16627528E-05   0.11079759E-04   0.85758655E-05   0.95422253E-06   0.23824091E-03   0.76127998E-04   0.10277508E-02   0.10165355E-02   0.13421197E-02
   3.467   4.967   0.16945940E+02   0.35174119E-03   0.64280006E-03   0.16631244E-05   0.11095685E-04   0.85937363E-05   0.95368234E-06   0.23832045E-03   0.76153556E-04   0.10285006E-02   0.10168475E-02   0.13429746E-02
   3.483   4.983   0.16944007E+02   0.35186147E-03   0.64295779E-03   0.16635250E-05   0.11111539E-04   0.86116918E-05   0.95313310E-06   0.23839657E-03   0.76178029E-04   0.10292560E-02   0.10171591E-02   0.13438306E-02
   3.500   5.000   0.16942042E+02   0.35197695E-03   0.64311981E-03   0.16639539E-05   0.11127321E-04   0.86297264E-05   0.95257518E-06   0.23846933E-03   0.76201430E-04   0.10300165E-02   0.10174703E-02   0.13446872E-02
   3.517   5.017   0.16940048E+02   0.35208769E-03   0.64328586E-03   0.16644101E-05   0.11143030E-04   0.86478345E-05   0.95200895E-06   0.23853876E-03   0.76223775E-04   0.10307815E-02   0.10177808E-02   0.13455441E-02
   3.533   5.033   0.16938028E+02   0.35219373E-03   0.64345569E-03   0.16648932E-05   0.11158668E-04   0.86660109E-05   0.95143472E-06   0.23860491E-03   0.76245074E-04   0.10315508E-02   0.10180904E-02   0.13464007E-02
   3.550   5.050   0.16935982E+02   0.35229514E-03   0.64362908E-03   0.16654024E-05   0.11174232E-04   0.86842505E-05   0.95085283E-06   0.23866781E-03   0.76265341E-04   0.10323237E-02   0.10183990E-02   0.13472568E-02
   3.567   5.067   0.16933914E+02   0.35239196E-03   0.64380581E-03   0.16659372E-05   0.11189724E-04   0.87025487E-05   0.95026358E-06   0.23872750E-03   0.76284587E-04   0.10330999E-02   0.10187062E-02   0.13481120E-02
   3.583   5.083   0.16931825E+02   0.35248424E-03   0.64398567E-03   0.16664968E-05   0.11205142E-04   0.87209010E-05   0.94966725E-06   0.23878403E-03   0.76302824E-04   0.10338791E-02   0.10190121E-02   0.13489660E-02
   3.600   5.100   0.16929717E+02   0.35257203E-03   0.64416847E-03   0.16670809E-05   0.11220486E-04   0.87393029E-05   0.94906413E-06   0.23883741E-03   0.76320062E-04   0.10346609E-02   0.10193164E-02   0.13498184E-02
   3.617   5.117   0.16927591E+02   0.35265535E-03   0.64435401E-03   0.16676888E-05   0.11235757E-04   0.87577506E-05   0.94845447E-06   0.23888769E-03   0.76336312E-04   0.10354449E-02   0.10196190E-02   0.13506689E-02
   3.633   5.133   0.16925449E+02   0.35273427E-03   0.64454214E-03   0.16683201E-05   0.11250954E-04   0.87762400E-05   0.94783853E-06   0.23893489E-03   0.76351583E-04   0.10362307E-02   0.10199198E-02   0.13515172E-02
   3.650   5.150   0.16923292E+02   0.35280881E-03   0.64473267E-03   0.16689743E-05   0.11266077E-04   0.87947675E-05   0.94721655E-06   0.23897905E-03   0.76365884E-04   0.10370182E-02   0.10202185E-02   0.13523631E-02
   3.667   5.167   0.16921122E+02   0.35287902E-03   0.64492546E-03   0.16696509E-05   0.11281126E-04   0.88133294E-05   0.94658876E-06   0.23902019E-03   0.76379226E-04   0.10378069E-02   0.10205152E-02   0.13532064E-02
   3.683   5.183   0.16918941E+02   0.35294493E-03   0.64512035E-03   0.16703495E-05   0.11296101E-04   0.88319223E-05   0.94595537E-06   0.23905835E-03   0.76391616E-04   0.10385967E-02   0.10208096E-02   0.13540467E-02
   3.700   5.200   0.16916749E+02   0.35300658E-03   0.64531720E-03   0.16710698E-05   0.11311000E-04   0.88505431E-05   0.94531660E-06   0.23909354E-03   0.76403063E-04   0.10393872E-02   0.10211017E-02   0.13548838E-02
   3.717   5.217   0.16914547E+02   0.35306400E-03   0.64551588E-03   0.16718113E-05   0.11325825E-04   0.88691885E-05   0.94467265E-06   0.23912579E-03   0.76413575E-04   0.10401782E-02   0.10213914E-02   0.13557175E-02
   3.733   5.233   0.16912338E+02   0.35311722E-03   0.64571625E-03   0.16725737E-05   0.11340576E-04   0.88878555E-05   0.94402371E-06   0.23915514E-03   0.76423160E-04   0.10409694E-02   0.10216785E-02   0.13565477E-02
   3.750   5.250   0.16910122E+02   0.35316628E-03   0.64591820E-03   0.16733566E-05   0.11355251E-04   0.89065413E-05   0.94336997E-06   0.23918159E-03   0.76431825E-04   0.10417606E-02   0.10219630E-02   0.13573740E-02
   3.767   5.267   0.16907900E+02   0.35321120E-03   0.64612160E-03   0.16741597E-05   0.11369851E-04   0.89252431E-05   0.94271160E-06   0.23920518E-03   0.76439578E-04   0.10425515E-02   0.10222448E-02   0.13581963E-02
   3.783   5.283   0.16905674E+02   0.35325201E-03   0.64632634E-03   0.16749827E-05   0.11384376E-04   0.89439581E-05   0.94204877E-06   0.23922592E-03   0.76446424E-04   0.10433421E-02   0.10225237E-02   0.13590144E-02
   3.800   5.300   0.16903444E+02   0.35328875E-03   0.64653232E-03   0.16758253E-05   0.11398826E-04   0.89626839E-05   0.94138165E-06   0.23924384E-03   0.76452372E-04   0.10441319E-02   0.10227998E-02   0.13598282E-02
   3.817   5.317   0.16901211E+02   0.35332144E-03   0.64673943E-03   0.16766872E-05   0.11413200E-04   0.89814179E-05   0.94071038E-06   0.23925896E-03   0.76457427E-04   0.10449210E-02   0.10230729E-02   0.13606374E-02
   3.833   5.333   0.16898976E+02   0.35335010E-03   0.64694757E-03   0.16775682E-05   0.11427499E-04   0.90001578E-05   0.94003513E-06   0.23927130E-03   0.76461596E-04   0.10457090E-02   0.10233429E-02   0.13614418E-02
   3.850   5.350   0.16896741E+02   0.35337476E-03   0.64715666E-03   0.16784679E-05   0.11441722E-04   0.90189013E-05   0.93935603E-06   0.23928087E-03   0.76464884E-04   0.10464957E-02   0.10236099E-02   0.13622415E-02
   3.867   5.367   0.16894506E+02   0.35339544E-03   0.64736659E-03   0.16793862E-05   0.11455870E-04   0.90376461E-05   0.93867322E-06   0.23928769E-03   0.76467297E-04   0.10472811E-02   0.10238736E-02   0.13630361E-02
   3.883   5.383   0.16892271E+02   0.35341217E-03   0.64757729E-03   0.16803227E-05   0.11469942E-04   0.90563901E-05   0.93798684E-06   0.23929179E-03   0.76468841E-04   0.10480649E-02   0.10241341E-02   0.13638255E-02
   3.900   5.400   0.16890038E+02   0.35342497E-03   0.64778867E-03   0.16812774E-05   0.11483937E-04   0.90751312E-05   0.93729700E-06   0.23929317E-03   0.76469521E-04   0.10488469E-02   0.10243913E-02   0.13646096E-02
   3.917   5.417   0.16887808E+02   0.35343386E-03   0.64800066E-03   0.16822499E-05   0.11497857E-04   0.90938674E-05   0.93660384E-06   0.23929186E-03   0.76469342E-04   0.10496271E-02   0.10246451E-02   0.13653883E-02
   3.933   5.433   0.16885581E+02   0.35343886E-03   0.64821317E-03   0.16832400E-05   0.11511701E-04   0.91125967E-05   0.93590747E-06   0.23928787E-03   0.76468309E-04   0.10504052E-02   0.10248955E-02   0.13661614E-02
   3.950   5.450   0.16883358E+02   0.35344000E-03   0.64842613E-03   0.16842477E-05   0.11525468E-04   0.91313174E-05   0.93520800E-06   0.23928121E-03   0.76466428E-04   0.10511812E-02   0.10251424E-02   0.13669288E-02
   3.967   5.467   0.16881140E+02   0.35343728E-03   0.64863947E-03   0.16852726E-05   0.11539160E-04   0.91500276E-05   0.93450554E-06   0.23927190E-03   0.76463701E-04   0.10519548E-02   0.10253857E-02   0.13676904E-02
   3.983   5.483   0.16878927E+02   0.35343073E-03   0.64885313E-03   0.16863147E-05   0.11552775E-04   0.91687254E-05   0.93380019E-06   0.23925996E-03   0.76460135E-04   0.10527259E-02   0.10256255E-02   0.13684460E-02
   4.000   5.500   0.16876720E+02   0.35342036E-03   0.64906704E-03   0.16873737E-05   0.11566313E-04   0.91874093E-05   0.93309205E-06   0.23924540E-03   0.76455733E-04   0.10534944E-02   0.10258616E-02   0.13691956E-02
   4.017   5.517   0.16874519E+02   0.35340620E-03   0.64928113E-03   0.16884495E-05   0.11579775E-04   0.92060775E-05   0.93238121E-06   0.23922822E-03   0.76450499E-04   0.10542602E-02   0.10260940E-02   0.13699389E-02
   4.033   5.533   0.16872326E+02   0.35338826E-03   0.64949535E-03   0.16895419E-05   0.11593161E-04   0.92247285E-05   0.93166778E-06   0.23920845E-03   0.76444438E-04   0.10550232E-02   0.10263227E-02   0.13706761E-02
   4.050   5.550   0.16870141E+02   0.35336656E-03   0.64970964E-03   0.16906508E-05   0.11606469E-04   0.92433606E-05   0.93095183E-06   0.23918610E-03   0.76437553E-04   0.10557831E-02   0.10265476E-02   0.13714068E-02
   4.067   5.567   0.16867965E+02   0.35334110E-03   0.64992393E-03   0.16917761E-05   0.11619701E-04   0.92619724E-05   0.93023345E-06   0.23916117E-03   0.76429847E-04   0.10565400E-02   0.10267687E-02   0.13721310E-02
   4.083   5.583   0.16865797E+02   0.35331191E-03   0.65013818E-03   0.16929176E-05   0.11632857E-04   0.92805624E-05   0.92951272E-06   0.23913367E-03   0.76421325E-04   0.10572937E-02   0.10269859E-02   0.13728487E-02
   4.100   5.600   0.16863639E+02   0.35327900E-03   0.65035234E-03   0.16940753E-05   0.11645935E-04   0.92991291E-05   0.92878971E-06   0.23910363E-03   0.76411989E-04   0.10580440E-02   0.10271993E-02   0.13735596E-02
   4.117   5.617   0.16861491E+02   0.35324239E-03   0.65056634E-03   0.16952489E-05   0.11658936E-04   0.93176712E-05   0.92806450E-06   0.23907105E-03   0.76401843E-04   0.10587910E-02   0.10274086E-02   0.13742638E-02
   4.133   5.633   0.16859354E+02   0.35320207E-03   0.65078015E-03   0.16964383E-05   0.11671860E-04   0.93361872E-05   0.92733716E-06   0.23903593E-03   0.76390891E-04   0.10595343E-02   0.10276140E-02   0.13749612E-02
   4.150   5.650   0.16857227E+02   0.35315808E-03   0.65099371E-03   0.16976436E-05   0.11684707E-04   0.93546760E-05   0.92660776E-06   0.23899830E-03   0.76379134E-04   0.10602741E-02   0.10278154E-02   0.13756515E-02
   4.167   5.667   0.16855113E+02   0.35311041E-03   0.65120698E-03   0.16988645E-05   0.11697477E-04   0.93731361E-05   0.92587635E-06   0.23895815E-03   0.76366576E-04   0.10610101E-02   0.10280127E-02   0.13763349E-02
   4.183   5.683   0.16853010E+02   0.35305909E-03   0.65141991E-03   0.17001010E-05   0.11710170E-04   0.93915664E-05   0.92514301E-06   0.23891550E-03   0.76353220E-04   0.10617424E-02   0.10282060E-02   0.13770111E-02
   4.200   5.700   0.16850920E+02   0.35300411E-03   0.65163246E-03   0.17013530E-05   0.11722784E-04   0.94099656E-05   0.92440779E-06   0.23887035E-03   0.76339068E-04   0.10624706E-02   0.10283951E-02   0.13776801E-02
   4.217   5.717   0.16848843E+02   0.35294550E-03   0.65184458E-03   0.17026204E-05   0.11735322E-04   0.94283325E-05   0.92367074E-06   0.23882271E-03   0.76324123E-04   0.10631949E-02   0.10285800E-02   0.13783417E-02
   4.233   5.733   0.16846780E+02   0.35288325E-03   0.65205624E-03   0.17039032E-05   0.11747781E-04   0.94466660E-05   0.92293192E-06   0.23877260E-03   0.76308386E-04   0.10639151E-02   0.10287608E-02   0.13789961E-02
   4.250   5.750   0.16844730E+02   0.35281739E-03   0.65226740E-03   0.17052011E-05   0.11760163E-04   0.94649649E-05   0.92219138E-06   0.23872001E-03   0.76291862E-04   0.10646310E-02   0.10289373E-02   0.13796429E-02
   4.267   5.767   0.16842695E+02   0.35274791E-03   0.65247801E-03   0.17065143E-05   0.11772467E-04   0.94832282E-05   0.92144917E-06   0.23866496E-03   0.76274550E-04   0.10653427E-02   0.10291096E-02   0.13802822E-02
   4.283   5.783   0.16840674E+02   0.35267483E-03   0.65268803E-03   0.17078425E-05   0.11784694E-04   0.95014547E-05   0.92070532E-06   0.23860745E-03   0.76256455E-04   0.10660500E-02   0.10292776E-02   0.13809140E-02
   4.300   5.800   0.16838668E+02   0.35259815E-03   0.65289744E-03   0.17091858E-05   0.11796842E-04   0.95196433E-05   0.91995989E-06   0.23854748E-03   0.76237577E-04   0.10667529E-02   0.10294412E-02   0.13815380E-02
   4.317   5.817   0.16836677E+02   0.35251789E-03   0.65310619E-03   0.17105441E-05   0.11808911E-04   0.95377932E-05   0.91921292E-06   0.23848507E-03   0.76217918E-04   0.10674513E-02   0.10296005E-02   0.13821543E-02
   4.333   5.833   0.16834703E+02   0.35243404E-03   0.65331424E-03   0.17119174E-05   0.11820903E-04   0.95559031E-05   0.91846443E-06   0.23842022E-03   0.76197480E-04   0.10681450E-02   0.10297555E-02   0.13827627E-02
   4.350   5.850   0.16832744E+02   0.35234662E-03   0.65352157E-03   0.17133055E-05   0.11832816E-04   0.95739723E-05   0.91771448E-06   0.23835293E-03   0.76176265E-04   0.10688341E-02   0.10299060E-02   0.13833633E-02
   4.367   5.867   0.16830802E+02   0.35225563E-03   0.65372814E-03   0.17147084E-05   0.11844650E-04   0.95919996E-05   0.91696308E-06   0.23828321E-03   0.76154274E-04   0.10695184E-02   0.10300521E-02   0.13839558E-02
   4.383   5.883   0.16828877E+02   0.35216107E-03   0.65393391E-03   0.17161262E-05   0.11856406E-04   0.96099842E-05   0.91621028E-06   0.23821106E-03   0.76131509E-04   0.10701978E-02   0.10301937E-02   0.13845404E-02
   4.400   5.900   0.16826969E+02   0.35206295E-03   0.65413886E-03   0.17175587E-05   0.11868083E-04   0.96279251E-05   0.91545609E-06   0.23813649E-03   0.76107971E-04   0.10708723E-02   0.10303308E-02   0.13851168E-02
   4.417   5.917   0.16825078E+02   0.35196128E-03   0.65434294E-03   0.17190059E-05   0.11879681E-04   0.96458215E-05   0.91470056E-06   0.23805951E-03   0.76083662E-04   0.10715419E-02   0.10304634E-02   0.13856850E-02
   4.433   5.933   0.16823205E+02   0.35185605E-03   0.65454614E-03   0.17204678E-05   0.11891200E-04   0.96636724E-05   0.91394369E-06   0.23798010E-03   0.76058581E-04   0.10722064E-02   0.10305915E-02   0.13862450E-02
   4.450   5.950   0.16821350E+02   0.35174728E-03   0.65474841E-03   0.17219444E-05   0.11902640E-04   0.96814770E-05   0.91318553E-06   0.23789829E-03   0.76032731E-04   0.10728657E-02   0.10307149E-02   0.13867967E-02
   4.467   5.967   0.16819514E+02   0.35163496E-03   0.65494973E-03   0.17234356E-05   0.11914001E-04   0.96992344E-05   0.91242607E-06   0.23781407E-03   0.76006112E-04   0.10735199E-02   0.10308338E-02   0.13873400E-02
   4.483   5.983   0.16817696E+02   0.35151911E-03   0.65515007E-03   0.17249414E-05   0.11925281E-04   0.97169439E-05   0.91166536E-06   0.23772744E-03   0.75978726E-04   0.10741687E-02   0.10309480E-02   0.13878749E-02
   4.500   6.000   0.16815897E+02   0.35139971E-03   0.65534940E-03   0.17264618E-05   0.11936483E-04   0.97346045E-05   0.91090339E-06   0.23763841E-03   0.75950572E-04   0.10748123E-02   0.10310576E-02   0.13884012E-02
   4.517   6.017   0.16814118E+02   0.35127678E-03   0.65554769E-03   0.17279967E-05   0.11947604E-04   0.97522156E-05   0.91014020E-06   0.23754698E-03   0.75921652E-04   0.10754504E-02   0.10311624E-02   0.13889190E-02
   4.533   6.033   0.16812358E+02   0.35115031E-03   0.65574491E-03   0.17295462E-05   0.11958645E-04   0.97697762E-05   0.90937578E-06   0.23745314E-03   0.75891966E-04   0.10760830E-02   0.10312626E-02   0.13894281E-02
   4.550   6.050   0.16810617E+02   0.35102030E-03   0.65594103E-03   0.17311103E-05   0.11969606E-04   0.97872857E-05   0.90861015E-06   0.23735692E-03   0.75861515E-04   0.10767101E-02   0.10313579E-02   0.13899285E-02
   4.567   6.067   0.16808897E+02   0.35088676E-03   0.65613602E-03   0.17326888E-05   0.11980487E-04   0.98047433E-05   0.90784333E-06   0.23725829E-03   0.75830298E-04   0.10773316E-02   0.10314485E-02   0.13904202E-02
   4.583   6.083   0.16807197E+02   0.35074969E-03   0.65632986E-03   0.17342819E-05   0.11991287E-04   0.98221482E-05   0.90707531E-06   0.23715727E-03   0.75798317E-04   0.10779474E-02   0.10315343E-02   0.13909030E-02
   4.600   6.100   0.16805518E+02   0.35060909E-03   0.65652252E-03   0.17358895E-05   0.12002007E-04   0.98394998E-05   0.90630611E-06   0.23705386E-03   0.75765571E-04   0.10785574E-02   0.10316153E-02   0.13913769E-02
   4.617   6.117   0.16803859E+02   0.35046495E-03   0.65671397E-03   0.17375116E-05   0.12012645E-04   0.98567973E-05   0.90553572E-06   0.23694805E-03   0.75732062E-04   0.10791617E-02   0.10316914E-02   0.13918418E-02
   4.633   6.133   0.16802221E+02   0.35031728E-03   0.65690419E-03   0.17391483E-05   0.12023203E-04   0.98740400E-05   0.90476416E-06   0.23683985E-03   0.75697787E-04   0.10797601E-02   0.10317626E-02   0.13922977E-02
   4.650   6.150   0.16800604E+02   0.35016607E-03   0.65709314E-03   0.17407994E-05   0.12033679E-04   0.98912273E-05   0.90399141E-06   0.23672925E-03   0.75662748E-04   0.10803525E-02   0.10318289E-02   0.13927445E-02
   4.667   6.167   0.16799009E+02   0.35001132E-03   0.65728081E-03   0.17424651E-05   0.12044073E-04   0.99083584E-05   0.90321749E-06   0.23661626E-03   0.75626945E-04   0.10809389E-02   0.10318902E-02   0.13931821E-02
   4.683   6.183   0.16797435E+02   0.34985304E-03   0.65746716E-03   0.17441452E-05   0.12054386E-04   0.99254327E-05   0.90244239E-06   0.23650088E-03   0.75590377E-04   0.10815193E-02   0.10319466E-02   0.13936105E-02
   4.700   6.200   0.16795883E+02   0.34969121E-03   0.65765218E-03   0.17458400E-05   0.12064617E-04   0.99424496E-05   0.90166609E-06   0.23638310E-03   0.75553044E-04   0.10820935E-02   0.10319980E-02   0.13940297E-02
   4.717   6.217   0.16794354E+02   0.34952584E-03   0.65783582E-03   0.17475492E-05   0.12074766E-04   0.99594084E-05   0.90088861E-06   0.23626293E-03   0.75514945E-04   0.10826616E-02   0.10320443E-02   0.13944394E-02
   4.733   6.233   0.16792846E+02   0.34935692E-03   0.65801807E-03   0.17492731E-05   0.12084832E-04   0.99763084E-05   0.90010992E-06   0.23614035E-03   0.75476081E-04   0.10832233E-02   0.10320855E-02   0.13948398E-02
   4.750   6.250   0.16791361E+02   0.34918445E-03   0.65819890E-03   0.17510115E-05   0.12094815E-04   0.99931491E-05   0.89933003E-06   0.23601538E-03   0.75436449E-04   0.10837788E-02   0.10321217E-02   0.13952306E-02
   4.767   6.267   0.16789898E+02   0.34900842E-03   0.65837829E-03   0.17527645E-05   0.12104716E-04   0.10009930E-04   0.89854891E-06   0.23588800E-03   0.75396051E-04   0.10843279E-02   0.10321527E-02   0.13956119E-02
   4.783   6.283   0.16788459E+02   0.34882884E-03   0.65855620E-03   0.17545321E-05   0.12114533E-04   0.10026650E-04   0.89776656E-06   0.23575823E-03   0.75354884E-04   0.10848705E-02   0.10321785E-02   0.13959836E-02
   4.800   6.300   0.16787042E+02   0.34864569E-03   0.65873262E-03   0.17563144E-05   0.12124267E-04   0.10043309E-04   0.89698296E-06   0.23562604E-03   0.75312949E-04   0.10854066E-02   0.10321992E-02   0.13963456E-02
   4.817   6.317   0.16785648E+02   0.34845897E-03   0.65890751E-03   0.17581113E-05   0.12133917E-04   0.10059907E-04   0.89619810E-06   0.23549145E-03   0.75270244E-04   0.10859362E-02   0.10322146E-02   0.13966979E-02
   4.833   6.333   0.16784278E+02   0.34826868E-03   0.65908086E-03   0.17599229E-05   0.12143484E-04   0.10076442E-04   0.89541195E-06   0.23535444E-03   0.75226768E-04   0.10864591E-02   0.10322248E-02   0.13970403E-02
   4.850   6.350   0.16782931E+02   0.34807481E-03   0.65925263E-03   0.17617492E-05   0.12152966E-04   0.10092914E-04   0.89462451E-06   0.23521502E-03   0.75182521E-04   0.10869753E-02   0.10322297E-02   0.13973729E-02
   4.867   6.367   0.16781608E+02   0.34787735E-03   0.65942279E-03   0.17635903E-05   0.12162363E-04   0.10109323E-04   0.89383575E-06   0.23507318E-03   0.75137500E-04   0.10874848E-02   0.10322293E-02   0.13976955E-02
   4.883   6.383   0.16780309E+02   0.34767630E-03   0.65959133E-03   0.17654461E-05   0.12171675E-04   0.10125668E-04   0.89304565E-06   0.23492891E-03   0.75091706E-04   0.10879874E-02   0.10322235E-02   0.13980080E-02
   4.900   6.400   0.16779033E+02   0.34747164E-03   0.65975822E-03   0.17673167E-05   0.12180903E-04   0.10141948E-04   0.89225418E-06   0.23478222E-03   0.75045135E-04   0.10884832E-02   0.10322123E-02   0.13983105E-02
   4.917   6.417   0.16777782E+02   0.34726338E-03   0.65992343E-03   0.17692022E-05   0.12190044E-04   0.10158164E-04   0.89146132E-06   0.23463310E-03   0.74997788E-04   0.10889719E-02   0.10321957E-02   0.13986028E-02
   4.933   6.433   0.16776555E+02   0.34705151E-03   0.66008693E-03   0.17711026E-05   0.12199100E-04   0.10174314E-04   0.89066704E-06   0.23448155E-03   0.74949663E-04   0.10894537E-02   0.10321736E-02   0.13988849E-02
   4.950   6.450   0.16775352E+02   0.34683601E-03   0.66024869E-03   0.17730179E-05   0.12208070E-04   0.10190398E-04   0.88987132E-06   0.23432755E-03   0.74900757E-04   0.10899284E-02   0.10321461E-02   0.13991567E-02
   4.967   6.467   0.16774174E+02   0.34661688E-03   0.66040870E-03   0.17749481E-05   0.12216954E-04   0.10206415E-04   0.88907412E-06   0.23417110E-03   0.74851069E-04   0.10903959E-02   0.10321130E-02   0.13994181E-02
   4.983   6.483   0.16773020E+02   0.34639411E-03   0.66056692E-03   0.17768934E-05   0.12225750E-04   0.10222366E-04   0.88827542E-06   0.23401221E-03   0.74800598E-04   0.10908563E-02   0.10320743E-02   0.13996691E-02
   5.000   6.500   0.16771891E+02   0.34616769E-03   0.66072333E-03   0.17788537E-05   0.12234459E-04   0.10238248E-04   0.88747518E-06   0.23385086E-03   0.74749342E-04   0.10913093E-02   0.10320300E-02   0.13999095E-02
   5.017   6.517   0.16770787E+02   0.34593761E-03   0.66087789E-03   0.17808290E-05   0.12243081E-04   0.10254063E-04   0.88667336E-06   0.23368705E-03   0.74697299E-04   0.10917550E-02   0.10319801E-02   0.14001394E-02
   5.033   6.533   0.16769708E+02   0.34570386E-03   0.66103058E-03   0.17828196E-05   0.12251615E-04   0.10269810E-04   0.88586994E-06   0.23352076E-03   0.74644466E-04   0.10921933E-02   0.10319246E-02   0.14003585E-02
   5.050   6.550   0.16768654E+02   0.34546643E-03   0.66118138E-03   0.17848253E-05   0.12260060E-04   0.10285487E-04   0.88506487E-06   0.23335201E-03   0.74590842E-04   0.10926241E-02   0.10318632E-02   0.14005670E-02
   5.067   6.567   0.16767626E+02   0.34522531E-03   0.66133025E-03   0.17868462E-05   0.12268417E-04   0.10301095E-04   0.88425812E-06   0.23318077E-03   0.74536425E-04   0.10930474E-02   0.10317962E-02   0.14007646E-02
   5.083   6.583   0.16766622E+02   0.34498049E-03   0.66147717E-03   0.17888825E-05   0.12276685E-04   0.10316633E-04   0.88344964E-06   0.23300704E-03   0.74481211E-04   0.10934631E-02   0.10317233E-02   0.14009513E-02
   5.100   6.600   0.16765644E+02   0.34473195E-03   0.66162211E-03   0.17909341E-05   0.12284863E-04   0.10332101E-04   0.88263940E-06   0.23283081E-03   0.74425200E-04   0.10938711E-02   0.10316446E-02   0.14011271E-02
   5.117   6.617   0.16764692E+02   0.34447969E-03   0.66176504E-03   0.17930010E-05   0.12292951E-04   0.10347498E-04   0.88182734E-06   0.23265208E-03   0.74368388E-04   0.10942713E-02   0.10315600E-02   0.14012918E-02
   5.133   6.633   0.16763765E+02   0.34422369E-03   0.66190593E-03   0.17950835E-05   0.12300949E-04   0.10362824E-04   0.88101344E-06   0.23247085E-03   0.74310773E-04   0.10946637E-02   0.10314695E-02   0.14014453E-02
   5.150   6.650   0.16762864E+02   0.34396394E-03   0.66204474E-03   0.17971815E-05   0.12308856E-04   0.10378079E-04   0.88019763E-06   0.23228709E-03   0.74252353E-04   0.10950482E-02   0.10313730E-02   0.14015877E-02
   5.167   6.667   0.16761989E+02   0.34370043E-03   0.66218146E-03   0.17992950E-05   0.12316672E-04   0.10393261E-04   0.87937987E-06   0.23210080E-03   0.74193124E-04   0.10954248E-02   0.10312705E-02   0.14017187E-02
   5.183   6.683   0.16761139E+02   0.34343314E-03   0.66231605E-03   0.18014242E-05   0.12324396E-04   0.10408371E-04   0.87856011E-06   0.23191198E-03   0.74133084E-04   0.10957934E-02   0.10311619E-02   0.14018384E-02
   5.200   6.700   0.16760316E+02   0.34316206E-03   0.66244848E-03   0.18035691E-05   0.12332028E-04   0.10423408E-04   0.87773830E-06   0.23172061E-03   0.74072230E-04   0.10961538E-02   0.10310473E-02   0.14019466E-02
   5.217   6.717   0.16759519E+02   0.34288718E-03   0.66257872E-03   0.18057297E-05   0.12339567E-04   0.10438371E-04   0.87691439E-06   0.23152669E-03   0.74010559E-04   0.10965061E-02   0.10309265E-02   0.14020433E-02
   5.233   6.733   0.16758747E+02   0.34260847E-03   0.66270673E-03   0.18079062E-05   0.12347013E-04   0.10453261E-04   0.87608833E-06   0.23133020E-03   0.73948068E-04   0.10968501E-02   0.10307995E-02   0.14021283E-02
   5.250   6.750   0.16758002E+02   0.34232594E-03   0.66283249E-03   0.18100986E-05   0.12354365E-04   0.10468077E-04   0.87526005E-06   0.23113114E-03   0.73884754E-04   0.10971858E-02   0.10306662E-02   0.14022017E-02
   5.267   6.767   0.16757283E+02   0.34203955E-03   0.66295597E-03   0.18123069E-05   0.12361623E-04   0.10482818E-04   0.87442951E-06   0.23092950E-03   0.73820614E-04   0.10975131E-02   0.10305267E-02   0.14022632E-02
   5.283   6.783   0.16756591E+02   0.34174929E-03   0.66307713E-03   0.18145313E-05   0.12368786E-04   0.10497485E-04   0.87359663E-06   0.23072527E-03   0.73755645E-04   0.10978319E-02   0.10303808E-02   0.14023128E-02
   5.300   6.800   0.16755925E+02   0.34145515E-03   0.66319593E-03   0.18167719E-05   0.12375854E-04   0.10512076E-04   0.87276137E-06   0.23051843E-03   0.73689843E-04   0.10981422E-02   0.10302285E-02   0.14023504E-02
   5.317   6.817   0.16755285E+02   0.34115712E-03   0.66331235E-03   0.18190286E-05   0.12382827E-04   0.10526591E-04   0.87192366E-06   0.23030898E-03   0.73623204E-04   0.10984438E-02   0.10300698E-02   0.14023760E-02
   5.333   6.833   0.16754672E+02   0.34085516E-03   0.66342635E-03   0.18213016E-05   0.12389703E-04   0.10541031E-04   0.87108343E-06   0.23009690E-03   0.73555725E-04   0.10987367E-02   0.10299046E-02   0.14023894E-02
   5.350   6.850   0.16754085E+02   0.34054928E-03   0.66353790E-03   0.18235909E-05   0.12396482E-04   0.10555394E-04   0.87024063E-06   0.22988218E-03   0.73487403E-04   0.10990209E-02   0.10297329E-02   0.14023905E-02
   5.367   6.867   0.16753525E+02   0.34023944E-03   0.66364696E-03   0.18258967E-05   0.12403163E-04   0.10569680E-04   0.86939517E-06   0.22966482E-03   0.73418233E-04   0.10992962E-02   0.10295545E-02   0.14023792E-02
   5.383   6.883   0.16752992E+02   0.33992563E-03   0.66375350E-03   0.18282189E-05   0.12409747E-04   0.10583889E-04   0.86854701E-06   0.22944479E-03   0.73348212E-04   0.10995625E-02   0.10293695E-02   0.14023555E-02
   5.400   6.900   0.16752485E+02   0.33960783E-03   0.66385748E-03   0.18305578E-05   0.12416231E-04   0.10598021E-04   0.86769606E-06   0.22922210E-03   0.73277337E-04   0.10998199E-02   0.10291778E-02   0.14023193E-02
   5.417   6.917   0.16752005E+02   0.33928603E-03   0.66395886E-03   0.18329133E-05   0.12422616E-04   0.10612074E-04   0.86684225E-06   0.22899671E-03   0.73205602E-04   0.11000681E-02   0.10289793E-02   0.14022704E-02
   5.433   6.933   0.16751552E+02   0.33896020E-03   0.66405760E-03   0.18352856E-05   0.12428902E-04   0.10626050E-04   0.86598551E-06   0.22876863E-03   0.73133004E-04   0.11003071E-02   0.10287740E-02   0.14022087E-02
   5.450   6.950   0.16751125E+02   0.33863032E-03   0.66415368E-03   0.18376747E-05   0.12435086E-04   0.10639947E-04   0.86512577E-06   0.22853784E-03   0.73059539E-04   0.11005368E-02   0.10285618E-02   0.14021342E-02
   5.467   6.967   0.16750725E+02   0.33829637E-03   0.66424705E-03   0.18400808E-05   0.12441170E-04   0.10653765E-04   0.86426295E-06   0.22830433E-03   0.72985202E-04   0.11007572E-02   0.10283427E-02   0.14020467E-02
   5.483   6.983   0.16750352E+02   0.33795833E-03   0.66433767E-03   0.18425039E-05   0.12447151E-04   0.10667504E-04   0.86339697E-06   0.22806808E-03   0.72909989E-04   0.11009681E-02   0.10281166E-02   0.14019461E-02
   5.500   7.000   0.16750006E+02   0.33761619E-03   0.66442550E-03   0.18449441E-05   0.12453030E-04   0.10681163E-04   0.86252775E-06   0.22782908E-03   0.72833895E-04   0.11011694E-02   0.10278834E-02   0.14018324E-02
   5.517   7.017   0.16749687E+02   0.33726991E-03   0.66451051E-03   0.18474015E-05   0.12458805E-04   0.10694742E-04   0.86165521E-06   0.22758731E-03   0.72756917E-04   0.11013612E-02   0.10276430E-02   0.14017054E-02
   5.533   7.033   0.16749395E+02   0.33691948E-03   0.66459265E-03   0.18498763E-05   0.12464476E-04   0.10708242E-04   0.86077926E-06   0.22734276E-03   0.72679049E-04   0.11015432E-02   0.10273955E-02   0.14015650E-02
   5.550   7.050   0.16749129E+02   0.33656487E-03   0.66467187E-03   0.18523684E-05   0.12470043E-04   0.10721660E-04   0.85989982E-06   0.22709542E-03   0.72600287E-04   0.11017154E-02   0.10271407E-02   0.14014111E-02
   5.567   7.067   0.16748891E+02   0.33620606E-03   0.66474815E-03   0.18548780E-05   0.12475504E-04   0.10734998E-04   0.85901680E-06   0.22684527E-03   0.72520625E-04   0.11018776E-02   0.10268786E-02   0.14012435E-02
   5.583   7.083   0.16748679E+02   0.33584303E-03   0.66482144E-03   0.18574053E-05   0.12480858E-04   0.10748254E-04   0.85813012E-06   0.22659229E-03   0.72440059E-04   0.11020299E-02   0.10266091E-02   0.14010623E-02
   5.600   7.100   0.16748494E+02   0.33547576E-03   0.66489168E-03   0.18599502E-05   0.12486106E-04   0.10761429E-04   0.85723968E-06   0.22633647E-03   0.72358584E-04   0.11021721E-02   0.10263322E-02   0.14008672E-02
   5.617   7.117   0.16748336E+02   0.33510421E-03   0.66495885E-03   0.18625129E-05   0.12491246E-04   0.10774522E-04   0.85634539E-06   0.22607779E-03   0.72276195E-04   0.11023041E-02   0.10260477E-02   0.14006581E-02
   5.633   7.133   0.16748205E+02   0.33472837E-03   0.66502289E-03   0.18650936E-05   0.12496277E-04   0.10787533E-04   0.85544716E-06   0.22581625E-03   0.72192886E-04   0.11024258E-02   0.10257556E-02   0.14004349E-02
   5.650   7.150   0.16748101E+02   0.33434820E-03   0.66508375E-03   0.18676922E-05   0.12501198E-04   0.10800462E-04   0.85454488E-06   0.22555181E-03   0.72108652E-04   0.11025370E-02   0.10254559E-02   0.14001975E-02
   5.667   7.167   0.16748024E+02   0.33396369E-03   0.66514140E-03   0.18703090E-05   0.12506009E-04   0.10813307E-04   0.85363847E-06   0.22528446E-03   0.72023488E-04   0.11026378E-02   0.10251484E-02   0.13999458E-02
   5.683   7.183   0.16747973E+02   0.33357481E-03   0.66519578E-03   0.18729440E-05   0.12510709E-04   0.10826070E-04   0.85272782E-06   0.22501420E-03   0.71937388E-04   0.11027280E-02   0.10248330E-02   0.13996796E-02
   5.700   7.200   0.16747949E+02   0.33318152E-03   0.66524685E-03   0.18755974E-05   0.12515297E-04   0.10838749E-04   0.85181283E-06   0.22474099E-03   0.71850346E-04   0.11028075E-02   0.10245098E-02   0.13993988E-02
   5.717   7.217   0.16747953E+02   0.33278381E-03   0.66529456E-03   0.18782692E-05   0.12519772E-04   0.10851345E-04   0.85089340E-06   0.22446482E-03   0.71762358E-04   0.11028761E-02   0.10241787E-02   0.13991033E-02
   5.733   7.233   0.16747982E+02   0.33238165E-03   0.66533886E-03   0.18809596E-05   0.12524133E-04   0.10863857E-04   0.84996942E-06   0.22418567E-03   0.71673416E-04   0.11029339E-02   0.10238394E-02   0.13987930E-02
   5.750   7.250   0.16748039E+02   0.33197500E-03   0.66537969E-03   0.18836687E-05   0.12528379E-04   0.10876284E-04   0.84904078E-06   0.22390353E-03   0.71583515E-04   0.11029806E-02   0.10234921E-02   0.13984676E-02
   5.767   7.267   0.16748122E+02   0.33156384E-03   0.66541701E-03   0.18863966E-05   0.12532510E-04   0.10888627E-04   0.84810737E-06   0.22361838E-03   0.71492650E-04   0.11030162E-02   0.10231365E-02   0.13981272E-02
   5.783   7.283   0.16748232E+02   0.33114815E-03   0.66545076E-03   0.18891434E-05   0.12536524E-04   0.10900885E-04   0.84716909E-06   0.22333019E-03   0.71400813E-04   0.11030405E-02   0.10227726E-02   0.13977715E-02
   5.800   7.300   0.16748369E+02   0.33072788E-03   0.66548090E-03   0.18919092E-05   0.12540420E-04   0.10913058E-04   0.84622582E-06   0.22303895E-03   0.71307998E-04   0.11030534E-02   0.10224004E-02   0.13974004E-02
   5.817   7.317   0.16748532E+02   0.33030301E-03   0.66550736E-03   0.18946943E-05   0.12544198E-04   0.10925146E-04   0.84527744E-06   0.22274463E-03   0.71214200E-04   0.11030549E-02   0.10220197E-02   0.13970137E-02
   5.833   7.333   0.16748721E+02   0.32987352E-03   0.66553009E-03   0.18974986E-05   0.12547856E-04   0.10937148E-04   0.84432383E-06   0.22244723E-03   0.71119412E-04   0.11030448E-02   0.10216304E-02   0.13966114E-02
   5.850   7.350   0.16748938E+02   0.32943936E-03   0.66554904E-03   0.19003224E-05   0.12551394E-04   0.10949064E-04   0.84336489E-06   0.22214671E-03   0.71023627E-04   0.11030229E-02   0.10212325E-02   0.13961933E-02
   5.867   7.367   0.16749180E+02   0.32900051E-03   0.66556414E-03   0.19031657E-05   0.12554809E-04   0.10960894E-04   0.84240047E-06   0.22184305E-03   0.70926839E-04   0.11029892E-02   0.10208259E-02   0.13957591E-02
   5.883   7.383   0.16749449E+02   0.32855694E-03   0.66557535E-03   0.19060287E-05   0.12558102E-04   0.10972638E-04   0.84143047E-06   0.22153624E-03   0.70829041E-04   0.11029436E-02   0.10204105E-02   0.13953089E-02
   5.900   7.400   0.16749744E+02   0.32810861E-03   0.66558260E-03   0.19089115E-05   0.12561272E-04   0.10984295E-04   0.84045475E-06   0.22122626E-03   0.70730225E-04   0.11028858E-02   0.10199861E-02   0.13948423E-02
   5.917   7.417   0.16750066E+02   0.32765549E-03   0.66558583E-03   0.19118143E-05   0.12564316E-04   0.10995864E-04   0.83947319E-06   0.22091307E-03   0.70630386E-04   0.11028159E-02   0.10195528E-02   0.13943593E-02
   5.933   7.433   0.16750413E+02   0.32719755E-03   0.66558497E-03   0.19147371E-05   0.12567234E-04   0.11007347E-04   0.83848565E-06   0.22059667E-03   0.70529515E-04   0.11027336E-02   0.10191103E-02   0.13938597E-02
   5.950   7.450   0.16750787E+02   0.32673475E-03   0.66557998E-03   0.19176802E-05   0.12570025E-04   0.11018742E-04   0.83749201E-06   0.22027702E-03   0.70427606E-04   0.11026388E-02   0.10186587E-02   0.13933434E-02
   5.967   7.467   0.16751186E+02   0.32626706E-03   0.66557078E-03   0.19206437E-05   0.12572688E-04   0.11030049E-04   0.83649212E-06   0.21995411E-03   0.70324652E-04   0.11025314E-02   0.10181977E-02   0.13928101E-02
   5.983   7.483   0.16751612E+02   0.32579445E-03   0.66555732E-03   0.19236276E-05   0.12575221E-04   0.11041268E-04   0.83548586E-06   0.21962791E-03   0.70220644E-04   0.11024112E-02   0.10177274E-02   0.13922598E-02
   6.000   7.500   0.16752063E+02   0.32531687E-03   0.66553951E-03   0.19266323E-05   0.12577623E-04   0.11052399E-04   0.83447307E-06   0.21929840E-03   0.70115576E-04   0.11022782E-02   0.10172475E-02   0.13916922E-02
