        RT(hours)           [TERP]         L_R_29           L_R_30           tot_loss         tot_prod
  -1.483   0.017   0.79851160E-01   0.27118798E-05   0.71922925E-07   0.27838027E-05   0.00000000E+00
  -1.467   0.033   0.79736819E-01   0.27060913E-05   0.88369329E-07   0.27944606E-05   0.00000000E+00
  -1.450   0.050   0.79657130E-01   0.27020330E-05   0.10368472E-06   0.28057177E-05   0.00000000E+00
  -1.433   0.067   0.79612135E-01   0.26994785E-05   0.11944251E-06   0.28189210E-05   0.00000000E+00
  -1.417   0.083   0.79601810E-01   0.26982845E-05   0.13668983E-06   0.28349743E-05   0.00000000E+00
  -1.400   0.100   0.79626080E-01   0.26983591E-05   0.15608287E-06   0.28544420E-05   0.00000000E+00
  -1.383   0.117   0.79684843E-01   0.26996430E-05   0.17805787E-06   0.28777009E-05   0.00000000E+00
  -1.367   0.133   0.79777975E-01   0.27020967E-05   0.20293963E-06   0.29050363E-05   0.00000000E+00
  -1.350   0.150   0.79905331E-01   0.27056932E-05   0.23099682E-06   0.29366900E-05   0.00000000E+00
  -1.333   0.167   0.80066751E-01   0.27104128E-05   0.26246355E-06   0.29728764E-05   0.00000000E+00
  -1.317   0.183   0.80262059E-01   0.27162403E-05   0.29754244E-06   0.30137827E-05   0.00000000E+00
  -1.300   0.200   0.80491068E-01   0.27231629E-05   0.33639931E-06   0.30595622E-05   0.00000000E+00
  -1.283   0.217   0.80753576E-01   0.27311695E-05   0.37915536E-06   0.31103249E-05   0.00000000E+00
  -1.267   0.233   0.81049378E-01   0.27402497E-05   0.42588040E-06   0.31661301E-05   0.00000000E+00
  -1.250   0.250   0.81378258E-01   0.27503937E-05   0.47658903E-06   0.32269827E-05   0.00000000E+00
  -1.233   0.267   0.81740005E-01   0.27615919E-05   0.53124037E-06   0.32928323E-05   0.00000000E+00
  -1.217   0.283   0.82134403E-01   0.27738354E-05   0.58974138E-06   0.33635767E-05   0.00000000E+00
  -1.200   0.300   0.82561245E-01   0.27871151E-05   0.65195318E-06   0.34390683E-05   0.00000000E+00
  -1.183   0.317   0.83020329E-01   0.28014226E-05   0.71769933E-06   0.35191219E-05   0.00000000E+00
  -1.167   0.333   0.83511461E-01   0.28167497E-05   0.78677520E-06   0.36035249E-05   0.00000000E+00
  -1.150   0.350   0.84034459E-01   0.28330883E-05   0.85895742E-06   0.36920458E-05   0.00000000E+00
  -1.133   0.367   0.84589150E-01   0.28504311E-05   0.93401275E-06   0.37844438E-05   0.00000000E+00
  -1.117   0.383   0.85175374E-01   0.28687706E-05   0.10117060E-05   0.38804766E-05   0.00000000E+00
  -1.100   0.400   0.85792981E-01   0.28880999E-05   0.10918065E-05   0.39799064E-05   0.00000000E+00
  -1.083   0.417   0.86441830E-01   0.29084123E-05   0.11740934E-05   0.40825057E-05   0.00000000E+00
  -1.067   0.433   0.87121794E-01   0.29297012E-05   0.12583597E-05   0.41880609E-05   0.00000000E+00
  -1.050   0.450   0.87832749E-01   0.29519603E-05   0.13444144E-05   0.42963747E-05   0.00000000E+00
  -1.033   0.467   0.88574585E-01   0.29751835E-05   0.14320849E-05   0.44072685E-05   0.00000000E+00
  -1.017   0.483   0.89347192E-01   0.29993647E-05   0.15212172E-05   0.45205819E-05   0.00000000E+00
  -1.000   0.500   0.90150471E-01   0.30244979E-05   0.16116760E-05   0.46361739E-05   0.00000000E+00
  -0.983   0.517   0.90984324E-01   0.30505771E-05   0.17033440E-05   0.47539211E-05   0.00000000E+00
  -0.967   0.533   0.91848657E-01   0.30775963E-05   0.17961211E-05   0.48737174E-05   0.00000000E+00
  -0.950   0.550   0.92743377E-01   0.31055496E-05   0.18899226E-05   0.49954722E-05   0.00000000E+00
  -0.933   0.567   0.93668393E-01   0.31344310E-05   0.19846781E-05   0.51191090E-05   0.00000000E+00
  -0.917   0.583   0.94623614E-01   0.31642342E-05   0.20803293E-05   0.52445635E-05   0.00000000E+00
  -0.900   0.600   0.95608950E-01   0.31949531E-05   0.21768289E-05   0.53717820E-05   0.00000000E+00
  -0.883   0.617   0.96624307E-01   0.32265814E-05   0.22741384E-05   0.55007197E-05   0.00000000E+00
  -0.867   0.633   0.97669590E-01   0.32591125E-05   0.23722269E-05   0.56313394E-05   0.00000000E+00
  -0.850   0.650   0.98744704E-01   0.32925399E-05   0.24710698E-05   0.57636097E-05   0.00000000E+00
  -0.833   0.667   0.99849548E-01   0.33268569E-05   0.25706473E-05   0.58975042E-05   0.00000000E+00
  -0.817   0.683   0.10098402E+00   0.33620565E-05   0.26709435E-05   0.60330000E-05   0.00000000E+00
  -0.800   0.700   0.10214802E+00   0.33981317E-05   0.27719454E-05   0.61700771E-05   0.00000000E+00
  -0.783   0.717   0.10334143E+00   0.34350752E-05   0.28736424E-05   0.63087176E-05   0.00000000E+00
  -0.767   0.733   0.10456414E+00   0.34728797E-05   0.29760253E-05   0.64489049E-05   0.00000000E+00
  -0.750   0.750   0.10581604E+00   0.35115376E-05   0.30790860E-05   0.65906236E-05   0.00000000E+00
  -0.733   0.767   0.10709701E+00   0.35510412E-05   0.31828173E-05   0.67338585E-05   0.00000000E+00
  -0.717   0.783   0.10840692E+00   0.35913827E-05   0.32872122E-05   0.68785949E-05   0.00000000E+00
  -0.700   0.800   0.10974564E+00   0.36325539E-05   0.33922643E-05   0.70248182E-05   0.00000000E+00
  -0.683   0.817   0.11111305E+00   0.36745466E-05   0.34979671E-05   0.71725137E-05   0.00000000E+00
  -0.667   0.833   0.11250900E+00   0.37173525E-05   0.36043140E-05   0.73216665E-05   0.00000000E+00
  -0.650   0.850   0.11393336E+00   0.37609630E-05   0.37112986E-05   0.74722617E-05   0.00000000E+00
  -0.633   0.867   0.11538597E+00   0.38053695E-05   0.38189144E-05   0.76242839E-05   0.00000000E+00
  -0.617   0.883   0.11686670E+00   0.38505629E-05   0.39271547E-05   0.77777177E-05   0.00000000E+00
  -0.600   0.900   0.11837539E+00   0.38965343E-05   0.40360130E-05   0.79325473E-05   0.00000000E+00
  -0.583   0.917   0.11991187E+00   0.39432745E-05   0.41454825E-05   0.80887570E-05   0.00000000E+00
  -0.567   0.933   0.12147598E+00   0.39907740E-05   0.42555565E-05   0.82463305E-05   0.00000000E+00
  -0.550   0.950   0.12306756E+00   0.40390234E-05   0.43662284E-05   0.84052518E-05   0.00000000E+00
  -0.533   0.967   0.12468643E+00   0.40880129E-05   0.44774915E-05   0.85655044E-05   0.00000000E+00
  -0.517   0.983   0.12633242E+00   0.41377327E-05   0.45893391E-05   0.87270718E-05   0.00000000E+00
  -0.500   1.000   0.12800533E+00   0.41881727E-05   0.47017646E-05   0.88899373E-05   0.00000000E+00
  -0.483   1.017   0.12970499E+00   0.42393227E-05   0.48147617E-05   0.90540844E-05   0.00000000E+00
  -0.467   1.033   0.13143119E+00   0.42911725E-05   0.49283237E-05   0.92194962E-05   0.00000000E+00
  -0.450   1.050   0.13318373E+00   0.43437113E-05   0.50424443E-05   0.93861557E-05   0.00000000E+00
  -0.433   1.067   0.13496241E+00   0.43969287E-05   0.51571172E-05   0.95540459E-05   0.00000000E+00
  -0.417   1.083   0.13676702E+00   0.44508137E-05   0.52723361E-05   0.97231498E-05   0.00000000E+00
  -0.400   1.100   0.13859734E+00   0.45053552E-05   0.53880947E-05   0.98934499E-05   0.00000000E+00
  -0.383   1.117   0.14045315E+00   0.45605422E-05   0.55043867E-05   0.10064929E-04   0.00000000E+00
  -0.367   1.133   0.14233420E+00   0.46163633E-05   0.56212061E-05   0.10237569E-04   0.00000000E+00
  -0.350   1.150   0.14424028E+00   0.46728070E-05   0.57385464E-05   0.10411353E-04   0.00000000E+00
  -0.333   1.167   0.14617113E+00   0.47298617E-05   0.58564015E-05   0.10586263E-04   0.00000000E+00
  -0.317   1.183   0.14812651E+00   0.47875154E-05   0.59747650E-05   0.10762280E-04   0.00000000E+00
  -0.300   1.200   0.15010615E+00   0.48457563E-05   0.60936305E-05   0.10939387E-04   0.00000000E+00
  -0.283   1.217   0.15210979E+00   0.49045721E-05   0.62129916E-05   0.11117564E-04   0.00000000E+00
  -0.267   1.233   0.15413716E+00   0.49639506E-05   0.63328417E-05   0.11296792E-04   0.00000000E+00
  -0.250   1.250   0.15618799E+00   0.50238792E-05   0.64531739E-05   0.11477053E-04   0.00000000E+00
  -0.233   1.267   0.15826198E+00   0.50843454E-05   0.65739814E-05   0.11658327E-04   0.00000000E+00
  -0.217   1.283   0.16035883E+00   0.51453364E-05   0.66952572E-05   0.11840594E-04   0.00000000E+00
  -0.200   1.300   0.16247825E+00   0.52068391E-05   0.68169939E-05   0.12023833E-04   0.00000000E+00
  -0.183   1.317   0.16461993E+00   0.52688405E-05   0.69391839E-05   0.12208024E-04   0.00000000E+00
  -0.167   1.333   0.16678354E+00   0.53313273E-05   0.70618196E-05   0.12393147E-04   0.00000000E+00
  -0.150   1.350   0.16896875E+00   0.53942860E-05   0.71848928E-05   0.12579179E-04   0.00000000E+00
  -0.133   1.367   0.17117523E+00   0.54577030E-05   0.73083952E-05   0.12766098E-04   0.00000000E+00
  -0.117   1.383   0.17340262E+00   0.55215645E-05   0.74323182E-05   0.12953883E-04   0.00000000E+00
  -0.100   1.400   0.17565058E+00   0.55858565E-05   0.75566527E-05   0.13142509E-04   0.00000000E+00
  -0.083   1.417   0.17791872E+00   0.56505650E-05   0.76813894E-05   0.13331954E-04   0.00000000E+00
  -0.067   1.433   0.18020669E+00   0.57156756E-05   0.78065184E-05   0.13522194E-04   0.00000000E+00
  -0.050   1.450   0.18251408E+00   0.57811740E-05   0.79320298E-05   0.13713204E-04   0.00000000E+00
  -0.033   1.467   0.18484050E+00   0.58470454E-05   0.80579127E-05   0.13904958E-04   0.00000000E+00
  -0.017   1.483   0.18718554E+00   0.59132751E-05   0.81841563E-05   0.14097431E-04   0.00000000E+00
   0.000   1.500   0.18954877E+00   0.59798481E-05   0.83107490E-05   0.14290597E-04   0.00000000E+00
   0.017   1.517   0.19192977E+00   0.60467492E-05   0.84376788E-05   0.14484428E-04   0.00000000E+00
   0.033   1.533   0.19432809E+00   0.61139632E-05   0.85649331E-05   0.14678896E-04   0.00000000E+00
   0.050   1.550   0.19674326E+00   0.61814745E-05   0.86924990E-05   0.14873973E-04   0.00000000E+00
   0.067   1.567   0.19917482E+00   0.62492673E-05   0.88203627E-05   0.15069630E-04   0.00000000E+00
   0.083   1.583   0.20162228E+00   0.63173259E-05   0.89485101E-05   0.15265836E-04   0.00000000E+00
   0.100   1.600   0.20408514E+00   0.63856341E-05   0.90769263E-05   0.15462560E-04   0.00000000E+00
   0.117   1.617   0.20656289E+00   0.64541757E-05   0.92055959E-05   0.15659772E-04   0.00000000E+00
   0.133   1.633   0.20905500E+00   0.65229341E-05   0.93345026E-05   0.15857437E-04   0.00000000E+00
   0.150   1.650   0.21156092E+00   0.65918927E-05   0.94636298E-05   0.16055522E-04   0.00000000E+00
   0.167   1.667   0.21408010E+00   0.66610345E-05   0.95929598E-05   0.16253994E-04   0.00000000E+00
   0.183   1.683   0.21661195E+00   0.67303426E-05   0.97224744E-05   0.16452817E-04   0.00000000E+00
   0.200   1.700   0.21915588E+00   0.67997994E-05   0.98521545E-05   0.16651954E-04   0.00000000E+00
   0.217   1.717   0.22171127E+00   0.68693875E-05   0.99819803E-05   0.16851368E-04   0.00000000E+00
   0.233   1.733   0.22427750E+00   0.69390889E-05   0.10111931E-04   0.17051020E-04   0.00000000E+00
   0.250   1.750   0.22685392E+00   0.70088857E-05   0.10241985E-04   0.17250871E-04   0.00000000E+00
   0.267   1.767   0.22943984E+00   0.70787596E-05   0.10372120E-04   0.17450879E-04   0.00000000E+00
   0.283   1.783   0.23203458E+00   0.71486918E-05   0.10502312E-04   0.17651004E-04   0.00000000E+00
   0.300   1.800   0.23463742E+00   0.72186635E-05   0.10632538E-04   0.17851201E-04   0.00000000E+00
   0.317   1.817   0.23724763E+00   0.72886556E-05   0.10762771E-04   0.18051426E-04   0.00000000E+00
   0.333   1.833   0.23986444E+00   0.73586485E-05   0.10892985E-04   0.18251633E-04   0.00000000E+00
   0.350   1.850   0.24248706E+00   0.74286225E-05   0.11023153E-04   0.18451775E-04   0.00000000E+00
   0.367   1.867   0.24511468E+00   0.74985574E-05   0.11153245E-04   0.18651803E-04   0.00000000E+00
   0.383   1.883   0.24774646E+00   0.75684326E-05   0.11283233E-04   0.18851666E-04   0.00000000E+00
   0.400   1.900   0.25038153E+00   0.76382274E-05   0.11413084E-04   0.19051312E-04   0.00000000E+00
   0.417   1.917   0.25301899E+00   0.77079204E-05   0.11542767E-04   0.19250687E-04   0.00000000E+00
   0.433   1.933   0.25565791E+00   0.77774900E-05   0.11672247E-04   0.19449737E-04   0.00000000E+00
   0.450   1.950   0.25829732E+00   0.78469140E-05   0.11801490E-04   0.19648404E-04   0.00000000E+00
   0.467   1.967   0.26093622E+00   0.79161698E-05   0.11930457E-04   0.19846627E-04   0.00000000E+00
   0.483   1.983   0.26357358E+00   0.79852343E-05   0.12059112E-04   0.20044347E-04   0.00000000E+00
   0.500   2.000   0.26620833E+00   0.80540840E-05   0.12187414E-04   0.20241498E-04   0.00000000E+00
   0.517   2.017   0.26883935E+00   0.81226945E-05   0.12315322E-04   0.20438017E-04   0.00000000E+00
   0.533   2.033   0.27146549E+00   0.81910411E-05   0.12442792E-04   0.20633833E-04   0.00000000E+00
   0.550   2.050   0.27408554E+00   0.82590984E-05   0.12569779E-04   0.20828878E-04   0.00000000E+00
   0.567   2.067   0.27669826E+00   0.83268403E-05   0.12696236E-04   0.21023076E-04   0.00000000E+00
   0.583   2.083   0.27930235E+00   0.83942399E-05   0.12822113E-04   0.21216353E-04   0.00000000E+00
   0.600   2.100   0.28189646E+00   0.84612696E-05   0.12947359E-04   0.21408629E-04   0.00000000E+00
   0.617   2.117   0.28447919E+00   0.85279010E-05   0.13071920E-04   0.21599821E-04   0.00000000E+00
   0.633   2.133   0.28704906E+00   0.85941047E-05   0.13195740E-04   0.21789845E-04   0.00000000E+00
   0.650   2.150   0.28960457E+00   0.86598503E-05   0.13318760E-04   0.21978610E-04   0.00000000E+00
   0.667   2.167   0.29214410E+00   0.87251066E-05   0.13440919E-04   0.22166025E-04   0.00000000E+00
   0.683   2.183   0.29466600E+00   0.87898410E-05   0.13562152E-04   0.22351993E-04   0.00000000E+00
   0.700   2.200   0.29716853E+00   0.88540198E-05   0.13682392E-04   0.22536412E-04   0.00000000E+00
   0.717   2.217   0.29964988E+00   0.89176080E-05   0.13801569E-04   0.22719177E-04   0.00000000E+00
   0.733   2.233   0.30210814E+00   0.89805693E-05   0.13919608E-04   0.22900178E-04   0.00000000E+00
   0.750   2.250   0.30454133E+00   0.90428657E-05   0.14036433E-04   0.23079298E-04   0.00000000E+00
   0.767   2.267   0.30694735E+00   0.91044576E-05   0.14151961E-04   0.23256419E-04   0.00000000E+00
   0.783   2.283   0.30932401E+00   0.91653036E-05   0.14266108E-04   0.23431412E-04   0.00000000E+00
   0.800   2.300   0.31166902E+00   0.92253604E-05   0.14378784E-04   0.23604144E-04   0.00000000E+00
   0.817   2.317   0.31397995E+00   0.92845826E-05   0.14489894E-04   0.23774476E-04   0.00000000E+00
   0.833   2.333   0.31625426E+00   0.93429224E-05   0.14599339E-04   0.23942261E-04   0.00000000E+00
   0.850   2.350   0.31848926E+00   0.94003297E-05   0.14707014E-04   0.24107344E-04   0.00000000E+00
   0.867   2.367   0.32068214E+00   0.94567513E-05   0.14812809E-04   0.24269561E-04   0.00000000E+00
   0.883   2.383   0.32282990E+00   0.95121313E-05   0.14916609E-04   0.24428740E-04   0.00000000E+00
   0.900   2.400   0.32492939E+00   0.95664105E-05   0.15018289E-04   0.24584699E-04   0.00000000E+00
   0.917   2.417   0.32697727E+00   0.96195261E-05   0.15117719E-04   0.24737246E-04   0.00000000E+00
   0.933   2.433   0.32897001E+00   0.96714112E-05   0.15214764E-04   0.24886175E-04   0.00000000E+00
   0.950   2.450   0.33090385E+00   0.97219949E-05   0.15309276E-04   0.25031271E-04   0.00000000E+00
   0.967   2.467   0.33277481E+00   0.97712012E-05   0.15401101E-04   0.25172302E-04   0.00000000E+00
   0.983   2.483   0.33457866E+00   0.98189492E-05   0.15490075E-04   0.25309025E-04   0.00000000E+00
   1.000   2.500   0.33631089E+00   0.98651445E-05   0.15576056E-04   0.25441201E-04   0.00000000E+00
   1.017   2.517   0.33797956E+00   0.99095276E-05   0.15660841E-04   0.25570369E-04   0.00000000E+00
   1.033   2.533   0.33959406E+00   0.99527421E-05   0.15743080E-04   0.25695823E-04   0.00000000E+00
   1.050   2.550   0.34115217E+00   0.99947449E-05   0.15822746E-04   0.25817491E-04   0.00000000E+00
   1.067   2.567   0.34265163E+00   0.10035492E-04   0.15899775E-04   0.25935267E-04   0.00000000E+00
   1.083   2.583   0.34409011E+00   0.10074940E-04   0.15974102E-04   0.26049042E-04   0.00000000E+00
   1.100   2.600   0.34546525E+00   0.10113042E-04   0.16045658E-04   0.26158700E-04   0.00000000E+00
   1.117   2.617   0.34677462E+00   0.10149751E-04   0.16114360E-04   0.26264111E-04   0.00000000E+00
   1.133   2.633   0.34801575E+00   0.10185019E-04   0.16180121E-04   0.26365140E-04   0.00000000E+00
   1.150   2.650   0.34918613E+00   0.10218796E-04   0.16242849E-04   0.26461645E-04   0.00000000E+00
   1.167   2.667   0.35028319E+00   0.10251029E-04   0.16302447E-04   0.26553476E-04   0.00000000E+00
   1.183   2.683   0.35130434E+00   0.10281667E-04   0.16358816E-04   0.26640483E-04   0.00000000E+00
   1.200   2.700   0.35224694E+00   0.10310655E-04   0.16411857E-04   0.26722512E-04   0.00000000E+00
   1.217   2.717   0.35310834E+00   0.10337937E-04   0.16461468E-04   0.26799405E-04   0.00000000E+00
   1.233   2.733   0.35388585E+00   0.10363455E-04   0.16507549E-04   0.26871004E-04   0.00000000E+00
   1.250   2.750   0.35457677E+00   0.10387152E-04   0.16549997E-04   0.26937149E-04   0.00000000E+00
   1.267   2.767   0.35517841E+00   0.10408968E-04   0.16588710E-04   0.26997678E-04   0.00000000E+00
   1.283   2.783   0.35568807E+00   0.10428842E-04   0.16623588E-04   0.27052430E-04   0.00000000E+00
   1.300   2.800   0.35610308E+00   0.10446712E-04   0.16654533E-04   0.27101245E-04   0.00000000E+00
   1.317   2.817   0.35642082E+00   0.10462516E-04   0.16681446E-04   0.27143962E-04   0.00000000E+00
   1.333   2.833   0.35663869E+00   0.10476192E-04   0.16704234E-04   0.27180425E-04   0.00000000E+00
   1.350   2.850   0.35675420E+00   0.10487676E-04   0.16722805E-04   0.27210482E-04   0.00000000E+00
   1.367   2.867   0.35676495E+00   0.10496908E-04   0.16737074E-04   0.27233982E-04   0.00000000E+00
   1.383   2.883   0.35666865E+00   0.10503825E-04   0.16746960E-04   0.27250785E-04   0.00000000E+00
   1.400   2.900   0.35646318E+00   0.10508367E-04   0.16752389E-04   0.27260757E-04   0.00000000E+00
   1.417   2.917   0.35614662E+00   0.10510478E-04   0.16753296E-04   0.27263773E-04   0.00000000E+00
   1.433   2.933   0.35571723E+00   0.10510100E-04   0.16749623E-04   0.27259723E-04   0.00000000E+00
   1.450   2.950   0.35517359E+00   0.10507184E-04   0.16741324E-04   0.27248509E-04   0.00000000E+00
   1.467   2.967   0.35451455E+00   0.10501682E-04   0.16728368E-04   0.27230051E-04   0.00000000E+00
   1.483   2.983   0.35373931E+00   0.10493554E-04   0.16710735E-04   0.27204289E-04   0.00000000E+00
   1.500   3.000   0.35284750E+00   0.10482763E-04   0.16688422E-04   0.27171185E-04   0.00000000E+00
   1.517   3.017   0.35183916E+00   0.10469285E-04   0.16661443E-04   0.27130728E-04   0.00000000E+00
   1.533   3.033   0.35071486E+00   0.10453101E-04   0.16629834E-04   0.27082935E-04   0.00000000E+00
   1.550   3.050   0.34947571E+00   0.10434205E-04   0.16593649E-04   0.27027854E-04   0.00000000E+00
   1.567   3.067   0.34812339E+00   0.10412602E-04   0.16552968E-04   0.26965569E-04   0.00000000E+00
   1.583   3.083   0.34666026E+00   0.10388309E-04   0.16507893E-04   0.26896203E-04   0.00000000E+00
   1.600   3.100   0.34508931E+00   0.10361361E-04   0.16458554E-04   0.26819915E-04   0.00000000E+00
   1.617   3.117   0.34341425E+00   0.10331804E-04   0.16405107E-04   0.26736911E-04   0.00000000E+00
   1.633   3.133   0.34163951E+00   0.10299704E-04   0.16347732E-04   0.26647436E-04   0.00000000E+00
   1.650   3.150   0.33977022E+00   0.10265142E-04   0.16286641E-04   0.26551783E-04   0.00000000E+00
   1.667   3.167   0.33781223E+00   0.10228217E-04   0.16222069E-04   0.26450286E-04   0.00000000E+00
   1.683   3.183   0.33577205E+00   0.10189047E-04   0.16154276E-04   0.26343323E-04   0.00000000E+00
   1.700   3.200   0.33365684E+00   0.10147764E-04   0.16083547E-04   0.26231311E-04   0.00000000E+00
   1.717   3.217   0.33147431E+00   0.10104519E-04   0.16010186E-04   0.26114706E-04   0.00000000E+00
   1.733   3.233   0.32923263E+00   0.10059477E-04   0.15934515E-04   0.25993991E-04   0.00000000E+00
   1.750   3.250   0.32694037E+00   0.10012814E-04   0.15856868E-04   0.25869682E-04   0.00000000E+00
   1.767   3.267   0.32460638E+00   0.99647187E-05   0.15777590E-04   0.25742309E-04   0.00000000E+00
   1.783   3.283   0.32223963E+00   0.99153889E-05   0.15697030E-04   0.25612419E-04   0.00000000E+00
   1.800   3.300   0.31984912E+00   0.98650264E-05   0.15615535E-04   0.25480561E-04   0.00000000E+00
   1.817   3.317   0.31744375E+00   0.98138361E-05   0.15533449E-04   0.25347285E-04   0.00000000E+00
   1.833   3.333   0.31503219E+00   0.97620227E-05   0.15451106E-04   0.25213128E-04   0.00000000E+00
   1.850   3.350   0.31262279E+00   0.97097877E-05   0.15368825E-04   0.25078612E-04   0.00000000E+00
   1.867   3.367   0.31022343E+00   0.96573270E-05   0.15286909E-04   0.24944236E-04   0.00000000E+00
   1.883   3.383   0.30784152E+00   0.96048278E-05   0.15205640E-04   0.24810467E-04   0.00000000E+00
   1.900   3.400   0.30548383E+00   0.95524676E-05   0.15125276E-04   0.24677744E-04   0.00000000E+00
   1.917   3.417   0.30315654E+00   0.95004115E-05   0.15046053E-04   0.24546464E-04   0.00000000E+00
   1.933   3.433   0.30086517E+00   0.94488117E-05   0.14968178E-04   0.24416990E-04   0.00000000E+00
   1.950   3.450   0.29861453E+00   0.93978061E-05   0.14891835E-04   0.24289641E-04   0.00000000E+00
   1.967   3.467   0.29640880E+00   0.93475182E-05   0.14817179E-04   0.24164697E-04   0.00000000E+00
   1.983   3.483   0.29425151E+00   0.92980572E-05   0.14744342E-04   0.24042400E-04   0.00000000E+00
   2.000   3.500   0.29214554E+00   0.92495174E-05   0.14673433E-04   0.23922951E-04   0.00000000E+00
   2.017   3.517   0.29009320E+00   0.92019794E-05   0.14604536E-04   0.23806516E-04   0.00000000E+00
   2.033   3.533   0.28809628E+00   0.91555108E-05   0.14537716E-04   0.23693227E-04   0.00000000E+00
   2.050   3.550   0.28615604E+00   0.91101663E-05   0.14473018E-04   0.23583184E-04   0.00000000E+00
   2.067   3.567   0.28427332E+00   0.90659895E-05   0.14410470E-04   0.23476460E-04   0.00000000E+00
   2.083   3.583   0.28244854E+00   0.90230133E-05   0.14350086E-04   0.23373099E-04   0.00000000E+00
   2.100   3.600   0.28068180E+00   0.89812610E-05   0.14291866E-04   0.23273127E-04   0.00000000E+00
   2.117   3.617   0.27897286E+00   0.89407477E-05   0.14235798E-04   0.23176546E-04   0.00000000E+00
   2.133   3.633   0.27732126E+00   0.89014807E-05   0.14181861E-04   0.23083341E-04   0.00000000E+00
   2.150   3.650   0.27572629E+00   0.88634609E-05   0.14130024E-04   0.22993485E-04   0.00000000E+00
   2.167   3.667   0.27418706E+00   0.88266833E-05   0.14080252E-04   0.22906935E-04   0.00000000E+00
   2.183   3.683   0.27270255E+00   0.87911383E-05   0.14032502E-04   0.22823640E-04   0.00000000E+00
   2.200   3.700   0.27127159E+00   0.87568118E-05   0.13986727E-04   0.22743539E-04   0.00000000E+00
   2.217   3.717   0.26989294E+00   0.87236866E-05   0.13942878E-04   0.22666565E-04   0.00000000E+00
   2.233   3.733   0.26856527E+00   0.86917422E-05   0.13900901E-04   0.22592643E-04   0.00000000E+00
   2.250   3.750   0.26728720E+00   0.86609562E-05   0.13860741E-04   0.22521698E-04   0.00000000E+00
   2.267   3.767   0.26605733E+00   0.86313041E-05   0.13822343E-04   0.22453647E-04   0.00000000E+00
   2.283   3.783   0.26487422E+00   0.86027599E-05   0.13785650E-04   0.22388410E-04   0.00000000E+00
   2.300   3.800   0.26373642E+00   0.85752966E-05   0.13750606E-04   0.22325902E-04   0.00000000E+00
   2.317   3.817   0.26264250E+00   0.85488865E-05   0.13717153E-04   0.22266039E-04   0.00000000E+00
   2.333   3.833   0.26159103E+00   0.85235014E-05   0.13685235E-04   0.22208737E-04   0.00000000E+00
   2.350   3.850   0.26058059E+00   0.84991127E-05   0.13654798E-04   0.22153910E-04   0.00000000E+00
   2.367   3.867   0.25960980E+00   0.84756918E-05   0.13625786E-04   0.22101478E-04   0.00000000E+00
   2.383   3.883   0.25867728E+00   0.84532102E-05   0.13598147E-04   0.22051357E-04   0.00000000E+00
   2.400   3.900   0.25778172E+00   0.84316396E-05   0.13571829E-04   0.22003469E-04   0.00000000E+00
   2.417   3.917   0.25692180E+00   0.84109521E-05   0.13546781E-04   0.21957733E-04   0.00000000E+00
   2.433   3.933   0.25609627E+00   0.83911202E-05   0.13522955E-04   0.21914075E-04   0.00000000E+00
   2.450   3.950   0.25530390E+00   0.83721169E-05   0.13500302E-04   0.21872418E-04   0.00000000E+00
   2.467   3.967   0.25454351E+00   0.83539157E-05   0.13478776E-04   0.21832692E-04   0.00000000E+00
   2.483   3.983   0.25381395E+00   0.83364908E-05   0.13458334E-04   0.21794825E-04   0.00000000E+00
   2.500   4.000   0.25311410E+00   0.83198170E-05   0.13438932E-04   0.21758749E-04   0.00000000E+00
   2.517   4.017   0.25244289E+00   0.83038699E-05   0.13420528E-04   0.21724398E-04   0.00000000E+00
   2.533   4.033   0.25179930E+00   0.82886255E-05   0.13403084E-04   0.21691709E-04   0.00000000E+00
   2.550   4.050   0.25118232E+00   0.82740608E-05   0.13386560E-04   0.21660620E-04   0.00000000E+00
   2.567   4.067   0.25059100E+00   0.82601533E-05   0.13370919E-04   0.21631072E-04   0.00000000E+00
   2.583   4.083   0.25002441E+00   0.82468814E-05   0.13356126E-04   0.21603008E-04   0.00000000E+00
   2.600   4.100   0.24948167E+00   0.82342239E-05   0.13342147E-04   0.21576371E-04   0.00000000E+00
   2.617   4.117   0.24896191E+00   0.82221605E-05   0.13328949E-04   0.21551110E-04   0.00000000E+00
   2.633   4.133   0.24846432E+00   0.82106716E-05   0.13316501E-04   0.21527172E-04   0.00000000E+00
   2.650   4.150   0.24798812E+00   0.81997381E-05   0.13304771E-04   0.21504509E-04   0.00000000E+00
   2.667   4.167   0.24753253E+00   0.81893416E-05   0.13293731E-04   0.21483073E-04   0.00000000E+00
   2.683   4.183   0.24709683E+00   0.81794645E-05   0.13283354E-04   0.21462818E-04   0.00000000E+00
   2.700   4.200   0.24668033E+00   0.81700896E-05   0.13273611E-04   0.21443701E-04   0.00000000E+00
   2.717   4.217   0.24628234E+00   0.81612003E-05   0.13264478E-04   0.21425679E-04   0.00000000E+00
   2.733   4.233   0.24590222E+00   0.81527808E-05   0.13255930E-04   0.21408711E-04   0.00000000E+00
   2.750   4.250   0.24553934E+00   0.81448157E-05   0.13247942E-04   0.21392758E-04   0.00000000E+00
   2.767   4.267   0.24519312E+00   0.81372900E-05   0.13240493E-04   0.21377783E-04   0.00000000E+00
   2.783   4.283   0.24486297E+00   0.81301896E-05   0.13233560E-04   0.21363749E-04   0.00000000E+00
   2.800   4.300   0.24454835E+00   0.81235006E-05   0.13227122E-04   0.21350622E-04   0.00000000E+00
   2.817   4.317   0.24424873E+00   0.81172096E-05   0.13221158E-04   0.21338368E-04   0.00000000E+00
   2.833   4.333   0.24400276E+00   0.81124030E-05   0.13216862E-04   0.21329265E-04   0.00000000E+00
   2.850   4.350   0.24385579E+00   0.81103580E-05   0.13216071E-04   0.21326429E-04   0.00000000E+00
   2.867   4.367   0.24379049E+00   0.81105948E-05   0.13218362E-04   0.21328956E-04   0.00000000E+00
   2.883   4.383   0.24379350E+00   0.81127423E-05   0.13223259E-04   0.21336002E-04   0.00000000E+00
   2.900   4.400   0.24385457E+00   0.81165156E-05   0.13230377E-04   0.21346893E-04   0.00000000E+00
   2.917   4.417   0.24396563E+00   0.81216901E-05   0.13239401E-04   0.21361091E-04   0.00000000E+00
   2.933   4.433   0.24412022E+00   0.81280854E-05   0.13250074E-04   0.21378159E-04   0.00000000E+00
   2.950   4.450   0.24431305E+00   0.81355543E-05   0.13262181E-04   0.21397735E-04   0.00000000E+00
   2.967   4.467   0.24453975E+00   0.81439745E-05   0.13275544E-04   0.21419518E-04   0.00000000E+00
   2.983   4.483   0.24479667E+00   0.81532433E-05   0.13290012E-04   0.21443255E-04   0.00000000E+00
   3.000   4.500   0.24508068E+00   0.81632737E-05   0.13305457E-04   0.21468731E-04   0.00000000E+00
   3.017   4.517   0.24538912E+00   0.81739911E-05   0.13321772E-04   0.21495763E-04   0.00000000E+00
   3.033   4.533   0.24571970E+00   0.81853308E-05   0.13338860E-04   0.21524191E-04   0.00000000E+00
   3.050   4.550   0.24607043E+00   0.81972368E-05   0.13356642E-04   0.21553879E-04   0.00000000E+00
   3.067   4.567   0.24643953E+00   0.82096596E-05   0.13375044E-04   0.21584704E-04   0.00000000E+00
   3.083   4.583   0.24682548E+00   0.82225557E-05   0.13394005E-04   0.21616561E-04   0.00000000E+00
   3.100   4.600   0.24722689E+00   0.82358865E-05   0.13413469E-04   0.21649355E-04   0.00000000E+00
   3.117   4.617   0.24764255E+00   0.82496176E-05   0.13433386E-04   0.21683003E-04   0.00000000E+00
   3.133   4.633   0.24807136E+00   0.82637179E-05   0.13453712E-04   0.21717430E-04   0.00000000E+00
   3.150   4.650   0.24851233E+00   0.82781597E-05   0.13474407E-04   0.21752567E-04   0.00000000E+00
   3.167   4.667   0.24896459E+00   0.82929178E-05   0.13495436E-04   0.21788353E-04   0.00000000E+00
   3.183   4.683   0.24942731E+00   0.83079694E-05   0.13516765E-04   0.21824735E-04   0.00000000E+00
   3.200   4.700   0.24989976E+00   0.83232936E-05   0.13538367E-04   0.21861660E-04   0.00000000E+00
   3.217   4.717   0.25038128E+00   0.83388715E-05   0.13560213E-04   0.21899084E-04   0.00000000E+00
   3.233   4.733   0.25087124E+00   0.83546856E-05   0.13582279E-04   0.21936964E-04   0.00000000E+00
   3.250   4.750   0.25136909E+00   0.83707199E-05   0.13604543E-04   0.21975262E-04   0.00000000E+00
   3.267   4.767   0.25187430E+00   0.83869597E-05   0.13626983E-04   0.22013943E-04   0.00000000E+00
   3.283   4.783   0.25238639E+00   0.84033913E-05   0.13649581E-04   0.22052973E-04   0.00000000E+00
   3.300   4.800   0.25290492E+00   0.84200021E-05   0.13672319E-04   0.22092322E-04   0.00000000E+00
   3.317   4.817   0.25342947E+00   0.84367803E-05   0.13695181E-04   0.22131962E-04   0.00000000E+00
   3.333   4.833   0.25395966E+00   0.84537151E-05   0.13718151E-04   0.22171867E-04   0.00000000E+00
   3.350   4.850   0.25449513E+00   0.84707963E-05   0.13741216E-04   0.22212012E-04   0.00000000E+00
   3.367   4.867   0.25503555E+00   0.84880143E-05   0.13764361E-04   0.22252376E-04   0.00000000E+00
   3.383   4.883   0.25558060E+00   0.85053604E-05   0.13787575E-04   0.22292936E-04   0.00000000E+00
   3.400   4.900   0.25612999E+00   0.85228262E-05   0.13810846E-04   0.22333673E-04   0.00000000E+00
   3.417   4.917   0.25668345E+00   0.85404038E-05   0.13834164E-04   0.22374567E-04   0.00000000E+00
   3.433   4.933   0.25724071E+00   0.85580859E-05   0.13857517E-04   0.22415603E-04   0.00000000E+00
   3.450   4.950   0.25780153E+00   0.85758655E-05   0.13880897E-04   0.22456762E-04   0.00000000E+00
   3.467   4.967   0.25836569E+00   0.85937363E-05   0.13904294E-04   0.22498030E-04   0.00000000E+00
   3.483   4.983   0.25893295E+00   0.86116918E-05   0.13927700E-04   0.22539392E-04   0.00000000E+00
   3.500   5.000   0.25950313E+00   0.86297264E-05   0.13951107E-04   0.22580834E-04   0.00000000E+00
   3.517   5.017   0.26007601E+00   0.86478345E-05   0.13974508E-04   0.22622342E-04   0.00000000E+00
   3.533   5.033   0.26065142E+00   0.86660109E-05   0.13997894E-04   0.22663905E-04   0.00000000E+00
   3.550   5.050   0.26122919E+00   0.86842505E-05   0.14021260E-04   0.22705510E-04   0.00000000E+00
   3.567   5.067   0.26180913E+00   0.87025487E-05   0.14044598E-04   0.22747146E-04   0.00000000E+00
   3.583   5.083   0.26239110E+00   0.87209010E-05   0.14067902E-04   0.22788803E-04   0.00000000E+00
   3.600   5.100   0.26297495E+00   0.87393029E-05   0.14091168E-04   0.22830471E-04   0.00000000E+00
   3.617   5.117   0.26356052E+00   0.87577506E-05   0.14114388E-04   0.22872139E-04   0.00000000E+00
   3.633   5.133   0.26414767E+00   0.87762400E-05   0.14137558E-04   0.22913798E-04   0.00000000E+00
   3.650   5.150   0.26473629E+00   0.87947675E-05   0.14160672E-04   0.22955440E-04   0.00000000E+00
   3.667   5.167   0.26532623E+00   0.88133294E-05   0.14183727E-04   0.22997056E-04   0.00000000E+00
   3.683   5.183   0.26591738E+00   0.88319223E-05   0.14206716E-04   0.23038638E-04   0.00000000E+00
   3.700   5.200   0.26650962E+00   0.88505431E-05   0.14229635E-04   0.23080178E-04   0.00000000E+00
   3.717   5.217   0.26710284E+00   0.88691885E-05   0.14252481E-04   0.23121669E-04   0.00000000E+00
   3.733   5.233   0.26769694E+00   0.88878555E-05   0.14275248E-04   0.23163104E-04   0.00000000E+00
   3.750   5.250   0.26829180E+00   0.89065413E-05   0.14297934E-04   0.23204475E-04   0.00000000E+00
   3.767   5.267   0.26888733E+00   0.89252431E-05   0.14320534E-04   0.23245777E-04   0.00000000E+00
   3.783   5.283   0.26948343E+00   0.89439581E-05   0.14343045E-04   0.23287003E-04   0.00000000E+00
   3.800   5.300   0.27008002E+00   0.89626839E-05   0.14365462E-04   0.23328146E-04   0.00000000E+00
   3.817   5.317   0.27067699E+00   0.89814179E-05   0.14387783E-04   0.23369201E-04   0.00000000E+00
   3.833   5.333   0.27127428E+00   0.90001578E-05   0.14410005E-04   0.23410162E-04   0.00000000E+00
   3.850   5.350   0.27187178E+00   0.90189013E-05   0.14432123E-04   0.23451024E-04   0.00000000E+00
   3.867   5.367   0.27246943E+00   0.90376461E-05   0.14454136E-04   0.23491782E-04   0.00000000E+00
   3.883   5.383   0.27306714E+00   0.90563901E-05   0.14476039E-04   0.23532429E-04   0.00000000E+00
   3.900   5.400   0.27366485E+00   0.90751312E-05   0.14497831E-04   0.23572962E-04   0.00000000E+00
   3.917   5.417   0.27426247E+00   0.90938674E-05   0.14519508E-04   0.23613376E-04   0.00000000E+00
   3.933   5.433   0.27485993E+00   0.91125967E-05   0.14541068E-04   0.23653665E-04   0.00000000E+00
   3.950   5.450   0.27545718E+00   0.91313174E-05   0.14562508E-04   0.23693825E-04   0.00000000E+00
   3.967   5.467   0.27605413E+00   0.91500276E-05   0.14583825E-04   0.23733853E-04   0.00000000E+00
   3.983   5.483   0.27665074E+00   0.91687254E-05   0.14605018E-04   0.23773743E-04   0.00000000E+00
   4.000   5.500   0.27724692E+00   0.91874093E-05   0.14626083E-04   0.23813492E-04   0.00000000E+00
   4.017   5.517   0.27784264E+00   0.92060775E-05   0.14647018E-04   0.23853095E-04   0.00000000E+00
   4.033   5.533   0.27843781E+00   0.92247285E-05   0.14667821E-04   0.23892550E-04   0.00000000E+00
   4.050   5.550   0.27903240E+00   0.92433606E-05   0.14688490E-04   0.23931851E-04   0.00000000E+00
   4.067   5.567   0.27962633E+00   0.92619724E-05   0.14709022E-04   0.23970995E-04   0.00000000E+00
   4.083   5.583   0.28021956E+00   0.92805624E-05   0.14729416E-04   0.24009979E-04   0.00000000E+00
   4.100   5.600   0.28081204E+00   0.92991291E-05   0.14749669E-04   0.24048799E-04   0.00000000E+00
   4.117   5.617   0.28140371E+00   0.93176712E-05   0.14769780E-04   0.24087451E-04   0.00000000E+00
   4.133   5.633   0.28199452E+00   0.93361872E-05   0.14789746E-04   0.24125933E-04   0.00000000E+00
   4.150   5.650   0.28258442E+00   0.93546760E-05   0.14809565E-04   0.24164241E-04   0.00000000E+00
   4.167   5.667   0.28317336E+00   0.93731361E-05   0.14829236E-04   0.24202372E-04   0.00000000E+00
   4.183   5.683   0.28376131E+00   0.93915664E-05   0.14848756E-04   0.24240322E-04   0.00000000E+00
   4.200   5.700   0.28434820E+00   0.94099656E-05   0.14868124E-04   0.24278090E-04   0.00000000E+00
   4.217   5.717   0.28493400E+00   0.94283325E-05   0.14887338E-04   0.24315671E-04   0.00000000E+00
   4.233   5.733   0.28551867E+00   0.94466660E-05   0.14906397E-04   0.24353063E-04   0.00000000E+00
   4.250   5.750   0.28610215E+00   0.94649649E-05   0.14925297E-04   0.24390262E-04   0.00000000E+00
   4.267   5.767   0.28668441E+00   0.94832282E-05   0.14944039E-04   0.24427267E-04   0.00000000E+00
   4.283   5.783   0.28726541E+00   0.95014547E-05   0.14962620E-04   0.24464074E-04   0.00000000E+00
   4.300   5.800   0.28784511E+00   0.95196433E-05   0.14981038E-04   0.24500681E-04   0.00000000E+00
   4.317   5.817   0.28842347E+00   0.95377932E-05   0.14999292E-04   0.24537085E-04   0.00000000E+00
   4.333   5.833   0.28900044E+00   0.95559031E-05   0.15017380E-04   0.24573283E-04   0.00000000E+00
   4.350   5.850   0.28957600E+00   0.95739723E-05   0.15035301E-04   0.24609274E-04   0.00000000E+00
   4.367   5.867   0.29015011E+00   0.95919996E-05   0.15053053E-04   0.24645053E-04   0.00000000E+00
   4.383   5.883   0.29072272E+00   0.96099842E-05   0.15070635E-04   0.24680619E-04   0.00000000E+00
   4.400   5.900   0.29129381E+00   0.96279251E-05   0.15088045E-04   0.24715970E-04   0.00000000E+00
   4.417   5.917   0.29186334E+00   0.96458215E-05   0.15105281E-04   0.24751102E-04   0.00000000E+00
   4.433   5.933   0.29243127E+00   0.96636724E-05   0.15122342E-04   0.24786014E-04   0.00000000E+00
   4.450   5.950   0.29299758E+00   0.96814770E-05   0.15139227E-04   0.24820704E-04   0.00000000E+00
   4.467   5.967   0.29356223E+00   0.96992344E-05   0.15155934E-04   0.24855168E-04   0.00000000E+00
   4.483   5.983   0.29412518E+00   0.97169439E-05   0.15172461E-04   0.24889405E-04   0.00000000E+00
   4.500   6.000   0.29468641E+00   0.97346045E-05   0.15188808E-04   0.24923412E-04   0.00000000E+00
   4.517   6.017   0.29524588E+00   0.97522156E-05   0.15204972E-04   0.24957188E-04   0.00000000E+00
   4.533   6.033   0.29580357E+00   0.97697762E-05   0.15220953E-04   0.24990730E-04   0.00000000E+00
   4.550   6.050   0.29635944E+00   0.97872857E-05   0.15236749E-04   0.25024035E-04   0.00000000E+00
   4.567   6.067   0.29691347E+00   0.98047433E-05   0.15252359E-04   0.25057102E-04   0.00000000E+00
   4.583   6.083   0.29746562E+00   0.98221482E-05   0.15267781E-04   0.25089929E-04   0.00000000E+00
   4.600   6.100   0.29801587E+00   0.98394998E-05   0.15283013E-04   0.25122513E-04   0.00000000E+00
   4.617   6.117   0.29856419E+00   0.98567973E-05   0.15298055E-04   0.25154853E-04   0.00000000E+00
   4.633   6.133   0.29911056E+00   0.98740400E-05   0.15312905E-04   0.25186945E-04   0.00000000E+00
   4.650   6.150   0.29965493E+00   0.98912273E-05   0.15327562E-04   0.25218790E-04   0.00000000E+00
   4.667   6.167   0.30019730E+00   0.99083584E-05   0.15342025E-04   0.25250383E-04   0.00000000E+00
   4.683   6.183   0.30073763E+00   0.99254327E-05   0.15356291E-04   0.25281724E-04   0.00000000E+00
   4.700   6.200   0.30127590E+00   0.99424496E-05   0.15370360E-04   0.25312809E-04   0.00000000E+00
   4.717   6.217   0.30181208E+00   0.99594084E-05   0.15384230E-04   0.25343639E-04   0.00000000E+00
   4.733   6.233   0.30234615E+00   0.99763084E-05   0.15397901E-04   0.25374209E-04   0.00000000E+00
   4.750   6.250   0.30287808E+00   0.99931491E-05   0.15411370E-04   0.25404519E-04   0.00000000E+00
   4.767   6.267   0.30340785E+00   0.10009930E-04   0.15424636E-04   0.25434566E-04   0.00000000E+00
   4.783   6.283   0.30393544E+00   0.10026650E-04   0.15437698E-04   0.25464349E-04   0.00000000E+00
   4.800   6.300   0.30446081E+00   0.10043309E-04   0.15450556E-04   0.25493865E-04   0.00000000E+00
   4.817   6.317   0.30498396E+00   0.10059907E-04   0.15463206E-04   0.25523112E-04   0.00000000E+00
   4.833   6.333   0.30550485E+00   0.10076442E-04   0.15475648E-04   0.25552090E-04   0.00000000E+00
   4.850   6.350   0.30602347E+00   0.10092914E-04   0.15487881E-04   0.25580795E-04   0.00000000E+00
   4.867   6.367   0.30653979E+00   0.10109323E-04   0.15499903E-04   0.25609226E-04   0.00000000E+00
   4.883   6.383   0.30705379E+00   0.10125668E-04   0.15511714E-04   0.25637382E-04   0.00000000E+00
   4.900   6.400   0.30756545E+00   0.10141948E-04   0.15523311E-04   0.25665259E-04   0.00000000E+00
   4.917   6.417   0.30807474E+00   0.10158164E-04   0.15534693E-04   0.25692856E-04   0.00000000E+00
   4.933   6.433   0.30858166E+00   0.10174314E-04   0.15545859E-04   0.25720172E-04   0.00000000E+00
   4.950   6.450   0.30908617E+00   0.10190398E-04   0.15556807E-04   0.25747205E-04   0.00000000E+00
   4.967   6.467   0.30958826E+00   0.10206415E-04   0.15567537E-04   0.25773952E-04   0.00000000E+00
   4.983   6.483   0.31008791E+00   0.10222366E-04   0.15578047E-04   0.25800412E-04   0.00000000E+00
   5.000   6.500   0.31058510E+00   0.10238248E-04   0.15588335E-04   0.25826583E-04   0.00000000E+00
   5.017   6.517   0.31107981E+00   0.10254063E-04   0.15598400E-04   0.25852463E-04   0.00000000E+00
   5.033   6.533   0.31157201E+00   0.10269810E-04   0.15608240E-04   0.25878050E-04   0.00000000E+00
   5.050   6.550   0.31206170E+00   0.10285487E-04   0.15617855E-04   0.25903343E-04   0.00000000E+00
   5.067   6.567   0.31254885E+00   0.10301095E-04   0.15627243E-04   0.25928339E-04   0.00000000E+00
   5.083   6.583   0.31303345E+00   0.10316633E-04   0.15636403E-04   0.25953036E-04   0.00000000E+00
   5.100   6.600   0.31351548E+00   0.10332101E-04   0.15645332E-04   0.25977433E-04   0.00000000E+00
   5.117   6.617   0.31399492E+00   0.10347498E-04   0.15654030E-04   0.26001529E-04   0.00000000E+00
   5.133   6.633   0.31447174E+00   0.10362824E-04   0.15662495E-04   0.26025320E-04   0.00000000E+00
   5.150   6.650   0.31494595E+00   0.10378079E-04   0.15670726E-04   0.26048805E-04   0.00000000E+00
   5.167   6.667   0.31541752E+00   0.10393261E-04   0.15678722E-04   0.26071983E-04   0.00000000E+00
   5.183   6.683   0.31588643E+00   0.10408371E-04   0.15686480E-04   0.26094851E-04   0.00000000E+00
   5.200   6.700   0.31635266E+00   0.10423408E-04   0.15693999E-04   0.26117407E-04   0.00000000E+00
   5.217   6.717   0.31681621E+00   0.10438371E-04   0.15701279E-04   0.26139650E-04   0.00000000E+00
   5.233   6.733   0.31727705E+00   0.10453261E-04   0.15708316E-04   0.26161578E-04   0.00000000E+00
   5.250   6.750   0.31773517E+00   0.10468077E-04   0.15715111E-04   0.26183188E-04   0.00000000E+00
   5.267   6.767   0.31819055E+00   0.10482818E-04   0.15721661E-04   0.26204479E-04   0.00000000E+00
   5.283   6.783   0.31864319E+00   0.10497485E-04   0.15727965E-04   0.26225449E-04   0.00000000E+00
   5.300   6.800   0.31909305E+00   0.10512076E-04   0.15734021E-04   0.26246097E-04   0.00000000E+00
   5.317   6.817   0.31954014E+00   0.10526591E-04   0.15739827E-04   0.26266419E-04   0.00000000E+00
   5.333   6.833   0.31998443E+00   0.10541031E-04   0.15745383E-04   0.26286414E-04   0.00000000E+00
   5.350   6.850   0.32042592E+00   0.10555394E-04   0.15750687E-04   0.26306081E-04   0.00000000E+00
   5.367   6.867   0.32086458E+00   0.10569680E-04   0.15755736E-04   0.26325416E-04   0.00000000E+00
   5.383   6.883   0.32130040E+00   0.10583889E-04   0.15760530E-04   0.26344419E-04   0.00000000E+00
   5.400   6.900   0.32173338E+00   0.10598021E-04   0.15765066E-04   0.26363087E-04   0.00000000E+00
   5.417   6.917   0.32216349E+00   0.10612074E-04   0.15769344E-04   0.26381418E-04   0.00000000E+00
   5.433   6.933   0.32259072E+00   0.10626050E-04   0.15773361E-04   0.26399411E-04   0.00000000E+00
   5.450   6.950   0.32301506E+00   0.10639947E-04   0.15777116E-04   0.26417063E-04   0.00000000E+00
   5.467   6.967   0.32343650E+00   0.10653765E-04   0.15780606E-04   0.26434371E-04   0.00000000E+00
   5.483   6.983   0.32385503E+00   0.10667504E-04   0.15783831E-04   0.26451335E-04   0.00000000E+00
   5.500   7.000   0.32427063E+00   0.10681163E-04   0.15786789E-04   0.26467952E-04   0.00000000E+00
   5.517   7.017   0.32468329E+00   0.10694742E-04   0.15789477E-04   0.26484220E-04   0.00000000E+00
   5.533   7.033   0.32509300E+00   0.10708242E-04   0.15791895E-04   0.26500136E-04   0.00000000E+00
   5.550   7.050   0.32549975E+00   0.10721660E-04   0.15794040E-04   0.26515700E-04   0.00000000E+00
   5.567   7.067   0.32590352E+00   0.10734998E-04   0.15795910E-04   0.26530908E-04   0.00000000E+00
   5.583   7.083   0.32630430E+00   0.10748254E-04   0.15797504E-04   0.26545758E-04   0.00000000E+00
   5.600   7.100   0.32670209E+00   0.10761429E-04   0.15798820E-04   0.26560249E-04   0.00000000E+00
   5.617   7.117   0.32709687E+00   0.10774522E-04   0.15799855E-04   0.26574378E-04   0.00000000E+00
   5.633   7.133   0.32748864E+00   0.10787533E-04   0.15800609E-04   0.26588143E-04   0.00000000E+00
   5.650   7.150   0.32787737E+00   0.10800462E-04   0.15801079E-04   0.26601541E-04   0.00000000E+00
   5.667   7.167   0.32826306E+00   0.10813307E-04   0.15801264E-04   0.26614571E-04   0.00000000E+00
   5.683   7.183   0.32864571E+00   0.10826070E-04   0.15801160E-04   0.26627230E-04   0.00000000E+00
   5.700   7.200   0.32902529E+00   0.10838749E-04   0.15800767E-04   0.26639517E-04   0.00000000E+00
   5.717   7.217   0.32940181E+00   0.10851345E-04   0.15800083E-04   0.26651428E-04   0.00000000E+00
   5.733   7.233   0.32977525E+00   0.10863857E-04   0.15799104E-04   0.26662961E-04   0.00000000E+00
   5.750   7.250   0.33014559E+00   0.10876284E-04   0.15797830E-04   0.26674115E-04   0.00000000E+00
   5.767   7.267   0.33051284E+00   0.10888627E-04   0.15796259E-04   0.26684886E-04   0.00000000E+00
   5.783   7.283   0.33087699E+00   0.10900885E-04   0.15794387E-04   0.26695272E-04   0.00000000E+00
   5.800   7.300   0.33123802E+00   0.10913058E-04   0.15792214E-04   0.26705272E-04   0.00000000E+00
   5.817   7.317   0.33159592E+00   0.10925146E-04   0.15789736E-04   0.26714882E-04   0.00000000E+00
   5.833   7.333   0.33195069E+00   0.10937148E-04   0.15786952E-04   0.26724100E-04   0.00000000E+00
   5.850   7.350   0.33230232E+00   0.10949064E-04   0.15783860E-04   0.26732924E-04   0.00000000E+00
   5.867   7.367   0.33265080E+00   0.10960894E-04   0.15780457E-04   0.26741352E-04   0.00000000E+00
   5.883   7.383   0.33299612E+00   0.10972638E-04   0.15776742E-04   0.26749379E-04   0.00000000E+00
   5.900   7.400   0.33333828E+00   0.10984295E-04   0.15772711E-04   0.26757005E-04   0.00000000E+00
   5.917   7.417   0.33367726E+00   0.10995864E-04   0.15768363E-04   0.26764227E-04   0.00000000E+00
   5.933   7.433   0.33401307E+00   0.11007347E-04   0.15763695E-04   0.26771042E-04   0.00000000E+00
   5.950   7.450   0.33434568E+00   0.11018742E-04   0.15758705E-04   0.26777447E-04   0.00000000E+00
   5.967   7.467   0.33467510E+00   0.11030049E-04   0.15753391E-04   0.26783440E-04   0.00000000E+00
   5.983   7.483   0.33500132E+00   0.11041268E-04   0.15747750E-04   0.26789018E-04   0.00000000E+00
   6.000   7.500   0.33532434E+00   0.11052399E-04   0.15741779E-04   0.26794178E-04   0.00000000E+00
